! 0       *H + *HC2O -> *CH2CO
! 1       *H + *HC2O -> CH2CO
! 2       *HC2O + He -> HC2O + He
! 3       *HC2O + H2 -> HC2O + H2
! 4       *HC2O + CO -> HC2O + CO
! 5       *HC2O + CRPhoton -> *CH + *CO
! 6       *HC2O + CRPhoton -> HC2O
! 7       *HC2O + GRAIN -> HC2O + GRAIN
! 8       *HC2O + ISPhoton -> HC2O
! 9       *HC2O + CRP -> HC2O
!            tot_rate   0          1          2          3          4          5          6          7          8          9          
1.58188e+013 4.71e-021  9.90e-001  1.00e-002  0.00e+000  0.00e+000  0.00e+000  4.55e-011  6.37e-015  0.00e+000  3.78e-019  0.00e+000  
3.50727e+014 4.72e-021  9.90e-001  9.98e-003  0.00e+000  0.00e+000  0.00e+000  4.54e-011  6.36e-015  0.00e+000  3.77e-019  0.00e+000  
5.21628e+015 4.74e-021  9.90e-001  1.00e-002  0.00e+000  0.00e+000  0.00e+000  4.56e-011  6.35e-015  0.00e+000  3.78e-019  0.00e+000  
2.67137e+016 1.73e-020  9.90e-001  1.00e-002  0.00e+000  0.00e+000  0.00e+000  4.53e-011  6.31e-015  0.00e+000  3.77e-019  0.00e+000  
3.33598e+016 3.13e-020  9.90e-001  1.00e-002  0.00e+000  0.00e+000  2.03e-053  4.69e-011  6.58e-015  0.00e+000  3.93e-019  0.00e+000  
3.42055e+016 2.36e-020  9.90e-001  1.00e-002  0.00e+000  0.00e+000  5.08e-021  5.84e-011  8.21e-015  0.00e+000  4.91e-019  0.00e+000  
3.44017e+016 2.15e-020  9.90e-001  9.99e-003  0.00e+000  0.00e+000  2.15e-016  6.32e-011  8.88e-015  0.00e+000  5.30e-019  0.00e+000  
3.46353e+016 1.89e-020  9.90e-001  1.00e-002  0.00e+000  0.00e+000  5.56e-013  6.99e-011  9.85e-015  7.52e-077  5.88e-019  0.00e+000  
3.48860e+016 1.60e-020  9.90e-001  1.00e-002  0.00e+000  0.00e+000  8.27e-012  8.02e-011  1.13e-014  1.31e-075  6.70e-019  0.00e+000  
3.51370e+016 1.32e-020  9.90e-001  9.98e-003  3.05e-071  0.00e+000  4.47e-011  9.37e-011  1.32e-014  5.86e-074  7.86e-019  0.00e+000  
3.53250e+016 1.12e-020  9.90e-001  9.99e-003  1.46e-055  0.00e+000  1.31e-010  1.09e-010  1.53e-014  2.08e-072  9.10e-019  0.00e+000  
3.55515e+016 8.99e-021  9.90e-001  1.00e-002  2.91e-037  0.00e+000  4.30e-010  1.33e-010  1.89e-014  5.11e-070  1.12e-018  0.00e+000  
3.57182e+016 7.48e-021  9.90e-001  9.99e-003  1.16e-025  0.00e+000  1.01e-009  1.59e-010  2.26e-014  7.31e-068  1.34e-018  0.00e+000  
3.58524e+016 6.36e-021  9.90e-001  1.00e-002  2.75e-019  0.00e+000  2.03e-009  1.85e-010  2.64e-014  7.39e-066  1.57e-018  0.00e+000  
3.60047e+016 5.22e-021  9.90e-001  1.00e-002  5.59e-013  5.06e-074  2.99e-009  2.26e-010  3.24e-014  2.68e-063  1.91e-018  0.00e+000  
3.61718e+016 4.11e-021  9.90e-001  1.00e-002  1.07e-009  1.12e-046  4.84e-009  2.87e-010  4.11e-014  4.45e-060  2.46e-018  0.00e+000  
3.62899e+016 3.44e-021  9.90e-001  9.99e-003  1.58e-008  4.41e-038  7.14e-009  3.45e-010  4.96e-014  1.31e-057  2.96e-018  0.00e+000  
3.63893e+016 2.96e-021  9.90e-001  1.00e-002  6.76e-008  1.84e-025  1.03e-008  4.05e-010  5.81e-014  2.07e-055  3.48e-018  0.00e+000  
3.64972e+016 2.55e-021  9.90e-001  1.00e-002  2.65e-007  2.94e-015  1.62e-008  4.87e-010  6.99e-014  5.66e-053  4.16e-018  0.00e+000  
3.66124e+016 2.40e-021  9.90e-001  1.00e-002  8.44e-007  6.90e-011  2.74e-008  5.95e-010  8.53e-014  2.62e-050  5.07e-018  0.00e+000  
3.67348e+016 3.20e-021  9.90e-001  9.99e-003  2.66e-006  1.84e-008  5.06e-008  7.28e-010  1.05e-013  2.72e-047  6.25e-018  0.00e+000  
3.68621e+016 4.24e-021  9.90e-001  9.99e-003  7.45e-006  4.86e-007  9.71e-008  8.39e-010  1.22e-013  1.86e-043  7.26e-018  0.00e+000  
3.69700e+016 2.92e-021  9.90e-001  1.00e-002  1.74e-005  2.33e-006  1.84e-007  9.56e-010  1.41e-013  3.10e-040  8.39e-018  0.00e+000  
3.70376e+016 2.15e-021  9.90e-001  9.99e-003  2.97e-005  5.30e-006  2.89e-007  1.05e-009  1.57e-013  3.10e-038  9.34e-018  0.00e+000  
3.71087e+016 1.61e-021  9.90e-001  9.96e-003  5.02e-005  1.15e-005  4.77e-007  1.13e-009  1.74e-013  3.32e-036  1.03e-017  0.00e+000  
3.71826e+016 1.22e-021  9.90e-001  9.98e-003  8.59e-005  2.36e-005  8.34e-007  1.22e-009  1.93e-013  3.75e-034  1.15e-017  0.00e+000  
3.72589e+016 9.67e-022  9.90e-001  1.00e-002  1.44e-004  4.62e-005  1.51e-006  1.26e-009  2.12e-013  3.94e-032  1.26e-017  0.00e+000  
3.73370e+016 7.93e-022  9.90e-001  1.00e-002  2.34e-004  8.57e-005  2.77e-006  1.25e-009  2.31e-013  3.49e-030  1.37e-017  0.00e+000  
3.74165e+016 6.80e-022  9.89e-001  1.00e-002  3.68e-004  1.56e-004  5.06e-006  1.17e-009  2.48e-013  2.35e-028  1.48e-017  0.00e+000  
3.74829e+016 6.26e-022  9.89e-001  1.00e-002  5.35e-004  2.41e-004  8.07e-006  1.08e-009  2.67e-013  6.34e-027  1.59e-017  0.00e+000  
3.75505e+016 6.29e-022  9.89e-001  9.98e-003  7.65e-004  3.85e-004  1.25e-005  9.49e-010  2.91e-013  1.39e-025  1.73e-017  0.00e+000  
3.76194e+016 8.27e-022  9.88e-001  9.98e-003  1.14e-003  6.08e-004  1.92e-005  8.07e-010  3.33e-013  2.67e-024  1.98e-017  0.00e+000  
3.76839e+016 2.68e-021  9.87e-001  9.98e-003  1.75e-003  1.02e-003  3.06e-005  6.22e-010  4.14e-013  3.63e-023  2.47e-017  0.00e+000  
3.76854e+016 2.82e-021  9.87e-001  9.98e-003  1.76e-003  1.04e-003  3.09e-005  6.14e-010  4.15e-013  3.84e-023  2.48e-017  0.00e+000  
3.76877e+016 3.05e-021  9.87e-001  9.97e-003  1.80e-003  1.06e-003  3.16e-005  6.07e-010  4.23e-013  4.20e-023  2.52e-017  0.00e+000  
3.76917e+016 3.52e-021  9.87e-001  9.98e-003  1.86e-003  1.10e-003  3.27e-005  5.92e-010  4.30e-013  4.89e-023  2.56e-017  0.00e+000  
3.76980e+016 4.52e-021  9.87e-001  9.98e-003  1.96e-003  1.16e-003  3.47e-005  5.64e-010  4.45e-013  6.22e-023  2.66e-017  0.00e+000  
3.77083e+016 7.18e-021  9.87e-001  9.98e-003  2.16e-003  1.29e-003  3.83e-005  5.16e-010  4.74e-013  9.34e-023  2.81e-017  0.00e+000  
3.77248e+016 1.75e-020  9.86e-001  9.92e-003  2.59e-003  1.56e-003  4.64e-005  4.25e-010  5.38e-013  1.85e-022  3.20e-017  0.00e+000  
3.77450e+016 5.91e-020  9.84e-001  9.94e-003  3.86e-003  2.39e-003  7.04e-005  3.03e-010  7.59e-013  5.06e-022  4.52e-017  0.00e+000  
3.77655e+016 3.17e-020  9.54e-001  9.64e-003  2.19e-002  1.39e-002  3.95e-004  4.23e-010  4.08e-012  5.06e-021  2.43e-016  0.00e+000  
3.77936e+016 1.26e-020  9.40e-001  9.48e-003  3.03e-002  1.98e-002  5.30e-004  5.44e-010  5.23e-012  1.52e-020  3.11e-016  0.00e+000  
3.78016e+016 1.24e-020  9.34e-001  9.42e-003  3.37e-002  2.21e-002  5.85e-004  5.92e-010  5.69e-012  2.12e-020  3.39e-016  0.00e+000  
3.78111e+016 1.24e-020  9.27e-001  9.35e-003  3.81e-002  2.52e-002  6.54e-004  6.52e-010  6.26e-012  3.06e-020  3.73e-016  0.00e+000  
3.78273e+016 1.25e-020  9.13e-001  9.21e-003  4.60e-002  3.08e-002  7.78e-004  7.54e-010  7.25e-012  5.50e-020  4.32e-016  0.00e+000  
3.78530e+016 1.24e-020  8.87e-001  8.95e-003  6.15e-002  4.18e-002  1.02e-003  9.43e-010  9.11e-012  1.39e-019  5.42e-016  0.00e+000  
3.78818e+016 1.22e-020  8.51e-001  8.59e-003  8.18e-002  5.73e-002  1.32e-003  1.18e-009  1.13e-011  3.71e-019  6.74e-016  0.00e+000  
3.79076e+016 1.16e-020  8.11e-001  8.20e-003  1.04e-001  7.49e-002  1.65e-003  1.42e-009  1.36e-011  8.22e-019  8.12e-016  0.00e+000  
3.79253e+016 1.13e-020  7.89e-001  7.96e-003  1.17e-001  8.51e-002  1.83e-003  1.53e-009  1.47e-011  1.35e-018  8.77e-016  0.00e+000  
3.79502e+016 1.08e-020  7.54e-001  7.61e-003  1.36e-001  1.01e-001  2.10e-003  1.69e-009  1.62e-011  2.68e-018  9.69e-016  0.00e+000  
3.79755e+016 1.03e-020  7.18e-001  7.25e-003  1.56e-001  1.17e-001  2.35e-003  1.85e-009  1.77e-011  4.98e-018  1.05e-015  0.00e+000  
3.79897e+016 1.01e-020  6.97e-001  7.04e-003  1.67e-001  1.26e-001  2.50e-003  1.93e-009  1.85e-011  6.92e-018  1.10e-015  0.00e+000  
3.79918e+016 1.00e-020  6.94e-001  7.01e-003  1.69e-001  1.28e-001  2.52e-003  1.94e-009  1.87e-011  7.28e-018  1.11e-015  0.00e+000  
3.79956e+016 9.93e-021  6.89e-001  6.96e-003  1.71e-001  1.31e-001  2.56e-003  1.95e-009  1.88e-011  7.93e-018  1.12e-015  0.00e+000  
3.80017e+016 9.79e-021  6.79e-001  6.86e-003  1.77e-001  1.35e-001  2.62e-003  1.99e-009  1.92e-011  9.14e-018  1.14e-015  0.00e+000  
3.80129e+016 9.56e-021  6.62e-001  6.68e-003  1.85e-001  1.43e-001  2.74e-003  2.05e-009  1.98e-011  1.17e-017  1.17e-015  0.00e+000  
3.80319e+016 9.16e-021  6.33e-001  6.40e-003  2.00e-001  1.57e-001  2.94e-003  2.15e-009  2.06e-011  1.80e-017  1.23e-015  0.00e+000  
3.80578e+016 8.63e-021  5.94e-001  6.00e-003  2.20e-001  1.76e-001  3.19e-003  2.27e-009  2.18e-011  3.07e-017  1.30e-015  0.00e+000  
3.80629e+016 8.52e-021  5.87e-001  5.93e-003  2.24e-001  1.80e-001  3.24e-003  2.29e-009  2.20e-011  3.38e-017  1.31e-015  0.00e+000  
3.80713e+016 8.37e-021  5.75e-001  5.80e-003  2.31e-001  1.85e-001  3.31e-003  2.32e-009  2.22e-011  3.94e-017  1.33e-015  0.00e+000  
3.80859e+016 8.08e-021  5.55e-001  5.60e-003  2.41e-001  1.94e-001  3.44e-003  2.38e-009  2.28e-011  5.17e-017  1.36e-015  0.00e+000  
3.81083e+016 7.65e-021  5.24e-001  5.30e-003  2.56e-001  2.11e-001  3.61e-003  2.43e-009  2.34e-011  7.73e-017  1.40e-015  0.00e+000  
3.81265e+016 7.30e-021  5.00e-001  5.05e-003  2.68e-001  2.23e-001  3.75e-003  2.49e-009  2.40e-011  1.06e-016  1.42e-015  0.00e+000  
3.81480e+016 6.91e-021  4.73e-001  4.78e-003  2.81e-001  2.37e-001  3.91e-003  2.53e-009  2.45e-011  1.53e-016  1.45e-015  0.00e+000  
3.81769e+016 6.42e-021  4.40e-001  4.45e-003  2.97e-001  2.54e-001  4.08e-003  2.58e-009  2.49e-011  2.35e-016  1.48e-015  0.00e+000  
3.81836e+016 6.31e-021  4.34e-001  4.39e-003  3.01e-001  2.57e-001  4.12e-003  2.60e-009  2.49e-011  2.58e-016  1.48e-015  0.00e+000  
3.81952e+016 6.13e-021  4.22e-001  4.26e-003  3.07e-001  2.63e-001  4.19e-003  2.61e-009  2.51e-011  3.05e-016  1.49e-015  0.00e+000  
3.82149e+016 5.76e-021  4.01e-001  4.06e-003  3.16e-001  2.74e-001  4.29e-003  2.62e-009  2.52e-011  3.99e-016  1.50e-015  0.00e+000  
3.82433e+016 5.19e-021  3.74e-001  3.77e-003  3.27e-001  2.91e-001  4.41e-003  2.64e-009  2.54e-011  5.82e-016  1.51e-015  0.00e+000  
3.82740e+016 4.30e-021  3.44e-001  3.48e-003  3.41e-001  3.07e-001  4.55e-003  2.65e-009  2.56e-011  8.62e-016  1.52e-015  0.00e+000  
3.83054e+016 2.74e-021  3.18e-001  3.21e-003  3.55e-001  3.19e-001  4.68e-003  2.67e-009  2.57e-011  1.24e-015  1.53e-015  0.00e+000  
3.83376e+016 9.37e-022  2.92e-001  2.96e-003  3.65e-001  3.35e-001  4.76e-003  2.67e-009  2.56e-011  1.72e-015  1.53e-015  0.00e+000  
3.83751e+016 2.22e-022  2.65e-001  2.68e-003  3.76e-001  3.51e-001  4.87e-003  2.66e-009  2.56e-011  2.50e-015  1.53e-015  0.00e+000  
3.84132e+016 1.15e-022  2.42e-001  2.44e-003  3.87e-001  3.64e-001  4.97e-003  2.65e-009  2.55e-011  3.56e-015  1.51e-015  0.00e+000  
3.84531e+016 9.93e-023  2.19e-001  2.22e-003  3.96e-001  3.78e-001  5.03e-003  2.63e-009  2.53e-011  5.05e-015  1.51e-015  0.00e+000  
3.84962e+016 9.25e-023  2.01e-001  2.03e-003  4.01e-001  3.90e-001  5.09e-003  2.60e-009  2.50e-011  6.94e-015  1.49e-015  0.00e+000  
3.85449e+016 8.64e-023  1.84e-001  1.85e-003  4.09e-001  4.00e-001  5.14e-003  2.56e-009  2.47e-011  9.62e-015  1.47e-015  0.00e+000  
3.85990e+016 8.16e-023  1.68e-001  1.69e-003  4.14e-001  4.11e-001  5.17e-003  2.51e-009  2.43e-011  1.34e-014  1.45e-015  0.00e+000  
3.86597e+016 7.75e-023  1.54e-001  1.55e-003  4.18e-001  4.22e-001  5.20e-003  2.46e-009  2.37e-011  1.88e-014  1.42e-015  0.00e+000  
3.87288e+016 1.13e-022  1.43e-001  1.43e-003  4.21e-001  4.30e-001  5.21e-003  2.41e-009  2.32e-011  2.64e-014  1.38e-015  0.00e+000  
3.88139e+016 7.78e-023  1.36e-001  1.38e-003  4.23e-001  4.34e-001  5.20e-003  2.34e-009  2.25e-011  3.61e-014  1.34e-015  0.00e+000  
3.89093e+016 8.54e-023  1.37e-001  1.38e-003  4.19e-001  4.37e-001  5.13e-003  2.26e-009  2.17e-011  4.83e-014  1.29e-015  0.00e+000  
3.90068e+016 1.01e-022  1.46e-001  1.48e-003  4.12e-001  4.35e-001  5.04e-003  2.17e-009  2.09e-011  6.08e-014  1.25e-015  0.00e+000  
3.91088e+016 1.31e-022  1.67e-001  1.69e-003  4.00e-001  4.26e-001  4.90e-003  2.07e-009  1.99e-011  7.27e-014  1.19e-015  0.00e+000  
3.92181e+016 1.88e-022  2.00e-001  2.02e-003  3.84e-001  4.09e-001  4.68e-003  1.95e-009  1.88e-011  8.23e-014  1.12e-015  0.00e+000  
3.93325e+016 3.06e-022  2.47e-001  2.50e-003  3.60e-001  3.86e-001  4.38e-003  1.82e-009  1.75e-011  8.73e-014  1.04e-015  0.00e+000  
3.94519e+016 5.56e-022  3.06e-001  3.09e-003  3.33e-001  3.54e-001  4.06e-003  1.67e-009  1.60e-011  8.67e-014  9.55e-016  0.00e+000  
3.95803e+016 1.10e-021  3.76e-001  3.80e-003  2.99e-001  3.18e-001  3.65e-003  1.49e-009  1.43e-011  8.01e-014  8.55e-016  0.00e+000  
3.97190e+016 2.18e-021  4.52e-001  4.57e-003  2.62e-001  2.78e-001  3.23e-003  1.31e-009  1.26e-011  6.89e-014  7.54e-016  0.00e+000  
3.98699e+016 3.99e-021  5.32e-001  5.37e-003  2.24e-001  2.36e-001  2.78e-003  1.13e-009  1.09e-011  5.42e-014  6.50e-016  0.00e+000  
4.00514e+016 6.74e-021  6.16e-001  6.22e-003  1.84e-001  1.91e-001  2.32e-003  9.44e-010  9.08e-012  3.78e-014  5.42e-016  0.00e+000  
4.02549e+016 9.76e-021  6.96e-001  7.03e-003  1.46e-001  1.50e-001  1.87e-003  7.71e-010  7.41e-012  2.34e-014  4.43e-016  0.00e+000  
4.04761e+016 1.21e-020  7.65e-001  7.73e-003  1.13e-001  1.13e-001  1.47e-003  6.14e-010  5.91e-012  1.27e-014  3.53e-016  0.00e+000  
4.07070e+016 1.29e-020  8.24e-001  8.31e-003  8.47e-002  8.24e-002  1.13e-003  4.86e-010  4.67e-012  6.24e-015  2.80e-016  0.00e+000  
4.09451e+016 1.22e-020  8.70e-001  8.78e-003  6.17e-002  5.85e-002  8.46e-004  3.75e-010  3.61e-012  2.64e-015  2.16e-016  0.00e+000  
4.11988e+016 1.05e-020  9.08e-001  9.18e-003  4.27e-002  3.93e-002  6.10e-004  2.80e-010  2.69e-012  9.53e-016  1.61e-016  0.00e+000  
4.14624e+016 8.56e-021  9.36e-001  9.46e-003  2.86e-002  2.51e-002  4.23e-004  2.03e-010  1.95e-012  3.00e-016  1.17e-016  0.00e+000  
4.17462e+016 7.07e-021  9.57e-001  9.67e-003  1.78e-002  1.48e-002  2.76e-004  1.40e-010  1.35e-012  7.52e-017  8.07e-017  0.00e+000  
4.20512e+016 6.39e-021  9.72e-001  9.81e-003  1.02e-002  8.12e-003  1.67e-004  9.14e-011  8.78e-013  1.46e-017  5.26e-017  0.00e+000  
4.23867e+016 6.64e-021  9.81e-001  9.91e-003  5.30e-003  3.95e-003  9.37e-005  5.53e-011  5.32e-013  2.05e-018  3.18e-017  0.00e+000  
4.27356e+016 7.84e-021  9.86e-001  9.96e-003  2.52e-003  1.75e-003  4.87e-005  3.16e-011  3.03e-013  2.23e-019  1.82e-017  0.00e+000  
4.30994e+016 1.00e-020  9.88e-001  9.98e-003  1.09e-003  7.05e-004  2.35e-005  1.69e-011  1.63e-013  1.81e-020  9.75e-018  0.00e+000  
4.34671e+016 1.31e-020  9.89e-001  9.97e-003  3.74e-004  2.22e-004  9.06e-006  7.34e-012  7.06e-014  9.89e-022  4.23e-018  0.00e+000  
4.38104e+016 1.71e-020  9.90e-001  1.00e-002  1.19e-004  6.62e-005  3.31e-006  3.00e-012  2.88e-014  5.08e-023  1.73e-018  0.00e+000  
4.41007e+016 2.14e-020  9.90e-001  9.99e-003  4.34e-005  2.23e-005  1.35e-006  1.36e-012  1.31e-014  3.59e-024  7.84e-019  0.00e+000  
4.42181e+016 2.35e-020  9.90e-001  9.98e-003  2.83e-005  1.42e-005  9.30e-007  9.77e-013  9.43e-015  1.19e-024  5.65e-019  0.00e+000  
4.42811e+016 2.46e-020  9.90e-001  1.00e-002  2.27e-005  1.12e-005  7.67e-007  8.28e-013  7.95e-015  6.65e-025  4.75e-019  0.00e+000  
4.43809e+016 2.68e-020  9.90e-001  9.97e-003  1.56e-005  7.62e-006  5.57e-007  6.20e-013  5.94e-015  2.49e-025  3.57e-019  0.00e+000  
4.45030e+016 2.95e-020  9.90e-001  1.00e-002  1.00e-005  4.71e-006  3.76e-007  4.41e-013  4.24e-015  7.66e-026  2.55e-019  0.00e+000  
4.45401e+016 3.03e-020  9.90e-001  1.00e-002  8.74e-006  4.06e-006  3.37e-007  3.99e-013  3.83e-015  5.25e-026  2.29e-019  0.00e+000  
4.45998e+016 3.18e-020  9.90e-001  9.99e-003  7.07e-006  3.24e-006  2.78e-007  3.39e-013  3.27e-015  2.93e-026  1.95e-019  0.00e+000  
4.46779e+016 3.39e-020  9.90e-001  9.99e-003  5.36e-006  2.38e-006  2.19e-007  2.75e-013  2.65e-015  1.36e-026  1.59e-019  0.00e+000  
4.48006e+016 3.75e-020  9.90e-001  1.00e-002  3.55e-006  1.54e-006  1.54e-007  2.04e-013  1.96e-015  4.16e-027  1.17e-019  0.00e+000  
4.48529e+016 3.90e-020  9.90e-001  1.00e-002  2.98e-006  1.25e-006  1.33e-007  1.80e-013  1.73e-015  2.43e-027  1.03e-019  0.00e+000  
4.48834e+016 4.00e-020  9.90e-001  1.00e-002  2.70e-006  1.12e-006  1.23e-007  1.67e-013  1.61e-015  1.79e-027  9.65e-020  0.00e+000  
4.49346e+016 4.17e-020  9.90e-001  1.00e-002  2.31e-006  9.64e-007  1.08e-007  1.51e-013  1.45e-015  1.10e-027  8.70e-020  0.00e+000  
4.49870e+016 4.35e-020  9.90e-001  1.00e-002  1.98e-006  8.22e-007  9.58e-008  1.37e-013  1.31e-015  6.78e-028  7.88e-020  0.00e+000  
4.50684e+016 4.66e-020  9.90e-001  1.00e-002  1.59e-006  6.46e-007  8.03e-008  1.19e-013  1.14e-015  3.22e-028  6.83e-020  0.00e+000  
4.51867e+016 5.13e-020  9.90e-001  1.00e-002  1.19e-006  4.64e-007  6.41e-008  9.96e-014  9.57e-016  1.10e-028  5.75e-020  0.00e+000  
4.51946e+016 5.15e-020  9.90e-001  1.00e-002  1.14e-006  4.45e-007  6.27e-008  9.76e-014  9.40e-016  9.49e-029  5.63e-020  0.00e+000  
4.52061e+016 5.19e-020  9.90e-001  1.00e-002  1.11e-006  4.30e-007  6.14e-008  9.61e-014  9.25e-016  8.46e-029  5.55e-020  0.00e+000  
4.52265e+016 5.28e-020  9.90e-001  9.99e-003  1.07e-006  4.09e-007  5.94e-008  9.37e-014  9.01e-016  7.06e-029  5.39e-020  0.00e+000  
4.52632e+016 5.44e-020  9.90e-001  1.00e-002  9.88e-007  3.75e-007  5.60e-008  8.98e-014  8.65e-016  5.12e-029  5.18e-020  0.00e+000  
4.53239e+016 5.73e-020  9.90e-001  1.00e-002  8.75e-007  3.23e-007  5.10e-008  8.43e-014  8.10e-016  3.04e-029  4.85e-020  0.00e+000  
4.54167e+016 6.19e-020  9.90e-001  1.00e-002  7.28e-007  2.63e-007  4.47e-008  7.72e-014  7.43e-016  1.38e-029  4.44e-020  0.00e+000  
4.55446e+016 6.88e-020  9.90e-001  1.00e-002  5.70e-007  1.99e-007  3.79e-008  6.95e-014  6.67e-016  4.32e-030  4.00e-020  0.00e+000  
4.55658e+016 7.00e-020  9.90e-001  1.00e-002  5.47e-007  1.89e-007  3.69e-008  6.83e-014  6.56e-016  3.50e-030  3.93e-020  0.00e+000  
4.55697e+016 7.00e-020  9.90e-001  1.00e-002  5.41e-007  1.81e-007  3.67e-008  6.79e-014  6.51e-016  3.19e-030  3.91e-020  0.00e+000  
4.55761e+016 7.03e-020  9.90e-001  1.00e-002  5.35e-007  1.78e-007  3.64e-008  6.74e-014  6.49e-016  2.97e-030  3.88e-020  0.00e+000  
4.55871e+016 7.09e-020  9.90e-001  1.00e-002  5.25e-007  1.75e-007  3.60e-008  6.70e-014  6.44e-016  2.71e-030  3.86e-020  0.00e+000  
4.56066e+016 7.21e-020  9.90e-001  1.00e-002  5.07e-007  1.69e-007  3.51e-008  6.61e-014  6.36e-016  2.30e-030  3.81e-020  0.00e+000  
4.56410e+016 7.42e-020  9.90e-001  1.00e-002  4.77e-007  1.59e-007  3.38e-008  6.48e-014  6.22e-016  1.74e-030  3.73e-020  0.00e+000  
4.56849e+016 7.71e-020  9.90e-001  1.00e-002  4.41e-007  1.47e-007  3.23e-008  6.31e-014  6.06e-016  1.22e-030  3.63e-020  0.00e+000  
4.57241e+016 7.97e-020  9.90e-001  1.00e-002  4.13e-007  1.36e-007  3.10e-008  6.16e-014  5.92e-016  8.61e-031  3.55e-020  0.00e+000  
4.57850e+016 8.38e-020  9.90e-001  1.00e-002  3.75e-007  1.19e-007  2.90e-008  5.95e-014  5.73e-016  4.96e-031  3.44e-020  0.00e+000  
4.58802e+016 9.07e-020  9.90e-001  1.00e-002  3.21e-007  9.72e-008  2.62e-008  5.67e-014  5.45e-016  2.12e-031  3.26e-020  0.00e+000  
4.59720e+016 9.79e-020  9.90e-001  1.00e-002  2.76e-007  8.04e-008  2.40e-008  5.41e-014  5.21e-016  9.47e-032  3.12e-020  0.00e+000  
4.59734e+016 9.79e-020  9.90e-001  1.00e-002  2.75e-007  7.91e-008  2.39e-008  5.40e-014  5.20e-016  9.04e-032  3.12e-020  0.00e+000  
4.59759e+016 9.79e-020  9.90e-001  9.99e-003  2.70e-007  7.76e-008  2.39e-008  5.38e-014  5.17e-016  8.26e-032  3.10e-020  0.00e+000  
4.59802e+016 9.81e-020  9.90e-001  1.00e-002  2.66e-007  7.63e-008  2.38e-008  5.36e-014  5.16e-016  7.74e-032  3.09e-020  0.00e+000  
4.59873e+016 9.87e-020  9.90e-001  9.99e-003  2.63e-007  7.52e-008  2.36e-008  5.35e-014  5.14e-016  7.25e-032  3.08e-020  0.00e+000  
4.59993e+016 9.97e-020  9.90e-001  1.00e-002  2.59e-007  7.33e-008  2.33e-008  5.32e-014  5.12e-016  6.50e-032  3.07e-020  0.00e+000  
4.60196e+016 1.01e-019  9.90e-001  1.00e-002  2.51e-007  7.07e-008  2.30e-008  5.30e-014  5.09e-016  5.45e-032  3.05e-020  0.00e+000  
4.60580e+016 1.05e-019  9.90e-001  1.00e-002  2.36e-007  6.46e-008  2.20e-008  5.17e-014  4.97e-016  3.86e-032  2.98e-020  0.00e+000  
4.61139e+016 1.10e-019  9.90e-001  9.99e-003  2.16e-007  5.86e-008  2.08e-008  5.05e-014  4.86e-016  2.37e-032  2.92e-020  0.00e+000  
4.61801e+016 1.16e-019  9.90e-001  9.99e-003  1.94e-007  5.20e-008  1.95e-008  4.92e-014  4.73e-016  1.33e-032  2.84e-020  0.00e+000  
4.62829e+016 1.26e-019  9.90e-001  1.01e-002  1.64e-007  4.24e-008  1.78e-008  4.74e-014  4.55e-016  5.17e-033  2.72e-020  0.00e+000  
4.63958e+016 1.39e-019  9.90e-001  9.97e-003  1.36e-007  3.26e-008  1.59e-008  4.50e-014  4.33e-016  1.75e-033  2.59e-020  0.00e+000  
4.64165e+016 1.41e-019  9.90e-001  1.00e-002  1.31e-007  3.10e-008  1.56e-008  4.47e-014  4.30e-016  1.44e-033  2.57e-020  0.00e+000  
4.64187e+016 1.41e-019  9.90e-001  9.97e-003  1.29e-007  3.03e-008  1.56e-008  4.46e-014  4.29e-016  1.32e-033  2.57e-020  0.00e+000  
4.64224e+016 1.41e-019  9.90e-001  9.97e-003  1.28e-007  2.92e-008  1.55e-008  4.44e-014  4.27e-016  1.20e-033  2.56e-020  0.00e+000  
4.64286e+016 1.42e-019  9.90e-001  9.97e-003  1.26e-007  2.84e-008  1.54e-008  4.42e-014  4.25e-016  1.12e-033  2.55e-020  0.00e+000  
4.64396e+016 1.43e-019  9.90e-001  9.97e-003  1.23e-007  2.79e-008  1.53e-008  4.41e-014  4.24e-016  1.02e-033  2.54e-020  0.00e+000  
4.64596e+016 1.45e-019  9.90e-001  1.00e-002  1.20e-007  2.69e-008  1.50e-008  4.39e-014  4.22e-016  8.59e-034  2.53e-020  0.00e+000  
4.64933e+016 1.51e-019  9.90e-001  9.97e-003  1.12e-007  2.50e-008  1.45e-008  4.31e-014  4.15e-016  6.33e-034  2.49e-020  0.00e+000  
4.65501e+016 1.58e-019  9.90e-001  1.00e-002  1.04e-007  2.23e-008  1.37e-008  4.23e-014  4.07e-016  3.74e-034  2.44e-020  0.00e+000  
4.66259e+016 1.68e-019  9.90e-001  1.00e-002  9.18e-008  1.85e-008  1.28e-008  4.13e-014  3.97e-016  1.84e-034  2.38e-020  0.00e+000  
4.67450e+016 1.86e-019  9.90e-001  1.00e-002  7.48e-008  1.45e-008  1.13e-008  3.93e-014  3.78e-016  5.97e-035  2.27e-020  0.00e+000  
4.68726e+016 2.06e-019  9.90e-001  1.00e-002  5.92e-008  1.06e-008  1.00e-008  3.76e-014  3.61e-016  1.65e-035  2.16e-020  0.00e+000  
4.69009e+016 2.11e-019  9.90e-001  9.99e-003  5.59e-008  9.85e-009  9.71e-009  3.71e-014  3.57e-016  1.24e-035  2.14e-020  0.00e+000  
4.69024e+016 2.11e-019  9.90e-001  1.00e-002  5.54e-008  9.71e-009  9.71e-009  3.71e-014  3.57e-016  1.19e-035  2.14e-020  0.00e+000  
4.69048e+016 2.11e-019  9.90e-001  1.00e-002  5.59e-008  9.43e-009  9.66e-009  3.70e-014  3.56e-016  1.11e-035  2.14e-020  0.00e+000  
4.69090e+016 2.12e-019  9.90e-001  9.99e-003  5.52e-008  8.91e-009  9.57e-009  3.68e-014  3.54e-016  9.95e-036  2.12e-020  0.00e+000  
4.69160e+016 2.12e-019  9.90e-001  9.99e-003  5.37e-008  8.34e-009  9.57e-009  3.68e-014  3.54e-016  8.86e-036  2.12e-020  0.00e+000  
4.69279e+016 2.14e-019  9.90e-001  9.99e-003  5.28e-008  8.08e-009  9.43e-009  3.66e-014  3.52e-016  7.85e-036  2.11e-020  0.00e+000  
4.69476e+016 2.18e-019  9.90e-001  9.99e-003  5.09e-008  7.79e-009  9.21e-009  3.63e-014  3.49e-016  6.51e-036  2.09e-020  0.00e+000  
4.69806e+016 2.24e-019  9.90e-001  9.99e-003  4.82e-008  7.31e-009  8.92e-009  3.59e-014  3.45e-016  4.86e-036  2.07e-020  0.00e+000  
4.70337e+016 2.34e-019  9.90e-001  1.00e-002  4.35e-008  6.53e-009  8.49e-009  3.52e-014  3.39e-016  2.95e-036  2.03e-020  0.00e+000  
4.70622e+016 2.40e-019  9.90e-001  1.00e-002  4.11e-008  6.11e-009  8.24e-009  3.49e-014  3.35e-016  2.23e-036  2.01e-020  0.00e+000  
4.71061e+016 2.50e-019  9.90e-001  1.00e-002  3.83e-008  5.49e-009  7.86e-009  3.43e-014  3.30e-016  1.46e-036  1.98e-020  0.00e+000  
4.71746e+016 2.65e-019  9.90e-001  9.98e-003  3.40e-008  4.57e-009  7.33e-009  3.34e-014  3.21e-016  9.33e-037  1.92e-020  0.00e+000  
4.72860e+016 2.90e-019  9.90e-001  1.00e-002  2.76e-008  3.33e-009  6.48e-009  3.21e-014  3.09e-016  4.45e-037  1.85e-020  0.00e+000  
4.74240e+016 3.25e-019  9.90e-001  9.99e-003  2.09e-008  2.24e-009  5.60e-009  3.04e-014  2.93e-016  1.68e-037  1.76e-020  0.00e+000  
4.74305e+016 3.26e-019  9.90e-001  1.00e-002  2.07e-008  2.21e-009  5.58e-009  3.04e-014  2.93e-016  1.60e-037  1.75e-020  0.00e+000  
4.74313e+016 3.27e-019  9.90e-001  9.99e-003  2.06e-008  2.20e-009  5.53e-009  3.04e-014  2.92e-016  1.59e-037  1.75e-020  0.00e+000  
4.74348e+016 3.27e-019  9.90e-001  1.00e-002  2.05e-008  2.16e-009  5.53e-009  3.04e-014  2.92e-016  1.53e-037  1.75e-020  0.00e+000  
4.74406e+016 3.28e-019  9.90e-001  1.00e-002  2.02e-008  2.07e-009  5.48e-009  3.03e-014  2.92e-016  1.42e-037  1.75e-020  0.00e+000  
4.74503e+016 3.30e-019  9.90e-001  9.99e-003  1.96e-008  1.86e-009  5.45e-009  3.01e-014  2.90e-016  1.24e-037  1.73e-020  0.00e+000  
4.74676e+016 3.34e-019  9.90e-001  9.99e-003  1.87e-008  1.71e-009  5.35e-009  2.98e-014  2.87e-016  1.02e-037  1.72e-020  0.00e+000  
4.74972e+016 3.41e-019  9.90e-001  1.00e-002  1.76e-008  1.54e-009  5.18e-009  2.96e-014  2.84e-016  7.97e-038  1.70e-020  0.00e+000  
4.75283e+016 3.51e-019  9.90e-001  1.00e-002  1.65e-008  1.38e-009  5.02e-009  2.91e-014  2.81e-016  6.42e-038  1.68e-020  0.00e+000  
4.75365e+016 3.54e-019  9.90e-001  9.99e-003  1.63e-008  1.34e-009  4.95e-009  2.91e-014  2.80e-016  6.08e-038  1.68e-020  0.00e+000  
4.75556e+016 3.59e-019  9.90e-001  1.00e-002  1.57e-008  1.28e-009  4.85e-009  2.90e-014  2.78e-016  5.38e-038  1.67e-020  0.00e+000  
4.75856e+016 3.69e-019  9.90e-001  9.98e-003  1.48e-008  1.20e-009  4.69e-009  2.85e-014  2.74e-016  4.42e-038  1.65e-020  0.00e+000  
4.76342e+016 3.84e-019  9.90e-001  1.00e-002  1.33e-008  1.06e-009  4.43e-009  2.81e-014  2.71e-016  3.20e-038  1.62e-020  0.00e+000  
4.77120e+016 4.09e-019  9.90e-001  1.00e-002  1.11e-008  8.29e-010  4.08e-009  2.74e-014  2.64e-016  1.89e-038  1.58e-020  0.00e+000  
4.78339e+016 4.53e-019  9.90e-001  9.99e-003  8.73e-009  5.52e-010  3.54e-009  2.61e-014  2.52e-016  7.47e-039  1.51e-020  0.00e+000  
4.79819e+016 5.09e-019  9.90e-001  1.00e-002  6.27e-009  3.03e-010  2.97e-009  2.48e-014  2.38e-016  2.36e-039  1.43e-020  0.00e+000  
4.80101e+016 5.21e-019  9.90e-001  1.00e-002  5.89e-009  2.72e-010  2.88e-009  2.46e-014  2.36e-016  1.90e-039  1.41e-020  0.00e+000  
4.80156e+016 5.23e-019  9.90e-001  1.00e-002  5.81e-009  2.66e-010  2.85e-009  2.45e-014  2.35e-016  1.82e-039  1.41e-020  0.00e+000  
4.80288e+016 5.28e-019  9.90e-001  1.00e-002  5.64e-009  2.52e-010  2.80e-009  2.44e-014  2.35e-016  1.63e-039  1.40e-020  0.00e+000  
4.80511e+016 5.37e-019  9.90e-001  1.00e-002  5.36e-009  2.29e-010  2.74e-009  2.42e-014  2.33e-016  1.36e-039  1.39e-020  0.00e+000  
4.80875e+016 5.54e-019  9.90e-001  9.99e-003  4.88e-009  1.93e-010  2.62e-009  2.38e-014  2.29e-016  1.01e-039  1.37e-020  0.00e+000  
4.81463e+016 5.79e-019  9.90e-001  1.00e-002  4.20e-009  1.45e-010  2.44e-009  2.33e-014  2.25e-016  6.08e-040  1.34e-020  0.00e+000  
4.82445e+016 6.25e-019  9.90e-001  1.00e-002  3.29e-009  9.84e-011  2.16e-009  2.26e-014  2.16e-016  2.65e-040  1.30e-020  0.00e+000  
4.83636e+016 6.87e-019  9.90e-001  1.00e-002  2.40e-009  5.81e-011  1.85e-009  2.15e-014  2.07e-016  1.00e-040  1.24e-020  0.00e+000  
4.84912e+016 7.59e-019  9.90e-001  9.99e-003  1.67e-009  3.11e-011  1.58e-009  2.06e-014  1.98e-016  3.43e-041  1.19e-020  0.00e+000  
4.86294e+016 8.42e-019  9.90e-001  1.00e-002  1.12e-009  1.56e-011  1.32e-009  1.96e-014  1.89e-016  1.01e-041  1.13e-020  0.00e+000  
4.87591e+016 9.29e-019  9.90e-001  1.00e-002  7.50e-010  7.45e-012  1.12e-009  1.87e-014  1.80e-016  3.25e-042  1.08e-020  0.00e+000  
4.88968e+016 1.03e-018  9.90e-001  1.00e-002  4.80e-010  3.12e-012  9.25e-010  1.78e-014  1.71e-016  8.92e-043  1.03e-020  0.00e+000  
4.90444e+016 1.14e-018  9.90e-001  1.01e-002  2.87e-010  1.12e-012  7.59e-010  1.70e-014  1.63e-016  2.28e-043  9.81e-021  0.00e+000  
4.91980e+016 1.28e-018  9.90e-001  9.98e-003  1.57e-010  3.45e-013  6.06e-010  1.60e-014  1.54e-016  5.07e-044  9.20e-021  0.00e+000  
4.93317e+016 1.40e-018  9.90e-001  9.97e-003  8.97e-011  1.10e-013  5.02e-010  1.53e-014  1.47e-016  1.37e-044  8.83e-021  0.00e+000  
4.94239e+016 1.50e-018  9.90e-001  1.00e-002  5.73e-011  4.25e-014  4.39e-010  1.48e-014  1.42e-016  5.53e-045  8.56e-021  0.00e+000  
4.95192e+016 1.60e-018  9.90e-001  1.00e-002  3.57e-011  1.52e-014  3.80e-010  1.43e-014  1.38e-016  2.02e-045  8.27e-021  0.00e+000  
4.96202e+016 1.71e-018  9.90e-001  1.00e-002  2.23e-011  5.64e-015  3.27e-010  1.39e-014  1.34e-016  7.15e-046  8.03e-021  0.00e+000  
4.97297e+016 1.83e-018  9.90e-001  1.00e-002  1.27e-011  1.56e-015  2.77e-010  1.35e-014  1.29e-016  2.35e-046  7.77e-021  0.00e+000  
4.98461e+016 1.97e-018  9.90e-001  1.00e-002  6.50e-012  3.26e-016  2.30e-010  1.29e-014  1.24e-016  6.60e-047  7.46e-021  0.00e+000  
4.99670e+016 2.12e-018  9.90e-001  9.99e-003  2.98e-012  5.28e-017  1.92e-010  1.25e-014  1.20e-016  1.84e-047  7.17e-021  0.00e+000  
5.00936e+016 2.29e-018  9.90e-001  9.99e-003  1.13e-012  6.45e-018  1.57e-010  1.20e-014  1.15e-016  4.49e-048  6.89e-021  0.00e+000  
5.02240e+016 2.46e-018  9.90e-001  1.00e-002  3.46e-013  5.03e-019  1.28e-010  1.16e-014  1.11e-016  1.06e-048  6.65e-021  0.00e+000  
5.03584e+016 2.66e-018  9.90e-001  1.00e-002  9.67e-014  4.59e-020  1.03e-010  1.11e-014  1.07e-016  2.33e-049  6.44e-021  0.00e+000  
5.05026e+016 2.87e-018  9.90e-001  9.97e-003  2.74e-014  2.01e-021  7.98e-011  1.07e-014  1.03e-016  4.43e-050  6.17e-021  0.00e+000  
5.05959e+016 3.02e-018  9.90e-001  1.00e-002  1.09e-014  1.75e-022  6.82e-011  1.05e-014  1.01e-016  1.70e-050  6.06e-021  0.00e+000  
5.06957e+016 3.18e-018  9.90e-001  9.99e-003  3.36e-015  9.84e-024  5.85e-011  1.03e-014  9.87e-017  5.59e-051  5.91e-021  0.00e+000  
5.07988e+016 3.36e-018  9.90e-001  9.99e-003  8.35e-016  7.64e-025  4.94e-011  1.00e-014  9.66e-017  1.86e-051  5.80e-021  0.00e+000  
5.09058e+016 3.57e-018  9.90e-001  9.98e-003  1.69e-016  3.45e-026  4.12e-011  9.82e-015  9.45e-017  6.34e-052  5.67e-021  0.00e+000  
5.10237e+016 3.79e-018  9.90e-001  1.00e-002  2.54e-017  8.82e-028  3.38e-011  9.61e-015  9.24e-017  1.80e-052  5.54e-021  0.00e+000  
5.11496e+016 4.05e-018  9.90e-001  1.00e-002  2.91e-018  1.35e-029  2.67e-011  9.41e-015  9.01e-017  4.99e-053  5.41e-021  0.00e+000  
5.12843e+016 4.35e-018  9.90e-001  9.99e-003  3.38e-019  1.10e-031  1.85e-011  9.17e-015  7.86e-017  1.17e-053  4.71e-021  0.00e+000  
5.14296e+016 4.69e-018  9.90e-001  1.00e-002  3.88e-020  1.95e-033  1.23e-011  9.00e-015  6.83e-017  2.33e-054  4.08e-021  0.00e+000  
5.15425e+016 4.98e-018  9.90e-001  1.00e-002  1.21e-020  1.58e-034  9.02e-012  8.86e-015  6.12e-017  7.23e-055  3.67e-021  0.00e+000  
5.16792e+016 5.34e-018  9.90e-001  9.99e-003  8.57e-022  6.79e-037  6.08e-012  8.72e-015  5.41e-017  1.73e-055  3.24e-021  0.00e+000  
5.18319e+016 5.78e-018  9.90e-001  1.00e-002  3.44e-023  1.26e-039  3.86e-012  8.60e-015  4.74e-017  3.51e-056  2.84e-021  0.00e+000  
5.19950e+016 6.27e-018  9.90e-001  1.00e-002  9.29e-025  1.12e-042  2.30e-012  8.48e-015  4.14e-017  6.76e-057  2.49e-021  0.00e+000  
5.21655e+016 6.84e-018  9.90e-001  1.00e-002  1.37e-026  5.32e-046  1.30e-012  8.39e-015  3.63e-017  1.17e-057  2.16e-021  0.00e+000  
5.23457e+016 7.47e-018  9.90e-001  1.00e-002  3.21e-028  1.15e-047  6.77e-013  8.31e-015  3.17e-017  2.01e-058  1.90e-021  0.00e+000  
5.25384e+016 8.22e-018  9.90e-001  1.00e-002  3.19e-030  1.87e-050  3.31e-013  8.25e-015  2.77e-017  3.04e-059  1.65e-021  0.00e+000  
5.27451e+016 9.08e-018  9.90e-001  1.00e-002  2.17e-032  2.19e-054  1.37e-013  8.20e-015  2.41e-017  4.33e-060  1.44e-021  0.00e+000  
5.29668e+016 1.01e-017  9.90e-001  1.00e-002  7.30e-035  5.64e-059  4.41e-014  8.18e-015  2.11e-017  5.49e-061  1.26e-021  0.00e+000  
5.31993e+016 1.12e-017  9.90e-001  9.99e-003  9.81e-038  6.27e-065  8.18e-015  8.18e-015  1.85e-017  6.78e-062  1.11e-021  0.00e+000  
5.34440e+016 1.25e-017  9.90e-001  9.98e-003  7.87e-039  1.09e-065  1.33e-015  8.14e-015  1.61e-017  7.75e-063  9.66e-022  0.00e+000  
5.36995e+016 1.39e-017  9.90e-001  9.97e-003  5.41e-043  6.00e-071  2.19e-016  8.25e-015  1.42e-017  8.97e-064  8.54e-022  0.00e+000  
5.39765e+016 1.56e-017  9.90e-001  9.96e-003  1.52e-046  2.86e-078  1.07e-017  8.29e-015  1.26e-017  9.00e-065  7.52e-022  0.00e+000  
5.42627e+016 1.73e-017  9.90e-001  1.00e-002  8.39e-048  5.68e-079  3.08e-019  8.45e-015  1.12e-017  9.78e-066  6.72e-022  0.00e+000  
5.45738e+016 1.92e-017  9.90e-001  1.00e-002  9.22e-053  0.00e+000  9.27e-021  8.65e-015  1.00e-017  8.55e-067  5.99e-022  0.00e+000  
5.49079e+016 2.13e-017  9.90e-001  1.00e-002  4.97e-054  0.00e+000  2.51e-023  8.87e-015  8.96e-018  7.98e-068  5.40e-022  0.00e+000  
5.52575e+016 2.36e-017  9.90e-001  9.98e-003  1.40e-059  0.00e+000  2.89e-025  9.10e-015  8.08e-018  7.02e-069  4.82e-022  0.00e+000  
5.56155e+016 2.59e-017  9.90e-001  1.00e-002  2.62e-061  0.00e+000  1.16e-028  9.40e-015  7.39e-018  6.69e-070  4.41e-022  0.00e+000  
5.59918e+016 2.82e-017  9.90e-001  1.00e-002  6.14e-067  0.00e+000  5.54e-031  9.79e-015  6.81e-018  6.81e-071  4.08e-022  0.00e+000  
5.63913e+016 3.05e-017  9.90e-001  1.00e-002  1.46e-069  0.00e+000  2.01e-034  1.03e-014  6.33e-018  7.05e-072  3.77e-022  0.00e+000  
5.68226e+016 3.28e-017  9.90e-001  9.99e-003  4.75e-075  0.00e+000  2.28e-040  1.08e-014  5.91e-018  7.25e-073  3.53e-022  0.00e+000  
5.72780e+016 3.50e-017  9.90e-001  1.00e-002  1.32e-077  0.00e+000  9.36e-042  1.15e-014  5.61e-018  7.75e-074  3.38e-022  0.00e+000  
5.77650e+016 3.70e-017  9.90e-001  1.00e-002  0.00e+000  0.00e+000  2.10e-048  1.23e-014  5.38e-018  9.30e-075  3.22e-022  0.00e+000  
5.82707e+016 3.87e-017  9.90e-001  1.00e-002  0.00e+000  0.00e+000  1.84e-052  1.32e-014  5.22e-018  1.31e-075  3.13e-022  0.00e+000  
5.88124e+016 4.01e-017  9.90e-001  1.00e-002  0.00e+000  0.00e+000  1.21e-060  1.43e-014  5.14e-018  1.88e-076  3.07e-022  0.00e+000  
5.93801e+016 4.11e-017  9.90e-001  1.00e-002  0.00e+000  0.00e+000  8.85e-065  1.56e-014  5.08e-018  3.31e-077  3.04e-022  0.00e+000  
5.99878e+016 4.18e-017  9.90e-001  1.00e-002  0.00e+000  0.00e+000  1.20e-071  1.70e-014  5.12e-018  6.24e-078  3.06e-022  0.00e+000  
6.06254e+016 4.21e-017  9.90e-001  1.00e-002  0.00e+000  0.00e+000  1.79e-075  1.87e-014  5.20e-018  1.41e-078  3.11e-022  0.00e+000  
6.12860e+016 4.20e-017  9.90e-001  1.00e-002  0.00e+000  0.00e+000  9.95e-080  2.06e-014  5.33e-018  3.93e-079  3.19e-022  0.00e+000  
6.19772e+016 4.16e-017  9.90e-001  1.00e-002  0.00e+000  0.00e+000  0.00e+000  2.28e-014  5.53e-018  1.21e-079  3.29e-022  0.00e+000  
6.27006e+016 4.10e-017  9.90e-001  1.00e-002  0.00e+000  0.00e+000  0.00e+000  2.51e-014  5.78e-018  4.24e-080  3.44e-022  0.00e+000  
6.34752e+016 4.00e-017  9.90e-001  1.00e-002  0.00e+000  0.00e+000  0.00e+000  2.82e-014  6.10e-018  0.00e+000  3.65e-022  0.00e+000  
6.43223e+016 3.89e-017  9.90e-001  1.00e-002  0.00e+000  0.00e+000  0.00e+000  3.16e-014  6.53e-018  0.00e+000  3.88e-022  0.00e+000  
6.52408e+016 3.76e-017  9.90e-001  9.98e-003  0.00e+000  0.00e+000  0.00e+000  3.59e-014  7.05e-018  0.00e+000  4.20e-022  0.00e+000  
6.62440e+016 3.61e-017  9.90e-001  9.98e-003  0.00e+000  0.00e+000  0.00e+000  4.10e-014  7.74e-018  0.00e+000  4.60e-022  0.00e+000  
6.73219e+016 3.44e-017  9.90e-001  9.99e-003  0.00e+000  0.00e+000  0.00e+000  4.73e-014  8.59e-018  0.00e+000  5.14e-022  0.00e+000  
6.84641e+016 3.27e-017  9.90e-001  9.99e-003  0.00e+000  0.00e+000  0.00e+000  5.50e-014  9.69e-018  0.00e+000  5.78e-022  0.00e+000  
6.96945e+016 3.10e-017  9.90e-001  1.00e-002  0.00e+000  0.00e+000  0.00e+000  6.48e-014  1.10e-017  0.00e+000  6.58e-022  0.00e+000  
7.10391e+016 2.92e-017  9.90e-001  1.00e-002  0.00e+000  0.00e+000  0.00e+000  7.78e-014  1.28e-017  0.00e+000  7.64e-022  0.00e+000  
7.25155e+016 2.74e-017  9.90e-001  1.00e-002  0.00e+000  0.00e+000  0.00e+000  9.46e-014  1.52e-017  0.00e+000  9.10e-022  0.00e+000  
7.42223e+016 2.56e-017  9.90e-001  1.00e-002  0.00e+000  0.00e+000  0.00e+000  1.19e-013  1.87e-017  0.00e+000  1.11e-021  0.00e+000  
7.63108e+016 2.36e-017  9.90e-001  9.98e-003  0.00e+000  0.00e+000  0.00e+000  1.58e-013  2.41e-017  0.00e+000  1.43e-021  0.00e+000  
7.86896e+016 2.17e-017  9.90e-001  9.99e-003  0.00e+000  0.00e+000  0.00e+000  2.20e-013  3.26e-017  0.00e+000  1.94e-021  0.00e+000  
8.18150e+016 1.97e-017  9.90e-001  1.00e-002  0.00e+000  0.00e+000  0.00e+000  3.39e-013  4.88e-017  0.00e+000  2.91e-021  0.00e+000  
8.55776e+016 1.79e-017  9.90e-001  1.00e-002  0.00e+000  0.00e+000  0.00e+000  5.71e-013  8.00e-017  0.00e+000  4.75e-021  0.00e+000  
9.00548e+016 1.62e-017  9.90e-001  9.96e-003  0.00e+000  0.00e+000  0.00e+000  1.06e-012  1.44e-016  0.00e+000  8.60e-021  0.00e+000  
9.53916e+016 1.47e-017  9.90e-001  9.97e-003  0.00e+000  0.00e+000  0.00e+000  2.20e-012  2.90e-016  0.00e+000  1.73e-020  0.00e+000  
1.01535e+017 1.41e-017  9.90e-001  1.00e-002  0.00e+000  0.00e+000  0.00e+000  5.03e-012  6.41e-016  0.00e+000  3.82e-020  0.00e+000  
1.09249e+017 1.60e-017  9.90e-001  9.96e-003  0.00e+000  0.00e+000  0.00e+000  1.28e-011  1.60e-015  0.00e+000  9.52e-020  0.00e+000  
1.19176e+017 2.28e-017  9.90e-001  1.00e-002  0.00e+000  0.00e+000  0.00e+000  3.41e-011  4.11e-015  0.00e+000  2.45e-019  0.00e+000  
1.32448e+017 3.40e-017  9.90e-001  9.99e-003  0.00e+000  0.00e+000  0.00e+000  6.96e-011  8.17e-015  0.00e+000  4.88e-019  0.00e+000  
