! 0       *HCOOH + He -> HCOOH + He
! 1       *HCOOH + H2 -> HCOOH + H2
! 2       *HCOOH + CO -> HCOOH + CO
! 3       *HCOOH + CRPhoton -> *HCO + *OH
! 4       *HCOOH + CRPhoton -> HCOOH
! 5       *HCOOH + ISPhoton -> *HCO + *OH
! 6       *HCOOH + ISPhoton -> HCOOH
! 7       *HCOOH + ISPhoton -> *HCO + *OH
! 8       *HCOOH + ISPhoton -> *CO2 + *H + *H
! 9       *HCOOH + GRAIN -> HCOOH + GRAIN
!            tot_rate   0          1          2          3          4          5          6          7          8          9          
1.58188e+013 2.14e-017  0.00e+000  0.00e+000  0.00e+000  9.97e-001  1.68e-003  8.34e-004  1.00e-007  8.90e-008  8.90e-008  0.00e+000  
3.50727e+014 2.14e-017  0.00e+000  0.00e+000  0.00e+000  9.97e-001  1.68e-003  8.34e-004  1.00e-007  8.90e-008  8.90e-008  0.00e+000  
5.21628e+015 2.14e-017  0.00e+000  0.00e+000  0.00e+000  9.97e-001  1.68e-003  8.34e-004  1.00e-007  8.90e-008  8.90e-008  0.00e+000  
2.67137e+016 2.15e-017  0.00e+000  0.00e+000  0.00e+000  9.97e-001  1.68e-003  8.34e-004  1.00e-007  8.90e-008  8.90e-008  0.00e+000  
3.33598e+016 2.19e-017  0.00e+000  0.00e+000  0.00e+000  9.97e-001  1.69e-003  8.33e-004  1.00e-007  8.88e-008  8.88e-008  0.00e+000  
3.42055e+016 2.21e-017  0.00e+000  0.00e+000  0.00e+000  9.97e-001  1.69e-003  8.34e-004  1.01e-007  8.84e-008  8.84e-008  0.00e+000  
3.44017e+016 2.21e-017  0.00e+000  0.00e+000  0.00e+000  9.97e-001  1.69e-003  8.34e-004  1.01e-007  8.89e-008  8.89e-008  0.00e+000  
3.46353e+016 2.22e-017  0.00e+000  0.00e+000  1.81e-042  9.97e-001  1.69e-003  8.35e-004  1.01e-007  8.89e-008  8.89e-008  0.00e+000  
3.48860e+016 2.23e-017  0.00e+000  0.00e+000  3.37e-026  9.97e-001  1.69e-003  8.36e-004  1.01e-007  8.90e-008  8.90e-008  0.00e+000  
3.51370e+016 2.24e-017  0.00e+000  0.00e+000  1.08e-006  9.97e-001  1.70e-003  8.36e-004  1.01e-007  8.90e-008  8.90e-008  0.00e+000  
3.53250e+016 2.29e-017  0.00e+000  0.00e+000  1.50e-002  9.82e-001  1.67e-003  8.21e-004  9.96e-008  8.73e-008  8.73e-008  0.00e+000  
3.55515e+016 4.31e-017  0.00e+000  0.00e+000  4.74e-001  5.25e-001  8.96e-004  4.39e-004  5.34e-008  4.67e-008  4.67e-008  0.00e+000  
3.57182e+016 1.21e-016  0.00e+000  0.00e+000  8.11e-001  1.88e-001  3.21e-004  1.58e-004  1.92e-008  1.68e-008  1.68e-008  0.00e+000  
3.58524e+016 2.90e-016  0.00e+000  0.00e+000  9.21e-001  7.90e-002  1.36e-004  6.62e-005  8.07e-009  7.04e-009  7.04e-009  0.00e+000  
3.60047e+016 3.93e-016  8.67e-070  0.00e+000  9.41e-001  5.90e-002  1.01e-004  4.93e-005  6.03e-009  5.24e-009  5.24e-009  0.00e+000  
3.61718e+016 5.72e-016  5.34e-043  0.00e+000  9.59e-001  4.11e-002  7.07e-005  3.43e-005  4.22e-009  3.66e-009  3.66e-009  0.00e+000  
3.62899e+016 7.88e-016  6.65e-023  0.00e+000  9.70e-001  3.02e-002  5.20e-005  2.53e-005  3.10e-009  2.68e-009  2.68e-009  0.00e+000  
3.63893e+016 1.07e-015  1.90e-016  0.00e+000  9.78e-001  2.23e-002  3.87e-005  1.87e-005  2.31e-009  1.99e-009  1.99e-009  0.00e+000  
3.64972e+016 1.61e-015  4.88e-004  0.00e+000  9.84e-001  1.53e-002  2.64e-005  1.28e-005  1.58e-009  1.36e-009  1.36e-009  0.00e+000  
3.66124e+016 3.55e-015  2.69e-001  1.28e-070  7.24e-001  7.04e-003  1.22e-005  5.89e-006  7.30e-010  6.25e-010  6.25e-010  0.00e+000  
3.67348e+016 3.19e-014  8.53e-001  1.36e-048  1.46e-001  8.06e-004  1.41e-006  6.74e-007  8.37e-011  7.18e-011  7.18e-011  0.00e+000  
3.68621e+016 1.68e-013  9.43e-001  1.36e-018  5.67e-002  1.59e-004  2.79e-007  1.33e-007  1.67e-011  1.41e-011  1.41e-011  0.00e+000  
3.69700e+016 5.18e-013  9.63e-001  1.99e-007  3.67e-002  5.35e-005  9.52e-008  4.48e-008  5.66e-012  4.75e-012  4.75e-012  0.00e+000  
3.70376e+016 9.75e-013  9.68e-001  7.77e-006  3.16e-002  2.92e-005  5.26e-008  2.44e-008  3.14e-012  2.60e-012  2.60e-012  0.00e+000  
3.71087e+016 1.80e-012  9.69e-001  1.86e-003  2.96e-002  1.64e-005  3.02e-008  1.36e-008  1.80e-012  1.45e-012  1.45e-012  0.00e+000  
3.71826e+016 3.42e-012  9.54e-001  1.71e-002  2.89e-002  8.90e-006  1.71e-008  7.43e-009  1.02e-012  7.93e-013  7.93e-013  0.00e+000  
3.72589e+016 6.65e-012  9.20e-001  5.01e-002  2.95e-002  4.77e-006  9.69e-009  3.99e-009  5.76e-013  4.24e-013  4.24e-013  0.00e+000  
3.73370e+016 1.31e-011  8.82e-001  8.67e-002  3.11e-002  2.52e-006  5.61e-009  2.11e-009  3.34e-013  2.24e-013  2.24e-013  6.58e-082  
3.74165e+016 2.62e-011  8.39e-001  1.28e-001  3.34e-002  1.32e-006  3.38e-009  1.11e-009  2.01e-013  1.18e-013  1.18e-013  4.42e-078  
3.74829e+016 4.76e-011  8.17e-001  1.49e-001  3.42e-002  7.54e-007  2.25e-009  6.30e-010  1.34e-013  6.70e-014  6.70e-014  4.22e-075  
3.75505e+016 8.71e-011  7.85e-001  1.80e-001  3.46e-002  4.21e-007  1.56e-009  3.52e-010  9.29e-014  3.75e-014  3.75e-014  2.54e-072  
3.76194e+016 1.65e-010  7.70e-001  1.96e-001  3.35e-002  2.22e-007  1.10e-009  1.86e-010  6.55e-014  1.97e-014  1.97e-014  1.04e-069  
3.76839e+016 3.31e-010  7.47e-001  2.20e-001  3.27e-002  1.03e-007  8.26e-010  8.59e-011  4.93e-014  9.13e-015  9.13e-015  1.71e-067  
3.76854e+016 3.37e-010  7.47e-001  2.20e-001  3.26e-002  1.01e-007  8.21e-010  8.39e-011  4.89e-014  8.92e-015  8.92e-015  1.89e-067  
3.76877e+016 3.48e-010  7.47e-001  2.21e-001  3.27e-002  9.68e-008  8.10e-010  8.10e-011  4.82e-014  8.59e-015  8.59e-015  2.24e-067  
3.76917e+016 3.67e-010  7.46e-001  2.21e-001  3.27e-002  9.07e-008  7.98e-010  7.60e-011  4.74e-014  8.09e-015  8.09e-015  2.94e-067  
3.76980e+016 4.03e-010  7.45e-001  2.22e-001  3.25e-002  8.15e-008  7.75e-010  6.81e-011  4.62e-014  7.23e-015  7.23e-015  4.60e-067  
3.77083e+016 4.71e-010  7.45e-001  2.23e-001  3.25e-002  6.70e-008  7.41e-010  5.60e-011  4.41e-014  5.96e-015  5.96e-015  9.57e-067  
3.77248e+016 6.40e-010  7.42e-001  2.25e-001  3.25e-002  4.55e-008  6.94e-010  3.80e-011  4.13e-014  4.05e-015  4.05e-015  3.13e-066  
3.77450e+016 1.13e-009  7.35e-001  2.33e-001  3.23e-002  2.12e-008  6.40e-010  1.78e-011  3.81e-014  1.89e-015  1.89e-015  1.30e-065  
3.77655e+016 2.05e-009  7.28e-001  2.40e-001  3.14e-002  5.13e-009  5.96e-010  4.30e-012  3.55e-014  4.57e-016  4.57e-016  4.83e-065  
3.77936e+016 3.05e-010  7.23e-001  2.47e-001  2.97e-002  4.62e-009  5.37e-010  3.86e-012  3.19e-014  4.12e-016  4.12e-016  2.98e-064  
3.78016e+016 1.69e-010  7.23e-001  2.48e-001  2.93e-002  4.50e-009  5.21e-010  3.76e-012  3.11e-014  4.00e-016  4.00e-016  5.03e-064  
3.78111e+016 8.05e-011  7.22e-001  2.50e-001  2.87e-002  4.33e-009  5.03e-010  3.63e-012  2.99e-014  3.86e-016  3.86e-016  9.02e-064  
3.78273e+016 2.10e-011  7.19e-001  2.53e-001  2.80e-002  4.11e-009  4.76e-010  3.44e-012  2.84e-014  3.66e-016  3.66e-016  2.30e-063  
3.78530e+016 2.02e-012  7.18e-001  2.55e-001  2.67e-002  3.76e-009  4.35e-010  3.15e-012  2.60e-014  3.34e-016  3.34e-016  1.01e-062  
3.78818e+016 1.02e-013  7.12e-001  2.63e-001  2.55e-002  3.44e-009  3.98e-010  2.87e-012  2.38e-014  3.06e-016  3.06e-016  5.21e-062  
3.79076e+016 5.40e-015  7.05e-001  2.70e-001  2.46e-002  3.18e-009  3.68e-010  2.67e-012  2.20e-014  2.83e-016  2.83e-016  1.91e-061  
3.79253e+016 8.32e-016  7.02e-001  2.74e-001  2.40e-002  3.04e-009  3.52e-010  2.54e-012  2.09e-014  2.70e-016  2.70e-016  4.69e-061  
3.79502e+016 3.00e-016  7.00e-001  2.77e-001  2.32e-002  2.82e-009  3.27e-010  2.36e-012  1.95e-014  2.51e-016  2.51e-016  1.62e-060  
3.79755e+016 2.70e-016  6.99e-001  2.79e-001  2.24e-002  2.64e-009  3.06e-010  2.21e-012  1.82e-014  2.35e-016  2.35e-016  5.07e-060  
3.79897e+016 2.64e-016  6.96e-001  2.82e-001  2.20e-002  2.55e-009  2.95e-010  2.13e-012  1.76e-014  2.27e-016  2.27e-016  9.35e-060  
3.79918e+016 2.63e-016  6.96e-001  2.82e-001  2.20e-002  2.54e-009  2.94e-010  2.12e-012  1.75e-014  2.26e-016  2.26e-016  1.03e-059  
3.79956e+016 2.62e-016  6.95e-001  2.83e-001  2.18e-002  2.51e-009  2.91e-010  2.10e-012  1.73e-014  2.23e-016  2.23e-016  1.21e-059  
3.80017e+016 2.60e-016  6.93e-001  2.85e-001  2.16e-002  2.47e-009  2.86e-010  2.06e-012  1.70e-014  2.19e-016  2.19e-016  1.57e-059  
3.80129e+016 2.56e-016  6.91e-001  2.88e-001  2.13e-002  2.40e-009  2.78e-010  2.01e-012  1.66e-014  2.13e-016  2.13e-016  2.52e-059  
3.80319e+016 2.50e-016  6.87e-001  2.92e-001  2.10e-002  2.30e-009  2.66e-010  1.92e-012  1.59e-014  2.04e-016  2.04e-016  5.67e-059  
3.80578e+016 2.45e-016  6.85e-001  2.94e-001  2.03e-002  2.16e-009  2.50e-010  1.81e-012  1.49e-014  1.93e-016  1.93e-016  1.57e-058  
3.80629e+016 2.44e-016  6.84e-001  2.95e-001  2.02e-002  2.14e-009  2.48e-010  1.79e-012  1.48e-014  1.90e-016  1.90e-016  1.90e-058  
3.80713e+016 2.43e-016  6.84e-001  2.96e-001  2.00e-002  2.10e-009  2.43e-010  1.76e-012  1.45e-014  1.87e-016  1.87e-016  2.58e-058  
3.80859e+016 2.41e-016  6.85e-001  2.95e-001  1.97e-002  2.04e-009  2.36e-010  1.70e-012  1.41e-014  1.81e-016  1.81e-016  4.36e-058  
3.81083e+016 2.38e-016  6.80e-001  3.01e-001  1.92e-002  1.94e-009  2.25e-010  1.62e-012  1.34e-014  1.73e-016  1.73e-016  9.65e-058  
3.81265e+016 2.37e-016  6.76e-001  3.05e-001  1.89e-002  1.88e-009  2.17e-010  1.57e-012  1.29e-014  1.67e-016  1.67e-016  1.83e-057  
3.81480e+016 2.34e-016  6.72e-001  3.09e-001  1.86e-002  1.80e-009  2.09e-010  1.51e-012  1.25e-014  1.60e-016  1.60e-016  3.82e-057  
3.81769e+016 2.29e-016  6.72e-001  3.10e-001  1.81e-002  1.71e-009  1.98e-010  1.43e-012  1.18e-014  1.52e-016  1.52e-016  9.16e-057  
3.81836e+016 2.28e-016  6.72e-001  3.10e-001  1.80e-002  1.69e-009  1.95e-010  1.41e-012  1.16e-014  1.50e-016  1.50e-016  1.11e-056  
3.81952e+016 2.25e-016  6.71e-001  3.11e-001  1.79e-002  1.66e-009  1.92e-010  1.39e-012  1.14e-014  1.48e-016  1.48e-016  1.56e-056  
3.82149e+016 2.20e-016  6.68e-001  3.14e-001  1.75e-002  1.60e-009  1.85e-010  1.34e-012  1.10e-014  1.42e-016  1.42e-016  2.72e-056  
3.82433e+016 2.10e-016  6.62e-001  3.21e-001  1.72e-002  1.53e-009  1.78e-010  1.28e-012  1.06e-014  1.36e-016  1.36e-016  6.00e-056  
3.82740e+016 2.00e-016  6.60e-001  3.23e-001  1.68e-002  1.46e-009  1.69e-010  1.22e-012  1.01e-014  1.30e-016  1.30e-016  1.37e-055  
3.83054e+016 1.89e-016  6.60e-001  3.24e-001  1.65e-002  1.40e-009  1.63e-010  1.17e-012  9.66e-015  1.25e-016  1.25e-016  2.94e-055  
3.83376e+016 1.82e-016  6.55e-001  3.29e-001  1.60e-002  1.33e-009  1.55e-010  1.12e-012  9.19e-015  1.19e-016  1.19e-016  5.94e-055  
3.83751e+016 1.71e-016  6.49e-001  3.35e-001  1.57e-002  1.28e-009  1.48e-010  1.07e-012  8.83e-015  1.13e-016  1.13e-016  1.32e-054  
3.84132e+016 1.54e-016  6.49e-001  3.36e-001  1.54e-002  1.23e-009  1.42e-010  1.02e-012  8.43e-015  1.09e-016  1.09e-016  2.83e-054  
3.84531e+016 1.26e-016  6.46e-001  3.39e-001  1.51e-002  1.17e-009  1.36e-010  9.76e-013  8.10e-015  1.04e-016  1.04e-016  6.07e-054  
3.84962e+016 8.38e-017  6.41e-001  3.45e-001  1.48e-002  1.12e-009  1.30e-010  9.40e-013  7.75e-015  1.00e-016  1.00e-016  1.23e-053  
3.85449e+016 3.70e-017  6.40e-001  3.46e-001  1.45e-002  1.07e-009  1.24e-010  8.96e-013  7.40e-015  9.56e-017  9.56e-017  2.53e-053  
3.85990e+016 8.18e-018  6.37e-001  3.49e-001  1.42e-002  1.03e-009  1.19e-010  8.61e-013  7.11e-015  9.15e-017  9.15e-017  5.33e-053  
3.86597e+016 1.08e-018  6.32e-001  3.54e-001  1.40e-002  9.86e-010  1.14e-010  8.23e-013  6.79e-015  8.75e-017  8.75e-017  1.13e-052  
3.87288e+016 8.15e-019  6.28e-001  3.58e-001  1.37e-002  9.43e-010  1.09e-010  7.89e-013  6.50e-015  8.39e-017  8.39e-017  2.49e-052  
3.88139e+016 1.27e-018  6.28e-001  3.59e-001  1.35e-002  9.05e-010  1.05e-010  7.56e-013  6.24e-015  8.02e-017  8.02e-017  5.14e-052  
3.89093e+016 2.21e-018  6.24e-001  3.63e-001  1.33e-002  8.68e-010  1.00e-010  7.24e-013  5.97e-015  7.69e-017  7.69e-017  1.03e-051  
3.90068e+016 3.84e-018  6.20e-001  3.67e-001  1.32e-002  8.41e-010  9.74e-011  7.03e-013  5.81e-015  7.47e-017  7.47e-017  1.84e-051  
3.91088e+016 6.61e-018  6.18e-001  3.69e-001  1.31e-002  8.19e-010  9.49e-011  6.84e-013  5.65e-015  7.28e-017  7.28e-017  2.97e-051  
3.92181e+016 1.11e-017  6.17e-001  3.70e-001  1.30e-002  8.03e-010  9.28e-011  6.72e-013  5.54e-015  7.14e-017  7.14e-017  4.39e-051  
3.93325e+016 1.78e-017  6.19e-001  3.68e-001  1.29e-002  7.93e-010  9.17e-011  6.64e-013  5.47e-015  7.03e-017  7.03e-017  5.85e-051  
3.94519e+016 2.67e-017  6.19e-001  3.68e-001  1.30e-002  7.91e-010  9.15e-011  6.60e-013  5.44e-015  7.01e-017  7.01e-017  6.97e-051  
3.95803e+016 3.78e-017  6.19e-001  3.68e-001  1.30e-002  7.89e-010  9.13e-011  6.61e-013  5.45e-015  7.01e-017  7.01e-017  7.46e-051  
3.97190e+016 5.04e-017  6.18e-001  3.69e-001  1.32e-002  7.94e-010  9.21e-011  6.65e-013  5.50e-015  7.09e-017  7.09e-017  7.09e-051  
3.98699e+016 6.33e-017  6.18e-001  3.68e-001  1.34e-002  8.09e-010  9.38e-011  6.78e-013  5.60e-015  7.21e-017  7.21e-017  5.91e-051  
4.00514e+016 7.69e-017  6.21e-001  3.66e-001  1.38e-002  8.34e-010  9.67e-011  7.00e-013  5.78e-015  7.44e-017  7.44e-017  4.09e-051  
4.02549e+016 8.91e-017  6.25e-001  3.60e-001  1.43e-002  8.72e-010  1.01e-010  7.32e-013  6.04e-015  7.78e-017  7.78e-017  2.27e-051  
4.04761e+016 9.98e-017  6.31e-001  3.54e-001  1.49e-002  9.27e-010  1.07e-010  7.78e-013  6.42e-015  8.28e-017  8.28e-017  1.01e-051  
4.07070e+016 1.09e-016  6.38e-001  3.46e-001  1.57e-002  9.98e-010  1.16e-010  8.41e-013  6.94e-015  8.95e-017  8.95e-017  3.75e-052  
4.09451e+016 1.18e-016  6.43e-001  3.41e-001  1.66e-002  1.10e-009  1.27e-010  9.23e-013  7.61e-015  9.83e-017  9.83e-017  1.06e-052  
4.11988e+016 1.27e-016  6.48e-001  3.34e-001  1.80e-002  1.23e-009  1.42e-010  1.04e-012  8.55e-015  1.10e-016  1.10e-016  2.32e-053  
4.14624e+016 1.39e-016  6.58e-001  3.23e-001  1.95e-002  1.40e-009  1.62e-010  1.17e-012  9.73e-015  1.25e-016  1.25e-016  3.98e-054  
4.17462e+016 1.55e-016  6.70e-001  3.09e-001  2.14e-002  1.64e-009  1.89e-010  1.37e-012  1.13e-014  1.46e-016  1.46e-016  4.74e-055  
4.20512e+016 1.80e-016  6.77e-001  2.99e-001  2.40e-002  1.97e-009  2.28e-010  1.65e-012  1.37e-014  1.76e-016  1.76e-016  3.70e-056  
4.23867e+016 2.19e-016  6.90e-001  2.82e-001  2.76e-002  2.47e-009  2.87e-010  2.08e-012  1.71e-014  2.21e-016  2.21e-016  1.75e-057  
4.27356e+016 2.76e-016  7.03e-001  2.64e-001  3.23e-002  3.21e-009  3.70e-010  2.69e-012  2.22e-014  2.87e-016  2.87e-016  5.37e-059  
4.30994e+016 3.55e-016  7.16e-001  2.45e-001  3.89e-002  4.31e-009  5.02e-010  3.64e-012  3.02e-014  3.86e-016  3.86e-016  1.02e-060  
4.34671e+016 4.51e-016  7.32e-001  2.21e-001  4.75e-002  6.01e-009  6.96e-010  5.06e-012  4.17e-014  5.39e-016  5.39e-016  1.33e-062  
4.38104e+016 4.32e-016  7.43e-001  1.98e-001  5.83e-002  8.43e-009  9.75e-010  7.08e-012  5.86e-014  7.55e-016  7.55e-016  1.74e-064  
4.41007e+016 3.33e-016  7.57e-001  1.74e-001  6.96e-002  1.13e-008  1.31e-009  9.55e-012  7.90e-014  1.01e-015  1.01e-015  3.54e-066  
4.42181e+016 2.87e-016  7.59e-001  1.65e-001  7.56e-002  1.30e-008  1.50e-009  1.09e-011  8.99e-014  1.16e-015  1.16e-015  7.07e-067  
4.42811e+016 2.67e-016  7.61e-001  1.60e-001  7.87e-002  1.39e-008  1.61e-009  1.17e-011  9.63e-014  1.24e-015  1.24e-015  3.00e-067  
4.43809e+016 2.46e-016  7.61e-001  1.54e-001  8.47e-002  1.56e-008  1.80e-009  1.31e-011  1.08e-013  1.39e-015  1.39e-015  6.96e-068  
4.45030e+016 2.14e-016  7.67e-001  1.42e-001  9.16e-002  1.79e-008  2.07e-009  1.50e-011  1.24e-013  1.59e-015  1.59e-015  1.20e-068  
4.45401e+016 1.97e-016  7.68e-001  1.38e-001  9.41e-002  1.87e-008  2.16e-009  1.57e-011  1.30e-013  1.67e-015  1.67e-015  6.82e-069  
4.45998e+016 1.75e-016  7.70e-001  1.32e-001  9.81e-002  2.00e-008  2.32e-009  1.68e-011  1.39e-013  1.79e-015  1.79e-015  2.80e-069  
4.46779e+016 1.62e-016  7.73e-001  1.24e-001  1.03e-001  2.19e-008  2.54e-009  1.84e-011  1.52e-013  1.96e-015  1.96e-015  8.66e-070  
4.48006e+016 1.37e-016  7.75e-001  1.13e-001  1.12e-001  2.53e-008  2.93e-009  2.13e-011  1.75e-013  2.26e-015  2.26e-015  1.36e-070  
4.48529e+016 1.21e-016  7.77e-001  1.06e-001  1.17e-001  2.72e-008  3.15e-009  2.28e-011  1.88e-013  2.43e-015  2.43e-015  5.81e-071  
4.48834e+016 1.06e-016  7.77e-001  1.03e-001  1.20e-001  2.81e-008  3.27e-009  2.37e-011  1.96e-013  2.52e-015  2.52e-015  3.55e-071  
4.49346e+016 1.02e-016  7.75e-001  1.01e-001  1.24e-001  2.99e-008  3.47e-009  2.52e-011  2.08e-013  2.68e-015  2.68e-015  1.60e-071  
4.49870e+016 9.80e-017  7.72e-001  9.89e-002  1.30e-001  3.20e-008  3.71e-009  2.69e-011  2.22e-013  2.87e-015  2.87e-015  7.16e-072  
4.50684e+016 9.04e-017  7.71e-001  9.17e-002  1.37e-001  3.55e-008  4.12e-009  2.99e-011  2.47e-013  3.19e-015  3.19e-015  2.02e-072  
4.51867e+016 7.92e-017  7.71e-001  8.02e-002  1.49e-001  4.11e-008  4.75e-009  3.45e-011  2.86e-013  3.68e-015  3.68e-015  3.08e-073  
4.51946e+016 7.57e-017  7.69e-001  7.82e-002  1.53e-001  4.23e-008  4.89e-009  3.55e-011  2.93e-013  3.78e-015  3.78e-015  2.39e-073  
4.52061e+016 6.87e-017  7.69e-001  7.65e-002  1.54e-001  4.30e-008  4.98e-009  3.61e-011  2.99e-013  3.85e-015  3.85e-015  1.94e-073  
4.52265e+016 6.40e-017  7.69e-001  7.49e-002  1.56e-001  4.39e-008  5.09e-009  3.70e-011  3.05e-013  3.94e-015  3.94e-015  1.40e-073  
4.52632e+016 6.31e-017  7.68e-001  7.16e-002  1.60e-001  4.58e-008  5.31e-009  3.85e-011  3.18e-013  4.10e-015  4.10e-015  7.76e-074  
4.53239e+016 6.33e-017  7.68e-001  6.56e-002  1.66e-001  4.93e-008  5.71e-009  4.14e-011  3.42e-013  4.41e-015  4.41e-015  2.99e-074  
4.54167e+016 6.12e-017  7.64e-001  5.98e-002  1.77e-001  5.54e-008  6.43e-009  4.66e-011  3.86e-013  4.97e-015  4.97e-015  6.93e-075  
4.55446e+016 5.54e-017  7.53e-001  5.23e-002  1.95e-001  6.61e-008  7.65e-009  5.56e-011  4.58e-013  5.90e-015  5.90e-015  7.56e-076  
4.55658e+016 5.44e-017  7.52e-001  4.96e-002  1.99e-001  6.82e-008  7.90e-009  5.74e-011  4.72e-013  6.10e-015  6.10e-015  5.07e-076  
4.55697e+016 5.35e-017  7.55e-001  4.56e-002  2.00e-001  6.87e-008  7.98e-009  5.79e-011  4.78e-013  6.16e-015  6.16e-015  4.20e-076  
4.55761e+016 5.09e-017  7.55e-001  4.44e-002  2.01e-001  6.96e-008  8.06e-009  5.84e-011  4.82e-013  6.21e-015  6.21e-015  3.66e-076  
4.55871e+016 4.67e-017  7.53e-001  4.43e-002  2.02e-001  7.04e-008  8.18e-009  5.93e-011  4.90e-013  6.31e-015  6.31e-015  3.06e-076  
4.56066e+016 4.36e-017  7.52e-001  4.36e-002  2.04e-001  7.22e-008  8.37e-009  6.08e-011  5.02e-013  6.46e-015  6.46e-015  2.24e-076  
4.56410e+016 4.28e-017  7.47e-001  4.27e-002  2.10e-001  7.59e-008  8.78e-009  6.37e-011  5.25e-013  6.79e-015  6.79e-015  1.31e-076  
4.56849e+016 4.35e-017  7.40e-001  4.14e-002  2.18e-001  8.09e-008  9.38e-009  6.80e-011  5.61e-013  7.24e-015  7.24e-015  6.62e-077  
4.57241e+016 4.43e-017  7.36e-001  3.93e-002  2.24e-001  8.52e-008  9.87e-009  7.16e-011  5.92e-013  7.61e-015  7.61e-015  3.39e-077  
4.57850e+016 4.39e-017  7.32e-001  3.56e-002  2.33e-001  9.21e-008  1.06e-008  7.75e-011  6.38e-013  8.23e-015  8.23e-015  1.14e-077  
4.58802e+016 4.18e-017  7.22e-001  2.87e-002  2.49e-001  1.05e-007  1.22e-008  8.83e-011  7.30e-013  9.40e-015  9.40e-015  2.13e-078  
4.59720e+016 3.95e-017  7.11e-001  2.40e-002  2.66e-001  1.19e-007  1.38e-008  1.00e-010  8.29e-013  1.07e-014  1.07e-014  4.37e-079  
4.59734e+016 3.94e-017  7.10e-001  2.31e-002  2.66e-001  1.20e-007  1.39e-008  1.01e-010  8.32e-013  1.07e-014  1.07e-014  3.96e-079  
4.59759e+016 3.87e-017  7.06e-001  2.26e-002  2.72e-001  1.22e-007  1.41e-008  1.03e-010  8.48e-013  1.09e-014  1.09e-014  3.34e-079  
4.59802e+016 3.76e-017  7.02e-001  2.17e-002  2.76e-001  1.24e-007  1.43e-008  1.04e-010  8.59e-013  1.11e-014  1.11e-014  2.92e-079  
4.59873e+016 3.59e-017  7.02e-001  2.14e-002  2.77e-001  1.25e-007  1.45e-008  1.05e-010  8.66e-013  1.12e-014  1.12e-014  2.57e-079  
4.59993e+016 3.34e-017  7.00e-001  2.09e-002  2.79e-001  1.27e-007  1.47e-008  1.07e-010  8.80e-013  1.13e-014  1.13e-014  2.07e-079  
4.60196e+016 3.09e-017  6.98e-001  2.00e-002  2.82e-001  1.30e-007  1.51e-008  1.10e-010  9.02e-013  1.16e-014  1.16e-014  1.44e-079  
4.60580e+016 2.96e-017  6.93e-001  1.81e-002  2.89e-001  1.37e-007  1.59e-008  1.15e-010  9.50e-013  1.22e-014  1.22e-014  7.31e-080  
4.61139e+016 2.98e-017  6.85e-001  1.68e-002  2.99e-001  1.48e-007  1.72e-008  1.25e-010  1.03e-012  1.33e-014  1.33e-014  0.00e+000  
4.61801e+016 3.03e-017  6.71e-001  1.56e-002  3.13e-001  1.63e-007  1.89e-008  1.37e-010  1.13e-012  1.46e-014  1.46e-014  0.00e+000  
4.62829e+016 2.94e-017  6.47e-001  1.30e-002  3.40e-001  1.90e-007  2.20e-008  1.60e-010  1.32e-012  1.70e-014  1.70e-014  0.00e+000  
4.63958e+016 2.70e-017  6.23e-001  9.38e-003  3.68e-001  2.24e-007  2.60e-008  1.89e-010  1.56e-012  2.01e-014  2.01e-014  0.00e+000  
4.64165e+016 2.64e-017  6.17e-001  8.56e-003  3.74e-001  2.32e-007  2.69e-008  1.95e-010  1.61e-012  2.08e-014  2.08e-014  0.00e+000  
4.64187e+016 2.60e-017  6.11e-001  8.30e-003  3.81e-001  2.36e-007  2.73e-008  1.98e-010  1.64e-012  2.11e-014  2.11e-014  0.00e+000  
4.64224e+016 2.57e-017  6.10e-001  7.30e-003  3.83e-001  2.38e-007  2.75e-008  2.00e-010  1.65e-012  2.13e-014  2.13e-014  0.00e+000  
4.64286e+016 2.50e-017  6.08e-001  6.88e-003  3.85e-001  2.40e-007  2.78e-008  2.02e-010  1.67e-012  2.15e-014  2.15e-014  0.00e+000  
4.64396e+016 2.35e-017  6.04e-001  6.80e-003  3.89e-001  2.45e-007  2.84e-008  2.06e-010  1.70e-012  2.19e-014  2.19e-014  0.00e+000  
4.64596e+016 2.14e-017  5.97e-001  6.62e-003  3.96e-001  2.54e-007  2.94e-008  2.13e-010  1.76e-012  2.27e-014  2.27e-014  0.00e+000  
4.64933e+016 1.96e-017  5.87e-001  6.23e-003  4.07e-001  2.67e-007  3.09e-008  2.25e-010  1.85e-012  2.39e-014  2.39e-014  0.00e+000  
4.65501e+016 1.87e-017  5.78e-001  5.40e-003  4.17e-001  2.87e-007  3.33e-008  2.41e-010  1.99e-012  2.57e-014  2.57e-014  0.00e+000  
4.66259e+016 1.84e-017  5.58e-001  4.02e-003  4.38e-001  3.22e-007  3.72e-008  2.71e-010  2.23e-012  2.88e-014  2.88e-014  0.00e+000  
4.67450e+016 1.77e-017  5.23e-001  3.21e-003  4.74e-001  3.86e-007  4.46e-008  3.24e-010  2.68e-012  3.45e-014  3.45e-014  0.00e+000  
4.68726e+016 1.59e-017  4.70e-001  2.15e-003  5.28e-001  4.78e-007  5.54e-008  4.02e-010  3.32e-012  4.28e-014  4.28e-014  0.00e+000  
4.69009e+016 1.55e-017  4.59e-001  1.87e-003  5.39e-001  5.01e-007  5.80e-008  4.21e-010  3.47e-012  4.48e-014  4.48e-014  0.00e+000  
4.69024e+016 1.54e-017  4.57e-001  1.77e-003  5.41e-001  5.03e-007  5.83e-008  4.23e-010  3.50e-012  4.51e-014  4.51e-014  0.00e+000  
4.69048e+016 1.55e-017  4.60e-001  1.64e-003  5.38e-001  5.01e-007  5.81e-008  4.22e-010  3.48e-012  4.48e-014  4.48e-014  0.00e+000  
4.69090e+016 1.54e-017  4.58e-001  1.38e-003  5.40e-001  5.06e-007  5.86e-008  4.25e-010  3.51e-012  4.53e-014  4.53e-014  0.00e+000  
4.69160e+016 1.50e-017  4.50e-001  1.04e-003  5.49e-001  5.15e-007  5.97e-008  4.34e-010  3.58e-012  4.61e-014  4.61e-014  0.00e+000  
4.69279e+016 1.44e-017  4.45e-001  9.93e-004  5.54e-001  5.25e-007  6.08e-008  4.41e-010  3.64e-012  4.70e-014  4.70e-014  0.00e+000  
4.69476e+016 1.34e-017  4.39e-001  9.68e-004  5.60e-001  5.42e-007  6.27e-008  4.55e-010  3.75e-012  4.84e-014  4.84e-014  0.00e+000  
4.69806e+016 1.22e-017  4.27e-001  9.35e-004  5.73e-001  5.71e-007  6.61e-008  4.81e-010  3.96e-012  5.11e-014  5.11e-014  0.00e+000  
4.70337e+016 1.10e-017  4.02e-001  8.58e-004  5.97e-001  6.23e-007  7.21e-008  5.25e-010  4.33e-012  5.57e-014  5.57e-014  0.00e+000  
4.70622e+016 1.07e-017  3.90e-001  8.06e-004  6.09e-001  6.53e-007  7.56e-008  5.50e-010  4.53e-012  5.85e-014  5.85e-014  0.00e+000  
4.71061e+016 1.04e-017  3.80e-001  7.01e-004  6.20e-001  6.92e-007  8.01e-008  5.82e-010  4.80e-012  6.19e-014  6.19e-014  0.00e+000  
4.71746e+016 1.01e-017  3.59e-001  5.35e-004  6.40e-001  7.64e-007  8.85e-008  6.42e-010  5.31e-012  6.84e-014  6.84e-014  0.00e+000  
4.72860e+016 9.77e-018  3.18e-001  3.14e-004  6.81e-001  9.12e-007  1.05e-007  7.67e-010  6.33e-012  8.17e-014  8.17e-014  0.00e+000  
4.74240e+016 9.37e-018  2.60e-001  1.63e-004  7.39e-001  1.14e-006  1.32e-007  9.58e-010  7.91e-012  1.02e-013  1.02e-013  0.00e+000  
4.74305e+016 9.35e-018  2.58e-001  1.60e-004  7.42e-001  1.15e-006  1.34e-007  9.68e-010  7.99e-012  1.03e-013  1.03e-013  0.00e+000  
4.74313e+016 9.36e-018  2.57e-001  1.59e-004  7.42e-001  1.15e-006  1.34e-007  9.68e-010  7.99e-012  1.03e-013  1.03e-013  0.00e+000  
4.74348e+016 9.34e-018  2.56e-001  1.53e-004  7.44e-001  1.16e-006  1.34e-007  9.74e-010  8.04e-012  1.04e-013  1.04e-013  0.00e+000  
4.74406e+016 9.30e-018  2.53e-001  1.34e-004  7.47e-001  1.17e-006  1.35e-007  9.85e-010  8.13e-012  1.05e-013  1.05e-013  0.00e+000  
4.74503e+016 9.21e-018  2.42e-001  9.09e-005  7.58e-001  1.19e-006  1.38e-007  1.00e-009  8.28e-012  1.07e-013  1.07e-013  0.00e+000  
4.74676e+016 9.06e-018  2.30e-001  7.62e-005  7.70e-001  1.23e-006  1.42e-007  1.03e-009  8.51e-012  1.10e-013  1.10e-013  0.00e+000  
4.74972e+016 8.73e-018  2.15e-001  6.28e-005  7.85e-001  1.28e-006  1.49e-007  1.08e-009  8.92e-012  1.15e-013  1.15e-013  0.00e+000  
4.75283e+016 8.44e-018  2.06e-001  5.02e-005  7.94e-001  1.35e-006  1.56e-007  1.13e-009  9.35e-012  1.21e-013  1.21e-013  0.00e+000  
4.75365e+016 8.38e-018  2.04e-001  4.71e-005  7.96e-001  1.36e-006  1.58e-007  1.15e-009  9.46e-012  1.22e-013  1.22e-013  0.00e+000  
4.75556e+016 8.25e-018  1.99e-001  4.38e-005  8.01e-001  1.41e-006  1.62e-007  1.18e-009  9.73e-012  1.26e-013  1.26e-013  0.00e+000  
4.75856e+016 8.07e-018  1.90e-001  4.16e-005  8.10e-001  1.47e-006  1.71e-007  1.24e-009  1.02e-011  1.31e-013  1.31e-013  0.00e+000  
4.76342e+016 7.93e-018  1.71e-001  3.56e-005  8.28e-001  1.59e-006  1.84e-007  1.34e-009  1.10e-011  1.42e-013  1.42e-013  0.00e+000  
4.77120e+016 7.86e-018  1.39e-001  2.20e-005  8.61e-001  1.79e-006  2.07e-007  1.50e-009  1.24e-011  1.60e-013  1.60e-013  0.00e+000  
4.78339e+016 8.13e-018  1.12e-001  1.14e-005  8.88e-001  2.11e-006  2.45e-007  1.78e-009  1.46e-011  1.89e-013  1.89e-013  0.00e+000  
4.79819e+016 8.47e-018  7.67e-002  2.72e-006  9.23e-001  2.62e-006  3.05e-007  2.21e-009  1.82e-011  2.35e-013  2.35e-013  0.00e+000  
4.80101e+016 8.57e-018  7.21e-002  2.25e-006  9.28e-001  2.73e-006  3.16e-007  2.30e-009  1.90e-011  2.45e-013  2.45e-013  0.00e+000  
4.80156e+016 8.59e-018  7.11e-002  2.17e-006  9.29e-001  2.76e-006  3.19e-007  2.32e-009  1.91e-011  2.47e-013  2.47e-013  0.00e+000  
4.80288e+016 8.64e-018  6.86e-002  1.98e-006  9.31e-001  2.80e-006  3.25e-007  2.36e-009  1.94e-011  2.51e-013  2.51e-013  0.00e+000  
4.80511e+016 8.73e-018  6.41e-002  1.67e-006  9.36e-001  2.89e-006  3.34e-007  2.43e-009  2.00e-011  2.59e-013  2.59e-013  0.00e+000  
4.80875e+016 8.86e-018  5.62e-002  1.13e-006  9.44e-001  3.05e-006  3.53e-007  2.56e-009  2.11e-011  2.73e-013  2.73e-013  0.00e+000  
4.81463e+016 9.09e-018  4.49e-002  4.89e-007  9.55e-001  3.32e-006  3.85e-007  2.79e-009  2.31e-011  2.97e-013  2.97e-013  0.00e+000  
4.82445e+016 9.57e-018  3.29e-002  2.60e-007  9.67e-001  3.82e-006  4.42e-007  3.21e-009  2.66e-011  3.42e-013  3.42e-013  0.00e+000  
4.83636e+016 1.03e-017  2.04e-002  7.16e-008  9.80e-001  4.52e-006  5.24e-007  3.80e-009  3.14e-011  4.04e-013  4.04e-013  0.00e+000  
4.84912e+016 1.13e-017  1.10e-002  1.85e-008  9.89e-001  5.40e-006  6.24e-007  4.54e-009  3.74e-011  4.82e-013  4.82e-013  0.00e+000  
4.86294e+016 1.25e-017  5.49e-003  4.45e-009  9.95e-001  6.59e-006  7.64e-007  5.55e-009  4.58e-011  5.90e-013  5.90e-013  0.00e+000  
4.87591e+016 1.37e-017  2.64e-003  7.23e-010  9.97e-001  7.94e-006  9.17e-007  6.68e-009  5.52e-011  7.11e-013  7.11e-013  0.00e+000  
4.88968e+016 1.51e-017  1.13e-003  7.81e-011  9.99e-001  9.72e-006  1.13e-006  8.20e-009  6.75e-011  8.73e-013  8.73e-013  0.00e+000  
4.90444e+016 1.65e-017  3.99e-004  5.85e-012  1.00e+000  1.23e-005  1.42e-006  1.04e-008  8.54e-011  1.10e-012  1.10e-012  0.00e+000  
4.91980e+016 1.78e-017  1.16e-004  3.14e-013  1.00e+000  1.58e-005  1.84e-006  1.34e-008  1.10e-010  1.42e-012  1.42e-012  0.00e+000  
4.93317e+016 1.87e-017  3.24e-005  1.52e-014  1.00e+000  2.01e-005  2.32e-006  1.68e-008  1.39e-010  1.79e-012  1.79e-012  0.00e+000  
4.94239e+016 1.92e-017  1.01e-005  7.86e-016  1.00e+000  2.37e-005  2.75e-006  1.99e-008  1.65e-010  2.12e-012  2.12e-012  0.00e+000  
4.95192e+016 1.95e-017  3.43e-006  8.67e-017  1.00e+000  2.85e-005  3.30e-006  2.39e-008  1.98e-010  2.55e-012  2.55e-012  0.00e+000  
4.96202e+016 1.96e-017  1.49e-006  7.91e-018  1.00e+000  3.48e-005  4.04e-006  2.93e-008  2.42e-010  3.12e-012  3.12e-012  0.00e+000  
4.97297e+016 1.94e-017  4.14e-007  2.03e-019  1.00e+000  4.39e-005  5.08e-006  3.69e-008  3.05e-010  3.93e-012  3.93e-012  0.00e+000  
4.98461e+016 1.86e-017  8.12e-008  2.70e-021  1.00e+000  5.75e-005  6.67e-006  4.83e-008  3.99e-010  5.14e-012  5.14e-012  0.00e+000  
4.99670e+016 1.78e-017  1.09e-008  1.96e-023  1.00e+000  7.53e-005  8.76e-006  6.35e-008  5.24e-010  6.74e-012  6.74e-012  0.00e+000  
5.00936e+016 1.66e-017  7.89e-010  1.18e-025  1.00e+000  1.02e-004  1.18e-005  8.55e-008  7.05e-010  9.10e-012  9.10e-012  0.00e+000  
5.02240e+016 1.46e-017  1.48e-011  9.79e-030  1.00e+000  1.45e-004  1.68e-005  1.22e-007  1.01e-009  1.30e-011  1.30e-011  0.00e+000  
5.03584e+016 1.21e-017  5.68e-013  1.41e-032  1.00e+000  2.17e-004  2.52e-005  1.83e-007  1.51e-009  1.95e-011  1.95e-011  0.00e+000  
5.05026e+016 8.72e-018  5.63e-014  6.32e-036  1.00e+000  3.74e-004  4.33e-005  3.14e-007  2.59e-009  3.35e-011  3.35e-011  0.00e+000  
5.05959e+016 6.67e-018  3.27e-015  3.34e-039  9.99e-001  5.56e-004  6.44e-005  4.67e-007  3.87e-009  4.97e-011  4.97e-011  0.00e+000  
5.06957e+016 5.50e-018  8.23e-017  6.07e-043  9.99e-001  7.68e-004  8.90e-005  6.47e-007  5.32e-009  6.87e-011  6.87e-011  0.00e+000  
5.07988e+016 4.18e-018  1.21e-018  5.48e-046  9.99e-001  1.15e-003  1.33e-004  9.65e-007  7.95e-009  1.03e-010  1.03e-010  0.00e+000  
5.09058e+016 2.83e-018  1.12e-020  4.35e-050  9.98e-001  1.91e-003  2.22e-004  1.61e-006  1.33e-008  1.71e-010  1.71e-010  0.00e+000  
5.10237e+016 1.62e-018  6.11e-023  1.05e-054  9.96e-001  3.79e-003  4.39e-004  3.19e-006  2.63e-008  3.39e-010  3.39e-010  0.00e+000  
5.11496e+016 7.40e-019  2.14e-025  9.14e-060  9.90e-001  9.34e-003  1.08e-003  7.87e-006  6.48e-008  8.37e-010  8.37e-010  0.00e+000  
5.12843e+016 2.30e-019  4.66e-027  2.96e-065  9.63e-001  3.39e-002  3.50e-003  2.86e-005  2.10e-007  3.04e-009  3.04e-009  0.00e+000  
5.14296e+016 5.67e-020  6.85e-028  1.82e-066  8.31e-001  1.55e-001  1.41e-002  1.30e-004  8.47e-007  1.39e-008  1.39e-008  0.00e+000  
5.15425e+016 2.89e-020  1.53e-029  2.07e-071  6.41e-001  3.31e-001  2.76e-002  2.78e-004  1.65e-006  2.96e-008  2.96e-008  0.00e+000  
5.16792e+016 1.45e-020  9.48e-033  0.00e+000  2.19e-001  7.26e-001  5.44e-002  6.12e-004  3.26e-006  6.51e-008  6.51e-008  0.00e+000  
5.18319e+016 1.27e-020  1.06e-036  0.00e+000  2.20e-002  9.16e-001  6.10e-002  7.72e-004  3.66e-006  8.21e-008  8.21e-008  0.00e+000  
5.19950e+016 1.36e-020  3.69e-041  0.00e+000  8.91e-004  9.43e-001  5.55e-002  7.96e-004  3.32e-006  8.47e-008  8.47e-008  0.00e+000  
5.21655e+016 1.47e-020  3.51e-046  0.00e+000  1.91e-005  9.50e-001  4.96e-002  8.00e-004  2.97e-006  8.55e-008  8.55e-008  0.00e+000  
5.23457e+016 1.60e-020  5.43e-048  0.00e+000  5.91e-007  9.55e-001  4.40e-002  8.05e-004  2.63e-006  8.55e-008  8.55e-008  0.00e+000  
5.25384e+016 1.74e-020  9.14e-055  0.00e+000  3.15e-008  9.60e-001  3.88e-002  8.05e-004  2.33e-006  8.57e-008  8.57e-008  0.00e+000  
5.27451e+016 1.88e-020  8.64e-061  0.00e+000  1.59e-010  9.65e-001  3.42e-002  8.10e-004  2.05e-006  8.64e-008  8.64e-008  0.00e+000  
5.29668e+016 2.02e-020  1.81e-067  0.00e+000  2.26e-013  9.69e-001  3.00e-002  8.11e-004  1.80e-006  8.65e-008  8.65e-008  0.00e+000  
5.31993e+016 2.16e-020  6.44e-075  0.00e+000  5.00e-017  9.73e-001  2.64e-002  8.20e-004  1.58e-006  8.71e-008  8.71e-008  0.00e+000  
5.34440e+016 2.30e-020  4.97e-076  0.00e+000  1.83e-021  9.76e-001  2.32e-002  8.23e-004  1.39e-006  8.76e-008  8.76e-008  0.00e+000  
5.36995e+016 2.43e-020  0.00e+000  0.00e+000  1.24e-025  9.79e-001  2.04e-002  8.23e-004  1.22e-006  8.76e-008  8.76e-008  0.00e+000  
5.39765e+016 2.57e-020  0.00e+000  0.00e+000  7.24e-031  9.81e-001  1.79e-002  8.26e-004  1.07e-006  8.80e-008  8.80e-008  0.00e+000  
5.42627e+016 2.70e-020  0.00e+000  0.00e+000  1.75e-036  9.83e-001  1.57e-002  8.24e-004  9.43e-007  8.80e-008  8.80e-008  0.00e+000  
5.45738e+016 2.84e-020  0.00e+000  0.00e+000  1.43e-042  9.85e-001  1.38e-002  8.27e-004  8.24e-007  8.80e-008  8.80e-008  0.00e+000  
5.49079e+016 2.98e-020  0.00e+000  0.00e+000  3.46e-049  9.87e-001  1.21e-002  8.29e-004  7.22e-007  8.83e-008  8.83e-008  0.00e+000  
5.52575e+016 3.12e-020  0.00e+000  0.00e+000  2.35e-056  9.89e-001  1.06e-002  8.31e-004  6.35e-007  8.86e-008  8.86e-008  0.00e+000  
5.56155e+016 3.26e-020  0.00e+000  0.00e+000  1.06e-063  9.90e-001  9.38e-003  8.34e-004  5.61e-007  8.86e-008  8.86e-008  0.00e+000  
5.59918e+016 3.43e-020  0.00e+000  0.00e+000  6.06e-072  9.91e-001  8.31e-003  8.33e-004  4.95e-007  8.86e-008  8.86e-008  0.00e+000  
5.63913e+016 3.63e-020  0.00e+000  0.00e+000  0.00e+000  9.92e-001  7.36e-003  8.32e-004  4.41e-007  8.84e-008  8.84e-008  0.00e+000  
5.68226e+016 3.87e-020  0.00e+000  0.00e+000  0.00e+000  9.93e-001  6.57e-003  8.35e-004  3.93e-007  8.87e-008  8.87e-008  0.00e+000  
5.72780e+016 4.18e-020  0.00e+000  0.00e+000  0.00e+000  9.93e-001  5.84e-003  8.33e-004  3.49e-007  8.88e-008  8.88e-008  0.00e+000  
5.77650e+016 4.58e-020  0.00e+000  0.00e+000  0.00e+000  9.94e-001  5.24e-003  8.34e-004  3.15e-007  8.87e-008  8.87e-008  0.00e+000  
5.82707e+016 5.09e-020  0.00e+000  0.00e+000  0.00e+000  9.94e-001  4.74e-003  8.35e-004  2.83e-007  8.88e-008  8.88e-008  0.00e+000  
5.88124e+016 5.75e-020  0.00e+000  0.00e+000  0.00e+000  9.95e-001  4.30e-003  8.37e-004  2.57e-007  8.89e-008  8.89e-008  0.00e+000  
5.93801e+016 6.59e-020  0.00e+000  0.00e+000  0.00e+000  9.95e-001  3.93e-003  8.36e-004  2.35e-007  8.89e-008  8.89e-008  0.00e+000  
5.99878e+016 7.65e-020  0.00e+000  0.00e+000  0.00e+000  9.96e-001  3.61e-003  8.36e-004  2.16e-007  8.88e-008  8.88e-008  0.00e+000  
6.06254e+016 8.94e-020  0.00e+000  0.00e+000  0.00e+000  9.96e-001  3.33e-003  8.36e-004  1.99e-007  8.90e-008  8.90e-008  0.00e+000  
6.12860e+016 1.04e-019  0.00e+000  0.00e+000  0.00e+000  9.96e-001  3.10e-003  8.35e-004  1.85e-007  8.89e-008  8.89e-008  0.00e+000  
6.19772e+016 1.21e-019  0.00e+000  0.00e+000  0.00e+000  9.96e-001  2.91e-003  8.40e-004  1.75e-007  8.89e-008  8.89e-008  0.00e+000  
6.27006e+016 1.42e-019  0.00e+000  0.00e+000  0.00e+000  9.96e-001  2.74e-003  8.34e-004  1.64e-007  8.90e-008  8.90e-008  0.00e+000  
6.34752e+016 1.64e-019  0.00e+000  0.00e+000  0.00e+000  9.97e-001  2.60e-003  8.38e-004  1.55e-007  8.87e-008  8.87e-008  0.00e+000  
6.43223e+016 1.90e-019  0.00e+000  0.00e+000  0.00e+000  9.97e-001  2.47e-003  8.33e-004  1.48e-007  8.86e-008  8.86e-008  0.00e+000  
6.52408e+016 2.18e-019  0.00e+000  0.00e+000  0.00e+000  9.97e-001  2.37e-003  8.36e-004  1.41e-007  8.87e-008  8.87e-008  0.00e+000  
6.62440e+016 2.50e-019  0.00e+000  0.00e+000  0.00e+000  9.97e-001  2.27e-003  8.37e-004  1.35e-007  8.89e-008  8.89e-008  0.00e+000  
6.73219e+016 2.85e-019  0.00e+000  0.00e+000  0.00e+000  9.97e-001  2.18e-003  8.35e-004  1.30e-007  8.88e-008  8.88e-008  0.00e+000  
6.84641e+016 3.22e-019  0.00e+000  0.00e+000  0.00e+000  9.97e-001  2.11e-003  8.36e-004  1.26e-007  8.88e-008  8.88e-008  0.00e+000  
6.96945e+016 3.63e-019  0.00e+000  0.00e+000  0.00e+000  9.97e-001  2.04e-003  8.35e-004  1.22e-007  8.87e-008  8.87e-008  0.00e+000  
7.10391e+016 4.08e-019  0.00e+000  0.00e+000  0.00e+000  9.97e-001  1.98e-003  8.33e-004  1.18e-007  8.87e-008  8.87e-008  0.00e+000  
7.25155e+016 4.57e-019  0.00e+000  0.00e+000  0.00e+000  9.97e-001  1.93e-003  8.35e-004  1.15e-007  8.88e-008  8.88e-008  0.00e+000  
7.42223e+016 5.15e-019  0.00e+000  0.00e+000  0.00e+000  9.97e-001  1.88e-003  8.34e-004  1.12e-007  8.87e-008  8.87e-008  0.00e+000  
7.63108e+016 5.88e-019  0.00e+000  0.00e+000  0.00e+000  9.97e-001  1.84e-003  8.34e-004  1.09e-007  8.87e-008  8.87e-008  0.00e+000  
7.86896e+016 6.73e-019  0.00e+000  0.00e+000  0.00e+000  9.97e-001  1.78e-003  8.35e-004  1.06e-007  8.87e-008  8.87e-008  0.00e+000  
8.18150e+016 7.93e-019  0.00e+000  0.00e+000  0.00e+000  9.97e-001  1.73e-003  8.35e-004  1.03e-007  8.88e-008  8.88e-008  0.00e+000  
8.55776e+016 9.52e-019  0.00e+000  0.00e+000  0.00e+000  9.97e-001  1.68e-003  8.35e-004  1.00e-007  8.87e-008  8.87e-008  0.00e+000  
9.00548e+016 1.17e-018  0.00e+000  0.00e+000  0.00e+000  9.98e-001  1.62e-003  8.30e-004  9.63e-008  8.87e-008  8.87e-008  0.00e+000  
9.53916e+016 1.46e-018  0.00e+000  0.00e+000  0.00e+000  9.98e-001  1.59e-003  8.34e-004  9.43e-008  8.88e-008  8.88e-008  0.00e+000  
1.01535e+017 1.88e-018  0.00e+000  0.00e+000  0.00e+000  9.98e-001  1.53e-003  8.33e-004  9.13e-008  8.86e-008  8.86e-008  0.00e+000  
1.09249e+017 2.56e-018  0.00e+000  0.00e+000  0.00e+000  9.98e-001  1.49e-003  8.33e-004  8.88e-008  8.88e-008  8.88e-008  0.00e+000  
1.19176e+017 3.93e-018  0.00e+000  0.00e+000  0.00e+000  9.98e-001  1.45e-003  8.32e-004  8.63e-008  8.86e-008  8.86e-008  0.00e+000  
1.32448e+017 7.18e-018  0.00e+000  0.00e+000  0.00e+000  9.98e-001  1.41e-003  8.35e-004  8.42e-008  8.88e-008  8.88e-008  0.00e+000  
