! 0       *H + *OCN -> *HNCO
! 1       *H + *OCN -> HNCO
! 2       *OCN + He -> OCN + He
! 3       *OCN + H2 -> OCN + H2
! 4       *OCN + CO -> OCN + CO
! 5       *C + *OCN -> *CO + *CN
! 6       *OCN + CRPhoton -> *CN + *O
! 7       *OCN + CRPhoton -> OCN
! 8       *OCN + GRAIN -> OCN + GRAIN
! 9       *OCN + ISPhoton -> *CN + *O
!            tot_rate   0          1          2          3          4          5          6          7          8          9          
1.58188e+013 7.89e-019  9.90e-001  1.00e-002  0.00e+000  0.00e+000  0.00e+000  3.25e-007  2.27e-011  6.35e-015  2.42e-071  1.04e-017  
3.50727e+014 7.89e-019  9.90e-001  1.00e-002  0.00e+000  0.00e+000  0.00e+000  3.25e-007  2.27e-011  6.35e-015  2.42e-071  1.04e-017  
5.21628e+015 7.94e-019  9.90e-001  1.00e-002  0.00e+000  0.00e+000  0.00e+000  3.24e-007  2.27e-011  6.35e-015  2.42e-071  1.04e-017  
2.67137e+016 2.95e-018  9.90e-001  1.00e-002  0.00e+000  0.00e+000  0.00e+000  1.97e-007  2.26e-011  6.34e-015  2.55e-071  1.04e-017  
3.33598e+016 5.55e-018  9.90e-001  9.99e-003  0.00e+000  0.00e+000  1.31e-043  1.21e-007  2.34e-011  6.56e-015  2.67e-070  1.07e-017  
3.42055e+016 4.54e-018  9.90e-001  1.00e-002  0.00e+000  0.00e+000  2.36e-017  1.46e-007  2.93e-011  8.22e-015  5.78e-069  1.34e-017  
3.44017e+016 4.34e-018  9.90e-001  9.99e-003  0.00e+000  0.00e+000  2.60e-014  1.56e-007  3.15e-011  8.86e-015  1.84e-068  1.44e-017  
3.46353e+016 4.25e-018  9.90e-001  9.99e-003  0.00e+000  0.00e+000  2.05e-012  1.71e-007  3.50e-011  9.83e-015  1.10e-067  1.60e-017  
3.48860e+016 4.47e-018  9.90e-001  1.00e-002  9.36e-077  0.00e+000  1.60e-011  1.93e-007  4.00e-011  1.13e-014  1.45e-066  1.83e-017  
3.51370e+016 5.43e-018  9.90e-001  1.00e-002  2.72e-059  0.00e+000  6.94e-011  2.24e-007  4.69e-011  1.32e-014  4.47e-065  2.15e-017  
3.53250e+016 7.14e-018  9.90e-001  1.00e-002  5.12e-046  0.00e+000  1.86e-010  2.56e-007  5.43e-011  1.53e-014  1.12e-063  2.49e-017  
3.55515e+016 1.22e-017  9.90e-001  9.98e-003  4.93e-030  0.00e+000  5.71e-010  3.09e-007  6.64e-011  1.88e-014  1.60e-061  3.04e-017  
3.57182e+016 2.10e-017  9.90e-001  1.00e-002  9.47e-021  0.00e+000  1.29e-009  3.66e-007  7.95e-011  2.25e-014  1.41e-059  3.64e-017  
3.58524e+016 3.55e-017  9.90e-001  1.00e-002  1.18e-015  0.00e+000  2.53e-009  4.26e-007  9.31e-011  2.65e-014  9.03e-058  4.26e-017  
3.60047e+016 6.71e-017  9.90e-001  1.00e-002  2.79e-011  1.95e-063  3.71e-009  5.13e-007  1.13e-010  3.24e-014  1.83e-055  5.19e-017  
3.61718e+016 1.26e-016  9.90e-001  9.98e-003  4.49e-009  2.72e-039  5.92e-009  6.46e-007  1.44e-010  4.11e-014  1.47e-052  6.59e-017  
3.62899e+016 1.68e-016  9.90e-001  1.00e-002  3.42e-008  9.96e-032  8.71e-009  7.69e-007  1.73e-010  4.95e-014  2.46e-050  7.93e-017  
3.63893e+016 1.87e-016  9.90e-001  1.00e-002  1.17e-007  4.79e-021  1.25e-008  9.04e-007  2.03e-010  5.83e-014  2.37e-048  9.31e-017  
3.64972e+016 1.90e-016  9.90e-001  1.00e-002  3.94e-007  3.08e-013  1.93e-008  1.08e-006  2.43e-010  7.00e-014  3.70e-046  1.12e-016  
3.66124e+016 1.81e-016  9.90e-001  9.96e-003  1.16e-006  9.24e-010  3.22e-008  1.31e-006  2.96e-010  8.52e-014  9.35e-044  1.36e-016  
3.67348e+016 1.68e-016  9.90e-001  9.96e-003  3.48e-006  6.44e-008  5.89e-008  1.63e-006  3.63e-010  1.05e-013  4.88e-041  1.66e-016  
3.68621e+016 1.68e-016  9.90e-001  1.00e-002  9.42e-006  8.29e-007  1.12e-007  1.85e-006  4.19e-010  1.22e-013  1.38e-037  1.92e-016  
3.69700e+016 1.65e-016  9.90e-001  1.00e-002  2.17e-005  3.40e-006  2.08e-007  2.13e-006  4.79e-010  1.42e-013  1.10e-034  2.20e-016  
3.70376e+016 1.59e-016  9.90e-001  9.96e-003  3.62e-005  7.25e-006  3.22e-007  2.33e-006  5.22e-010  1.56e-013  6.87e-033  2.39e-016  
3.71087e+016 1.50e-016  9.90e-001  1.00e-002  6.10e-005  1.52e-005  5.32e-007  2.56e-006  5.70e-010  1.75e-013  4.67e-031  2.61e-016  
3.71826e+016 1.39e-016  9.90e-001  1.00e-002  1.03e-004  3.04e-005  9.18e-007  2.78e-006  6.09e-010  1.94e-013  3.29e-029  2.79e-016  
3.72589e+016 1.27e-016  9.90e-001  1.01e-002  1.71e-004  5.85e-005  1.65e-006  2.94e-006  6.30e-010  2.12e-013  2.17e-027  2.89e-016  
3.73370e+016 1.12e-016  9.90e-001  9.99e-003  2.76e-004  1.07e-004  3.02e-006  3.02e-006  6.25e-010  2.31e-013  1.23e-025  2.86e-016  
3.74165e+016 9.49e-017  9.89e-001  9.99e-003  4.29e-004  1.91e-004  5.47e-006  3.03e-006  5.87e-010  2.49e-013  5.42e-024  2.69e-016  
3.74829e+016 8.04e-017  9.89e-001  9.99e-003  6.20e-004  2.94e-004  8.72e-006  3.15e-006  5.37e-010  2.67e-013  1.05e-022  2.46e-016  
3.75505e+016 6.88e-017  9.89e-001  9.99e-003  8.80e-004  4.65e-004  1.34e-005  3.81e-006  4.74e-010  2.91e-013  1.69e-021  2.18e-016  
3.76194e+016 6.27e-017  9.88e-001  9.98e-003  1.30e-003  7.31e-004  2.06e-005  4.98e-006  4.04e-010  3.34e-013  2.44e-020  1.85e-016  
3.76839e+016 6.15e-017  9.87e-001  9.97e-003  1.98e-003  1.22e-003  3.28e-005  4.21e-006  3.11e-010  4.15e-013  2.60e-019  1.42e-016  
3.76854e+016 6.15e-017  9.87e-001  9.97e-003  2.00e-003  1.24e-003  3.33e-005  4.24e-006  3.07e-010  4.16e-013  2.73e-019  1.41e-016  
3.76877e+016 6.15e-017  9.87e-001  9.96e-003  2.05e-003  1.26e-003  3.40e-005  4.29e-006  3.02e-010  4.21e-013  2.96e-019  1.39e-016  
3.76917e+016 6.15e-017  9.87e-001  9.96e-003  2.11e-003  1.31e-003  3.51e-005  4.40e-006  2.94e-010  4.29e-013  3.40e-019  1.35e-016  
3.76980e+016 6.15e-017  9.86e-001  9.96e-003  2.23e-003  1.39e-003  3.72e-005  4.65e-006  2.81e-010  4.44e-013  4.24e-019  1.29e-016  
3.77083e+016 6.15e-017  9.86e-001  9.96e-003  2.44e-003  1.54e-003  4.12e-005  5.21e-006  2.57e-010  4.72e-013  6.15e-019  1.18e-016  
3.77248e+016 6.00e-017  9.85e-001  9.95e-003  2.93e-003  1.85e-003  5.00e-005  6.75e-006  2.13e-010  5.38e-013  1.15e-018  9.75e-017  
3.77450e+016 4.60e-017  9.83e-001  9.94e-003  4.37e-003  2.85e-003  7.57e-005  1.30e-005  1.52e-010  7.59e-013  2.96e-018  6.96e-017  
3.77655e+016 1.10e-017  9.48e-001  9.57e-003  2.47e-002  1.65e-002  4.22e-004  4.51e-004  2.12e-010  4.07e-012  2.75e-017  9.67e-017  
3.77936e+016 7.01e-018  9.32e-001  9.42e-003  3.40e-002  2.34e-002  5.67e-004  4.40e-004  2.71e-010  5.21e-012  7.59e-017  1.24e-016  
3.78016e+016 6.90e-018  9.26e-001  9.35e-003  3.77e-002  2.61e-002  6.23e-004  3.97e-004  2.94e-010  5.64e-012  1.02e-016  1.34e-016  
3.78111e+016 6.82e-018  9.18e-001  9.28e-003  4.24e-002  2.96e-002  6.95e-004  3.66e-004  3.23e-010  6.19e-012  1.44e-016  1.48e-016  
3.78273e+016 6.71e-018  9.03e-001  9.13e-003  5.11e-002  3.60e-002  8.25e-004  3.43e-004  3.72e-010  7.15e-012  2.47e-016  1.70e-016  
3.78530e+016 6.50e-018  8.74e-001  8.81e-003  6.78e-002  4.84e-002  1.07e-003  3.40e-004  4.64e-010  8.92e-012  5.75e-016  2.12e-016  
3.78818e+016 6.21e-018  8.34e-001  8.42e-003  9.00e-002  6.62e-002  1.39e-003  3.52e-004  5.76e-010  1.11e-011  1.42e-015  2.64e-016  
3.79076e+016 5.76e-018  7.90e-001  7.99e-003  1.14e-001  8.60e-002  1.73e-003  3.54e-004  6.91e-010  1.33e-011  2.95e-015  3.16e-016  
3.79253e+016 5.39e-018  7.66e-001  7.74e-003  1.26e-001  9.72e-002  1.91e-003  3.43e-004  7.44e-010  1.43e-011  4.62e-015  3.40e-016  
3.79502e+016 4.87e-018  7.29e-001  7.37e-003  1.47e-001  1.15e-001  2.18e-003  3.31e-004  8.19e-010  1.57e-011  8.58e-015  3.76e-016  
3.79755e+016 4.43e-018  6.91e-001  6.98e-003  1.67e-001  1.32e-001  2.44e-003  3.14e-004  8.88e-010  1.71e-011  1.51e-014  4.06e-016  
3.79897e+016 4.21e-018  6.70e-001  6.75e-003  1.78e-001  1.42e-001  2.57e-003  3.04e-004  9.24e-010  1.78e-011  2.03e-014  4.23e-016  
3.79918e+016 4.17e-018  6.66e-001  6.73e-003  1.80e-001  1.44e-001  2.59e-003  3.04e-004  9.30e-010  1.79e-011  2.12e-014  4.26e-016  
3.79956e+016 4.12e-018  6.60e-001  6.68e-003  1.83e-001  1.47e-001  2.62e-003  3.01e-004  9.39e-010  1.80e-011  2.29e-014  4.30e-016  
3.80017e+016 4.03e-018  6.50e-001  6.58e-003  1.88e-001  1.52e-001  2.71e-003  2.95e-004  9.53e-010  1.83e-011  2.61e-014  4.37e-016  
3.80129e+016 3.87e-018  6.32e-001  6.40e-003  1.97e-001  1.61e-001  2.81e-003  2.89e-004  9.81e-010  1.89e-011  3.28e-014  4.49e-016  
3.80319e+016 3.65e-018  6.03e-001  6.09e-003  2.12e-001  1.76e-001  3.02e-003  2.74e-004  1.03e-009  1.97e-011  4.80e-014  4.69e-016  
3.80578e+016 3.40e-018  5.64e-001  5.70e-003  2.32e-001  1.95e-001  3.23e-003  2.55e-004  1.08e-009  2.07e-011  7.75e-014  4.91e-016  
3.80629e+016 3.36e-018  5.56e-001  5.62e-003  2.36e-001  1.99e-001  3.30e-003  2.51e-004  1.08e-009  2.08e-011  8.45e-014  4.97e-016  
3.80713e+016 3.30e-018  5.43e-001  5.49e-003  2.43e-001  2.05e-001  3.37e-003  2.45e-004  1.10e-009  2.11e-011  9.74e-014  5.04e-016  
3.80859e+016 3.20e-018  5.25e-001  5.28e-003  2.53e-001  2.14e-001  3.47e-003  2.34e-004  1.12e-009  2.15e-011  1.24e-013  5.12e-016  
3.81083e+016 3.04e-018  4.93e-001  4.96e-003  2.68e-001  2.31e-001  3.65e-003  2.16e-004  1.15e-009  2.20e-011  1.78e-013  5.25e-016  
3.81265e+016 2.92e-018  4.69e-001  4.73e-003  2.78e-001  2.44e-001  3.77e-003  2.02e-004  1.17e-009  2.24e-011  2.36e-013  5.35e-016  
3.81480e+016 2.73e-018  4.43e-001  4.46e-003  2.91e-001  2.58e-001  3.91e-003  1.86e-004  1.18e-009  2.28e-011  3.27e-013  5.41e-016  
3.81769e+016 2.43e-018  4.10e-001  4.16e-003  3.07e-001  2.75e-001  4.08e-003  1.64e-004  1.20e-009  2.31e-011  4.81e-013  5.51e-016  
3.81836e+016 2.35e-018  4.03e-001  4.07e-003  3.10e-001  2.78e-001  4.12e-003  1.59e-004  1.20e-009  2.32e-011  5.24e-013  5.54e-016  
3.81952e+016 2.19e-018  3.92e-001  3.96e-003  3.16e-001  2.84e-001  4.17e-003  1.51e-004  1.21e-009  2.33e-011  6.07e-013  5.57e-016  
3.82149e+016 1.89e-018  3.71e-001  3.75e-003  3.24e-001  2.96e-001  4.25e-003  1.35e-004  1.21e-009  2.33e-011  7.67e-013  5.55e-016  
3.82433e+016 1.41e-018  3.45e-001  3.48e-003  3.35e-001  3.12e-001  4.38e-003  1.13e-004  1.22e-009  2.34e-011  1.08e-012  5.59e-016  
3.82740e+016 9.05e-019  3.17e-001  3.20e-003  3.48e-001  3.27e-001  4.50e-003  9.04e-005  1.23e-009  2.35e-011  1.54e-012  5.60e-016  
3.83054e+016 5.00e-019  2.92e-001  2.94e-003  3.60e-001  3.40e-001  4.60e-003  6.82e-005  1.22e-009  2.36e-011  2.10e-012  5.60e-016  
3.83376e+016 2.54e-019  2.68e-001  2.71e-003  3.69e-001  3.56e-001  4.68e-003  4.80e-005  1.22e-009  2.35e-011  2.84e-012  5.59e-016  
3.83751e+016 1.46e-019  2.43e-001  2.45e-003  3.79e-001  3.71e-001  4.78e-003  2.84e-005  1.21e-009  2.34e-011  3.95e-012  5.57e-016  
3.84132e+016 1.33e-019  2.21e-001  2.23e-003  3.89e-001  3.83e-001  4.86e-003  1.57e-005  1.21e-009  2.33e-011  5.42e-012  5.54e-016  
3.84531e+016 1.51e-019  2.00e-001  2.02e-003  3.96e-001  3.96e-001  4.91e-003  8.46e-006  1.20e-009  2.30e-011  7.40e-012  5.48e-016  
3.84962e+016 1.71e-019  1.83e-001  1.84e-003  4.01e-001  4.09e-001  4.97e-003  4.39e-006  1.18e-009  2.27e-011  9.80e-012  5.41e-016  
3.85449e+016 1.80e-019  1.66e-001  1.68e-003  4.08e-001  4.19e-001  5.00e-003  2.22e-006  1.16e-009  2.24e-011  1.31e-011  5.32e-016  
3.85990e+016 1.86e-019  1.52e-001  1.54e-003  4.13e-001  4.28e-001  5.02e-003  1.46e-006  1.14e-009  2.19e-011  1.76e-011  5.23e-016  
3.86597e+016 2.07e-019  1.39e-001  1.40e-003  4.15e-001  4.39e-001  5.04e-003  2.64e-006  1.11e-009  2.14e-011  2.37e-011  5.13e-016  
3.87288e+016 2.33e-019  1.29e-001  1.30e-003  4.18e-001  4.47e-001  5.07e-003  9.88e-006  1.09e-009  2.10e-011  3.22e-011  4.98e-016  
3.88139e+016 2.48e-019  1.23e-001  1.24e-003  4.19e-001  4.51e-001  5.04e-003  4.43e-005  1.06e-009  2.03e-011  4.23e-011  4.84e-016  
3.89093e+016 2.31e-019  1.24e-001  1.25e-003  4.16e-001  4.54e-001  4.97e-003  1.63e-004  1.02e-009  1.96e-011  5.49e-011  4.67e-016  
3.90068e+016 1.90e-019  1.33e-001  1.34e-003  4.09e-001  4.52e-001  4.89e-003  4.21e-004  9.81e-010  1.89e-011  6.75e-011  4.50e-016  
3.91088e+016 1.43e-019  1.51e-001  1.53e-003  3.98e-001  4.43e-001  4.76e-003  8.37e-004  9.41e-010  1.81e-011  7.88e-011  4.30e-016  
3.92181e+016 1.22e-019  1.82e-001  1.84e-003  3.83e-001  4.27e-001  4.57e-003  1.36e-003  8.87e-010  1.71e-011  8.79e-011  4.07e-016  
3.93325e+016 1.41e-019  2.26e-001  2.28e-003  3.62e-001  4.03e-001  4.31e-003  1.89e-003  8.31e-010  1.60e-011  9.23e-011  3.81e-016  
3.94519e+016 1.90e-019  2.82e-001  2.85e-003  3.36e-001  3.74e-001  4.01e-003  2.30e-003  7.67e-010  1.47e-011  9.19e-011  3.51e-016  
3.95803e+016 2.48e-019  3.48e-001  3.52e-003  3.04e-001  3.38e-001  3.64e-003  2.55e-003  6.92e-010  1.33e-011  8.49e-011  3.17e-016  
3.97190e+016 2.94e-019  4.22e-001  4.26e-003  2.69e-001  2.99e-001  3.24e-003  2.63e-003  6.13e-010  1.18e-011  7.39e-011  2.82e-016  
3.98699e+016 3.15e-019  5.01e-001  5.08e-003  2.32e-001  2.56e-001  2.82e-003  2.55e-003  5.36e-010  1.03e-011  5.93e-011  2.46e-016  
4.00514e+016 3.12e-019  5.87e-001  5.94e-003  1.92e-001  2.10e-001  2.37e-003  2.33e-003  4.49e-010  8.66e-012  4.27e-011  2.07e-016  
4.02549e+016 2.88e-019  6.70e-001  6.77e-003  1.54e-001  1.66e-001  1.93e-003  2.02e-003  3.71e-010  7.11e-012  2.72e-011  1.70e-016  
4.04761e+016 2.57e-019  7.44e-001  7.51e-003  1.20e-001  1.26e-001  1.53e-003  1.69e-003  2.98e-010  5.72e-012  1.56e-011  1.37e-016  
4.07070e+016 2.29e-019  8.05e-001  8.14e-003  9.14e-002  9.28e-002  1.19e-003  1.36e-003  2.38e-010  4.55e-012  8.09e-012  1.09e-016  
4.09451e+016 2.11e-019  8.56e-001  8.66e-003  6.67e-002  6.62e-002  8.94e-004  1.05e-003  1.84e-010  3.54e-012  3.66e-012  8.47e-017  
4.11988e+016 2.03e-019  8.98e-001  9.03e-003  4.66e-002  4.49e-002  6.46e-004  7.50e-004  1.38e-010  2.65e-012  1.43e-012  6.36e-017  
4.14624e+016 1.97e-019  9.29e-001  9.39e-003  3.14e-002  2.89e-002  4.50e-004  4.89e-004  1.01e-010  1.93e-012  4.92e-013  4.63e-017  
4.17462e+016 1.83e-019  9.53e-001  9.58e-003  1.97e-002  1.72e-002  2.94e-004  2.76e-004  6.96e-011  1.34e-012  1.37e-013  3.20e-017  
4.20512e+016 1.42e-019  9.69e-001  9.83e-003  1.14e-002  9.55e-003  1.80e-004  1.29e-004  4.56e-011  8.78e-013  3.02e-014  2.11e-017  
4.23867e+016 8.01e-020  9.79e-001  9.89e-003  5.95e-003  4.63e-003  1.01e-004  4.61e-005  2.76e-011  5.31e-013  4.93e-015  1.27e-017  
4.27356e+016 2.88e-020  9.85e-001  9.92e-003  2.84e-003  2.07e-003  5.24e-005  1.31e-005  1.57e-011  3.03e-013  6.35e-016  7.25e-018  
4.30994e+016 6.99e-021  9.88e-001  9.98e-003  1.24e-003  8.41e-004  2.53e-005  3.20e-006  8.46e-012  1.63e-013  6.26e-017  3.90e-018  
4.34671e+016 1.44e-021  9.89e-001  9.96e-003  4.29e-004  2.67e-004  9.75e-006  6.97e-007  3.67e-012  7.04e-014  4.22e-018  1.69e-018  
4.38104e+016 5.60e-022  9.90e-001  9.99e-003  1.38e-004  8.00e-005  3.56e-006  1.98e-007  1.50e-012  2.88e-014  2.68e-019  6.91e-019  
4.41007e+016 4.16e-022  9.90e-001  1.00e-002  5.05e-005  2.72e-005  1.46e-006  8.34e-008  6.80e-013  1.31e-014  2.29e-020  3.12e-019  
4.42181e+016 3.97e-022  9.90e-001  9.98e-003  3.30e-005  1.74e-005  1.01e-006  5.97e-008  4.89e-013  9.42e-015  8.24e-021  2.26e-019  
4.42811e+016 3.85e-022  9.90e-001  1.00e-002  2.65e-005  1.37e-005  8.29e-007  4.81e-008  4.13e-013  7.92e-015  4.81e-021  1.90e-019  
4.43809e+016 3.81e-022  9.90e-001  1.00e-002  1.83e-005  9.35e-006  6.01e-007  3.68e-008  3.10e-013  5.96e-015  1.92e-021  1.43e-019  
4.45030e+016 3.64e-022  9.90e-001  1.00e-002  1.18e-005  5.80e-006  4.10e-007  2.74e-008  2.21e-013  4.26e-015  6.43e-022  1.02e-019  
4.45401e+016 3.51e-022  9.90e-001  9.99e-003  1.03e-005  4.99e-006  3.62e-007  2.53e-008  1.99e-013  3.82e-015  4.54e-022  9.16e-020  
4.45998e+016 3.20e-022  9.90e-001  9.99e-003  8.31e-006  3.97e-006  3.01e-007  2.25e-008  1.69e-013  3.25e-015  2.65e-022  7.81e-020  
4.46779e+016 3.19e-022  9.90e-001  9.99e-003  6.33e-006  2.95e-006  2.37e-007  1.70e-008  1.38e-013  2.65e-015  1.30e-022  6.33e-020  
4.48006e+016 3.09e-022  9.90e-001  1.00e-002  4.21e-006  1.91e-006  1.67e-007  1.15e-008  1.02e-013  1.96e-015  4.37e-023  4.69e-020  
4.48529e+016 2.96e-022  9.90e-001  1.00e-002  3.51e-006  1.56e-006  1.44e-007  1.01e-008  8.99e-014  1.73e-015  2.65e-023  4.12e-020  
4.48834e+016 2.67e-022  9.90e-001  9.98e-003  3.19e-006  1.40e-006  1.33e-007  1.04e-008  8.36e-014  1.61e-015  2.00e-023  3.86e-020  
4.49346e+016 2.60e-022  9.90e-001  1.00e-002  2.74e-006  1.20e-006  1.17e-007  9.05e-009  7.55e-014  1.45e-015  1.28e-023  3.48e-020  
4.49870e+016 2.66e-022  9.90e-001  1.00e-002  2.36e-006  1.03e-006  1.04e-007  7.60e-009  6.85e-014  1.31e-015  8.21e-024  3.15e-020  
4.50684e+016 2.68e-022  9.90e-001  9.97e-003  1.89e-006  8.11e-007  8.70e-008  6.24e-009  5.94e-014  1.14e-015  4.15e-024  2.73e-020  
4.51867e+016 2.58e-022  9.90e-001  1.00e-002  1.43e-006  5.86e-007  6.99e-008  5.16e-009  5.01e-014  9.59e-016  1.55e-024  2.30e-020  
4.51946e+016 2.53e-022  9.90e-001  9.98e-003  1.37e-006  5.62e-007  6.81e-008  5.11e-009  4.87e-014  9.39e-016  1.36e-024  2.25e-020  
4.52061e+016 2.36e-022  9.90e-001  9.98e-003  1.33e-006  5.42e-007  6.68e-008  5.42e-009  4.82e-014  9.22e-016  1.22e-024  2.22e-020  
4.52265e+016 2.19e-022  9.90e-001  9.99e-003  1.28e-006  5.16e-007  6.43e-008  5.70e-009  4.70e-014  9.03e-016  1.04e-024  2.16e-020  
4.52632e+016 2.14e-022  9.90e-001  9.99e-003  1.19e-006  4.72e-007  6.07e-008  5.70e-009  4.50e-014  8.64e-016  7.75e-025  2.07e-020  
4.53239e+016 2.23e-022  9.90e-001  9.99e-003  1.05e-006  4.09e-007  5.55e-008  5.20e-009  4.21e-014  8.11e-016  4.79e-025  1.94e-020  
4.54167e+016 2.29e-022  9.90e-001  9.99e-003  8.77e-007  3.35e-007  4.88e-008  4.67e-009  3.86e-014  7.41e-016  2.35e-025  1.78e-020  
4.55446e+016 2.25e-022  9.90e-001  9.99e-003  6.88e-007  2.56e-007  4.13e-008  4.44e-009  3.46e-014  6.66e-016  8.12e-026  1.60e-020  
4.55658e+016 2.23e-022  9.90e-001  9.99e-003  6.63e-007  2.43e-007  4.03e-008  4.44e-009  3.41e-014  6.59e-016  6.76e-026  1.58e-020  
4.55697e+016 2.19e-022  9.90e-001  1.00e-002  6.57e-007  2.34e-007  4.01e-008  4.44e-009  3.40e-014  6.52e-016  6.20e-026  1.56e-020  
4.55761e+016 2.11e-022  9.90e-001  9.99e-003  6.44e-007  2.29e-007  3.96e-008  4.60e-009  3.37e-014  6.49e-016  5.83e-026  1.55e-020  
4.55871e+016 1.99e-022  9.90e-001  1.00e-002  6.33e-007  2.25e-007  3.91e-008  4.88e-009  3.35e-014  6.43e-016  5.33e-026  1.54e-020  
4.56066e+016 1.89e-022  9.90e-001  1.00e-002  6.14e-007  2.18e-007  3.83e-008  5.23e-009  3.31e-014  6.35e-016  4.62e-026  1.52e-020  
4.56410e+016 1.89e-022  9.90e-001  1.00e-002  5.77e-007  2.05e-007  3.70e-008  5.56e-009  3.24e-014  6.25e-016  3.58e-026  1.49e-020  
4.56849e+016 1.97e-022  9.90e-001  1.00e-002  5.33e-007  1.89e-007  3.52e-008  5.58e-009  3.15e-014  6.04e-016  2.59e-026  1.45e-020  
4.57241e+016 2.03e-022  9.90e-001  1.00e-002  5.02e-007  1.76e-007  3.38e-008  5.52e-009  3.09e-014  5.91e-016  1.90e-026  1.42e-020  
4.57850e+016 2.09e-022  9.90e-001  1.00e-002  4.57e-007  1.55e-007  3.18e-008  5.40e-009  2.98e-014  5.74e-016  1.15e-026  1.37e-020  
4.58802e+016 2.13e-022  9.90e-001  9.99e-003  3.92e-007  1.28e-007  2.88e-008  5.40e-009  2.83e-014  5.44e-016  5.35e-027  1.30e-020  
4.59720e+016 2.17e-022  9.90e-001  9.99e-003  3.37e-007  1.06e-007  2.62e-008  5.66e-009  2.70e-014  5.20e-016  2.57e-027  1.24e-020  
4.59734e+016 2.16e-022  9.90e-001  9.99e-003  3.36e-007  1.04e-007  2.62e-008  5.64e-009  2.70e-014  5.18e-016  2.47e-027  1.24e-020  
4.59759e+016 2.14e-022  9.90e-001  9.99e-003  3.30e-007  1.02e-007  2.61e-008  5.60e-009  2.69e-014  5.18e-016  2.27e-027  1.24e-020  
4.59802e+016 2.09e-022  9.90e-001  1.00e-002  3.27e-007  1.01e-007  2.61e-008  5.69e-009  2.69e-014  5.17e-016  2.15e-027  1.24e-020  
4.59873e+016 2.03e-022  9.90e-001  1.00e-002  3.23e-007  9.95e-008  2.59e-008  5.91e-009  2.68e-014  5.17e-016  2.03e-027  1.24e-020  
4.59993e+016 1.97e-022  9.90e-001  1.00e-002  3.18e-007  9.75e-008  2.56e-008  6.24e-009  2.67e-014  5.13e-016  1.84e-027  1.23e-020  
4.60196e+016 1.96e-022  9.90e-001  1.00e-002  3.07e-007  9.29e-008  2.50e-008  6.63e-009  2.63e-014  5.06e-016  1.56e-027  1.21e-020  
4.60580e+016 2.03e-022  9.90e-001  1.00e-002  2.91e-007  8.62e-008  2.41e-008  7.19e-009  2.59e-014  4.97e-016  1.15e-027  1.19e-020  
4.61139e+016 2.17e-022  9.90e-001  1.00e-002  2.67e-007  7.83e-008  2.29e-008  7.64e-009  2.54e-014  4.88e-016  7.41e-028  1.17e-020  
4.61801e+016 2.33e-022  9.90e-001  9.99e-003  2.39e-007  6.94e-008  2.15e-008  7.80e-009  2.46e-014  4.71e-016  4.37e-028  1.13e-020  
4.62829e+016 2.54e-022  9.90e-001  1.00e-002  2.02e-007  5.68e-008  1.96e-008  8.09e-009  2.36e-014  4.54e-016  1.86e-028  1.09e-020  
4.63958e+016 2.81e-022  9.90e-001  9.97e-003  1.69e-007  4.45e-008  1.76e-008  8.62e-009  2.25e-014  4.34e-016  7.05e-029  1.04e-020  
4.64165e+016 2.86e-022  9.90e-001  1.00e-002  1.63e-007  4.23e-008  1.72e-008  8.78e-009  2.24e-014  4.30e-016  5.88e-029  1.03e-020  
4.64187e+016 2.85e-022  9.90e-001  1.00e-002  1.60e-007  4.14e-008  1.72e-008  8.67e-009  2.23e-014  4.28e-016  5.41e-029  1.03e-020  
4.64224e+016 2.84e-022  9.90e-001  1.00e-002  1.59e-007  4.02e-008  1.71e-008  8.67e-009  2.22e-014  4.26e-016  5.00e-029  1.03e-020  
4.64286e+016 2.85e-022  9.90e-001  9.97e-003  1.57e-007  3.93e-008  1.70e-008  8.81e-009  2.21e-014  4.25e-016  4.67e-029  1.02e-020  
4.64396e+016 2.87e-022  9.90e-001  1.00e-002  1.55e-007  3.83e-008  1.68e-008  9.13e-009  2.21e-014  4.25e-016  4.29e-029  1.02e-020  
4.64596e+016 2.94e-022  9.90e-001  1.00e-002  1.49e-007  3.71e-008  1.65e-008  9.66e-009  2.19e-014  4.22e-016  3.67e-029  1.01e-020  
4.64933e+016 3.10e-022  9.90e-001  1.00e-002  1.42e-007  3.48e-008  1.60e-008  1.04e-008  2.16e-014  4.16e-016  2.82e-029  9.96e-021  
4.65501e+016 3.42e-022  9.90e-001  9.99e-003  1.30e-007  3.10e-008  1.52e-008  1.12e-008  2.11e-014  4.06e-016  1.74e-029  9.75e-021  
4.66259e+016 3.88e-022  9.90e-001  1.00e-002  1.15e-007  2.60e-008  1.41e-008  1.20e-008  2.06e-014  3.97e-016  9.18e-030  9.49e-021  
4.67450e+016 4.71e-022  9.90e-001  1.00e-002  9.45e-008  2.05e-008  1.26e-008  1.29e-008  1.97e-014  3.78e-016  3.34e-030  9.07e-021  
4.68726e+016 5.85e-022  9.90e-001  1.00e-002  7.51e-008  1.53e-008  1.11e-008  1.38e-008  1.88e-014  3.61e-016  1.04e-030  8.65e-021  
4.69009e+016 6.16e-022  9.90e-001  1.00e-002  7.14e-008  1.42e-008  1.08e-008  1.41e-008  1.85e-014  3.57e-016  8.05e-031  8.54e-021  
4.69024e+016 6.16e-022  9.90e-001  1.00e-002  7.11e-008  1.40e-008  1.08e-008  1.40e-008  1.85e-014  3.55e-016  7.81e-031  8.54e-021  
4.69048e+016 6.16e-022  9.90e-001  1.00e-002  7.09e-008  1.37e-008  1.07e-008  1.39e-008  1.85e-014  3.55e-016  7.30e-031  8.52e-021  
4.69090e+016 6.19e-022  9.90e-001  1.00e-002  7.04e-008  1.30e-008  1.07e-008  1.38e-008  1.84e-014  3.54e-016  6.65e-031  8.49e-021  
4.69160e+016 6.32e-022  9.90e-001  1.00e-002  6.90e-008  1.22e-008  1.06e-008  1.38e-008  1.83e-014  3.53e-016  5.96e-031  8.46e-021  
4.69279e+016 6.57e-022  9.90e-001  9.99e-003  6.75e-008  1.19e-008  1.05e-008  1.41e-008  1.83e-014  3.52e-016  5.33e-031  8.42e-021  
4.69476e+016 6.86e-022  9.90e-001  1.00e-002  6.53e-008  1.14e-008  1.03e-008  1.46e-008  1.81e-014  3.48e-016  4.53e-031  8.37e-021  
4.69806e+016 7.33e-022  9.90e-001  1.00e-002  6.16e-008  1.08e-008  9.97e-009  1.53e-008  1.80e-014  3.45e-016  3.46e-031  8.26e-021  
4.70337e+016 8.18e-022  9.90e-001  1.00e-002  5.59e-008  9.68e-009  9.47e-009  1.60e-008  1.76e-014  3.39e-016  2.21e-031  8.10e-021  
4.70622e+016 8.67e-022  9.90e-001  1.00e-002  5.31e-008  9.10e-009  9.21e-009  1.64e-008  1.74e-014  3.35e-016  1.72e-031  8.03e-021  
4.71061e+016 9.46e-022  9.90e-001  1.00e-002  4.96e-008  8.22e-009  8.81e-009  1.69e-008  1.71e-014  3.30e-016  1.17e-031  7.90e-021  
4.71746e+016 1.11e-021  9.90e-001  9.99e-003  4.42e-008  6.90e-009  8.22e-009  1.79e-008  1.67e-014  3.21e-016  7.82e-032  7.70e-021  
4.72860e+016 1.44e-021  9.90e-001  1.00e-002  3.63e-008  5.14e-009  7.34e-009  1.95e-008  1.61e-014  3.09e-016  4.02e-032  7.41e-021  
4.74240e+016 2.02e-021  9.90e-001  1.00e-002  2.77e-008  3.54e-009  6.34e-009  2.10e-008  1.52e-014  2.93e-016  1.66e-032  7.03e-021  
4.74305e+016 2.05e-021  9.90e-001  1.00e-002  2.74e-008  3.48e-009  6.29e-009  2.11e-008  1.52e-014  2.92e-016  1.59e-032  7.02e-021  
4.74313e+016 2.05e-021  9.90e-001  1.00e-002  2.74e-008  3.48e-009  6.29e-009  2.12e-008  1.52e-014  2.93e-016  1.58e-032  7.02e-021  
4.74348e+016 2.07e-021  9.90e-001  1.00e-002  2.71e-008  3.41e-009  6.23e-009  2.11e-008  1.52e-014  2.91e-016  1.53e-032  7.00e-021  
4.74406e+016 2.09e-021  9.90e-001  1.00e-002  2.67e-008  3.27e-009  6.22e-009  2.10e-008  1.51e-014  2.90e-016  1.43e-032  6.98e-021  
4.74503e+016 2.14e-021  9.90e-001  9.99e-003  2.60e-008  2.98e-009  6.16e-009  2.09e-008  1.50e-014  2.89e-016  1.26e-032  6.91e-021  
4.74676e+016 2.23e-021  9.90e-001  1.00e-002  2.50e-008  2.77e-009  6.09e-009  2.09e-008  1.50e-014  2.88e-016  1.06e-032  6.90e-021  
4.74972e+016 2.40e-021  9.90e-001  1.00e-002  2.35e-008  2.50e-009  5.86e-009  2.12e-008  1.48e-014  2.85e-016  8.49e-033  6.82e-021  
4.75283e+016 2.60e-021  9.90e-001  9.98e-003  2.21e-008  2.26e-009  5.66e-009  2.16e-008  1.46e-014  2.80e-016  6.97e-033  6.74e-021  
4.75365e+016 2.64e-021  9.90e-001  1.00e-002  2.18e-008  2.21e-009  5.61e-009  2.18e-008  1.46e-014  2.80e-016  6.68e-033  6.71e-021  
4.75556e+016 2.76e-021  9.90e-001  1.00e-002  2.10e-008  2.10e-009  5.51e-009  2.20e-008  1.44e-014  2.78e-016  5.95e-033  6.67e-021  
4.75856e+016 2.95e-021  9.90e-001  1.00e-002  1.99e-008  1.97e-009  5.32e-009  2.23e-008  1.43e-014  2.75e-016  4.98e-033  6.58e-021  
4.76342e+016 3.28e-021  9.90e-001  9.99e-003  1.80e-008  1.75e-009  5.06e-009  2.28e-008  1.41e-014  2.71e-016  3.72e-033  6.49e-021  
4.77120e+016 3.92e-021  9.90e-001  1.00e-002  1.52e-008  1.40e-009  4.64e-009  2.31e-008  1.37e-014  2.63e-016  2.31e-033  6.30e-021  
4.78339e+016 5.01e-021  9.90e-001  1.00e-002  1.21e-008  9.60e-010  4.05e-009  2.30e-008  1.31e-014  2.51e-016  1.00e-033  6.03e-021  
4.79819e+016 6.68e-021  9.90e-001  1.00e-002  8.81e-009  5.50e-010  3.41e-009  2.23e-008  1.24e-014  2.38e-016  3.53e-034  5.72e-021  
4.80101e+016 7.02e-021  9.90e-001  1.00e-002  8.30e-009  4.97e-010  3.30e-009  2.21e-008  1.23e-014  2.36e-016  2.91e-034  5.66e-021  
4.80156e+016 7.09e-021  9.90e-001  1.00e-002  8.21e-009  4.87e-010  3.29e-009  2.20e-008  1.22e-014  2.36e-016  2.79e-034  5.64e-021  
4.80288e+016 7.25e-021  9.90e-001  1.00e-002  7.97e-009  4.63e-010  3.24e-009  2.19e-008  1.22e-014  2.34e-016  2.54e-034  5.61e-021  
4.80511e+016 7.54e-021  9.90e-001  1.00e-002  7.58e-009  4.25e-010  3.16e-009  2.16e-008  1.21e-014  2.32e-016  2.15e-034  5.57e-021  
4.80875e+016 8.02e-021  9.90e-001  1.00e-002  6.96e-009  3.62e-010  3.03e-009  2.13e-008  1.19e-014  2.29e-016  1.65e-034  5.50e-021  
4.81463e+016 8.82e-021  9.90e-001  9.99e-003  6.04e-009  2.79e-010  2.82e-009  2.05e-008  1.17e-014  2.25e-016  1.04e-034  5.38e-021  
4.82445e+016 1.01e-020  9.90e-001  1.00e-002  4.83e-009  1.95e-010  2.51e-009  1.93e-008  1.13e-014  2.17e-016  4.94e-035  5.20e-021  
4.83636e+016 1.19e-020  9.90e-001  9.98e-003  3.59e-009  1.19e-010  2.16e-009  1.75e-008  1.07e-014  2.06e-016  2.05e-035  4.96e-021  
4.84912e+016 1.37e-020  9.90e-001  9.97e-003  2.58e-009  6.73e-011  1.86e-009  1.57e-008  1.03e-014  1.98e-016  7.79e-036  4.75e-021  
4.86294e+016 1.56e-020  9.90e-001  9.96e-003  1.77e-009  3.55e-011  1.56e-009  1.35e-008  9.77e-015  1.88e-016  2.57e-036  4.51e-021  
4.87591e+016 1.71e-020  9.90e-001  1.00e-002  1.23e-009  1.80e-011  1.32e-009  1.17e-008  9.37e-015  1.80e-016  9.26e-037  4.31e-021  
4.88968e+016 1.82e-020  9.90e-001  1.00e-002  8.19e-010  8.14e-012  1.11e-009  9.90e-009  8.91e-015  1.71e-016  2.89e-037  4.10e-021  
4.90444e+016 1.90e-020  9.90e-001  1.00e-002  5.10e-010  3.19e-012  9.06e-010  8.27e-009  8.43e-015  1.62e-016  8.37e-038  3.89e-021  
4.91980e+016 1.91e-020  9.90e-001  1.00e-002  3.00e-010  1.09e-012  7.39e-010  6.76e-009  8.01e-015  1.54e-016  2.18e-038  3.69e-021  
4.93317e+016 1.88e-020  9.90e-001  1.00e-002  1.80e-010  3.86e-013  6.12e-010  5.64e-009  7.61e-015  1.47e-016  6.65e-039  3.52e-021  
4.94239e+016 1.84e-020  9.90e-001  1.00e-002  1.21e-010  1.64e-013  5.37e-010  5.00e-009  7.40e-015  1.43e-016  2.95e-039  3.41e-021  
4.95192e+016 1.76e-020  9.90e-001  1.00e-002  8.02e-011  6.49e-014  4.71e-010  4.38e-009  7.23e-015  1.38e-016  1.19e-039  3.32e-021  
4.96202e+016 1.68e-020  9.90e-001  1.00e-002  5.27e-011  2.62e-014  4.07e-010  3.80e-009  6.98e-015  1.34e-016  4.69e-040  3.21e-021  
4.97297e+016 1.59e-020  9.90e-001  1.00e-002  3.19e-011  8.13e-015  3.46e-010  3.25e-009  6.68e-015  1.29e-016  1.71e-040  3.09e-021  
4.98461e+016 1.46e-020  9.90e-001  1.00e-002  1.78e-011  1.99e-015  2.90e-010  2.74e-009  6.47e-015  1.24e-016  5.46e-041  2.98e-021  
4.99670e+016 1.35e-020  9.90e-001  1.00e-002  9.01e-012  3.83e-016  2.43e-010  2.30e-009  6.24e-015  1.20e-016  1.73e-041  2.87e-021  
5.00936e+016 1.23e-020  9.90e-001  1.01e-002  3.92e-012  5.72e-017  2.02e-010  1.89e-009  6.01e-015  1.15e-016  4.88e-042  2.77e-021  
5.02240e+016 1.12e-020  9.90e-001  1.01e-002  1.43e-012  6.00e-018  1.66e-010  1.55e-009  5.80e-015  1.11e-016  1.32e-042  2.68e-021  
5.03584e+016 1.03e-020  9.90e-001  1.00e-002  4.73e-013  6.85e-019  1.34e-010  1.26e-009  5.58e-015  1.08e-016  3.38e-043  2.57e-021  
5.05026e+016 9.55e-021  9.90e-001  9.99e-003  1.56e-013  3.97e-020  1.06e-010  1.00e-009  5.36e-015  1.03e-016  7.58e-044  2.47e-021  
5.05959e+016 9.35e-021  9.90e-001  1.00e-002  7.10e-014  4.50e-021  9.10e-011  8.80e-010  5.25e-015  1.01e-016  3.20e-044  2.42e-021  
5.06957e+016 9.21e-021  9.90e-001  1.00e-002  2.62e-014  3.41e-022  7.86e-011  7.56e-010  5.13e-015  9.87e-017  1.17e-044  2.37e-021  
5.07988e+016 9.26e-021  9.90e-001  1.00e-002  8.02e-015  3.39e-023  6.73e-011  6.50e-010  5.02e-015  9.65e-017  4.35e-045  2.31e-021  
5.09058e+016 9.53e-021  9.90e-001  9.99e-003  2.08e-015  2.13e-024  5.68e-011  5.61e-010  4.91e-015  9.45e-017  1.66e-045  2.27e-021  
5.10237e+016 9.92e-021  9.90e-001  1.00e-002  4.13e-016  7.92e-026  4.69e-011  4.72e-010  4.80e-015  9.23e-017  5.33e-046  2.22e-021  
5.11496e+016 1.05e-020  9.90e-001  1.01e-002  6.53e-017  1.88e-027  3.81e-011  3.98e-010  4.71e-015  9.05e-017  1.68e-046  2.17e-021  
5.12843e+016 1.14e-020  9.90e-001  9.99e-003  9.81e-018  2.45e-029  2.67e-011  3.30e-010  4.58e-015  7.85e-017  4.50e-047  2.11e-021  
5.14296e+016 1.24e-020  9.90e-001  9.98e-003  1.43e-018  5.09e-031  1.83e-011  2.70e-010  4.49e-015  6.81e-017  1.04e-047  2.07e-021  
5.15425e+016 1.33e-020  9.90e-001  9.98e-003  4.87e-019  5.92e-032  1.37e-011  2.33e-010  4.42e-015  6.11e-017  3.60e-048  2.03e-021  
5.16792e+016 1.43e-020  9.90e-001  1.00e-002  5.06e-020  4.45e-034  9.55e-012  1.97e-010  4.37e-015  5.42e-017  9.90e-049  2.01e-021  
5.18319e+016 1.56e-020  9.90e-001  9.96e-003  3.14e-021  1.52e-036  6.28e-012  1.61e-010  4.29e-015  4.73e-017  2.33e-049  1.98e-021  
5.19950e+016 1.67e-020  9.90e-001  9.96e-003  1.38e-022  2.63e-039  3.95e-012  1.32e-010  4.24e-015  4.13e-017  5.21e-050  1.96e-021  
5.21655e+016 1.77e-020  9.90e-001  9.96e-003  3.54e-024  2.57e-042  2.39e-012  1.06e-010  4.19e-015  3.62e-017  1.06e-050  1.93e-021  
5.23457e+016 1.85e-020  9.90e-001  1.00e-002  1.05e-025  5.63e-044  1.37e-012  8.60e-011  4.15e-015  3.16e-017  2.16e-051  1.92e-021  
5.25384e+016 1.92e-020  9.90e-001  1.00e-002  2.06e-027  1.99e-046  7.40e-013  6.83e-011  4.12e-015  2.77e-017  3.90e-052  1.90e-021  
5.27451e+016 1.97e-020  9.90e-001  1.00e-002  2.78e-029  5.53e-050  3.54e-013  5.38e-011  4.11e-015  2.42e-017  6.70e-053  1.89e-021  
5.29668e+016 2.02e-020  9.90e-001  1.00e-002  1.96e-031  3.64e-054  1.41e-013  4.18e-011  4.09e-015  2.11e-017  1.03e-053  1.89e-021  
5.31993e+016 2.07e-020  9.90e-001  1.00e-002  5.89e-034  1.42e-059  3.81e-014  3.23e-011  4.09e-015  1.84e-017  1.56e-054  1.89e-021  
5.34440e+016 2.13e-020  9.90e-001  9.99e-003  4.88e-035  2.50e-060  9.48e-015  2.47e-011  4.10e-015  1.62e-017  2.20e-055  1.89e-021  
5.36995e+016 2.20e-020  9.90e-001  1.00e-002  1.17e-038  4.15e-065  2.20e-015  1.90e-011  4.14e-015  1.43e-017  3.14e-056  1.91e-021  
5.39765e+016 2.30e-020  9.90e-001  1.00e-002  8.77e-042  8.51e-072  1.86e-016  1.44e-011  4.18e-015  1.26e-017  3.92e-057  1.92e-021  
5.42627e+016 2.41e-020  9.90e-001  9.98e-003  4.97e-043  1.69e-072  1.18e-017  1.10e-011  4.23e-015  1.12e-017  5.26e-058  1.95e-021  
5.45738e+016 2.55e-020  9.90e-001  9.98e-003  2.27e-047  0.00e+000  6.80e-019  8.25e-012  4.28e-015  9.98e-018  5.81e-059  1.98e-021  
5.49079e+016 2.68e-020  9.90e-001  1.00e-002  1.24e-048  0.00e+000  4.67e-021  6.31e-012  4.41e-015  8.97e-018  6.84e-060  2.03e-021  
5.52575e+016 2.82e-020  9.90e-001  9.97e-003  1.63e-053  0.00e+000  1.19e-022  4.86e-012  4.54e-015  8.09e-018  7.63e-061  2.09e-021  
5.56155e+016 2.94e-020  9.90e-001  1.00e-002  3.12e-055  0.00e+000  1.24e-025  3.84e-012  4.69e-015  7.38e-018  9.15e-062  2.17e-021  
5.59918e+016 3.06e-020  9.90e-001  1.00e-002  3.79e-060  0.00e+000  1.50e-027  3.09e-012  4.90e-015  6.80e-018  1.17e-062  2.25e-021  
5.63913e+016 3.15e-020  9.90e-001  1.00e-002  1.26e-062  0.00e+000  1.32e-030  2.55e-012  5.11e-015  6.31e-018  1.51e-063  2.36e-021  
5.68226e+016 3.21e-020  9.90e-001  9.99e-003  1.73e-067  0.00e+000  1.11e-035  2.14e-012  5.42e-015  5.92e-018  1.96e-064  2.49e-021  
5.72780e+016 3.24e-020  9.90e-001  9.99e-003  6.66e-070  0.00e+000  4.56e-037  1.84e-012  5.74e-015  5.61e-018  2.61e-065  2.65e-021  
5.77650e+016 3.24e-020  9.90e-001  9.99e-003  1.88e-076  0.00e+000  8.54e-043  1.63e-012  6.14e-015  5.37e-018  3.86e-066  2.83e-021  
5.82707e+016 3.19e-020  9.90e-001  1.00e-002  0.00e+000  0.00e+000  1.63e-046  1.48e-012  6.61e-015  5.23e-018  6.61e-067  3.05e-021  
5.88124e+016 3.12e-020  9.90e-001  1.00e-002  0.00e+000  0.00e+000  9.96e-054  1.37e-012  7.14e-015  5.13e-018  1.15e-067  3.30e-021  
5.93801e+016 3.03e-020  9.90e-001  1.00e-002  0.00e+000  0.00e+000  1.47e-057  1.31e-012  7.79e-015  5.08e-018  2.43e-068  3.56e-021  
5.99878e+016 2.92e-020  9.90e-001  1.00e-002  0.00e+000  0.00e+000  1.06e-063  1.26e-012  8.53e-015  5.10e-018  5.45e-069  3.91e-021  
6.06254e+016 2.82e-020  9.90e-001  1.00e-002  0.00e+000  0.00e+000  3.09e-067  1.25e-012  9.37e-015  5.18e-018  1.43e-069  4.29e-021  
6.12860e+016 2.73e-020  9.90e-001  1.00e-002  0.00e+000  0.00e+000  3.23e-071  1.28e-012  1.03e-014  5.32e-018  4.58e-070  4.73e-021  
6.19772e+016 2.67e-020  9.90e-001  9.98e-003  0.00e+000  0.00e+000  0.00e+000  1.31e-012  1.14e-014  5.51e-018  1.59e-070  5.21e-021  
6.27006e+016 2.63e-020  9.90e-001  1.00e-002  0.00e+000  0.00e+000  0.00e+000  1.37e-012  1.26e-014  5.79e-018  6.24e-071  5.79e-021  
6.34752e+016 2.63e-020  9.90e-001  9.98e-003  0.00e+000  0.00e+000  0.00e+000  1.46e-012  1.41e-014  6.09e-018  2.75e-071  6.47e-021  
6.43223e+016 2.66e-020  9.90e-001  1.00e-002  0.00e+000  0.00e+000  0.00e+000  1.60e-012  1.58e-014  6.55e-018  1.36e-071  7.26e-021  
6.52408e+016 2.75e-020  9.90e-001  1.00e-002  0.00e+000  0.00e+000  0.00e+000  1.79e-012  1.79e-014  7.06e-018  7.42e-072  8.23e-021  
6.62440e+016 2.90e-020  9.90e-001  9.97e-003  0.00e+000  0.00e+000  0.00e+000  2.05e-012  2.05e-014  7.73e-018  4.31e-072  9.38e-021  
6.73219e+016 3.11e-020  9.90e-001  1.00e-002  0.00e+000  0.00e+000  0.00e+000  2.39e-012  2.37e-014  8.61e-018  2.71e-072  1.09e-020  
6.84641e+016 3.42e-020  9.90e-001  9.99e-003  0.00e+000  0.00e+000  0.00e+000  2.86e-012  2.75e-014  9.67e-018  1.87e-072  1.26e-020  
6.96945e+016 3.84e-020  9.90e-001  1.00e-002  0.00e+000  0.00e+000  0.00e+000  3.54e-012  3.26e-014  1.10e-017  1.41e-072  1.49e-020  
7.10391e+016 4.41e-020  9.90e-001  9.99e-003  0.00e+000  0.00e+000  0.00e+000  4.53e-012  3.87e-014  1.28e-017  1.15e-072  1.78e-020  
7.25155e+016 5.23e-020  9.90e-001  1.00e-002  0.00e+000  0.00e+000  0.00e+000  6.02e-012  4.72e-014  1.52e-017  9.94e-073  2.16e-020  
7.42223e+016 6.47e-020  9.90e-001  9.99e-003  0.00e+000  0.00e+000  0.00e+000  8.53e-012  5.95e-014  1.87e-017  9.11e-073  2.73e-020  
7.63108e+016 8.57e-020  9.90e-001  9.99e-003  0.00e+000  0.00e+000  0.00e+000  1.33e-011  7.90e-014  2.40e-017  8.83e-073  3.62e-020  
7.86896e+016 1.20e-019  9.90e-001  9.98e-003  0.00e+000  0.00e+000  0.00e+000  2.26e-011  1.09e-013  3.24e-017  9.23e-073  5.01e-020  
8.18150e+016 1.91e-019  9.90e-001  9.95e-003  0.00e+000  0.00e+000  0.00e+000  4.71e-011  1.69e-013  4.86e-017  1.06e-072  7.75e-020  
8.55776e+016 3.39e-019  9.90e-001  9.99e-003  0.00e+000  0.00e+000  0.00e+000  1.18e-010  2.86e-013  7.98e-017  1.35e-072  1.31e-019  
9.00548e+016 6.83e-019  9.90e-001  1.00e-002  0.00e+000  0.00e+000  0.00e+000  3.54e-010  5.32e-013  1.44e-016  1.93e-072  2.43e-019  
9.53916e+016 1.57e-018  9.90e-001  1.00e-002  0.00e+000  0.00e+000  0.00e+000  1.33e-009  1.11e-012  2.91e-016  3.14e-072  5.08e-019  
1.01535e+017 4.01e-018  9.90e-001  1.00e-002  0.00e+000  0.00e+000  0.00e+000  6.23e-009  2.49e-012  6.38e-016  5.64e-072  1.15e-018  
1.09249e+017 1.19e-017  9.90e-001  9.98e-003  0.00e+000  0.00e+000  0.00e+000  4.49e-008  6.45e-012  1.60e-015  1.16e-071  2.95e-018  
1.19176e+017 3.83e-017  9.90e-001  1.00e-002  0.00e+000  0.00e+000  0.00e+000  3.84e-007  1.70e-011  4.10e-015  2.49e-071  7.78e-018  
1.32448e+017 1.03e-016  9.90e-001  1.00e-002  0.00e+000  0.00e+000  0.00e+000  1.30e-006  3.49e-011  8.20e-015  4.29e-071  1.60e-017  
