! 0       *H + *C2H4 -> *C2H5
! 1       *H + *C2H4 -> C2H5
! 2       *C2H4 + He -> C2H4 + He
! 3       *C2H4 + H2 -> C2H4 + H2
! 4       *C2H4 + CO -> C2H4 + CO
! 5       *C2H4 + CRPhoton -> *C2H2 + *H2
! 6       *C2H4 + CRPhoton -> *C2H2 + *H + *H
! 7       *C2H4 + CRPhoton -> *C2H3 + *H
! 8       *C2H4 + CRPhoton -> *C2H + *H2 + *H
! 9       *C2H4 + CRPhoton -> *C2H2 + *H2
!            tot_rate   0          1          2          3          4          5          6          7          8          9          
1.58188e+013 2.75e-016  9.90e-001  1.00e-002  0.00e+000  0.00e+000  0.00e+000  1.41e-007  7.53e-009  1.26e-009  1.14e-009  6.84e-010  
3.50727e+014 2.75e-016  9.90e-001  1.00e-002  0.00e+000  0.00e+000  0.00e+000  1.41e-007  7.53e-009  1.26e-009  1.14e-009  6.84e-010  
5.21628e+015 2.75e-016  9.90e-001  1.00e-002  0.00e+000  0.00e+000  0.00e+000  1.41e-007  7.57e-009  1.26e-009  1.14e-009  6.84e-010  
2.67137e+016 3.07e-016  9.90e-001  1.00e-002  0.00e+000  0.00e+000  0.00e+000  1.41e-007  7.52e-009  1.25e-009  1.14e-009  6.84e-010  
3.33598e+016 3.63e-016  9.90e-001  1.00e-002  0.00e+000  0.00e+000  2.92e-050  1.46e-007  7.78e-009  1.30e-009  1.18e-009  7.06e-010  
3.42055e+016 3.32e-016  9.90e-001  1.00e-002  0.00e+000  0.00e+000  7.34e-018  1.82e-007  9.72e-009  1.62e-009  1.47e-009  8.82e-010  
3.44017e+016 3.23e-016  9.90e-001  9.99e-003  0.00e+000  0.00e+000  3.09e-013  1.96e-007  1.05e-008  1.74e-009  1.58e-009  9.50e-010  
3.46353e+016 3.11e-016  9.90e-001  1.00e-002  0.00e+000  0.00e+000  8.04e-010  2.17e-007  1.16e-008  1.93e-009  1.76e-009  1.05e-009  
3.48860e+016 2.96e-016  9.90e-001  1.00e-002  0.00e+000  0.00e+000  1.19e-008  2.48e-007  1.33e-008  2.21e-009  2.01e-009  1.21e-009  
3.51370e+016 2.81e-016  9.90e-001  9.97e-003  7.44e-068  0.00e+000  6.41e-008  2.91e-007  1.56e-008  2.59e-009  2.35e-009  1.41e-009  
3.53250e+016 2.68e-016  9.90e-001  9.97e-003  3.55e-052  0.00e+000  1.88e-007  3.36e-007  1.80e-008  2.99e-009  2.72e-009  1.63e-009  
3.55515e+016 2.51e-016  9.90e-001  1.00e-002  7.11e-034  6.07e-077  6.19e-007  4.15e-007  2.21e-008  3.68e-009  3.35e-009  2.01e-009  
3.57182e+016 2.37e-016  9.90e-001  1.00e-002  2.83e-022  6.23e-060  1.44e-006  4.93e-007  2.64e-008  4.38e-009  3.99e-009  2.40e-009  
3.58524e+016 2.27e-016  9.90e-001  9.99e-003  6.69e-016  7.92e-051  2.88e-006  5.76e-007  3.08e-008  5.15e-009  4.66e-009  2.80e-009  
3.60047e+016 2.14e-016  9.90e-001  1.00e-002  1.37e-009  1.74e-036  4.26e-006  7.05e-007  3.77e-008  6.26e-009  5.70e-009  3.42e-009  
3.61718e+016 2.01e-016  9.90e-001  1.00e-002  2.60e-006  1.34e-020  6.87e-006  8.90e-007  4.77e-008  7.96e-009  7.21e-009  4.33e-009  
3.62899e+016 1.91e-016  9.90e-001  1.00e-002  3.83e-005  1.80e-015  1.02e-005  1.07e-006  5.71e-008  9.53e-009  8.69e-009  5.21e-009  
3.63893e+016 1.83e-016  9.90e-001  1.00e-002  1.64e-004  1.38e-009  1.47e-005  1.26e-006  6.73e-008  1.12e-008  1.02e-008  6.12e-009  
3.64972e+016 1.75e-016  9.89e-001  1.00e-002  6.40e-004  1.20e-006  2.29e-005  1.51e-006  8.06e-008  1.34e-008  1.22e-008  7.32e-009  
3.66124e+016 1.67e-016  9.88e-001  1.00e-002  2.02e-003  8.20e-005  3.86e-005  1.84e-006  9.82e-008  1.63e-008  1.48e-008  8.92e-009  
3.67348e+016 1.62e-016  9.83e-001  9.95e-003  6.31e-003  7.29e-004  7.11e-005  2.24e-006  1.20e-007  1.99e-008  1.81e-008  1.09e-008  
3.68621e+016 1.68e-016  9.69e-001  9.81e-003  1.72e-002  3.68e-003  1.34e-004  2.55e-006  1.36e-007  2.27e-008  2.06e-008  1.24e-008  
3.69700e+016 1.74e-016  9.41e-001  9.46e-003  3.85e-002  1.10e-002  2.44e-004  2.82e-006  1.51e-007  2.51e-008  2.28e-008  1.37e-008  
3.70376e+016 1.80e-016  9.08e-001  9.19e-003  6.24e-002  2.05e-002  3.69e-004  2.98e-006  1.59e-007  2.65e-008  2.41e-008  1.45e-008  
3.71087e+016 1.92e-016  8.55e-001  8.60e-003  9.85e-002  3.74e-002  5.73e-004  3.04e-006  1.63e-007  2.71e-008  2.46e-008  1.48e-008  
3.71826e+016 2.14e-016  7.76e-001  7.86e-003  1.51e-001  6.41e-002  9.07e-004  2.96e-006  1.58e-007  2.63e-008  2.39e-008  1.44e-008  
3.72589e+016 2.55e-016  6.75e-001  6.82e-003  2.15e-001  1.02e-001  1.42e-003  2.66e-006  1.42e-007  2.36e-008  2.15e-008  1.29e-008  
3.73370e+016 3.22e-016  5.58e-001  5.61e-003  2.85e-001  1.49e-001  2.16e-003  2.18e-006  1.16e-007  1.94e-008  1.76e-008  1.06e-008  
3.74165e+016 4.19e-016  4.41e-001  4.46e-003  3.48e-001  2.03e-001  3.12e-003  1.63e-006  8.68e-008  1.44e-008  1.31e-008  7.89e-009  
3.74829e+016 5.11e-016  3.50e-001  3.54e-003  3.97e-001  2.45e-001  3.95e-003  1.19e-006  6.34e-008  1.06e-008  9.59e-009  5.76e-009  
3.75505e+016 5.69e-016  2.71e-001  2.72e-003  4.29e-001  2.93e-001  4.71e-003  8.05e-007  4.30e-008  7.17e-009  6.52e-009  3.90e-009  
3.76194e+016 5.05e-016  1.98e-001  2.02e-003  4.62e-001  3.33e-001  5.33e-003  5.05e-007  2.69e-008  4.50e-009  4.08e-009  2.46e-009  
3.76839e+016 2.97e-016  1.36e-001  1.38e-003  4.79e-001  3.78e-001  5.83e-003  2.66e-007  1.42e-008  2.37e-009  2.15e-009  1.29e-009  
3.76854e+016 2.91e-016  1.35e-001  1.36e-003  4.81e-001  3.78e-001  5.84e-003  2.61e-007  1.39e-008  2.32e-009  2.11e-009  1.26e-009  
3.76877e+016 2.80e-016  1.33e-001  1.34e-003  4.82e-001  3.78e-001  5.85e-003  2.53e-007  1.35e-008  2.25e-009  2.05e-009  1.23e-009  
3.76917e+016 2.63e-016  1.29e-001  1.30e-003  4.83e-001  3.80e-001  5.90e-003  2.40e-007  1.28e-008  2.13e-009  1.94e-009  1.16e-009  
3.76980e+016 2.35e-016  1.23e-001  1.25e-003  4.85e-001  3.85e-001  5.95e-003  2.18e-007  1.16e-008  1.94e-009  1.76e-009  1.06e-009  
3.77083e+016 1.90e-016  1.13e-001  1.14e-003  4.90e-001  3.90e-001  6.06e-003  1.83e-007  9.81e-009  1.63e-009  1.48e-009  8.91e-010  
3.77248e+016 1.17e-016  9.57e-002  9.74e-004  4.97e-001  4.00e-001  6.25e-003  1.29e-007  6.89e-009  1.14e-009  1.04e-009  6.25e-010  
3.77450e+016 4.15e-017  6.60e-002  6.67e-004  5.08e-001  4.19e-001  6.52e-003  6.31e-008  3.37e-009  5.61e-010  5.10e-010  3.06e-010  
3.77655e+016 1.91e-018  1.18e-002  1.19e-004  5.33e-001  4.48e-001  6.74e-003  1.63e-008  8.73e-010  1.45e-010  1.32e-010  7.89e-011  
3.77936e+016 3.07e-019  8.38e-003  8.45e-005  5.28e-001  4.57e-001  6.56e-003  1.51e-008  8.06e-010  1.34e-010  1.22e-010  7.34e-011  
3.78016e+016 2.41e-019  7.50e-003  7.58e-005  5.26e-001  4.60e-001  6.46e-003  1.47e-008  7.87e-010  1.31e-010  1.19e-010  7.17e-011  
3.78111e+016 2.06e-019  6.61e-003  6.66e-005  5.25e-001  4.62e-001  6.41e-003  1.44e-008  7.68e-010  1.28e-010  1.17e-010  7.00e-011  
3.78273e+016 1.87e-019  5.40e-003  5.45e-005  5.24e-001  4.64e-001  6.31e-003  1.38e-008  7.38e-010  1.22e-010  1.11e-010  6.68e-011  
3.78530e+016 1.82e-019  3.91e-003  3.95e-005  5.21e-001  4.69e-001  6.15e-003  1.29e-008  6.92e-010  1.15e-010  1.04e-010  6.26e-011  
3.78818e+016 1.81e-019  2.79e-003  2.82e-005  5.15e-001  4.76e-001  5.96e-003  1.20e-008  6.41e-010  1.07e-010  9.72e-011  5.80e-011  
3.79076e+016 1.81e-019  2.07e-003  2.09e-005  5.09e-001  4.83e-001  5.81e-003  1.13e-008  6.03e-010  1.00e-010  9.12e-011  5.47e-011  
3.79253e+016 1.81e-019  1.71e-003  1.73e-005  5.06e-001  4.87e-001  5.75e-003  1.08e-008  5.81e-010  9.62e-011  8.74e-011  5.26e-011  
3.79502e+016 1.81e-019  1.31e-003  1.32e-005  5.03e-001  4.90e-001  5.64e-003  1.03e-008  5.48e-010  9.12e-011  8.29e-011  4.97e-011  
3.79755e+016 1.82e-019  1.02e-003  1.03e-005  5.01e-001  4.93e-001  5.51e-003  9.75e-009  5.20e-010  8.65e-011  7.88e-011  4.73e-011  
3.79897e+016 1.82e-019  8.96e-004  9.01e-006  4.98e-001  4.95e-001  5.45e-003  9.45e-009  5.06e-010  8.41e-011  7.64e-011  4.59e-011  
3.79918e+016 1.82e-019  8.79e-004  8.84e-006  4.98e-001  4.95e-001  5.44e-003  9.39e-009  5.03e-010  8.40e-011  7.64e-011  4.57e-011  
3.79956e+016 1.82e-019  8.45e-004  8.56e-006  4.97e-001  4.97e-001  5.42e-003  9.33e-009  4.99e-010  8.29e-011  7.57e-011  4.53e-011  
3.80017e+016 1.82e-019  8.00e-004  8.06e-006  4.96e-001  4.98e-001  5.39e-003  9.21e-009  4.92e-010  8.22e-011  7.45e-011  4.47e-011  
3.80129e+016 1.83e-019  7.22e-004  7.28e-006  4.93e-001  5.01e-001  5.34e-003  9.03e-009  4.82e-010  8.04e-011  7.28e-011  4.38e-011  
3.80319e+016 1.84e-019  6.10e-004  6.15e-006  4.89e-001  5.05e-001  5.28e-003  8.71e-009  4.65e-010  7.73e-011  7.02e-011  4.22e-011  
3.80578e+016 1.85e-019  4.89e-004  4.94e-006  4.87e-001  5.07e-001  5.19e-003  8.31e-009  4.43e-010  7.40e-011  6.69e-011  4.03e-011  
3.80629e+016 1.86e-019  4.70e-004  4.74e-006  4.87e-001  5.08e-001  5.17e-003  8.25e-009  4.39e-010  7.33e-011  6.63e-011  3.99e-011  
3.80713e+016 1.86e-019  4.40e-004  4.44e-006  4.86e-001  5.09e-001  5.14e-003  8.11e-009  4.33e-010  7.20e-011  6.55e-011  3.93e-011  
3.80859e+016 1.87e-019  3.95e-004  3.99e-006  4.85e-001  5.09e-001  5.10e-003  7.91e-009  4.24e-010  7.05e-011  6.41e-011  3.85e-011  
3.81083e+016 1.89e-019  3.34e-004  3.37e-006  4.81e-001  5.14e-001  5.01e-003  7.62e-009  4.07e-010  6.78e-011  6.14e-011  3.69e-011  
3.81265e+016 1.90e-019  2.93e-004  2.96e-006  4.78e-001  5.17e-001  4.96e-003  7.41e-009  3.96e-010  6.57e-011  5.99e-011  3.59e-011  
3.81480e+016 1.92e-019  2.53e-004  2.56e-006  4.75e-001  5.20e-001  4.91e-003  7.19e-009  3.83e-010  6.35e-011  5.78e-011  3.47e-011  
3.81769e+016 1.94e-019  2.13e-004  2.15e-006  4.74e-001  5.21e-001  4.84e-003  6.86e-009  3.68e-010  6.14e-011  5.57e-011  3.34e-011  
3.81836e+016 1.95e-019  2.04e-004  2.06e-006  4.72e-001  5.23e-001  4.81e-003  6.82e-009  3.63e-010  6.06e-011  5.49e-011  3.30e-011  
3.81952e+016 1.95e-019  1.91e-004  1.93e-006  4.72e-001  5.23e-001  4.79e-003  6.72e-009  3.59e-010  5.95e-011  5.44e-011  3.26e-011  
3.82149e+016 1.93e-019  1.70e-004  1.72e-006  4.68e-001  5.28e-001  4.72e-003  6.52e-009  3.48e-010  5.79e-011  5.28e-011  3.16e-011  
3.82433e+016 1.78e-019  1.45e-004  1.47e-006  4.64e-001  5.31e-001  4.67e-003  6.29e-009  3.36e-010  5.60e-011  5.09e-011  3.05e-011  
3.82740e+016 1.25e-019  1.23e-004  1.25e-006  4.62e-001  5.33e-001  4.61e-003  6.06e-009  3.24e-010  5.39e-011  4.90e-011  2.94e-011  
3.83054e+016 4.64e-020  1.05e-004  1.06e-006  4.61e-001  5.34e-001  4.57e-003  5.86e-009  3.15e-010  5.21e-011  4.74e-011  2.84e-011  
3.83376e+016 3.51e-020  8.98e-005  9.07e-007  4.56e-001  5.39e-001  4.48e-003  5.65e-009  3.02e-010  5.02e-011  4.56e-011  2.74e-011  
3.83751e+016 5.36e-020  7.53e-005  7.61e-007  4.53e-001  5.42e-001  4.42e-003  5.42e-009  2.91e-010  4.83e-011  4.40e-011  2.63e-011  
3.84132e+016 6.45e-020  6.40e-005  6.47e-007  4.51e-001  5.44e-001  4.37e-003  5.26e-009  2.81e-010  4.68e-011  4.25e-011  2.56e-011  
3.84531e+016 5.87e-020  5.46e-005  5.51e-007  4.48e-001  5.47e-001  4.31e-003  5.08e-009  2.71e-010  4.52e-011  4.11e-011  2.47e-011  
3.84962e+016 3.85e-020  4.71e-005  4.76e-007  4.45e-001  5.51e-001  4.29e-003  4.91e-009  2.63e-010  4.37e-011  3.98e-011  2.38e-011  
3.85449e+016 1.66e-020  4.05e-005  4.09e-007  4.42e-001  5.53e-001  4.23e-003  4.74e-009  2.53e-010  4.22e-011  3.83e-011  2.30e-011  
3.85990e+016 4.57e-021  3.50e-005  3.52e-007  4.40e-001  5.56e-001  4.18e-003  4.57e-009  2.45e-010  4.07e-011  3.70e-011  2.23e-011  
3.86597e+016 8.73e-022  3.03e-005  3.05e-007  4.37e-001  5.59e-001  4.13e-003  4.41e-009  2.36e-010  3.93e-011  3.58e-011  2.14e-011  
3.87288e+016 4.97e-023  2.66e-005  2.68e-007  4.35e-001  5.61e-001  4.10e-003  4.27e-009  2.27e-010  3.80e-011  3.46e-011  2.07e-011  
3.88139e+016 5.08e-022  2.44e-005  2.46e-007  4.33e-001  5.63e-001  4.07e-003  4.13e-009  2.20e-010  3.68e-011  3.35e-011  2.01e-011  
3.89093e+016 1.83e-021  2.36e-005  2.38e-007  4.29e-001  5.67e-001  4.02e-003  3.98e-009  2.13e-010  3.54e-011  3.22e-011  1.93e-011  
3.90068e+016 5.13e-021  2.49e-005  2.51e-007  4.27e-001  5.69e-001  4.02e-003  3.88e-009  2.07e-010  3.45e-011  3.14e-011  1.88e-011  
3.91088e+016 1.10e-020  2.83e-005  2.85e-007  4.25e-001  5.71e-001  3.99e-003  3.80e-009  2.03e-010  3.38e-011  3.07e-011  1.84e-011  
3.92181e+016 1.93e-020  3.47e-005  3.51e-007  4.26e-001  5.70e-001  3.98e-003  3.74e-009  2.00e-010  3.33e-011  3.03e-011  1.81e-011  
3.93325e+016 2.98e-020  4.49e-005  4.53e-007  4.26e-001  5.70e-001  3.96e-003  3.69e-009  1.97e-010  3.28e-011  2.98e-011  1.79e-011  
3.94519e+016 4.24e-020  5.97e-005  6.04e-007  4.25e-001  5.71e-001  3.99e-003  3.68e-009  1.97e-010  3.28e-011  2.97e-011  1.78e-011  
3.95803e+016 5.82e-020  8.12e-005  8.21e-007  4.26e-001  5.70e-001  3.98e-003  3.67e-009  1.96e-010  3.26e-011  2.97e-011  1.79e-011  
3.97190e+016 7.88e-020  1.12e-004  1.13e-006  4.26e-001  5.70e-001  4.02e-003  3.68e-009  1.97e-010  3.27e-011  2.98e-011  1.79e-011  
3.98699e+016 1.07e-019  1.56e-004  1.57e-006  4.27e-001  5.69e-001  4.06e-003  3.72e-009  1.99e-010  3.31e-011  3.01e-011  1.81e-011  
4.00514e+016 1.50e-019  2.25e-004  2.28e-006  4.29e-001  5.66e-001  4.13e-003  3.80e-009  2.03e-010  3.38e-011  3.07e-011  1.85e-011  
4.02549e+016 2.15e-019  3.33e-004  3.37e-006  4.34e-001  5.62e-001  4.23e-003  3.93e-009  2.10e-010  3.49e-011  3.18e-011  1.90e-011  
4.04761e+016 3.14e-019  5.01e-004  5.04e-006  4.37e-001  5.58e-001  4.34e-003  4.08e-009  2.19e-010  3.64e-011  3.32e-011  1.99e-011  
4.07070e+016 4.51e-019  7.62e-004  7.69e-006  4.45e-001  5.49e-001  4.50e-003  4.34e-009  2.33e-010  3.85e-011  3.50e-011  2.10e-011  
4.09451e+016 6.49e-019  1.19e-003  1.20e-005  4.50e-001  5.44e-001  4.64e-003  4.62e-009  2.47e-010  4.12e-011  3.73e-011  2.23e-011  
4.11988e+016 9.09e-019  1.96e-003  1.98e-005  4.56e-001  5.37e-001  4.86e-003  5.02e-009  2.68e-010  4.47e-011  4.06e-011  2.43e-011  
4.14624e+016 1.21e-018  3.37e-003  3.40e-005  4.65e-001  5.26e-001  5.11e-003  5.51e-009  2.94e-010  4.91e-011  4.46e-011  2.68e-011  
4.17462e+016 1.49e-018  6.26e-003  6.33e-005  4.76e-001  5.13e-001  5.41e-003  6.19e-009  3.30e-010  5.50e-011  5.00e-011  3.00e-011  
4.20512e+016 1.63e-018  1.27e-002  1.29e-004  4.82e-001  4.99e-001  5.76e-003  7.07e-009  3.77e-010  6.27e-011  5.70e-011  3.42e-011  
4.23867e+016 1.51e-018  2.92e-002  2.95e-004  4.89e-001  4.75e-001  6.19e-003  8.22e-009  4.39e-010  7.29e-011  6.63e-011  3.99e-011  
4.27356e+016 1.54e-018  7.20e-002  7.26e-004  4.82e-001  4.39e-001  6.55e-003  9.53e-009  5.10e-010  8.49e-011  7.72e-011  4.63e-011  
4.30994e+016 3.55e-018  1.84e-001  1.86e-003  4.36e-001  3.71e-001  6.50e-003  1.05e-008  5.63e-010  9.37e-011  8.50e-011  5.09e-011  
4.34671e+016 1.42e-017  4.16e-001  4.20e-003  3.21e-001  2.54e-001  5.27e-003  9.59e-009  5.13e-010  8.53e-011  7.75e-011  4.66e-011  
4.38104e+016 5.77e-017  6.89e-001  6.96e-003  1.73e-001  1.28e-001  3.19e-003  6.48e-009  3.46e-010  5.77e-011  5.25e-011  3.15e-011  
4.41007e+016 1.94e-016  8.56e-001  8.61e-003  7.89e-002  5.47e-002  1.61e-003  3.65e-009  1.95e-010  3.24e-011  2.95e-011  1.77e-011  
4.42181e+016 3.14e-016  8.98e-001  9.07e-003  5.48e-002  3.72e-002  1.17e-003  2.76e-009  1.48e-010  2.46e-011  2.23e-011  1.34e-011  
4.42811e+016 4.04e-016  9.15e-001  9.23e-003  4.45e-002  2.99e-002  9.77e-004  2.37e-009  1.26e-010  2.10e-011  1.91e-011  1.15e-011  
4.43809e+016 6.01e-016  9.37e-001  9.47e-003  3.16e-002  2.11e-002  7.27e-004  1.83e-009  9.74e-011  1.62e-011  1.47e-011  8.84e-012  
4.45030e+016 9.43e-016  9.55e-001  9.65e-003  2.09e-002  1.35e-002  5.04e-004  1.33e-009  7.08e-011  1.18e-011  1.07e-011  6.43e-012  
4.45401e+016 1.07e-015  9.60e-001  9.78e-003  1.84e-002  1.17e-002  4.51e-004  1.20e-009  6.43e-011  1.07e-011  9.69e-012  5.83e-012  
4.45998e+016 1.32e-015  9.66e-001  9.73e-003  1.49e-002  9.43e-003  3.76e-004  1.03e-009  5.47e-011  9.12e-012  8.29e-012  4.97e-012  
4.46779e+016 1.68e-015  9.71e-001  9.83e-003  1.14e-002  7.09e-003  2.98e-004  8.40e-010  4.49e-011  7.45e-012  6.79e-012  4.08e-012  
4.48006e+016 2.35e-015  9.78e-001  9.86e-003  7.65e-003  4.63e-003  2.10e-004  6.25e-010  3.33e-011  5.53e-012  5.06e-012  3.03e-012  
4.48529e+016 2.67e-015  9.80e-001  9.91e-003  6.43e-003  3.81e-003  1.82e-004  5.50e-010  2.95e-011  4.90e-012  4.45e-012  2.67e-012  
4.48834e+016 2.87e-015  9.81e-001  9.91e-003  5.86e-003  3.46e-003  1.68e-004  5.16e-010  2.75e-011  4.57e-012  4.15e-012  2.50e-012  
4.49346e+016 3.19e-015  9.82e-001  9.91e-003  5.05e-003  2.98e-003  1.48e-004  4.64e-010  2.48e-011  4.14e-012  3.76e-012  2.26e-012  
4.49870e+016 3.53e-015  9.83e-001  9.94e-003  4.33e-003  2.56e-003  1.32e-004  4.22e-010  2.25e-011  3.74e-012  3.40e-012  2.05e-012  
4.50684e+016 4.08e-015  9.84e-001  9.94e-003  3.50e-003  2.03e-003  1.10e-004  3.67e-010  1.96e-011  3.26e-012  2.96e-012  1.78e-012  
4.51867e+016 4.90e-015  9.86e-001  9.94e-003  2.63e-003  1.49e-003  8.84e-005  3.08e-010  1.65e-011  2.74e-012  2.49e-012  1.49e-012  
4.51946e+016 4.96e-015  9.86e-001  9.96e-003  2.54e-003  1.43e-003  8.65e-005  3.02e-010  1.62e-011  2.68e-012  2.44e-012  1.47e-012  
4.52061e+016 5.04e-015  9.86e-001  9.98e-003  2.48e-003  1.39e-003  8.47e-005  2.98e-010  1.59e-011  2.64e-012  2.40e-012  1.44e-012  
4.52265e+016 5.19e-015  9.86e-001  9.96e-003  2.37e-003  1.32e-003  8.19e-005  2.89e-010  1.55e-011  2.58e-012  2.35e-012  1.41e-012  
4.52632e+016 5.44e-015  9.87e-001  9.98e-003  2.20e-003  1.22e-003  7.72e-005  2.77e-010  1.49e-011  2.48e-012  2.24e-012  1.35e-012  
4.53239e+016 5.89e-015  9.87e-001  9.97e-003  1.95e-003  1.06e-003  7.05e-005  2.62e-010  1.39e-011  2.33e-012  2.11e-012  1.27e-012  
4.54167e+016 6.58e-015  9.87e-001  9.98e-003  1.64e-003  8.77e-004  6.18e-005  2.39e-010  1.28e-011  2.13e-012  1.93e-012  1.16e-012  
4.55446e+016 7.61e-015  9.88e-001  9.99e-003  1.28e-003  6.81e-004  5.24e-005  2.15e-010  1.15e-011  1.92e-012  1.73e-012  1.04e-012  
4.55658e+016 7.79e-015  9.88e-001  9.97e-003  1.23e-003  6.48e-004  5.11e-005  2.12e-010  1.13e-011  1.89e-012  1.71e-012  1.03e-012  
4.55697e+016 7.81e-015  9.88e-001  9.98e-003  1.22e-003  6.26e-004  5.07e-005  2.10e-010  1.12e-011  1.87e-012  1.70e-012  1.02e-012  
4.55761e+016 7.86e-015  9.88e-001  9.98e-003  1.21e-003  6.16e-004  5.04e-005  2.09e-010  1.12e-011  1.86e-012  1.69e-012  1.01e-012  
4.55871e+016 7.95e-015  9.88e-001  9.98e-003  1.19e-003  6.03e-004  4.97e-005  2.07e-010  1.11e-011  1.85e-012  1.68e-012  1.01e-012  
4.56066e+016 8.13e-015  9.88e-001  9.98e-003  1.15e-003  5.85e-004  4.85e-005  2.06e-010  1.10e-011  1.82e-012  1.66e-012  9.94e-013  
4.56410e+016 8.42e-015  9.88e-001  9.99e-003  1.08e-003  5.52e-004  4.68e-005  2.01e-010  1.07e-011  1.78e-012  1.63e-012  9.74e-013  
4.56849e+016 8.82e-015  9.88e-001  9.99e-003  1.00e-003  5.13e-004  4.47e-005  1.95e-010  1.04e-011  1.73e-012  1.58e-012  9.49e-013  
4.57241e+016 9.19e-015  9.89e-001  9.98e-003  9.38e-004  4.79e-004  4.28e-005  1.91e-010  1.02e-011  1.70e-012  1.55e-012  9.26e-013  
4.57850e+016 9.77e-015  9.89e-001  9.98e-003  8.53e-004  4.28e-004  4.01e-005  1.84e-010  9.86e-012  1.64e-012  1.49e-012  8.96e-013  
4.58802e+016 1.07e-014  9.89e-001  9.98e-003  7.33e-004  3.56e-004  3.65e-005  1.75e-010  9.42e-012  1.57e-012  1.42e-012  8.53e-013  
4.59720e+016 1.17e-014  9.89e-001  9.98e-003  6.32e-004  3.01e-004  3.32e-005  1.68e-010  8.95e-012  1.49e-012  1.36e-012  8.14e-013  
4.59734e+016 1.17e-014  9.89e-001  9.98e-003  6.29e-004  2.97e-004  3.32e-005  1.68e-010  8.95e-012  1.49e-012  1.36e-012  8.13e-013  
4.59759e+016 1.17e-014  9.89e-001  9.98e-003  6.20e-004  2.92e-004  3.31e-005  1.67e-010  8.95e-012  1.48e-012  1.35e-012  8.11e-013  
4.59802e+016 1.17e-014  9.89e-001  1.01e-002  6.13e-004  2.89e-004  3.31e-005  1.67e-010  8.95e-012  1.48e-012  1.36e-012  8.11e-013  
4.59873e+016 1.18e-014  9.89e-001  9.98e-003  6.06e-004  2.85e-004  3.28e-005  1.67e-010  8.88e-012  1.48e-012  1.34e-012  8.07e-013  
4.59993e+016 1.20e-014  9.89e-001  9.97e-003  5.92e-004  2.78e-004  3.23e-005  1.65e-010  8.81e-012  1.46e-012  1.33e-012  7.98e-013  
4.60196e+016 1.22e-014  9.89e-001  9.97e-003  5.76e-004  2.68e-004  3.17e-005  1.63e-010  8.75e-012  1.46e-012  1.32e-012  7.93e-013  
4.60580e+016 1.26e-014  9.89e-001  1.00e-002  5.47e-004  2.51e-004  3.06e-005  1.61e-010  8.63e-012  1.44e-012  1.31e-012  7.83e-013  
4.61139e+016 1.33e-014  9.89e-001  1.00e-002  5.01e-004  2.29e-004  2.89e-005  1.57e-010  8.39e-012  1.40e-012  1.27e-012  7.64e-013  
4.61801e+016 1.43e-014  9.89e-001  9.96e-003  4.48e-004  2.05e-004  2.71e-005  1.52e-010  8.14e-012  1.35e-012  1.23e-012  7.37e-013  
4.62829e+016 1.57e-014  9.89e-001  9.96e-003  3.78e-004  1.70e-004  2.46e-005  1.46e-010  7.79e-012  1.30e-012  1.18e-012  7.09e-013  
4.63958e+016 1.73e-014  9.90e-001  1.00e-002  3.17e-004  1.38e-004  2.22e-005  1.40e-010  7.46e-012  1.24e-012  1.13e-012  6.83e-013  
4.64165e+016 1.77e-014  9.90e-001  9.95e-003  3.04e-004  1.31e-004  2.16e-005  1.39e-010  7.41e-012  1.23e-012  1.12e-012  6.73e-013  
4.64187e+016 1.76e-014  9.90e-001  1.00e-002  3.01e-004  1.30e-004  2.17e-005  1.39e-010  7.39e-012  1.23e-012  1.12e-012  6.71e-013  
4.64224e+016 1.77e-014  9.90e-001  9.95e-003  2.97e-004  1.25e-004  2.15e-005  1.37e-010  7.35e-012  1.23e-012  1.11e-012  6.67e-013  
4.64286e+016 1.77e-014  9.90e-001  1.00e-002  2.95e-004  1.23e-004  2.15e-005  1.38e-010  7.35e-012  1.23e-012  1.11e-012  6.67e-013  
4.64396e+016 1.79e-014  9.90e-001  1.00e-002  2.89e-004  1.21e-004  2.12e-005  1.37e-010  7.32e-012  1.22e-012  1.11e-012  6.65e-013  
4.64596e+016 1.82e-014  9.90e-001  1.00e-002  2.79e-004  1.17e-004  2.08e-005  1.36e-010  7.26e-012  1.21e-012  1.11e-012  6.60e-013  
4.64933e+016 1.88e-014  9.90e-001  1.00e-002  2.64e-004  1.10e-004  2.02e-005  1.34e-010  7.18e-012  1.20e-012  1.09e-012  6.49e-013  
4.65501e+016 1.98e-014  9.90e-001  1.00e-002  2.42e-004  9.95e-005  1.91e-005  1.31e-010  7.02e-012  1.17e-012  1.06e-012  6.36e-013  
4.66259e+016 2.12e-014  9.90e-001  9.99e-003  2.14e-004  8.53e-005  1.77e-005  1.28e-010  6.83e-012  1.14e-012  1.03e-012  6.17e-013  
4.67450e+016 2.35e-014  9.90e-001  9.98e-003  1.75e-004  6.88e-005  1.57e-005  1.22e-010  6.50e-012  1.09e-012  9.86e-013  5.90e-013  
4.68726e+016 2.63e-014  9.90e-001  1.00e-002  1.39e-004  5.33e-005  1.39e-005  1.16e-010  6.21e-012  1.04e-012  9.40e-013  5.63e-013  
4.69009e+016 2.70e-014  9.90e-001  9.97e-003  1.32e-004  5.00e-005  1.35e-005  1.15e-010  6.15e-012  1.02e-012  9.31e-013  5.56e-013  
4.69024e+016 2.70e-014  9.90e-001  9.97e-003  1.31e-004  4.93e-005  1.35e-005  1.15e-010  6.15e-012  1.02e-012  9.31e-013  5.56e-013  
4.69048e+016 2.70e-014  9.90e-001  9.97e-003  1.31e-004  4.86e-005  1.34e-005  1.15e-010  6.12e-012  1.02e-012  9.27e-013  5.56e-013  
4.69090e+016 2.70e-014  9.90e-001  1.00e-002  1.30e-004  4.67e-005  1.34e-005  1.15e-010  6.12e-012  1.02e-012  9.27e-013  5.56e-013  
4.69160e+016 2.71e-014  9.90e-001  1.00e-002  1.27e-004  4.43e-005  1.33e-005  1.14e-010  6.09e-012  1.02e-012  9.23e-013  5.54e-013  
4.69279e+016 2.74e-014  9.90e-001  9.97e-003  1.24e-004  4.31e-005  1.31e-005  1.13e-010  6.06e-012  1.01e-012  9.17e-013  5.52e-013  
4.69476e+016 2.78e-014  9.90e-001  1.00e-002  1.20e-004  4.18e-005  1.29e-005  1.13e-010  6.01e-012  1.00e-012  9.11e-013  5.47e-013  
4.69806e+016 2.86e-014  9.90e-001  1.00e-002  1.14e-004  3.95e-005  1.25e-005  1.12e-010  5.95e-012  9.93e-013  9.02e-013  5.42e-013  
4.70337e+016 3.00e-014  9.90e-001  1.00e-002  1.02e-004  3.60e-005  1.18e-005  1.09e-010  5.83e-012  9.73e-013  8.83e-013  5.30e-013  
4.70622e+016 3.08e-014  9.90e-001  1.00e-002  9.70e-005  3.41e-005  1.15e-005  1.08e-010  5.78e-012  9.61e-013  8.73e-013  5.23e-013  
4.71061e+016 3.19e-014  9.90e-001  1.00e-002  9.08e-005  3.13e-005  1.10e-005  1.07e-010  5.70e-012  9.49e-013  8.61e-013  5.17e-013  
4.71746e+016 3.39e-014  9.90e-001  9.99e-003  8.04e-005  2.69e-005  1.02e-005  1.04e-010  5.54e-012  9.22e-013  8.40e-013  5.04e-013  
4.72860e+016 3.73e-014  9.90e-001  1.00e-002  6.55e-005  2.08e-005  9.07e-006  9.95e-011  5.31e-012  8.85e-013  8.05e-013  4.83e-013  
4.74240e+016 4.18e-014  9.90e-001  9.99e-003  4.97e-005  1.52e-005  7.82e-006  9.47e-011  5.05e-012  8.42e-013  7.65e-013  4.59e-013  
4.74305e+016 4.20e-014  9.90e-001  9.99e-003  4.93e-005  1.50e-005  7.78e-006  9.45e-011  5.04e-012  8.40e-013  7.64e-013  4.59e-013  
4.74313e+016 4.21e-014  9.90e-001  9.99e-003  4.89e-005  1.49e-005  7.76e-006  9.42e-011  5.03e-012  8.38e-013  7.62e-013  4.58e-013  
4.74348e+016 4.22e-014  9.90e-001  9.99e-003  4.88e-005  1.48e-005  7.72e-006  9.40e-011  5.02e-012  8.38e-013  7.60e-013  4.57e-013  
4.74406e+016 4.23e-014  9.90e-001  9.99e-003  4.80e-005  1.43e-005  7.68e-006  9.40e-011  5.01e-012  8.36e-013  7.61e-013  4.56e-013  
4.74503e+016 4.25e-014  9.90e-001  1.00e-002  4.68e-005  1.33e-005  7.62e-006  9.36e-011  5.01e-012  8.32e-013  7.57e-013  4.54e-013  
4.74676e+016 4.30e-014  9.90e-001  1.00e-002  4.46e-005  1.25e-005  7.51e-006  9.27e-011  4.95e-012  8.25e-013  7.51e-013  4.51e-013  
4.74972e+016 4.40e-014  9.90e-001  1.00e-002  4.18e-005  1.15e-005  7.27e-006  9.17e-011  4.90e-012  8.15e-013  7.42e-013  4.45e-013  
4.75283e+016 4.53e-014  9.90e-001  9.99e-003  3.93e-005  1.06e-005  7.00e-006  9.06e-011  4.84e-012  8.07e-013  7.34e-013  4.40e-013  
4.75365e+016 4.56e-014  9.90e-001  1.00e-002  3.89e-005  1.04e-005  6.94e-006  9.04e-011  4.83e-012  8.03e-013  7.31e-013  4.39e-013  
4.75556e+016 4.63e-014  9.90e-001  1.00e-002  3.74e-005  9.96e-006  6.81e-006  8.99e-011  4.80e-012  8.00e-013  7.26e-013  4.37e-013  
4.75856e+016 4.75e-014  9.90e-001  1.00e-002  3.54e-005  9.41e-006  6.57e-006  8.89e-011  4.76e-012  7.92e-013  7.18e-013  4.32e-013  
4.76342e+016 4.95e-014  9.90e-001  1.00e-002  3.19e-005  8.51e-006  6.22e-006  8.75e-011  4.67e-012  7.78e-013  7.07e-013  4.24e-013  
4.77120e+016 5.28e-014  9.90e-001  1.00e-002  2.67e-005  7.04e-006  5.72e-006  8.50e-011  4.54e-012  7.55e-013  6.87e-013  4.13e-013  
4.78339e+016 5.85e-014  9.90e-001  1.00e-002  2.09e-005  5.13e-006  4.98e-006  8.12e-011  4.34e-012  7.23e-013  6.57e-013  3.93e-013  
4.79819e+016 6.60e-014  9.90e-001  9.99e-003  1.50e-005  3.27e-006  4.17e-006  7.70e-011  4.11e-012  6.85e-013  6.22e-013  3.73e-013  
4.80101e+016 6.75e-014  9.90e-001  1.00e-002  1.41e-005  3.01e-006  4.03e-006  7.62e-011  4.08e-012  6.77e-013  6.17e-013  3.69e-013  
4.80156e+016 6.78e-014  9.90e-001  1.00e-002  1.40e-005  2.97e-006  4.01e-006  7.60e-011  4.06e-012  6.76e-013  6.15e-013  3.69e-013  
4.80288e+016 6.85e-014  9.90e-001  1.00e-002  1.35e-005  2.85e-006  3.94e-006  7.56e-011  4.04e-012  6.73e-013  6.12e-013  3.66e-013  
4.80511e+016 6.97e-014  9.90e-001  1.00e-002  1.28e-005  2.64e-006  3.85e-006  7.50e-011  4.00e-012  6.67e-013  6.07e-013  3.64e-013  
4.80875e+016 7.17e-014  9.90e-001  1.00e-002  1.17e-005  2.33e-006  3.68e-006  7.40e-011  3.96e-012  6.58e-013  5.98e-013  3.58e-013  
4.81463e+016 7.52e-014  9.90e-001  9.99e-003  1.01e-005  1.90e-006  3.42e-006  7.24e-011  3.87e-012  6.44e-013  5.85e-013  3.51e-013  
4.82445e+016 8.12e-014  9.90e-001  1.00e-002  7.93e-006  1.40e-006  3.03e-006  6.98e-011  3.73e-012  6.22e-013  5.65e-013  3.39e-013  
4.83636e+016 8.93e-014  9.90e-001  1.00e-002  5.80e-006  9.55e-007  2.61e-006  6.69e-011  3.57e-012  5.95e-013  5.41e-013  3.25e-013  
4.84912e+016 9.87e-014  9.90e-001  1.00e-002  4.05e-006  6.06e-007  2.23e-006  6.39e-011  3.41e-012  5.68e-013  5.17e-013  3.10e-013  
4.86294e+016 1.10e-013  9.90e-001  9.99e-003  2.69e-006  3.62e-007  1.86e-006  6.07e-011  3.24e-012  5.40e-013  4.90e-013  2.94e-013  
4.87591e+016 1.21e-013  9.90e-001  9.98e-003  1.82e-006  2.14e-007  1.58e-006  5.81e-011  3.10e-012  5.16e-013  4.69e-013  2.82e-013  
4.88968e+016 1.34e-013  9.90e-001  9.97e-003  1.16e-006  1.15e-007  1.31e-006  5.54e-011  2.96e-012  4.93e-013  4.47e-013  2.69e-013  
4.90444e+016 1.50e-013  9.90e-001  1.00e-002  6.96e-007  5.62e-008  1.08e-006  5.26e-011  2.82e-012  4.68e-013  4.26e-013  2.56e-013  
4.91980e+016 1.68e-013  9.90e-001  1.00e-002  3.83e-007  2.46e-008  8.65e-007  4.97e-011  2.66e-012  4.43e-013  4.03e-013  2.42e-013  
4.93317e+016 1.85e-013  9.90e-001  9.95e-003  2.16e-007  1.11e-008  7.09e-007  4.74e-011  2.53e-012  4.21e-013  3.83e-013  2.30e-013  
4.94239e+016 1.97e-013  9.90e-001  1.00e-002  1.39e-007  5.94e-009  6.24e-007  4.59e-011  2.46e-012  4.09e-013  3.72e-013  2.23e-013  
4.95192e+016 2.10e-013  9.90e-001  1.00e-002  8.66e-008  2.97e-009  5.43e-007  4.46e-011  2.38e-012  3.96e-013  3.60e-013  2.16e-013  
4.96202e+016 2.24e-013  9.90e-001  1.00e-002  5.44e-008  1.48e-009  4.68e-007  4.32e-011  2.31e-012  3.84e-013  3.50e-013  2.10e-013  
4.97297e+016 2.41e-013  9.90e-001  1.00e-002  3.08e-008  6.17e-010  3.94e-007  4.18e-011  2.22e-012  3.70e-013  3.37e-013  2.02e-013  
4.98461e+016 2.61e-013  9.90e-001  9.98e-003  1.58e-008  2.15e-010  3.28e-007  3.99e-011  2.14e-012  3.56e-013  3.24e-013  1.95e-013  
4.99670e+016 2.81e-013  9.90e-001  1.00e-002  7.23e-009  6.34e-011  2.73e-007  3.88e-011  2.07e-012  3.44e-013  3.13e-013  1.88e-013  
5.00936e+016 3.03e-013  9.90e-001  1.00e-002  2.76e-009  1.55e-011  2.25e-007  3.73e-011  1.99e-012  3.30e-013  3.01e-013  1.81e-013  
5.02240e+016 3.27e-013  9.90e-001  9.99e-003  8.40e-010  3.15e-012  1.83e-007  3.58e-011  1.92e-012  3.18e-013  2.90e-013  1.74e-013  
5.03584e+016 3.52e-013  9.90e-001  1.00e-002  2.35e-010  6.26e-013  1.47e-007  3.47e-011  1.85e-012  3.07e-013  2.80e-013  1.68e-013  
5.05026e+016 3.80e-013  9.90e-001  9.98e-003  6.66e-011  7.32e-014  1.14e-007  3.34e-011  1.78e-012  2.98e-013  2.69e-013  1.62e-013  
5.05959e+016 3.99e-013  9.90e-001  1.00e-002  2.66e-011  1.55e-014  9.77e-008  3.26e-011  1.74e-012  2.91e-013  2.63e-013  1.58e-013  
5.06957e+016 4.21e-013  9.90e-001  1.00e-002  8.19e-012  2.42e-015  8.38e-008  3.18e-011  1.70e-012  2.83e-013  2.59e-013  1.55e-013  
5.07988e+016 4.44e-013  9.90e-001  9.99e-003  2.03e-012  4.41e-016  7.09e-008  3.13e-011  1.67e-012  2.77e-013  2.52e-013  1.51e-013  
5.09058e+016 4.70e-013  9.90e-001  1.00e-002  4.11e-013  6.11e-017  5.94e-008  3.04e-011  1.63e-012  2.73e-013  2.47e-013  1.48e-013  
5.10237e+016 4.99e-013  9.90e-001  1.00e-002  6.17e-014  5.71e-018  4.83e-008  2.99e-011  1.60e-012  2.65e-013  2.40e-013  1.45e-013  
5.11496e+016 5.32e-013  9.90e-001  9.99e-003  7.06e-015  3.76e-019  3.83e-008  2.91e-011  1.56e-012  2.59e-013  2.35e-013  1.41e-013  
5.12843e+016 5.69e-013  9.90e-001  1.00e-002  8.23e-016  1.55e-020  2.66e-008  2.85e-011  1.52e-012  2.53e-013  2.30e-013  1.38e-013  
5.14296e+016 6.10e-013  9.90e-001  1.00e-002  9.44e-017  6.23e-022  1.77e-008  2.79e-011  1.49e-012  2.48e-013  2.26e-013  1.35e-013  
5.15425e+016 6.43e-013  9.90e-001  1.00e-002  2.95e-017  1.36e-022  1.30e-008  2.75e-011  1.47e-012  2.46e-013  2.22e-013  1.34e-013  
5.16792e+016 6.86e-013  9.90e-001  1.00e-002  2.08e-018  3.98e-024  8.76e-009  2.71e-011  1.45e-012  2.41e-013  2.19e-013  1.32e-013  
5.18319e+016 7.35e-013  9.90e-001  1.00e-002  8.39e-020  6.09e-026  5.56e-009  2.67e-011  1.43e-012  2.38e-013  2.16e-013  1.30e-013  
5.19950e+016 7.90e-013  9.90e-001  1.00e-002  2.27e-021  5.39e-028  3.30e-009  2.63e-011  1.41e-012  2.34e-013  2.13e-013  1.28e-013  
5.21655e+016 8.51e-013  9.90e-001  9.99e-003  3.34e-023  3.13e-030  1.87e-009  2.60e-011  1.39e-012  2.32e-013  2.10e-013  1.26e-013  
5.23457e+016 9.15e-013  9.90e-001  1.00e-002  7.83e-025  7.67e-032  9.76e-010  2.58e-011  1.38e-012  2.29e-013  2.09e-013  1.26e-013  
5.25384e+016 9.89e-013  9.90e-001  1.00e-002  7.76e-027  1.71e-033  4.76e-010  2.56e-011  1.37e-012  2.28e-013  2.07e-013  1.24e-013  
5.27451e+016 1.07e-012  9.90e-001  9.99e-003  5.28e-029  3.90e-036  1.97e-010  2.55e-011  1.36e-012  2.27e-013  2.06e-013  1.23e-013  
5.29668e+016 1.16e-012  9.90e-001  9.99e-003  1.78e-031  2.66e-039  6.36e-011  2.54e-011  1.36e-012  2.26e-013  2.06e-013  1.23e-013  
5.31993e+016 1.26e-012  9.90e-001  9.98e-003  2.38e-034  2.38e-043  1.17e-011  2.53e-011  1.35e-012  2.25e-013  2.05e-013  1.23e-013  
5.34440e+016 1.36e-012  9.90e-001  9.97e-003  1.92e-035  4.24e-044  1.93e-012  2.55e-011  1.36e-012  2.27e-013  2.06e-013  1.24e-013  
5.36995e+016 1.47e-012  9.90e-001  1.00e-002  1.32e-039  1.09e-047  3.17e-013  2.56e-011  1.37e-012  2.28e-013  2.07e-013  1.25e-013  
5.39765e+016 1.60e-012  9.90e-001  1.00e-002  3.72e-043  8.83e-053  1.54e-014  2.59e-011  1.38e-012  2.31e-013  2.10e-013  1.26e-013  
5.42627e+016 1.72e-012  9.90e-001  1.00e-002  2.06e-044  1.77e-053  4.45e-016  2.63e-011  1.41e-012  2.34e-013  2.13e-013  1.28e-013  
5.45738e+016 1.85e-012  9.90e-001  1.00e-002  2.25e-049  3.45e-058  1.34e-017  2.68e-011  1.43e-012  2.39e-013  2.17e-013  1.30e-013  
5.49079e+016 1.99e-012  9.90e-001  1.00e-002  1.21e-050  6.13e-060  3.61e-020  2.74e-011  1.46e-012  2.44e-013  2.22e-013  1.33e-013  
5.52575e+016 2.12e-012  9.90e-001  9.99e-003  3.41e-056  4.65e-065  4.17e-022  2.82e-011  1.51e-012  2.51e-013  2.28e-013  1.37e-013  
5.56155e+016 2.24e-012  9.90e-001  9.99e-003  6.38e-058  4.50e-067  1.68e-025  2.92e-011  1.56e-012  2.60e-013  2.36e-013  1.42e-013  
5.59918e+016 2.35e-012  9.90e-001  9.99e-003  1.50e-063  4.42e-073  7.99e-028  3.04e-011  1.62e-012  2.70e-013  2.46e-013  1.47e-013  
5.63913e+016 2.45e-012  9.90e-001  9.98e-003  3.56e-066  3.74e-074  2.90e-031  3.18e-011  1.70e-012  2.83e-013  2.57e-013  1.54e-013  
5.68226e+016 2.53e-012  9.90e-001  1.00e-002  1.16e-071  7.33e-081  3.30e-037  3.37e-011  1.80e-012  2.99e-013  2.72e-013  1.63e-013  
5.72780e+016 2.59e-012  9.90e-001  9.98e-003  3.22e-074  8.78e-083  1.35e-038  3.56e-011  1.90e-012  3.17e-013  2.88e-013  1.73e-013  
5.77650e+016 2.61e-012  9.90e-001  9.98e-003  1.39e-081  0.00e+000  3.04e-045  3.81e-011  2.04e-012  3.39e-013  3.09e-013  1.85e-013  
5.82707e+016 2.60e-012  9.90e-001  1.00e-002  6.24e-084  0.00e+000  2.65e-049  4.12e-011  2.19e-012  3.65e-013  3.32e-013  1.99e-013  
5.88124e+016 2.56e-012  9.90e-001  9.98e-003  0.00e+000  0.00e+000  1.75e-057  4.42e-011  2.37e-012  3.95e-013  3.59e-013  2.15e-013  
5.93801e+016 2.47e-012  9.90e-001  9.98e-003  0.00e+000  0.00e+000  1.28e-061  4.85e-011  2.58e-012  4.28e-013  3.91e-013  2.34e-013  
5.99878e+016 2.36e-012  9.90e-001  1.00e-002  0.00e+000  0.00e+000  1.73e-068  5.29e-011  2.83e-012  4.70e-013  4.27e-013  2.57e-013  
6.06254e+016 2.24e-012  9.90e-001  9.99e-003  0.00e+000  0.00e+000  2.57e-072  5.80e-011  3.10e-012  5.17e-013  4.68e-013  2.81e-013  
6.12860e+016 2.09e-012  9.90e-001  1.00e-002  0.00e+000  0.00e+000  1.43e-076  6.41e-011  3.42e-012  5.69e-013  5.17e-013  3.11e-013  
6.19772e+016 1.94e-012  9.90e-001  1.00e-002  0.00e+000  0.00e+000  0.00e+000  7.06e-011  3.77e-012  6.29e-013  5.72e-013  3.42e-013  
6.27006e+016 1.78e-012  9.90e-001  9.96e-003  0.00e+000  0.00e+000  0.00e+000  7.82e-011  4.18e-012  6.98e-013  6.36e-013  3.80e-013  
6.34752e+016 1.62e-012  9.90e-001  9.96e-003  0.00e+000  0.00e+000  0.00e+000  8.72e-011  4.65e-012  7.73e-013  7.05e-013  4.23e-013  
6.43223e+016 1.44e-012  9.90e-001  1.00e-002  0.00e+000  0.00e+000  0.00e+000  9.83e-011  5.25e-012  8.72e-013  7.96e-013  4.78e-013  
6.52408e+016 1.29e-012  9.90e-001  9.98e-003  0.00e+000  0.00e+000  0.00e+000  1.11e-010  5.92e-012  9.82e-013  8.97e-013  5.38e-013  
6.62440e+016 1.14e-012  9.90e-001  9.99e-003  0.00e+000  0.00e+000  0.00e+000  1.27e-010  6.78e-012  1.13e-012  1.03e-012  6.15e-013  
6.73219e+016 9.99e-013  9.90e-001  1.00e-002  0.00e+000  0.00e+000  0.00e+000  1.47e-010  7.86e-012  1.31e-012  1.19e-012  7.13e-013  
6.84641e+016 8.76e-013  9.90e-001  1.00e-002  0.00e+000  0.00e+000  0.00e+000  1.71e-010  9.15e-012  1.52e-012  1.38e-012  8.30e-013  
6.96945e+016 7.68e-013  9.90e-001  1.00e-002  0.00e+000  0.00e+000  0.00e+000  2.02e-010  1.08e-011  1.80e-012  1.63e-012  9.78e-013  
7.10391e+016 6.72e-013  9.90e-001  1.00e-002  0.00e+000  0.00e+000  0.00e+000  2.41e-010  1.29e-011  2.14e-012  1.95e-012  1.17e-012  
7.25155e+016 5.90e-013  9.90e-001  9.98e-003  0.00e+000  0.00e+000  0.00e+000  2.93e-010  1.57e-011  2.61e-012  2.37e-012  1.42e-012  
7.42223e+016 5.16e-013  9.90e-001  1.00e-002  0.00e+000  0.00e+000  0.00e+000  3.70e-010  1.98e-011  3.29e-012  2.98e-012  1.79e-012  
7.63108e+016 4.51e-013  9.90e-001  1.00e-002  0.00e+000  0.00e+000  0.00e+000  4.91e-010  2.62e-011  4.37e-012  3.97e-012  2.38e-012  
7.86896e+016 3.98e-013  9.90e-001  1.00e-002  0.00e+000  0.00e+000  0.00e+000  6.81e-010  3.64e-011  6.06e-012  5.53e-012  3.32e-012  
8.18150e+016 3.53e-013  9.90e-001  1.00e-002  0.00e+000  0.00e+000  0.00e+000  1.05e-009  5.62e-011  9.36e-012  8.51e-012  5.11e-012  
8.55776e+016 3.17e-013  9.90e-001  9.99e-003  0.00e+000  0.00e+000  0.00e+000  1.78e-009  9.49e-011  1.58e-011  1.43e-011  8.61e-012  
9.00548e+016 2.90e-013  9.90e-001  1.00e-002  0.00e+000  0.00e+000  0.00e+000  3.30e-009  1.76e-010  2.94e-011  2.67e-011  1.60e-011  
9.53916e+016 2.67e-013  9.90e-001  1.00e-002  0.00e+000  0.00e+000  0.00e+000  6.86e-009  3.67e-010  6.11e-011  5.55e-011  3.34e-011  
1.01535e+017 2.47e-013  9.90e-001  1.00e-002  0.00e+000  0.00e+000  0.00e+000  1.56e-008  8.32e-010  1.39e-010  1.26e-010  7.56e-011  
1.09249e+017 2.29e-013  9.90e-001  9.99e-003  0.00e+000  0.00e+000  0.00e+000  4.00e-008  2.14e-009  3.56e-010  3.24e-010  1.95e-010  
1.19176e+017 2.11e-013  9.90e-001  9.99e-003  0.00e+000  0.00e+000  0.00e+000  1.06e-007  5.64e-009  9.38e-010  8.53e-010  5.12e-010  
1.32448e+017 1.91e-013  9.90e-001  1.00e-002  0.00e+000  0.00e+000  0.00e+000  2.17e-007  1.16e-008  1.93e-009  1.75e-009  1.05e-009  
