! 0       *H + *CH3CHO -> *CH3OCH2
! 1       *H + *CH3CHO -> CH3OCH2
! 2       *CH3CHO + He -> CH3CHO + He
! 3       *CH3CHO + H2 -> CH3CHO + H2
! 4       *CH3CHO + CO -> CH3CHO + CO
! 5       *CH3CHO + CRPhoton -> *HCO + *CH3
! 6       *CH3CHO + CRPhoton -> *CO + *CH4
! 7       *CH3CHO + CRPhoton -> *HCO + *CH3
! 8       *CH3CHO + CRPhoton -> *CH2CO + *H + *H
! 9       *CH3CHO + CRPhoton -> CH3CHO
!            tot_rate   0          1          2          3          4          5          6          7          8          9          
1.58188e+013 3.44e-019  9.90e-001  1.00e-002  0.00e+000  0.00e+000  0.00e+000  3.40e-011  3.40e-011  1.51e-011  5.86e-012  6.36e-015  
3.50727e+014 3.44e-019  9.90e-001  1.00e-002  0.00e+000  0.00e+000  0.00e+000  3.40e-011  3.40e-011  1.51e-011  5.86e-012  6.36e-015  
5.21628e+015 3.44e-019  9.90e-001  1.00e-002  0.00e+000  0.00e+000  0.00e+000  3.40e-011  3.40e-011  1.51e-011  5.86e-012  6.36e-015  
2.67137e+016 4.36e-019  9.90e-001  9.99e-003  0.00e+000  0.00e+000  0.00e+000  3.37e-011  3.37e-011  1.50e-011  5.82e-012  6.33e-015  
3.33598e+016 5.65e-019  9.90e-001  1.00e-002  0.00e+000  0.00e+000  0.00e+000  3.49e-011  3.49e-011  1.55e-011  6.04e-012  6.57e-015  
3.42055e+016 4.54e-019  9.90e-001  1.00e-002  0.00e+000  0.00e+000  6.95e-047  4.37e-011  4.37e-011  1.94e-011  7.54e-012  8.22e-015  
3.44017e+016 4.20e-019  9.90e-001  1.00e-002  0.00e+000  0.00e+000  1.99e-035  4.71e-011  4.71e-011  2.09e-011  8.12e-012  8.88e-015  
3.46353e+016 3.78e-019  9.90e-001  1.00e-002  0.00e+000  0.00e+000  5.98e-018  5.21e-011  5.21e-011  2.32e-011  9.03e-012  9.85e-015  
3.48860e+016 3.30e-019  9.90e-001  9.99e-003  0.00e+000  0.00e+000  6.15e-014  5.96e-011  5.96e-011  2.65e-011  1.03e-011  1.13e-014  
3.51370e+016 2.81e-019  9.90e-001  1.00e-002  0.00e+000  0.00e+000  4.63e-012  7.02e-011  7.02e-011  3.11e-011  1.21e-011  1.32e-014  
3.53250e+016 2.43e-019  9.90e-001  1.00e-002  0.00e+000  0.00e+000  2.71e-011  8.09e-011  8.09e-011  3.59e-011  1.40e-011  1.53e-014  
3.55515e+016 2.01e-019  9.90e-001  1.00e-002  3.05e-075  0.00e+000  1.31e-010  9.95e-011  9.95e-011  4.40e-011  1.71e-011  1.88e-014  
3.57182e+016 1.73e-019  9.90e-001  1.00e-002  5.04e-054  0.00e+000  3.67e-010  1.19e-010  1.19e-010  5.27e-011  2.05e-011  2.26e-014  
3.58524e+016 1.56e-019  9.90e-001  9.96e-003  1.11e-042  0.00e+000  8.23e-010  1.39e-010  1.39e-010  6.16e-011  2.40e-011  2.64e-014  
3.60047e+016 1.41e-019  9.90e-001  1.00e-002  2.23e-027  0.00e+000  1.27e-009  1.70e-010  1.70e-010  7.50e-011  2.92e-011  3.23e-014  
3.61718e+016 1.27e-019  9.90e-001  9.98e-003  1.44e-016  0.00e+000  2.12e-009  2.15e-010  2.15e-010  9.51e-011  3.70e-011  4.11e-014  
3.62899e+016 1.15e-019  9.90e-001  9.99e-003  3.79e-011  0.00e+000  3.27e-009  2.58e-010  2.58e-010  1.15e-010  4.45e-011  4.95e-014  
3.63893e+016 1.05e-019  9.90e-001  1.00e-002  1.27e-009  4.72e-064  4.89e-009  3.04e-010  3.04e-010  1.34e-010  5.24e-011  5.84e-014  
3.64972e+016 9.57e-020  9.90e-001  9.99e-003  3.08e-008  1.03e-037  7.95e-009  3.63e-010  3.63e-010  1.61e-010  6.26e-011  6.99e-014  
3.66124e+016 8.69e-020  9.90e-001  1.00e-002  1.69e-007  1.86e-025  1.42e-008  4.43e-010  4.43e-010  1.97e-010  7.63e-011  8.54e-014  
3.67348e+016 7.97e-020  9.90e-001  1.00e-002  7.33e-007  4.47e-017  2.77e-008  5.42e-010  5.42e-010  2.41e-010  9.35e-011  1.05e-013  
3.68621e+016 7.50e-020  9.90e-001  1.00e-002  2.44e-006  2.16e-009  5.68e-008  6.27e-010  6.27e-010  2.78e-010  1.08e-010  1.22e-013  
3.69700e+016 7.10e-020  9.90e-001  1.00e-002  6.37e-006  1.24e-007  1.14e-007  7.15e-010  7.15e-010  3.17e-010  1.23e-010  1.41e-013  
3.70376e+016 6.83e-020  9.90e-001  1.00e-002  1.13e-005  5.92e-007  1.85e-007  7.81e-010  7.81e-010  3.46e-010  1.35e-010  1.57e-013  
3.71087e+016 6.51e-020  9.90e-001  1.00e-002  2.01e-005  2.01e-006  3.18e-007  8.49e-010  8.49e-010  3.77e-010  1.46e-010  1.74e-013  
3.71826e+016 6.13e-020  9.90e-001  1.00e-002  3.59e-005  5.32e-006  5.72e-007  9.07e-010  9.07e-010  4.03e-010  1.56e-010  1.92e-013  
3.72589e+016 5.68e-020  9.90e-001  1.00e-002  6.25e-005  1.24e-005  1.07e-006  9.39e-010  9.39e-010  4.16e-010  1.62e-010  2.11e-013  
3.73370e+016 5.14e-020  9.90e-001  1.00e-002  1.06e-004  2.59e-005  2.02e-006  9.32e-010  9.32e-010  4.12e-010  1.61e-010  2.29e-013  
3.74165e+016 4.62e-020  9.90e-001  9.98e-003  1.73e-004  5.13e-005  3.75e-006  8.75e-010  8.75e-010  3.88e-010  1.51e-010  2.49e-013  
3.74829e+016 4.30e-020  9.90e-001  9.99e-003  2.60e-004  8.39e-005  6.04e-006  8.04e-010  8.04e-010  3.55e-010  1.38e-010  2.67e-013  
3.75505e+016 4.26e-020  9.89e-001  9.99e-003  3.80e-004  1.41e-004  9.43e-006  7.08e-010  7.08e-010  3.14e-010  1.22e-010  2.91e-013  
3.76194e+016 4.73e-020  9.89e-001  1.00e-002  5.83e-004  2.30e-004  1.46e-005  6.02e-010  6.02e-010  2.68e-010  1.04e-010  3.34e-013  
3.76839e+016 7.33e-020  9.89e-001  9.98e-003  9.16e-004  4.02e-004  2.35e-005  4.64e-010  4.64e-010  2.06e-010  8.00e-011  4.15e-013  
3.76854e+016 7.47e-020  9.89e-001  9.98e-003  9.27e-004  4.07e-004  2.37e-005  4.60e-010  4.60e-010  2.03e-010  7.93e-011  4.17e-013  
3.76877e+016 7.73e-020  9.89e-001  9.99e-003  9.47e-004  4.17e-004  2.42e-005  4.53e-010  4.53e-010  2.01e-010  7.82e-011  4.23e-013  
3.76917e+016 8.21e-020  9.89e-001  9.98e-003  9.79e-004  4.31e-004  2.51e-005  4.41e-010  4.41e-010  1.96e-010  7.61e-011  4.31e-013  
3.76980e+016 9.19e-020  9.88e-001  9.98e-003  1.04e-003  4.59e-004  2.66e-005  4.21e-010  4.21e-010  1.87e-010  7.26e-011  4.45e-013  
3.77083e+016 1.15e-019  9.88e-001  9.97e-003  1.14e-003  5.10e-004  2.94e-005  3.85e-010  3.85e-010  1.71e-010  6.64e-011  4.73e-013  
3.77248e+016 1.97e-019  9.88e-001  9.98e-003  1.38e-003  6.18e-004  3.57e-005  3.18e-010  3.18e-010  1.41e-010  5.47e-011  5.37e-013  
3.77450e+016 6.81e-019  9.87e-001  9.97e-003  2.07e-003  9.62e-004  5.43e-005  2.28e-010  2.28e-010  1.01e-010  3.92e-011  7.61e-013  
3.77655e+016 2.96e-018  9.72e-001  9.82e-003  1.20e-002  5.74e-003  3.09e-004  3.23e-010  3.23e-010  1.43e-010  5.57e-011  4.15e-012  
3.77936e+016 3.24e-021  9.65e-001  9.74e-003  1.69e-002  8.32e-003  4.19e-004  4.19e-010  4.19e-010  1.86e-010  7.21e-011  5.39e-012  
3.78016e+016 2.48e-021  9.62e-001  9.70e-003  1.89e-002  9.33e-003  4.65e-004  4.57e-010  4.57e-010  2.02e-010  7.84e-011  5.86e-012  
3.78111e+016 2.22e-021  9.58e-001  9.67e-003  2.15e-002  1.07e-002  5.22e-004  5.04e-010  5.04e-010  2.23e-010  8.68e-011  6.47e-012  
3.78273e+016 2.13e-021  9.50e-001  9.60e-003  2.62e-002  1.32e-002  6.21e-004  5.83e-010  5.83e-010  2.59e-010  1.01e-010  7.53e-012  
3.78530e+016 2.09e-021  9.36e-001  9.45e-003  3.57e-002  1.82e-002  8.21e-004  7.40e-010  7.40e-010  3.28e-010  1.28e-010  9.55e-012  
3.78818e+016 2.10e-021  9.15e-001  9.24e-003  4.91e-002  2.59e-002  1.10e-003  9.48e-010  9.48e-010  4.20e-010  1.63e-010  1.22e-011  
3.79076e+016 2.07e-021  8.90e-001  9.00e-003  6.44e-002  3.48e-002  1.40e-003  1.16e-009  1.16e-009  5.18e-010  2.01e-010  1.50e-011  
3.79253e+016 2.07e-021  8.76e-001  8.86e-003  7.31e-002  4.03e-002  1.57e-003  1.27e-009  1.27e-009  5.62e-010  2.19e-010  1.64e-011  
3.79502e+016 2.06e-021  8.53e-001  8.63e-003  8.73e-002  4.90e-002  1.83e-003  1.43e-009  1.43e-009  6.35e-010  2.47e-010  1.85e-011  
3.79755e+016 2.06e-021  8.29e-001  8.38e-003  1.03e-001  5.81e-002  2.10e-003  1.59e-009  1.59e-009  7.07e-010  2.75e-010  2.05e-011  
3.79897e+016 2.07e-021  8.15e-001  8.19e-003  1.11e-001  6.36e-002  2.25e-003  1.67e-009  1.67e-009  7.42e-010  2.89e-010  2.15e-011  
3.79918e+016 2.07e-021  8.12e-001  8.21e-003  1.13e-001  6.47e-002  2.28e-003  1.69e-009  1.69e-009  7.49e-010  2.92e-010  2.18e-011  
3.79956e+016 2.07e-021  8.08e-001  8.17e-003  1.16e-001  6.63e-002  2.32e-003  1.72e-009  1.72e-009  7.64e-010  2.96e-010  2.22e-011  
3.80017e+016 2.07e-021  8.01e-001  8.11e-003  1.20e-001  6.90e-002  2.39e-003  1.76e-009  1.76e-009  7.77e-010  3.02e-010  2.26e-011  
3.80129e+016 2.08e-021  7.89e-001  7.94e-003  1.27e-001  7.41e-002  2.52e-003  1.82e-009  1.82e-009  8.08e-010  3.15e-010  2.35e-011  
3.80319e+016 2.09e-021  7.66e-001  7.76e-003  1.40e-001  8.33e-002  2.75e-003  1.94e-009  1.94e-009  8.62e-010  3.35e-010  2.50e-011  
3.80578e+016 2.11e-021  7.36e-001  7.45e-003  1.59e-001  9.54e-002  3.05e-003  2.10e-009  2.10e-009  9.30e-010  3.62e-010  2.70e-011  
3.80629e+016 2.11e-021  7.29e-001  7.39e-003  1.62e-001  9.81e-002  3.11e-003  2.12e-009  2.12e-009  9.43e-010  3.66e-010  2.73e-011  
3.80713e+016 2.12e-021  7.20e-001  7.25e-003  1.68e-001  1.02e-001  3.20e-003  2.17e-009  2.17e-009  9.60e-010  3.73e-010  2.79e-011  
3.80859e+016 2.14e-021  7.02e-001  7.11e-003  1.79e-001  1.09e-001  3.37e-003  2.25e-009  2.25e-009  9.97e-010  3.88e-010  2.89e-011  
3.81083e+016 2.19e-021  6.76e-001  6.81e-003  1.93e-001  1.20e-001  3.60e-003  2.34e-009  2.34e-009  1.04e-009  4.04e-010  3.02e-011  
3.81265e+016 2.25e-021  6.55e-001  6.59e-003  2.05e-001  1.30e-001  3.79e-003  2.43e-009  2.43e-009  1.08e-009  4.19e-010  3.13e-011  
3.81480e+016 2.36e-021  6.28e-001  6.37e-003  2.20e-001  1.41e-001  4.03e-003  2.52e-009  2.52e-009  1.12e-009  4.33e-010  3.25e-011  
3.81769e+016 2.75e-021  5.97e-001  6.01e-003  2.39e-001  1.54e-001  4.26e-003  2.61e-009  2.61e-009  1.16e-009  4.52e-010  3.36e-011  
3.81836e+016 2.92e-021  5.90e-001  5.97e-003  2.43e-001  1.57e-001  4.36e-003  2.63e-009  2.63e-009  1.17e-009  4.53e-010  3.39e-011  
3.81952e+016 3.38e-021  5.78e-001  5.84e-003  2.50e-001  1.62e-001  4.44e-003  2.67e-009  2.67e-009  1.18e-009  4.59e-010  3.44e-011  
3.82149e+016 5.09e-021  5.56e-001  5.62e-003  2.61e-001  1.72e-001  4.58e-003  2.71e-009  2.71e-009  1.20e-009  4.68e-010  3.50e-011  
3.82433e+016 1.37e-020  5.27e-001  5.32e-003  2.77e-001  1.86e-001  4.82e-003  2.79e-009  2.79e-009  1.24e-009  4.80e-010  3.59e-011  
3.82740e+016 5.19e-020  4.95e-001  5.01e-003  2.95e-001  2.00e-001  5.07e-003  2.85e-009  2.85e-009  1.27e-009  4.93e-010  3.68e-011  
3.83054e+016 1.65e-019  4.65e-001  4.70e-003  3.12e-001  2.13e-001  5.29e-003  2.92e-009  2.92e-009  1.29e-009  5.03e-010  3.76e-011  
3.83376e+016 2.76e-019  4.35e-001  4.38e-003  3.27e-001  2.29e-001  5.47e-003  2.95e-009  2.95e-009  1.31e-009  5.11e-010  3.80e-011  
3.83751e+016 3.25e-019  4.00e-001  4.03e-003  3.45e-001  2.45e-001  5.70e-003  3.00e-009  3.00e-009  1.33e-009  5.17e-010  3.85e-011  
3.84132e+016 3.57e-019  3.70e-001  3.73e-003  3.62e-001  2.59e-001  5.89e-003  3.03e-009  3.03e-009  1.35e-009  5.24e-010  3.90e-011  
3.84531e+016 4.28e-019  3.41e-001  3.43e-003  3.76e-001  2.73e-001  6.05e-003  3.04e-009  3.04e-009  1.35e-009  5.26e-010  3.92e-011  
3.84962e+016 6.23e-019  3.16e-001  3.19e-003  3.87e-001  2.87e-001  6.21e-003  3.05e-009  3.05e-009  1.36e-009  5.28e-010  3.93e-011  
3.85449e+016 1.11e-018  2.92e-001  2.95e-003  3.99e-001  3.00e-001  6.34e-003  3.04e-009  3.04e-009  1.35e-009  5.24e-010  3.91e-011  
3.85990e+016 2.05e-018  2.69e-001  2.72e-003  4.11e-001  3.10e-001  6.43e-003  3.02e-009  3.02e-009  1.34e-009  5.21e-010  3.88e-011  
3.86597e+016 3.15e-018  2.48e-001  2.51e-003  4.19e-001  3.24e-001  6.51e-003  2.97e-009  2.97e-009  1.32e-009  5.14e-010  3.84e-011  
3.87288e+016 3.45e-018  2.32e-001  2.34e-003  4.26e-001  3.33e-001  6.58e-003  2.93e-009  2.93e-009  1.30e-009  5.04e-010  3.77e-011  
3.88139e+016 2.12e-018  2.22e-001  2.25e-003  4.30e-001  3.39e-001  6.60e-003  2.86e-009  2.86e-009  1.27e-009  4.90e-010  3.68e-011  
3.89093e+016 5.12e-019  2.22e-001  2.24e-003  4.27e-001  3.41e-001  6.48e-003  2.75e-009  2.75e-009  1.22e-009  4.74e-010  3.53e-011  
3.90068e+016 4.64e-020  2.37e-001  2.39e-003  4.16e-001  3.38e-001  6.29e-003  2.61e-009  2.61e-009  1.16e-009  4.50e-010  3.36e-011  
3.91088e+016 7.94e-021  2.66e-001  2.68e-003  3.98e-001  3.27e-001  6.03e-003  2.46e-009  2.46e-009  1.09e-009  4.23e-010  3.16e-011  
3.92181e+016 8.64e-021  3.10e-001  3.14e-003  3.74e-001  3.07e-001  5.63e-003  2.26e-009  2.26e-009  1.00e-009  3.90e-010  2.92e-011  
3.93325e+016 9.73e-021  3.71e-001  3.74e-003  3.40e-001  2.80e-001  5.12e-003  2.04e-009  2.04e-009  9.03e-010  3.52e-010  2.62e-011  
3.94519e+016 1.03e-020  4.42e-001  4.47e-003  3.02e-001  2.47e-001  4.55e-003  1.80e-009  1.80e-009  7.96e-010  3.10e-010  2.31e-011  
3.95803e+016 1.04e-020  5.19e-001  5.24e-003  2.59e-001  2.13e-001  3.92e-003  1.54e-009  1.54e-009  6.83e-010  2.65e-010  1.98e-011  
3.97190e+016 1.03e-020  5.97e-001  6.03e-003  2.16e-001  1.77e-001  3.30e-003  1.30e-009  1.30e-009  5.74e-010  2.23e-010  1.67e-011  
3.98699e+016 9.87e-021  6.70e-001  6.78e-003  1.76e-001  1.44e-001  2.72e-003  1.06e-009  1.06e-009  4.74e-010  1.84e-010  1.38e-011  
4.00514e+016 9.30e-021  7.42e-001  7.49e-003  1.38e-001  1.11e-001  2.16e-003  8.49e-010  8.49e-010  3.77e-010  1.46e-010  1.10e-011  
4.02549e+016 8.59e-021  8.04e-001  8.11e-003  1.04e-001  8.23e-002  1.68e-003  6.64e-010  6.64e-010  2.95e-010  1.14e-010  8.55e-012  
4.04761e+016 7.77e-021  8.54e-001  8.63e-003  7.71e-002  5.94e-002  1.27e-003  5.12e-010  5.12e-010  2.27e-010  8.83e-011  6.59e-012  
4.07070e+016 6.88e-021  8.92e-001  9.03e-003  5.60e-002  4.17e-002  9.50e-004  3.92e-010  3.92e-010  1.74e-010  6.77e-011  5.06e-012  
4.09451e+016 5.97e-021  9.22e-001  9.32e-003  3.94e-002  2.87e-002  6.94e-004  2.97e-010  2.97e-010  1.31e-010  5.11e-011  3.81e-012  
4.11988e+016 5.02e-021  9.45e-001  9.53e-003  2.65e-002  1.87e-002  4.90e-004  2.17e-010  2.17e-010  9.63e-011  3.75e-011  2.79e-012  
4.14624e+016 4.09e-021  9.61e-001  9.71e-003  1.72e-002  1.16e-002  3.35e-004  1.56e-010  1.56e-010  6.90e-011  2.69e-011  2.01e-012  
4.17462e+016 3.22e-021  9.73e-001  9.82e-003  1.04e-002  6.65e-003  2.16e-004  1.06e-010  1.06e-010  4.72e-011  1.83e-011  1.37e-012  
4.20512e+016 2.44e-021  9.81e-001  9.93e-003  5.83e-003  3.56e-003  1.31e-004  6.89e-011  6.89e-011  3.06e-011  1.19e-011  8.86e-013  
4.23867e+016 1.82e-021  9.85e-001  9.96e-003  2.95e-003  1.68e-003  7.27e-005  4.16e-011  4.16e-011  1.84e-011  7.16e-012  5.35e-013  
4.27356e+016 1.39e-021  9.88e-001  1.00e-002  1.36e-003  7.21e-004  3.75e-005  2.37e-011  2.37e-011  1.05e-011  4.08e-012  3.05e-013  
4.30994e+016 1.07e-021  9.89e-001  1.01e-002  5.72e-004  2.82e-004  1.81e-005  1.27e-011  1.27e-011  5.64e-012  2.19e-012  1.63e-013  
4.34671e+016 6.35e-022  9.90e-001  9.99e-003  1.89e-004  8.51e-005  6.90e-006  5.48e-012  5.48e-012  2.43e-012  9.46e-013  7.06e-014  
4.38104e+016 3.60e-022  9.90e-001  9.98e-003  5.84e-005  2.42e-005  2.51e-006  2.24e-012  2.24e-012  9.93e-013  3.87e-013  2.89e-014  
4.41007e+016 3.01e-022  9.90e-001  1.00e-002  2.07e-005  7.84e-006  1.02e-006  1.02e-012  1.02e-012  4.52e-013  1.75e-013  1.31e-014  
4.42181e+016 3.41e-022  9.90e-001  9.99e-003  1.33e-005  4.89e-006  7.00e-007  7.32e-013  7.32e-013  3.25e-013  1.26e-013  9.43e-015  
4.42811e+016 3.85e-022  9.90e-001  1.00e-002  1.06e-005  3.82e-006  5.77e-007  6.16e-013  6.16e-013  2.73e-013  1.06e-013  7.93e-015  
4.43809e+016 5.06e-022  9.90e-001  1.00e-002  7.19e-006  2.55e-006  4.17e-007  4.62e-013  4.62e-013  2.06e-013  7.98e-014  5.97e-015  
4.45030e+016 7.67e-022  9.90e-001  1.00e-002  4.58e-006  1.55e-006  2.82e-007  3.30e-013  3.30e-013  1.46e-013  5.69e-014  4.25e-015  
4.45401e+016 8.84e-022  9.90e-001  1.00e-002  3.96e-006  1.32e-006  2.50e-007  2.96e-013  2.96e-013  1.31e-013  5.13e-014  3.82e-015  
4.45998e+016 1.10e-021  9.90e-001  9.99e-003  3.20e-006  1.04e-006  2.08e-007  2.53e-013  2.53e-013  1.13e-013  4.37e-014  3.26e-015  
4.46779e+016 1.49e-021  9.90e-001  9.97e-003  2.40e-006  7.49e-007  1.63e-007  2.05e-013  2.05e-013  9.10e-014  3.54e-014  2.64e-015  
4.48006e+016 2.37e-021  9.90e-001  1.00e-002  1.57e-006  4.72e-007  1.14e-007  1.52e-013  1.52e-013  6.74e-014  2.63e-014  1.96e-015  
4.48529e+016 2.90e-021  9.90e-001  1.00e-002  1.31e-006  3.76e-007  9.87e-008  1.34e-013  1.34e-013  5.93e-014  2.31e-014  1.73e-015  
4.48834e+016 3.23e-021  9.90e-001  9.99e-003  1.18e-006  3.37e-007  9.06e-008  1.25e-013  1.25e-013  5.54e-014  2.16e-014  1.61e-015  
4.49346e+016 3.82e-021  9.90e-001  1.00e-002  1.01e-006  2.85e-007  7.96e-008  1.13e-013  1.13e-013  5.00e-014  1.94e-014  1.45e-015  
4.49870e+016 4.53e-021  9.90e-001  1.00e-002  8.57e-007  2.41e-007  7.05e-008  1.02e-013  1.02e-013  4.53e-014  1.76e-014  1.31e-015  
4.50684e+016 5.83e-021  9.90e-001  1.00e-002  6.81e-007  1.85e-007  5.90e-008  8.85e-014  8.85e-014  3.93e-014  1.53e-014  1.14e-015  
4.51867e+016 8.11e-021  9.90e-001  1.00e-002  5.05e-007  1.28e-007  4.68e-008  7.45e-014  7.45e-014  3.30e-014  1.28e-014  9.58e-016  
4.51946e+016 8.40e-021  9.90e-001  1.00e-002  4.83e-007  1.23e-007  4.59e-008  7.31e-014  7.31e-014  3.24e-014  1.26e-014  9.40e-016  
4.52061e+016 8.72e-021  9.90e-001  1.00e-002  4.68e-007  1.17e-007  4.49e-008  7.18e-014  7.18e-014  3.19e-014  1.24e-014  9.25e-016  
4.52265e+016 9.15e-021  9.90e-001  1.00e-002  4.48e-007  1.11e-007  4.33e-008  7.00e-014  7.00e-014  3.10e-014  1.21e-014  9.01e-016  
4.52632e+016 9.97e-021  9.90e-001  1.00e-002  4.14e-007  1.00e-007  4.07e-008  6.71e-014  6.71e-014  2.98e-014  1.15e-014  8.64e-016  
4.53239e+016 1.15e-020  9.90e-001  9.99e-003  3.64e-007  8.45e-008  3.70e-008  6.27e-014  6.27e-014  2.78e-014  1.09e-014  8.08e-016  
4.54167e+016 1.41e-020  9.90e-001  1.00e-002  3.01e-007  6.74e-008  3.25e-008  5.78e-014  5.78e-014  2.57e-014  9.97e-015  7.42e-016  
4.55446e+016 1.88e-020  9.90e-001  1.00e-002  2.31e-007  4.91e-008  2.73e-008  5.19e-014  5.19e-014  2.30e-014  8.94e-015  6.71e-016  
4.55658e+016 1.97e-020  9.90e-001  1.00e-002  2.21e-007  4.59e-008  2.66e-008  5.13e-014  5.13e-014  2.26e-014  8.78e-015  6.55e-016  
4.55697e+016 2.00e-020  9.90e-001  1.00e-002  2.18e-007  4.33e-008  2.63e-008  5.05e-014  5.05e-014  2.24e-014  8.70e-015  6.50e-016  
4.55761e+016 2.03e-020  9.90e-001  1.00e-002  2.15e-007  4.22e-008  2.61e-008  5.02e-014  5.02e-014  2.23e-014  8.67e-015  6.45e-016  
4.55871e+016 2.07e-020  9.90e-001  1.00e-002  2.11e-007  4.13e-008  2.58e-008  5.02e-014  5.02e-014  2.22e-014  8.64e-015  6.42e-016  
4.56066e+016 2.15e-020  9.90e-001  9.99e-003  2.04e-007  3.97e-008  2.51e-008  4.93e-014  4.93e-014  2.19e-014  8.51e-015  6.37e-016  
4.56410e+016 2.29e-020  9.90e-001  1.00e-002  1.91e-007  3.71e-008  2.42e-008  4.84e-014  4.84e-014  2.15e-014  8.37e-015  6.24e-016  
4.56849e+016 2.51e-020  9.90e-001  1.00e-002  1.75e-007  3.37e-008  2.30e-008  4.71e-014  4.71e-014  2.09e-014  8.10e-015  6.07e-016  
4.57241e+016 2.70e-020  9.90e-001  1.00e-002  1.63e-007  3.08e-008  2.21e-008  4.60e-014  4.60e-014  2.04e-014  7.93e-015  5.93e-016  
4.57850e+016 3.02e-020  9.90e-001  1.00e-002  1.47e-007  2.64e-008  2.06e-008  4.44e-014  4.44e-014  1.97e-014  7.68e-015  5.73e-016  
4.58802e+016 3.61e-020  9.90e-001  1.00e-002  1.24e-007  2.04e-008  1.86e-008  4.24e-014  4.24e-014  1.88e-014  7.29e-015  5.44e-016  
4.59720e+016 4.25e-020  9.90e-001  1.00e-002  1.05e-007  1.61e-008  1.68e-008  4.04e-014  4.04e-014  1.79e-014  6.98e-015  5.20e-016  
4.59734e+016 4.27e-020  9.90e-001  9.99e-003  1.05e-007  1.57e-008  1.68e-008  4.03e-014  4.03e-014  1.79e-014  6.95e-015  5.20e-016  
4.59759e+016 4.30e-020  9.90e-001  9.99e-003  1.03e-007  1.53e-008  1.68e-008  4.02e-014  4.02e-014  1.78e-014  6.93e-015  5.18e-016  
4.59802e+016 4.35e-020  9.90e-001  9.99e-003  1.01e-007  1.49e-008  1.67e-008  4.00e-014  4.00e-014  1.78e-014  6.91e-015  5.17e-016  
4.59873e+016 4.40e-020  9.90e-001  1.00e-002  9.99e-008  1.47e-008  1.66e-008  4.00e-014  4.00e-014  1.77e-014  6.90e-015  5.15e-016  
4.59993e+016 4.50e-020  9.90e-001  1.00e-002  9.79e-008  1.42e-008  1.64e-008  3.98e-014  3.98e-014  1.76e-014  6.85e-015  5.12e-016  
4.60196e+016 4.65e-020  9.90e-001  1.00e-002  9.47e-008  1.35e-008  1.60e-008  3.94e-014  3.94e-014  1.75e-014  6.80e-015  5.08e-016  
4.60580e+016 4.95e-020  9.90e-001  1.00e-002  8.89e-008  1.21e-008  1.54e-008  3.88e-014  3.88e-014  1.72e-014  6.67e-015  4.99e-016  
4.61139e+016 5.42e-020  9.90e-001  9.99e-003  8.06e-008  1.07e-008  1.45e-008  3.78e-014  3.78e-014  1.68e-014  6.51e-015  4.87e-016  
4.61801e+016 6.04e-020  9.90e-001  1.00e-002  7.15e-008  9.24e-009  1.36e-008  3.68e-014  3.68e-014  1.63e-014  6.34e-015  4.73e-016  
4.62829e+016 7.13e-020  9.90e-001  1.00e-002  5.89e-008  7.10e-009  1.22e-008  3.52e-014  3.52e-014  1.56e-014  6.07e-015  4.53e-016  
4.63958e+016 8.45e-020  9.90e-001  1.00e-002  4.83e-008  5.07e-009  1.09e-008  3.37e-014  3.37e-014  1.49e-014  5.81e-015  4.34e-016  
4.64165e+016 8.73e-020  9.90e-001  1.00e-002  4.62e-008  4.71e-009  1.06e-008  3.33e-014  3.33e-014  1.48e-014  5.75e-015  4.30e-016  
4.64187e+016 8.77e-020  9.90e-001  1.00e-002  4.53e-008  4.57e-009  1.06e-008  3.33e-014  3.33e-014  1.48e-014  5.75e-015  4.29e-016  
4.64224e+016 8.84e-020  9.90e-001  9.99e-003  4.48e-008  4.29e-009  1.05e-008  3.32e-014  3.32e-014  1.47e-014  5.73e-015  4.27e-016  
4.64286e+016 8.91e-020  9.90e-001  1.00e-002  4.43e-008  4.14e-009  1.05e-008  3.31e-014  3.31e-014  1.47e-014  5.71e-015  4.27e-016  
4.64396e+016 9.05e-020  9.90e-001  1.00e-002  4.33e-008  4.03e-009  1.04e-008  3.29e-014  3.29e-014  1.46e-014  5.69e-015  4.24e-016  
4.64596e+016 9.32e-020  9.90e-001  1.00e-002  4.16e-008  3.84e-009  1.02e-008  3.27e-014  3.27e-014  1.45e-014  5.64e-015  4.22e-016  
4.64933e+016 9.79e-020  9.90e-001  1.00e-002  3.90e-008  3.52e-009  9.81e-009  3.23e-014  3.23e-014  1.43e-014  5.57e-015  4.16e-016  
4.65501e+016 1.06e-019  9.90e-001  9.99e-003  3.55e-008  2.99e-009  9.21e-009  3.15e-014  3.15e-014  1.40e-014  5.43e-015  4.05e-016  
4.66259e+016 1.17e-019  9.90e-001  9.99e-003  3.10e-008  2.33e-009  8.53e-009  3.07e-014  3.07e-014  1.37e-014  5.31e-015  3.96e-016  
4.67450e+016 1.37e-019  9.90e-001  9.97e-003  2.45e-008  1.70e-009  7.50e-009  2.93e-014  2.93e-014  1.30e-014  5.06e-015  3.78e-016  
4.68726e+016 1.62e-019  9.90e-001  1.00e-002  1.86e-008  1.11e-009  6.56e-009  2.80e-014  2.80e-014  1.24e-014  4.83e-015  3.61e-016  
4.69009e+016 1.68e-019  9.90e-001  9.96e-003  1.75e-008  9.96e-010  6.32e-009  2.76e-014  2.76e-014  1.23e-014  4.77e-015  3.56e-016  
4.69024e+016 1.68e-019  9.90e-001  1.00e-002  1.74e-008  9.72e-010  6.32e-009  2.77e-014  2.77e-014  1.23e-014  4.77e-015  3.56e-016  
4.69048e+016 1.69e-019  9.90e-001  9.96e-003  1.74e-008  9.31e-010  6.28e-009  2.75e-014  2.75e-014  1.22e-014  4.75e-015  3.55e-016  
4.69090e+016 1.69e-019  9.90e-001  1.00e-002  1.73e-008  8.48e-010  6.28e-009  2.75e-014  2.75e-014  1.22e-014  4.75e-015  3.54e-016  
4.69160e+016 1.70e-019  9.90e-001  1.00e-002  1.69e-008  7.54e-010  6.25e-009  2.75e-014  2.75e-014  1.22e-014  4.73e-015  3.54e-016  
4.69279e+016 1.72e-019  9.90e-001  1.00e-002  1.65e-008  7.22e-010  6.17e-009  2.74e-014  2.74e-014  1.21e-014  4.72e-015  3.52e-016  
4.69476e+016 1.77e-019  9.90e-001  9.96e-003  1.57e-008  6.85e-010  6.00e-009  2.70e-014  2.70e-014  1.20e-014  4.66e-015  3.48e-016  
4.69806e+016 1.84e-019  9.90e-001  9.95e-003  1.47e-008  6.31e-010  5.77e-009  2.67e-014  2.67e-014  1.19e-014  4.61e-015  3.44e-016  
4.70337e+016 1.95e-019  9.90e-001  1.00e-002  1.31e-008  5.49e-010  5.49e-009  2.63e-014  2.63e-014  1.17e-014  4.54e-015  3.39e-016  
4.70622e+016 2.02e-019  9.90e-001  1.00e-002  1.23e-008  5.05e-010  5.30e-009  2.60e-014  2.60e-014  1.15e-014  4.48e-015  3.35e-016  
4.71061e+016 2.12e-019  9.90e-001  9.99e-003  1.13e-008  4.37e-010  5.04e-009  2.56e-014  2.56e-014  1.14e-014  4.41e-015  3.30e-016  
4.71746e+016 2.28e-019  9.90e-001  1.00e-002  9.90e-009  3.39e-010  4.64e-009  2.50e-014  2.50e-014  1.11e-014  4.31e-015  3.22e-016  
4.72860e+016 2.58e-019  9.90e-001  1.00e-002  7.73e-009  2.14e-010  4.08e-009  2.40e-014  2.40e-014  1.06e-014  4.12e-015  3.09e-016  
4.74240e+016 2.97e-019  9.90e-001  1.00e-002  5.56e-009  1.23e-010  3.43e-009  2.28e-014  2.28e-014  1.01e-014  3.94e-015  2.93e-016  
4.74305e+016 2.99e-019  9.90e-001  1.00e-002  5.45e-009  1.20e-010  3.41e-009  2.27e-014  2.27e-014  1.01e-014  3.91e-015  2.92e-016  
4.74313e+016 2.99e-019  9.90e-001  1.00e-002  5.45e-009  1.19e-010  3.41e-009  2.27e-014  2.27e-014  1.01e-014  3.91e-015  2.93e-016  
4.74348e+016 3.00e-019  9.90e-001  1.00e-002  5.40e-009  1.16e-010  3.40e-009  2.27e-014  2.27e-014  1.01e-014  3.90e-015  2.92e-016  
4.74406e+016 3.02e-019  9.90e-001  1.00e-002  5.30e-009  1.07e-010  3.38e-009  2.26e-014  2.26e-014  1.00e-014  3.91e-015  2.91e-016  
4.74503e+016 3.04e-019  9.90e-001  1.00e-002  5.10e-009  8.91e-011  3.35e-009  2.25e-014  2.25e-014  1.00e-014  3.88e-015  2.90e-016  
4.74676e+016 3.09e-019  9.90e-001  1.00e-002  4.82e-009  7.86e-011  3.30e-009  2.23e-014  2.23e-014  9.90e-015  3.85e-015  2.87e-016  
4.74972e+016 3.18e-019  9.90e-001  9.99e-003  4.43e-009  6.69e-011  3.17e-009  2.20e-014  2.20e-014  9.77e-015  3.80e-015  2.83e-016  
4.75283e+016 3.28e-019  9.90e-001  9.99e-003  4.14e-009  5.70e-011  3.05e-009  2.18e-014  2.18e-014  9.66e-015  3.75e-015  2.81e-016  
4.75365e+016 3.30e-019  9.90e-001  1.00e-002  4.06e-009  5.48e-011  3.02e-009  2.18e-014  2.18e-014  9.66e-015  3.75e-015  2.80e-016  
4.75556e+016 3.37e-019  9.90e-001  9.99e-003  3.88e-009  5.10e-011  2.94e-009  2.16e-014  2.16e-014  9.57e-015  3.73e-015  2.78e-016  
4.75856e+016 3.47e-019  9.90e-001  9.99e-003  3.63e-009  4.69e-011  2.83e-009  2.14e-014  2.14e-014  9.47e-015  3.68e-015  2.75e-016  
4.76342e+016 3.65e-019  9.90e-001  1.00e-002  3.18e-009  3.95e-011  2.67e-009  2.10e-014  2.10e-014  9.32e-015  3.62e-015  2.70e-016  
4.77120e+016 3.93e-019  9.90e-001  1.00e-002  2.54e-009  2.77e-011  2.42e-009  2.04e-014  2.04e-014  9.06e-015  3.54e-015  2.62e-016  
4.78339e+016 4.40e-019  9.90e-001  9.99e-003  1.88e-009  1.57e-011  2.07e-009  1.95e-014  1.95e-014  8.67e-015  3.36e-015  2.52e-016  
4.79819e+016 5.03e-019  9.90e-001  1.00e-002  1.24e-009  6.12e-012  1.70e-009  1.85e-014  1.85e-014  8.21e-015  3.20e-015  2.39e-016  
4.80101e+016 5.16e-019  9.90e-001  1.00e-002  1.14e-009  5.25e-012  1.64e-009  1.83e-014  1.83e-014  8.14e-015  3.16e-015  2.36e-016  
4.80156e+016 5.19e-019  9.90e-001  1.00e-002  1.12e-009  5.08e-012  1.63e-009  1.83e-014  1.83e-014  8.11e-015  3.16e-015  2.35e-016  
4.80288e+016 5.25e-019  9.90e-001  1.00e-002  1.08e-009  4.70e-012  1.60e-009  1.82e-014  1.82e-014  8.07e-015  3.14e-015  2.34e-016  
4.80511e+016 5.35e-019  9.90e-001  9.99e-003  1.01e-009  4.09e-012  1.55e-009  1.80e-014  1.80e-014  7.99e-015  3.12e-015  2.32e-016  
4.80875e+016 5.53e-019  9.90e-001  9.99e-003  8.94e-010  3.11e-012  1.48e-009  1.78e-014  1.78e-014  7.89e-015  3.08e-015  2.30e-016  
4.81463e+016 5.82e-019  9.90e-001  1.00e-002  7.32e-010  1.96e-012  1.36e-009  1.74e-014  1.74e-014  7.72e-015  3.01e-015  2.23e-016  
4.82445e+016 6.34e-019  9.90e-001  9.99e-003  5.34e-010  1.12e-012  1.19e-009  1.69e-014  1.69e-014  7.44e-015  2.90e-015  2.16e-016  
4.83636e+016 7.04e-019  9.90e-001  1.00e-002  3.51e-010  4.93e-013  1.00e-009  1.61e-014  1.61e-014  7.14e-015  2.77e-015  2.07e-016  
4.84912e+016 7.86e-019  9.90e-001  1.00e-002  2.14e-010  1.88e-013  8.37e-010  1.54e-014  1.54e-014  6.82e-015  2.65e-015  1.99e-016  
4.86294e+016 8.86e-019  9.90e-001  1.00e-002  1.22e-010  6.71e-014  6.84e-010  1.47e-014  1.47e-014  6.49e-015  2.52e-015  1.89e-016  
4.87591e+016 9.90e-019  9.90e-001  1.00e-002  6.92e-011  2.11e-014  5.65e-010  1.39e-014  1.39e-014  6.19e-015  2.40e-015  1.80e-016  
4.88968e+016 1.11e-018  9.90e-001  9.99e-003  3.66e-011  5.28e-015  4.58e-010  1.33e-014  1.33e-014  5.91e-015  2.30e-015  1.72e-016  
4.90444e+016 1.26e-018  9.90e-001  9.98e-003  1.71e-011  1.03e-015  3.63e-010  1.26e-014  1.26e-014  5.60e-015  2.18e-015  1.62e-016  
4.91980e+016 1.43e-018  9.90e-001  1.00e-002  7.11e-012  1.60e-016  2.84e-010  1.20e-014  1.20e-014  5.32e-015  2.07e-015  1.54e-016  
4.93317e+016 1.61e-018  9.90e-001  1.00e-002  2.99e-012  2.51e-017  2.28e-010  1.15e-014  1.15e-014  5.08e-015  1.97e-015  1.48e-016  
4.94239e+016 1.74e-018  9.90e-001  1.00e-002  1.48e-012  4.84e-018  1.95e-010  1.11e-014  1.11e-014  4.92e-015  1.91e-015  1.43e-016  
4.95192e+016 1.89e-018  9.90e-001  1.00e-002  7.04e-013  9.37e-019  1.65e-010  1.07e-014  1.07e-014  4.75e-015  1.85e-015  1.38e-016  
4.96202e+016 2.05e-018  9.90e-001  1.00e-002  3.57e-013  2.11e-019  1.39e-010  1.04e-014  1.04e-014  4.61e-015  1.79e-015  1.34e-016  
4.97297e+016 2.25e-018  9.90e-001  9.99e-003  1.50e-013  2.52e-020  1.14e-010  1.00e-014  1.00e-014  4.44e-015  1.73e-015  1.29e-016  
4.98461e+016 2.48e-018  9.90e-001  9.98e-003  5.19e-014  1.92e-021  9.14e-011  9.66e-015  9.66e-015  4.27e-015  1.66e-015  1.24e-016  
4.99670e+016 2.75e-018  9.90e-001  9.97e-003  1.48e-014  9.86e-023  7.32e-011  9.28e-015  9.28e-015  4.11e-015  1.60e-015  1.19e-016  
5.00936e+016 3.04e-018  9.90e-001  1.00e-002  3.01e-015  3.55e-024  5.82e-011  8.95e-015  8.95e-015  3.98e-015  1.55e-015  1.15e-016  
5.02240e+016 3.37e-018  9.90e-001  9.99e-003  3.76e-016  3.14e-026  4.51e-011  8.63e-015  8.63e-015  3.82e-015  1.49e-015  1.11e-016  
5.03584e+016 3.74e-018  9.90e-001  1.00e-002  4.82e-017  6.31e-028  3.45e-011  8.32e-015  8.32e-015  3.69e-015  1.44e-015  1.07e-016  
5.05026e+016 4.17e-018  9.90e-001  1.00e-002  7.50e-018  4.75e-030  2.49e-011  8.01e-015  8.01e-015  3.55e-015  1.38e-015  1.03e-016  
5.05959e+016 4.48e-018  9.90e-001  1.00e-002  1.54e-018  6.73e-032  2.04e-011  7.85e-015  7.85e-015  3.48e-015  1.35e-015  1.01e-016  
5.06957e+016 4.85e-018  9.90e-001  1.00e-002  2.00e-019  4.95e-034  1.67e-011  7.67e-015  7.67e-015  3.40e-015  1.32e-015  9.88e-017  
5.07988e+016 5.25e-018  9.90e-001  1.00e-002  1.81e-020  7.54e-036  1.34e-011  7.50e-015  7.50e-015  3.33e-015  1.29e-015  9.65e-017  
5.09058e+016 5.72e-018  9.90e-001  9.99e-003  1.17e-021  3.55e-038  1.05e-011  7.33e-015  7.33e-015  3.25e-015  1.26e-015  9.45e-017  
5.10237e+016 6.27e-018  9.90e-001  1.00e-002  4.83e-023  6.97e-041  7.88e-012  7.16e-015  7.16e-015  3.17e-015  1.24e-015  9.23e-017  
5.11496e+016 6.93e-018  9.90e-001  1.00e-002  1.33e-024  6.29e-044  5.63e-012  7.00e-015  7.00e-015  3.10e-015  1.21e-015  9.01e-017  
5.12843e+016 7.71e-018  9.90e-001  1.00e-002  5.46e-026  2.35e-047  3.40e-012  6.85e-015  6.85e-015  3.04e-015  1.18e-015  7.86e-017  
5.14296e+016 8.66e-018  9.90e-001  1.00e-002  2.66e-027  3.11e-049  1.89e-012  6.71e-015  6.71e-015  2.98e-015  1.16e-015  6.82e-017  
5.15425e+016 9.49e-018  9.90e-001  9.99e-003  4.64e-028  1.16e-051  1.20e-012  6.61e-015  6.61e-015  2.94e-015  1.14e-015  6.13e-017  
5.16792e+016 1.06e-017  9.90e-001  9.99e-003  5.69e-030  1.26e-055  6.47e-013  6.52e-015  6.52e-015  2.89e-015  1.12e-015  5.41e-017  
5.18319e+016 1.20e-017  9.90e-001  9.98e-003  3.15e-032  4.37e-060  2.98e-013  6.42e-015  6.42e-015  2.85e-015  1.11e-015  4.74e-017  
5.19950e+016 1.37e-017  9.90e-001  9.97e-003  9.68e-035  5.09e-065  1.13e-013  6.34e-015  6.34e-015  2.81e-015  1.09e-015  4.14e-017  
5.21655e+016 1.59e-017  9.90e-001  9.96e-003  1.27e-037  2.17e-070  3.54e-014  6.25e-015  6.25e-015  2.77e-015  1.08e-015  3.61e-017  
5.23457e+016 1.84e-017  9.90e-001  1.00e-002  2.03e-039  4.61e-072  8.59e-015  6.20e-015  6.20e-015  2.75e-015  1.07e-015  3.16e-017  
5.25384e+016 2.15e-017  9.90e-001  9.99e-003  5.86e-043  4.57e-077  2.25e-015  6.18e-015  6.18e-015  2.73e-015  1.06e-015  2.77e-017  
5.27451e+016 2.56e-017  9.90e-001  9.98e-003  2.11e-046  0.00e+000  3.60e-016  6.10e-015  6.10e-015  2.71e-015  1.06e-015  2.41e-017  
5.29668e+016 3.05e-017  9.90e-001  1.00e-002  2.87e-050  0.00e+000  3.27e-017  6.13e-015  6.13e-015  2.71e-015  1.06e-015  2.11e-017  
5.31993e+016 3.68e-017  9.90e-001  9.98e-003  1.15e-054  0.00e+000  8.73e-019  6.09e-015  6.09e-015  2.71e-015  1.05e-015  1.84e-017  
5.34440e+016 4.44e-017  9.90e-001  9.99e-003  8.98e-056  0.00e+000  9.54e-021  6.12e-015  6.12e-015  2.72e-015  1.06e-015  1.62e-017  
5.36995e+016 5.37e-017  9.90e-001  9.99e-003  3.31e-062  0.00e+000  1.88e-022  6.16e-015  6.16e-015  2.74e-015  1.06e-015  1.43e-017  
5.39765e+016 6.57e-017  9.90e-001  9.99e-003  1.38e-067  0.00e+000  6.08e-025  6.23e-015  6.23e-015  2.76e-015  1.07e-015  1.26e-017  
5.42627e+016 7.98e-017  9.90e-001  1.00e-002  7.22e-069  0.00e+000  5.44e-028  6.32e-015  6.32e-015  2.81e-015  1.09e-015  1.12e-017  
5.45738e+016 9.76e-017  9.90e-001  1.00e-002  1.98e-076  0.00e+000  6.41e-031  6.44e-015  6.44e-015  2.85e-015  1.11e-015  1.00e-017  
5.49079e+016 1.19e-016  9.90e-001  1.01e-002  1.04e-077  0.00e+000  5.01e-035  6.61e-015  6.61e-015  2.93e-015  1.14e-015  8.98e-018  
5.52575e+016 1.45e-016  9.90e-001  1.00e-002  0.00e+000  0.00e+000  1.27e-038  6.79e-015  6.79e-015  3.01e-015  1.17e-015  8.11e-018  
5.56155e+016 1.76e-016  9.90e-001  9.96e-003  0.00e+000  0.00e+000  1.56e-043  7.00e-015  7.00e-015  3.11e-015  1.21e-015  7.34e-018  
5.59918e+016 2.10e-016  9.90e-001  1.00e-002  0.00e+000  0.00e+000  9.38e-048  7.28e-015  7.28e-015  3.24e-015  1.26e-015  6.81e-018  
5.63913e+016 2.50e-016  9.90e-001  1.00e-002  0.00e+000  0.00e+000  1.16e-052  7.66e-015  7.66e-015  3.40e-015  1.32e-015  6.33e-018  
5.68226e+016 2.96e-016  9.90e-001  1.00e-002  0.00e+000  0.00e+000  3.45e-062  8.08e-015  8.08e-015  3.58e-015  1.39e-015  5.91e-018  
5.72780e+016 3.47e-016  9.90e-001  9.99e-003  0.00e+000  0.00e+000  1.40e-063  8.58e-015  8.58e-015  3.80e-015  1.48e-015  5.61e-018  
5.77650e+016 4.05e-016  9.90e-001  1.00e-002  0.00e+000  0.00e+000  4.94e-074  9.16e-015  9.16e-015  4.07e-015  1.58e-015  5.38e-018  
5.82707e+016 4.66e-016  9.90e-001  1.00e-002  0.00e+000  0.00e+000  2.30e-079  9.88e-015  9.88e-015  4.38e-015  1.70e-015  5.22e-018  
5.88124e+016 5.31e-016  9.90e-001  9.99e-003  0.00e+000  0.00e+000  0.00e+000  1.07e-014  1.07e-014  4.74e-015  1.84e-015  5.12e-018  
5.93801e+016 5.99e-016  9.90e-001  1.00e-002  0.00e+000  0.00e+000  0.00e+000  1.16e-014  1.16e-014  5.16e-015  2.00e-015  5.09e-018  
5.99878e+016 6.70e-016  9.90e-001  1.00e-002  0.00e+000  0.00e+000  0.00e+000  1.27e-014  1.27e-014  5.64e-015  2.20e-015  5.11e-018  
6.06254e+016 7.41e-016  9.90e-001  9.99e-003  0.00e+000  0.00e+000  0.00e+000  1.40e-014  1.40e-014  6.20e-015  2.41e-015  5.19e-018  
6.12860e+016 8.12e-016  9.90e-001  1.00e-002  0.00e+000  0.00e+000  0.00e+000  1.54e-014  1.54e-014  6.83e-015  2.66e-015  5.33e-018  
6.19772e+016 8.83e-016  9.90e-001  1.00e-002  0.00e+000  0.00e+000  0.00e+000  1.70e-014  1.70e-014  7.54e-015  2.93e-015  5.52e-018  
6.27006e+016 9.53e-016  9.90e-001  1.00e-002  0.00e+000  0.00e+000  0.00e+000  1.89e-014  1.89e-014  8.37e-015  3.25e-015  5.77e-018  
6.34752e+016 1.02e-015  9.90e-001  1.00e-002  0.00e+000  0.00e+000  0.00e+000  2.11e-014  2.11e-014  9.36e-015  3.64e-015  6.13e-018  
6.43223e+016 1.10e-015  9.90e-001  9.99e-003  0.00e+000  0.00e+000  0.00e+000  2.36e-014  2.36e-014  1.04e-014  4.07e-015  6.52e-018  
6.52408e+016 1.18e-015  9.90e-001  9.98e-003  0.00e+000  0.00e+000  0.00e+000  2.67e-014  2.67e-014  1.18e-014  4.61e-015  7.06e-018  
6.62440e+016 1.27e-015  9.90e-001  9.98e-003  0.00e+000  0.00e+000  0.00e+000  3.06e-014  3.06e-014  1.36e-014  5.28e-015  7.74e-018  
6.73219e+016 1.37e-015  9.90e-001  9.97e-003  0.00e+000  0.00e+000  0.00e+000  3.53e-014  3.53e-014  1.57e-014  6.09e-015  8.59e-018  
6.84641e+016 1.48e-015  9.90e-001  9.97e-003  0.00e+000  0.00e+000  0.00e+000  4.12e-014  4.12e-014  1.83e-014  7.07e-015  9.70e-018  
6.96945e+016 1.61e-015  9.90e-001  1.00e-002  0.00e+000  0.00e+000  0.00e+000  4.86e-014  4.86e-014  2.15e-014  8.41e-015  1.11e-017  
7.10391e+016 1.76e-015  9.90e-001  1.00e-002  0.00e+000  0.00e+000  0.00e+000  5.80e-014  5.80e-014  2.57e-014  1.00e-014  1.28e-017  
7.25155e+016 1.93e-015  9.90e-001  1.00e-002  0.00e+000  0.00e+000  0.00e+000  7.05e-014  7.05e-014  3.13e-014  1.22e-014  1.52e-017  
7.42223e+016 2.14e-015  9.90e-001  9.99e-003  0.00e+000  0.00e+000  0.00e+000  8.87e-014  8.87e-014  3.94e-014  1.53e-014  1.86e-017  
7.63108e+016 2.42e-015  9.90e-001  1.00e-002  0.00e+000  0.00e+000  0.00e+000  1.18e-013  1.18e-013  5.24e-014  2.04e-014  2.41e-017  
7.86896e+016 2.78e-015  9.90e-001  1.00e-002  0.00e+000  0.00e+000  0.00e+000  1.64e-013  1.64e-013  7.27e-014  2.82e-014  3.25e-017  
8.18150e+016 3.27e-015  9.90e-001  9.99e-003  0.00e+000  0.00e+000  0.00e+000  2.52e-013  2.52e-013  1.12e-013  4.37e-014  4.86e-017  
8.55776e+016 3.88e-015  9.90e-001  1.00e-002  0.00e+000  0.00e+000  0.00e+000  4.28e-013  4.28e-013  1.89e-013  7.37e-014  7.99e-017  
9.00548e+016 4.57e-015  9.90e-001  9.99e-003  0.00e+000  0.00e+000  0.00e+000  7.93e-013  7.93e-013  3.53e-013  1.37e-013  1.44e-016  
9.53916e+016 5.19e-015  9.90e-001  1.00e-002  0.00e+000  0.00e+000  0.00e+000  1.65e-012  1.65e-012  7.34e-013  2.85e-013  2.91e-016  
1.01535e+017 5.60e-015  9.90e-001  1.00e-002  0.00e+000  0.00e+000  0.00e+000  3.75e-012  3.75e-012  1.66e-012  6.45e-013  6.40e-016  
1.09249e+017 5.57e-015  9.90e-001  1.00e-002  0.00e+000  0.00e+000  0.00e+000  9.63e-012  9.63e-012  4.28e-012  1.66e-012  1.60e-015  
1.19176e+017 4.79e-015  9.90e-001  1.00e-002  0.00e+000  0.00e+000  0.00e+000  2.55e-011  2.55e-011  1.13e-011  4.39e-012  4.11e-015  
1.32448e+017 3.11e-015  9.90e-001  1.00e-002  0.00e+000  0.00e+000  0.00e+000  5.21e-011  5.21e-011  2.31e-011  8.97e-012  8.20e-015  
