! 0       *H + *CH2CO -> *CH3CO
! 1       *CH2CO + He -> CH2CO + He
! 2       *CH2CO + H2 -> CH2CO + H2
! 3       *H + *CH2CO -> CH3CO
! 4       *CH2CO + CO -> CH2CO + CO
! 5       *CH2CO + CRPhoton -> *CO + *CH2
! 6       *CH2CO + CRPhoton -> *CO + *CH2
! 7       *CH2CO + CRPhoton -> *C2H2 + *O
! 8       *CH2CO + CRPhoton -> *C2 + *H2O
! 9       *CH2CO + CRPhoton -> CH2CO
!            tot_rate   0          1          2          3          4          5          6          7          8          9          
1.58188e+013 3.27e-019  9.90e-001  0.00e+000  0.00e+000  9.99e-003  0.00e+000  9.87e-005  4.40e-005  4.40e-005  4.40e-005  4.52e-008  
3.50727e+014 3.27e-019  9.90e-001  0.00e+000  0.00e+000  9.99e-003  0.00e+000  9.87e-005  4.40e-005  4.40e-005  4.40e-005  4.52e-008  
5.21628e+015 3.27e-019  9.90e-001  0.00e+000  0.00e+000  9.99e-003  0.00e+000  9.87e-005  4.40e-005  4.40e-005  4.40e-005  4.52e-008  
2.67137e+016 3.52e-019  9.90e-001  0.00e+000  0.00e+000  9.98e-003  0.00e+000  9.81e-005  4.35e-005  4.35e-005  4.35e-005  4.52e-008  
3.33598e+016 4.04e-019  9.90e-001  0.00e+000  0.00e+000  1.00e-002  1.72e-074  1.02e-004  4.53e-005  4.53e-005  4.53e-005  4.68e-008  
3.42055e+016 3.32e-019  9.90e-001  0.00e+000  0.00e+000  1.00e-002  1.06e-027  1.27e-004  5.66e-005  5.66e-005  5.66e-005  5.87e-008  
3.44017e+016 3.10e-019  9.90e-001  0.00e+000  0.00e+000  9.99e-003  5.87e-019  1.37e-004  6.09e-005  6.09e-005  6.09e-005  6.32e-008  
3.46353e+016 2.82e-019  9.90e-001  0.00e+000  0.00e+000  9.97e-003  2.38e-008  1.51e-004  6.74e-005  6.74e-005  6.74e-005  7.02e-008  
3.48860e+016 2.49e-019  9.90e-001  0.00e+000  0.00e+000  9.98e-003  6.20e-006  1.73e-004  7.72e-005  7.72e-005  7.72e-005  8.01e-008  
3.51370e+016 2.13e-019  9.89e-001  0.00e+000  0.00e+000  9.99e-003  9.38e-005  2.04e-004  9.05e-005  9.05e-005  9.05e-005  9.43e-008  
3.53250e+016 1.86e-019  9.89e-001  2.68e-075  0.00e+000  1.00e-002  3.78e-004  2.35e-004  1.05e-004  1.05e-004  1.05e-004  1.09e-007  
3.55515e+016 1.53e-019  9.88e-001  1.17e-051  0.00e+000  1.00e-002  1.52e-003  2.89e-004  1.28e-004  1.28e-004  1.28e-004  1.34e-007  
3.57182e+016 1.30e-019  9.85e-001  2.52e-034  0.00e+000  9.93e-003  3.90e-003  3.43e-004  1.52e-004  1.52e-004  1.52e-004  1.59e-007  
3.58524e+016 1.12e-019  9.81e-001  6.31e-025  0.00e+000  9.90e-003  8.33e-003  3.99e-004  1.77e-004  1.77e-004  1.77e-004  1.86e-007  
3.60047e+016 9.34e-020  9.76e-001  2.51e-013  0.00e+000  9.86e-003  1.25e-002  4.85e-004  2.15e-004  2.15e-004  2.15e-004  2.27e-007  
3.61718e+016 7.52e-020  9.68e-001  7.12e-006  5.95e-069  9.78e-003  2.05e-002  6.11e-004  2.71e-004  2.71e-004  2.71e-004  2.87e-007  
3.62899e+016 6.45e-020  9.52e-001  6.57e-003  1.18e-056  9.61e-003  3.05e-002  7.21e-004  3.21e-004  3.21e-004  3.21e-004  3.39e-007  
3.63893e+016 6.01e-020  8.81e-001  6.60e-002  1.68e-037  8.90e-003  4.17e-002  7.83e-004  3.48e-004  3.48e-004  3.48e-004  3.69e-007  
3.64972e+016 7.53e-020  5.96e-001  3.51e-001  7.27e-019  6.03e-003  4.53e-002  6.36e-004  2.83e-004  2.83e-004  2.83e-004  3.00e-007  
3.66124e+016 1.35e-019  2.79e-001  6.80e-001  7.56e-011  2.82e-003  3.70e-002  3.63e-004  1.61e-004  1.61e-004  1.61e-004  1.72e-007  
3.67348e+016 3.27e-019  9.69e-002  8.77e-001  5.17e-006  9.78e-004  2.45e-002  1.54e-004  6.85e-005  6.85e-005  6.85e-005  7.31e-008  
3.68621e+016 8.46e-019  3.36e-002  9.38e-001  1.07e-002  3.39e-004  1.70e-002  6.17e-005  2.74e-005  2.74e-005  2.74e-005  2.95e-008  
3.69700e+016 1.95e-018  1.32e-002  9.18e-001  5.54e-002  1.34e-004  1.31e-002  2.77e-005  1.24e-005  1.24e-005  1.24e-005  1.34e-008  
3.70376e+016 3.30e-018  7.32e-003  8.90e-001  9.14e-002  7.38e-005  1.16e-002  1.68e-005  7.47e-006  7.47e-006  7.47e-006  8.26e-009  
3.71087e+016 5.67e-018  4.04e-003  8.53e-001  1.32e-001  4.07e-005  1.08e-002  1.00e-005  4.48e-006  4.48e-006  4.48e-006  5.06e-009  
3.71826e+016 9.96e-018  2.22e-003  8.20e-001  1.67e-001  2.24e-005  1.05e-002  5.91e-006  2.62e-006  2.62e-006  2.62e-006  3.08e-009  
3.72589e+016 1.77e-017  1.24e-003  7.90e-001  1.98e-001  1.25e-005  1.09e-002  3.41e-006  1.52e-006  1.52e-006  1.52e-006  1.89e-009  
3.73370e+016 3.16e-017  7.18e-004  7.62e-001  2.25e-001  7.24e-006  1.18e-002  1.96e-006  8.73e-007  8.73e-007  8.73e-007  1.19e-009  
3.74165e+016 5.65e-017  4.29e-004  7.32e-001  2.55e-001  4.34e-006  1.30e-002  1.11e-006  4.91e-007  4.91e-007  4.91e-007  7.70e-010  
3.74829e+016 9.13e-017  2.83e-004  7.16e-001  2.69e-001  2.86e-006  1.38e-002  6.67e-007  2.97e-007  2.97e-007  2.97e-007  5.44e-010  
3.75505e+016 1.44e-016  1.88e-004  6.92e-001  2.94e-001  1.90e-006  1.43e-002  3.92e-007  1.74e-007  1.74e-007  1.74e-007  3.95e-010  
3.76194e+016 2.15e-016  1.22e-004  6.80e-001  3.06e-001  1.23e-006  1.42e-002  2.16e-007  9.59e-008  9.59e-008  9.59e-008  2.92e-010  
3.76839e+016 2.90e-016  7.59e-005  6.59e-001  3.27e-001  7.65e-007  1.42e-002  1.03e-007  4.59e-008  4.59e-008  4.59e-008  2.27e-010  
3.76854e+016 2.92e-016  7.47e-005  6.58e-001  3.27e-001  7.58e-007  1.42e-002  1.01e-007  4.49e-008  4.49e-008  4.49e-008  2.26e-010  
3.76877e+016 2.94e-016  7.35e-005  6.57e-001  3.29e-001  7.42e-007  1.42e-002  9.81e-008  4.36e-008  4.36e-008  4.36e-008  2.24e-010  
3.76917e+016 2.98e-016  7.11e-005  6.57e-001  3.29e-001  7.17e-007  1.42e-002  9.22e-008  4.09e-008  4.09e-008  4.09e-008  2.21e-010  
3.76980e+016 3.06e-016  6.69e-005  6.56e-001  3.30e-001  6.76e-007  1.42e-002  8.29e-008  3.69e-008  3.69e-008  3.69e-008  2.15e-010  
3.77083e+016 3.17e-016  6.07e-005  6.54e-001  3.32e-001  6.13e-007  1.42e-002  6.89e-008  3.06e-008  3.06e-008  3.06e-008  2.07e-010  
3.77248e+016 3.31e-016  5.02e-005  6.53e-001  3.33e-001  5.08e-007  1.43e-002  4.69e-008  2.09e-008  2.09e-008  2.09e-008  1.95e-010  
3.77450e+016 3.34e-016  3.33e-005  6.47e-001  3.39e-001  3.36e-007  1.44e-002  2.22e-008  9.89e-009  9.89e-009  9.89e-009  1.82e-010  
3.77655e+016 7.41e-017  5.60e-006  6.41e-001  3.45e-001  5.65e-008  1.40e-002  5.40e-009  2.40e-009  2.40e-009  2.40e-009  1.70e-010  
3.77936e+016 1.12e-019  3.92e-006  6.34e-001  3.52e-001  3.95e-008  1.34e-002  4.93e-009  2.20e-009  2.20e-009  2.20e-009  1.56e-010  
3.78016e+016 4.74e-020  3.50e-006  6.33e-001  3.54e-001  3.52e-008  1.33e-002  4.81e-009  2.13e-009  2.13e-009  2.13e-009  1.52e-010  
3.78111e+016 3.93e-020  3.05e-006  6.31e-001  3.56e-001  3.10e-008  1.31e-002  4.65e-009  2.07e-009  2.07e-009  2.07e-009  1.47e-010  
3.78273e+016 3.83e-020  2.49e-006  6.29e-001  3.58e-001  2.51e-008  1.28e-002  4.44e-009  1.98e-009  1.98e-009  1.98e-009  1.41e-010  
3.78530e+016 3.77e-020  1.79e-006  6.27e-001  3.61e-001  1.81e-008  1.24e-002  4.14e-009  1.84e-009  1.84e-009  1.84e-009  1.30e-010  
3.78818e+016 3.67e-020  1.27e-006  6.21e-001  3.67e-001  1.28e-008  1.19e-002  3.81e-009  1.69e-009  1.69e-009  1.69e-009  1.20e-010  
3.79076e+016 3.57e-020  9.32e-007  6.13e-001  3.75e-001  9.44e-009  1.16e-002  3.56e-009  1.58e-009  1.58e-009  1.58e-009  1.12e-010  
3.79253e+016 3.51e-020  7.66e-007  6.10e-001  3.79e-001  7.75e-009  1.14e-002  3.39e-009  1.51e-009  1.51e-009  1.51e-009  1.07e-010  
3.79502e+016 3.43e-020  5.83e-007  6.07e-001  3.82e-001  5.89e-009  1.10e-002  3.18e-009  1.42e-009  1.42e-009  1.42e-009  1.01e-010  
3.79755e+016 3.36e-020  4.53e-007  6.05e-001  3.84e-001  4.56e-009  1.07e-002  3.01e-009  1.34e-009  1.34e-009  1.34e-009  9.51e-011  
3.79897e+016 3.31e-020  3.96e-007  6.02e-001  3.87e-001  3.99e-009  1.06e-002  2.92e-009  1.30e-009  1.30e-009  1.30e-009  9.23e-011  
3.79918e+016 3.30e-020  3.87e-007  6.02e-001  3.87e-001  3.90e-009  1.06e-002  2.90e-009  1.29e-009  1.29e-009  1.29e-009  9.17e-011  
3.79956e+016 3.29e-020  3.73e-007  6.01e-001  3.89e-001  3.76e-009  1.05e-002  2.88e-009  1.28e-009  1.28e-009  1.28e-009  9.08e-011  
3.80017e+016 3.27e-020  3.51e-007  5.99e-001  3.91e-001  3.54e-009  1.04e-002  2.84e-009  1.26e-009  1.26e-009  1.26e-009  8.95e-011  
3.80129e+016 3.24e-020  3.18e-007  5.95e-001  3.95e-001  3.21e-009  1.03e-002  2.77e-009  1.23e-009  1.23e-009  1.23e-009  8.76e-011  
3.80319e+016 3.19e-020  2.66e-007  5.92e-001  3.98e-001  2.68e-009  1.02e-002  2.66e-009  1.18e-009  1.18e-009  1.18e-009  8.39e-011  
3.80578e+016 3.13e-020  2.13e-007  5.91e-001  3.99e-001  2.15e-009  9.96e-003  2.53e-009  1.12e-009  1.12e-009  1.12e-009  7.98e-011  
3.80629e+016 3.12e-020  2.04e-007  5.90e-001  4.01e-001  2.06e-009  9.90e-003  2.50e-009  1.11e-009  1.11e-009  1.11e-009  7.88e-011  
3.80713e+016 3.11e-020  1.91e-007  5.88e-001  4.02e-001  1.93e-009  9.81e-003  2.45e-009  1.09e-009  1.09e-009  1.09e-009  7.75e-011  
3.80859e+016 3.08e-020  1.71e-007  5.88e-001  4.03e-001  1.72e-009  9.71e-003  2.40e-009  1.06e-009  1.06e-009  1.06e-009  7.57e-011  
3.81083e+016 3.04e-020  1.44e-007  5.82e-001  4.08e-001  1.45e-009  9.51e-003  2.30e-009  1.02e-009  1.02e-009  1.02e-009  7.27e-011  
3.81265e+016 3.02e-020  1.26e-007  5.80e-001  4.11e-001  1.27e-009  9.38e-003  2.22e-009  9.87e-010  9.87e-010  9.87e-010  7.02e-011  
3.81480e+016 2.99e-020  1.08e-007  5.76e-001  4.15e-001  1.10e-009  9.27e-003  2.15e-009  9.54e-010  9.54e-010  9.54e-010  6.79e-011  
3.81769e+016 2.96e-020  9.06e-008  5.75e-001  4.16e-001  9.17e-010  9.10e-003  2.05e-009  9.13e-010  9.13e-010  9.13e-010  6.49e-011  
3.81836e+016 2.96e-020  8.73e-008  5.75e-001  4.16e-001  8.79e-010  9.06e-003  2.03e-009  9.03e-010  9.03e-010  9.03e-010  6.43e-011  
3.81952e+016 2.95e-020  8.18e-008  5.74e-001  4.17e-001  8.25e-010  9.03e-003  2.00e-009  8.89e-010  8.89e-010  8.89e-010  6.31e-011  
3.82149e+016 2.95e-020  7.23e-008  5.70e-001  4.21e-001  7.30e-010  8.83e-003  1.93e-009  8.59e-010  8.59e-010  8.59e-010  6.11e-011  
3.82433e+016 2.93e-020  6.15e-008  5.64e-001  4.27e-001  6.22e-010  8.72e-003  1.86e-009  8.27e-010  8.27e-010  8.27e-010  5.88e-011  
3.82740e+016 2.92e-020  5.18e-008  5.63e-001  4.29e-001  5.25e-010  8.58e-003  1.78e-009  7.92e-010  7.92e-010  7.92e-010  5.63e-011  
3.83054e+016 2.88e-020  4.40e-008  5.62e-001  4.30e-001  4.47e-010  8.42e-003  1.72e-009  7.66e-010  7.66e-010  7.66e-010  5.44e-011  
3.83376e+016 2.86e-020  3.74e-008  5.55e-001  4.37e-001  3.77e-010  8.24e-003  1.65e-009  7.33e-010  7.33e-010  7.33e-010  5.20e-011  
3.83751e+016 2.86e-020  3.15e-008  5.52e-001  4.40e-001  3.18e-010  8.14e-003  1.59e-009  7.05e-010  7.05e-010  7.05e-010  4.99e-011  
3.84132e+016 2.87e-020  2.66e-008  5.50e-001  4.42e-001  2.69e-010  8.04e-003  1.53e-009  6.79e-010  6.79e-010  6.79e-010  4.84e-011  
3.84531e+016 2.86e-020  2.25e-008  5.45e-001  4.47e-001  2.27e-010  7.86e-003  1.47e-009  6.53e-010  6.53e-010  6.53e-010  4.65e-011  
3.84962e+016 2.78e-020  1.93e-008  5.43e-001  4.49e-001  1.95e-010  7.77e-003  1.41e-009  6.29e-010  6.29e-010  6.29e-010  4.46e-011  
3.85449e+016 2.57e-020  1.66e-008  5.41e-001  4.51e-001  1.68e-010  7.67e-003  1.36e-009  6.03e-010  6.03e-010  6.03e-010  4.28e-011  
3.85990e+016 2.16e-020  1.43e-008  5.38e-001  4.54e-001  1.44e-010  7.56e-003  1.31e-009  5.84e-010  5.84e-010  5.84e-010  4.14e-011  
3.86597e+016 1.51e-020  1.23e-008  5.32e-001  4.61e-001  1.25e-010  7.43e-003  1.26e-009  5.60e-010  5.60e-010  5.60e-010  3.98e-011  
3.87288e+016 7.63e-021  1.08e-008  5.28e-001  4.64e-001  1.09e-010  7.36e-003  1.21e-009  5.39e-010  5.39e-010  5.39e-010  3.83e-011  
3.88139e+016 1.97e-021  9.85e-009  5.28e-001  4.65e-001  9.95e-011  7.26e-003  1.17e-009  5.18e-010  5.18e-010  5.18e-010  3.68e-011  
3.89093e+016 2.06e-022  9.52e-009  5.25e-001  4.68e-001  9.62e-011  7.14e-003  1.12e-009  5.00e-010  5.00e-010  5.00e-010  3.55e-011  
3.90068e+016 2.54e-023  9.97e-009  5.20e-001  4.73e-001  1.01e-010  7.09e-003  1.09e-009  4.85e-010  4.85e-010  4.85e-010  3.44e-011  
3.91088e+016 2.53e-023  1.14e-008  5.18e-001  4.75e-001  1.14e-010  7.04e-003  1.06e-009  4.75e-010  4.75e-010  4.75e-010  3.36e-011  
3.92181e+016 4.08e-023  1.39e-008  5.17e-001  4.76e-001  1.41e-010  7.06e-003  1.05e-009  4.66e-010  4.66e-010  4.66e-010  3.31e-011  
3.93325e+016 7.88e-023  1.80e-008  5.18e-001  4.75e-001  1.82e-010  7.05e-003  1.04e-009  4.61e-010  4.61e-010  4.61e-010  3.28e-011  
3.94519e+016 1.74e-022  2.39e-008  5.19e-001  4.74e-001  2.42e-010  7.06e-003  1.03e-009  4.58e-010  4.58e-010  4.58e-010  3.26e-011  
3.95803e+016 4.18e-022  3.25e-008  5.19e-001  4.74e-001  3.30e-010  7.08e-003  1.03e-009  4.57e-010  4.57e-010  4.57e-010  3.25e-011  
3.97190e+016 9.89e-022  4.51e-008  5.19e-001  4.74e-001  4.55e-010  7.15e-003  1.03e-009  4.61e-010  4.61e-010  4.61e-010  3.28e-011  
3.98699e+016 2.12e-021  6.29e-008  5.20e-001  4.73e-001  6.38e-010  7.28e-003  1.05e-009  4.68e-010  4.68e-010  4.68e-010  3.33e-011  
4.00514e+016 4.16e-021  9.13e-008  5.22e-001  4.71e-001  9.21e-010  7.38e-003  1.07e-009  4.78e-010  4.78e-010  4.78e-010  3.39e-011  
4.02549e+016 6.81e-021  1.35e-007  5.27e-001  4.65e-001  1.37e-009  7.59e-003  1.12e-009  4.96e-010  4.96e-010  4.96e-010  3.52e-011  
4.04761e+016 9.25e-021  2.05e-007  5.33e-001  4.59e-001  2.08e-009  7.86e-003  1.18e-009  5.22e-010  5.22e-010  5.22e-010  3.71e-011  
4.07070e+016 1.06e-020  3.16e-007  5.41e-001  4.51e-001  3.18e-009  8.20e-003  1.26e-009  5.58e-010  5.58e-010  5.58e-010  3.96e-011  
4.09451e+016 1.07e-020  4.99e-007  5.47e-001  4.45e-001  5.04e-009  8.58e-003  1.36e-009  6.02e-010  6.02e-010  6.02e-010  4.28e-011  
4.11988e+016 9.59e-021  8.31e-007  5.54e-001  4.37e-001  8.40e-009  9.10e-003  1.49e-009  6.62e-010  6.62e-010  6.62e-010  4.70e-011  
4.14624e+016 8.11e-021  1.44e-006  5.65e-001  4.25e-001  1.47e-008  9.69e-003  1.66e-009  7.39e-010  7.39e-010  7.39e-010  5.24e-011  
4.17462e+016 6.89e-021  2.76e-006  5.77e-001  4.12e-001  2.79e-008  1.05e-002  1.90e-009  8.46e-010  8.46e-010  8.46e-010  6.01e-011  
4.20512e+016 6.42e-021  5.74e-006  5.87e-001  4.02e-001  5.81e-008  1.14e-002  2.23e-009  9.89e-010  9.89e-010  9.89e-010  7.02e-011  
4.23867e+016 6.91e-021  1.37e-005  6.02e-001  3.85e-001  1.39e-007  1.28e-002  2.69e-009  1.20e-009  1.20e-009  1.20e-009  8.53e-011  
4.27356e+016 8.54e-021  3.64e-005  6.17e-001  3.69e-001  3.67e-007  1.45e-002  3.37e-009  1.50e-009  1.50e-009  1.50e-009  1.07e-010  
4.30994e+016 1.17e-020  1.09e-004  6.32e-001  3.51e-001  1.10e-006  1.68e-002  4.35e-009  1.94e-009  1.94e-009  1.94e-009  1.37e-010  
4.34671e+016 1.73e-020  3.58e-004  6.49e-001  3.31e-001  3.62e-006  1.98e-002  5.77e-009  2.57e-009  2.57e-009  2.57e-009  1.83e-010  
4.38104e+016 2.52e-020  1.17e-003  6.62e-001  3.13e-001  1.18e-005  2.35e-002  7.69e-009  3.42e-009  3.42e-009  3.42e-009  2.43e-010  
4.41007e+016 3.29e-020  3.34e-003  6.75e-001  2.94e-001  3.38e-005  2.72e-002  9.94e-009  4.41e-009  4.41e-009  4.41e-009  3.13e-010  
4.42181e+016 3.62e-020  5.16e-003  6.79e-001  2.87e-001  5.22e-005  2.90e-002  1.11e-008  4.94e-009  4.94e-009  4.94e-009  3.50e-010  
4.42811e+016 3.82e-020  6.49e-003  6.78e-001  2.85e-001  6.57e-005  3.01e-002  1.18e-008  5.24e-009  5.24e-009  5.24e-009  3.72e-010  
4.43809e+016 4.15e-020  9.49e-003  6.79e-001  2.79e-001  9.59e-005  3.18e-002  1.29e-008  5.73e-009  5.73e-009  5.73e-009  4.07e-010  
4.45030e+016 4.55e-020  1.49e-002  6.83e-001  2.68e-001  1.51e-004  3.38e-002  1.45e-008  6.44e-009  6.44e-009  6.44e-009  4.57e-010  
4.45401e+016 4.66e-020  1.72e-002  6.82e-001  2.66e-001  1.74e-004  3.47e-002  1.50e-008  6.67e-009  6.67e-009  6.67e-009  4.74e-010  
4.45998e+016 4.84e-020  2.13e-002  6.82e-001  2.60e-001  2.17e-004  3.58e-002  1.59e-008  7.05e-009  7.05e-009  7.05e-009  5.00e-010  
4.46779e+016 5.08e-020  2.81e-002  6.83e-001  2.52e-001  2.85e-004  3.72e-002  1.70e-008  7.57e-009  7.57e-009  7.57e-009  5.37e-010  
4.48006e+016 5.47e-020  4.28e-002  6.76e-001  2.41e-001  4.31e-004  3.95e-002  1.90e-008  8.48e-009  8.48e-009  8.48e-009  6.03e-010  
4.48529e+016 5.63e-020  5.10e-002  6.75e-001  2.33e-001  5.15e-004  4.07e-002  2.01e-008  8.92e-009  8.92e-009  8.92e-009  6.34e-010  
4.48834e+016 5.70e-020  5.62e-002  6.72e-001  2.30e-001  5.67e-004  4.12e-002  2.05e-008  9.16e-009  9.16e-009  9.16e-009  6.51e-010  
4.49346e+016 5.84e-020  6.51e-002  6.65e-001  2.28e-001  6.56e-004  4.20e-002  2.16e-008  9.56e-009  9.56e-009  9.56e-009  6.80e-010  
4.49870e+016 5.99e-020  7.54e-002  6.57e-001  2.24e-001  7.61e-004  4.30e-002  2.25e-008  1.00e-008  1.00e-008  1.00e-008  7.12e-010  
4.50684e+016 6.26e-020  9.30e-002  6.47e-001  2.14e-001  9.40e-004  4.46e-002  2.41e-008  1.08e-008  1.08e-008  1.08e-008  7.66e-010  
4.51867e+016 6.67e-020  1.22e-001  6.33e-001  1.98e-001  1.23e-003  4.65e-002  2.65e-008  1.18e-008  1.18e-008  1.18e-008  8.41e-010  
4.51946e+016 6.66e-020  1.26e-001  6.29e-001  1.97e-001  1.28e-003  4.71e-002  2.70e-008  1.20e-008  1.20e-008  1.20e-008  8.55e-010  
4.52061e+016 6.70e-020  1.30e-001  6.27e-001  1.94e-001  1.32e-003  4.75e-002  2.75e-008  1.22e-008  1.22e-008  1.22e-008  8.67e-010  
4.52265e+016 6.76e-020  1.35e-001  6.25e-001  1.91e-001  1.37e-003  4.77e-002  2.78e-008  1.24e-008  1.24e-008  1.24e-008  8.79e-010  
4.52632e+016 6.88e-020  1.45e-001  6.19e-001  1.86e-001  1.47e-003  4.81e-002  2.85e-008  1.27e-008  1.27e-008  1.27e-008  9.02e-010  
4.53239e+016 7.10e-020  1.62e-001  6.10e-001  1.77e-001  1.63e-003  4.89e-002  2.99e-008  1.33e-008  1.33e-008  1.33e-008  9.44e-010  
4.54167e+016 7.49e-020  1.90e-001  5.92e-001  1.67e-001  1.91e-003  5.01e-002  3.20e-008  1.43e-008  1.43e-008  1.43e-008  1.01e-009  
4.55446e+016 8.09e-020  2.32e-001  5.61e-001  1.52e-001  2.35e-003  5.19e-002  3.54e-008  1.57e-008  1.57e-008  1.57e-008  1.12e-009  
4.55658e+016 8.20e-020  2.40e-001  5.56e-001  1.49e-001  2.43e-003  5.22e-002  3.60e-008  1.60e-008  1.60e-008  1.60e-008  1.14e-009  
4.55697e+016 8.20e-020  2.44e-001  5.57e-001  1.44e-001  2.46e-003  5.26e-002  3.62e-008  1.61e-008  1.61e-008  1.61e-008  1.14e-009  
4.55761e+016 8.21e-020  2.46e-001  5.56e-001  1.42e-001  2.48e-003  5.27e-002  3.64e-008  1.62e-008  1.62e-008  1.62e-008  1.15e-009  
4.55871e+016 8.26e-020  2.51e-001  5.53e-001  1.40e-001  2.53e-003  5.28e-002  3.67e-008  1.63e-008  1.63e-008  1.63e-008  1.16e-009  
4.56066e+016 8.34e-020  2.56e-001  5.49e-001  1.39e-001  2.59e-003  5.30e-002  3.73e-008  1.65e-008  1.65e-008  1.65e-008  1.18e-009  
4.56410e+016 8.51e-020  2.69e-001  5.38e-001  1.36e-001  2.72e-003  5.34e-002  3.81e-008  1.69e-008  1.69e-008  1.69e-008  1.21e-009  
4.56849e+016 8.74e-020  2.85e-001  5.25e-001  1.33e-001  2.88e-003  5.39e-002  3.94e-008  1.75e-008  1.75e-008  1.75e-008  1.25e-009  
4.57241e+016 8.96e-020  2.99e-001  5.15e-001  1.28e-001  3.02e-003  5.42e-002  4.04e-008  1.80e-008  1.80e-008  1.80e-008  1.28e-009  
4.57850e+016 9.34e-020  3.21e-001  5.01e-001  1.20e-001  3.24e-003  5.45e-002  4.20e-008  1.86e-008  1.86e-008  1.86e-008  1.33e-009  
4.58802e+016 9.98e-020  3.60e-001  4.75e-001  1.06e-001  3.63e-003  5.50e-002  4.46e-008  1.98e-008  1.98e-008  1.98e-008  1.41e-009  
4.59720e+016 1.06e-019  3.97e-001  4.48e-001  9.51e-002  4.02e-003  5.53e-002  4.72e-008  2.10e-008  2.10e-008  2.10e-008  1.49e-009  
4.59734e+016 1.06e-019  4.00e-001  4.48e-001  9.32e-002  4.03e-003  5.55e-002  4.73e-008  2.10e-008  2.10e-008  2.10e-008  1.50e-009  
4.59759e+016 1.06e-019  4.04e-001  4.44e-001  9.22e-002  4.07e-003  5.59e-002  4.76e-008  2.12e-008  2.12e-008  2.12e-008  1.50e-009  
4.59802e+016 1.06e-019  4.07e-001  4.41e-001  9.10e-002  4.11e-003  5.62e-002  4.79e-008  2.13e-008  2.13e-008  2.13e-008  1.52e-009  
4.59873e+016 1.07e-019  4.10e-001  4.40e-001  9.02e-002  4.14e-003  5.63e-002  4.81e-008  2.14e-008  2.14e-008  2.14e-008  1.52e-009  
4.59993e+016 1.08e-019  4.15e-001  4.36e-001  8.87e-002  4.18e-003  5.62e-002  4.84e-008  2.15e-008  2.15e-008  2.15e-008  1.53e-009  
4.60196e+016 1.09e-019  4.23e-001  4.31e-001  8.62e-002  4.26e-003  5.60e-002  4.88e-008  2.17e-008  2.17e-008  2.17e-008  1.54e-009  
4.60580e+016 1.12e-019  4.38e-001  4.20e-001  8.14e-002  4.43e-003  5.59e-002  4.98e-008  2.22e-008  2.22e-008  2.22e-008  1.57e-009  
4.61139e+016 1.17e-019  4.61e-001  4.03e-001  7.65e-002  4.65e-003  5.54e-002  5.12e-008  2.27e-008  2.27e-008  2.27e-008  1.61e-009  
4.61801e+016 1.22e-019  4.89e-001  3.80e-001  7.09e-002  4.94e-003  5.51e-002  5.27e-008  2.35e-008  2.35e-008  2.35e-008  1.67e-009  
4.62829e+016 1.32e-019  5.34e-001  3.45e-001  6.11e-002  5.39e-003  5.43e-002  5.52e-008  2.46e-008  2.46e-008  2.46e-008  1.75e-009  
4.63958e+016 1.44e-019  5.82e-001  3.10e-001  4.95e-002  5.88e-003  5.29e-002  5.75e-008  2.56e-008  2.56e-008  2.56e-008  1.81e-009  
4.64165e+016 1.46e-019  5.92e-001  3.03e-001  4.72e-002  5.98e-003  5.27e-002  5.80e-008  2.58e-008  2.58e-008  2.58e-008  1.83e-009  
4.64187e+016 1.46e-019  5.96e-001  2.99e-001  4.63e-002  6.02e-003  5.29e-002  5.82e-008  2.59e-008  2.59e-008  2.59e-008  1.84e-009  
4.64224e+016 1.46e-019  5.99e-001  2.98e-001  4.43e-002  6.05e-003  5.30e-002  5.83e-008  2.59e-008  2.59e-008  2.59e-008  1.84e-009  
4.64286e+016 1.47e-019  6.02e-001  2.96e-001  4.32e-002  6.08e-003  5.28e-002  5.84e-008  2.60e-008  2.60e-008  2.60e-008  1.85e-009  
4.64396e+016 1.48e-019  6.07e-001  2.92e-001  4.25e-002  6.13e-003  5.27e-002  5.87e-008  2.61e-008  2.61e-008  2.61e-008  1.85e-009  
4.64596e+016 1.50e-019  6.15e-001  2.85e-001  4.13e-002  6.22e-003  5.25e-002  5.91e-008  2.63e-008  2.63e-008  2.63e-008  1.87e-009  
4.64933e+016 1.54e-019  6.29e-001  2.74e-001  3.91e-002  6.35e-003  5.18e-002  5.96e-008  2.65e-008  2.65e-008  2.65e-008  1.88e-009  
4.65501e+016 1.62e-019  6.50e-001  2.58e-001  3.49e-002  6.56e-003  5.03e-002  6.01e-008  2.67e-008  2.67e-008  2.67e-008  1.90e-009  
4.66259e+016 1.71e-019  6.78e-001  2.37e-001  2.94e-002  6.84e-003  4.87e-002  6.14e-008  2.72e-008  2.72e-008  2.72e-008  1.93e-009  
4.67450e+016 1.89e-019  7.21e-001  2.02e-001  2.35e-002  7.27e-003  4.57e-002  6.21e-008  2.76e-008  2.76e-008  2.76e-008  1.96e-009  
4.68726e+016 2.09e-019  7.67e-001  1.66e-001  1.73e-002  7.76e-003  4.26e-002  6.28e-008  2.80e-008  2.80e-008  2.80e-008  1.99e-009  
4.69009e+016 2.14e-019  7.76e-001  1.58e-001  1.59e-002  7.81e-003  4.18e-002  6.31e-008  2.80e-008  2.80e-008  2.80e-008  1.99e-009  
4.69024e+016 2.14e-019  7.77e-001  1.58e-001  1.56e-002  7.86e-003  4.18e-002  6.32e-008  2.81e-008  2.81e-008  2.81e-008  1.99e-009  
4.69048e+016 2.15e-019  7.78e-001  1.57e-001  1.51e-002  7.83e-003  4.16e-002  6.29e-008  2.80e-008  2.80e-008  2.80e-008  1.98e-009  
4.69090e+016 2.14e-019  7.80e-001  1.57e-001  1.41e-002  7.89e-003  4.16e-002  6.30e-008  2.80e-008  2.80e-008  2.80e-008  1.99e-009  
4.69160e+016 2.14e-019  7.84e-001  1.54e-001  1.29e-002  7.93e-003  4.16e-002  6.30e-008  2.81e-008  2.81e-008  2.81e-008  2.00e-009  
4.69279e+016 2.16e-019  7.87e-001  1.51e-001  1.25e-002  7.96e-003  4.13e-002  6.34e-008  2.81e-008  2.81e-008  2.81e-008  2.00e-009  
4.69476e+016 2.20e-019  7.93e-001  1.47e-001  1.21e-002  8.02e-003  4.07e-002  6.33e-008  2.81e-008  2.81e-008  2.81e-008  2.00e-009  
4.69806e+016 2.26e-019  8.02e-001  1.39e-001  1.13e-002  8.11e-003  3.97e-002  6.33e-008  2.81e-008  2.81e-008  2.81e-008  1.99e-009  
4.70337e+016 2.36e-019  8.17e-001  1.27e-001  1.02e-002  8.25e-003  3.82e-002  6.31e-008  2.80e-008  2.80e-008  2.80e-008  1.99e-009  
4.70622e+016 2.42e-019  8.25e-001  1.20e-001  9.49e-003  8.33e-003  3.73e-002  6.27e-008  2.80e-008  2.80e-008  2.80e-008  1.99e-009  
4.71061e+016 2.52e-019  8.35e-001  1.12e-001  8.47e-003  8.43e-003  3.60e-002  6.24e-008  2.78e-008  2.78e-008  2.78e-008  1.98e-009  
4.71746e+016 2.66e-019  8.50e-001  1.01e-001  6.92e-003  8.57e-003  3.40e-002  6.20e-008  2.77e-008  2.77e-008  2.77e-008  1.97e-009  
4.72860e+016 2.91e-019  8.73e-001  8.25e-002  4.81e-003  8.83e-003  3.08e-002  6.15e-008  2.74e-008  2.74e-008  2.74e-008  1.94e-009  
4.74240e+016 3.26e-019  8.99e-001  6.23e-002  3.07e-003  9.08e-003  2.70e-002  6.01e-008  2.67e-008  2.67e-008  2.67e-008  1.90e-009  
4.74305e+016 3.28e-019  8.99e-001  6.16e-002  3.00e-003  9.09e-003  2.68e-002  6.01e-008  2.66e-008  2.66e-008  2.66e-008  1.89e-009  
4.74313e+016 3.28e-019  9.00e-001  6.13e-002  3.00e-003  9.09e-003  2.68e-002  6.01e-008  2.67e-008  2.67e-008  2.67e-008  1.90e-009  
4.74348e+016 3.29e-019  9.00e-001  6.11e-002  2.93e-003  9.09e-003  2.68e-002  5.99e-008  2.67e-008  2.67e-008  2.67e-008  1.89e-009  
4.74406e+016 3.30e-019  9.02e-001  5.99e-002  2.75e-003  9.11e-003  2.65e-002  5.99e-008  2.66e-008  2.66e-008  2.66e-008  1.89e-009  
4.74503e+016 3.32e-019  9.04e-001  5.82e-002  2.40e-003  9.13e-003  2.64e-002  5.97e-008  2.65e-008  2.65e-008  2.65e-008  1.89e-009  
4.74676e+016 3.36e-019  9.07e-001  5.53e-002  2.16e-003  9.16e-003  2.60e-002  5.92e-008  2.64e-008  2.64e-008  2.64e-008  1.87e-009  
4.74972e+016 3.43e-019  9.12e-001  5.18e-002  1.90e-003  9.20e-003  2.53e-002  5.91e-008  2.62e-008  2.62e-008  2.62e-008  1.86e-009  
4.75283e+016 3.53e-019  9.16e-001  4.85e-002  1.66e-003  9.25e-003  2.45e-002  5.87e-008  2.61e-008  2.61e-008  2.61e-008  1.85e-009  
4.75365e+016 3.54e-019  9.17e-001  4.80e-002  1.61e-003  9.28e-003  2.43e-002  5.87e-008  2.61e-008  2.61e-008  2.61e-008  1.85e-009  
4.75556e+016 3.61e-019  9.19e-001  4.60e-002  1.52e-003  9.28e-003  2.37e-002  5.82e-008  2.59e-008  2.59e-008  2.59e-008  1.84e-009  
4.75856e+016 3.70e-019  9.23e-001  4.32e-002  1.41e-003  9.31e-003  2.29e-002  5.78e-008  2.57e-008  2.57e-008  2.57e-008  1.83e-009  
4.76342e+016 3.85e-019  9.29e-001  3.87e-002  1.23e-003  9.39e-003  2.18e-002  5.73e-008  2.55e-008  2.55e-008  2.55e-008  1.81e-009  
4.77120e+016 4.12e-019  9.38e-001  3.18e-002  9.13e-004  9.47e-003  2.01e-002  5.61e-008  2.50e-008  2.50e-008  2.50e-008  1.78e-009  
4.78339e+016 4.55e-019  9.48e-001  2.44e-002  5.65e-004  9.57e-003  1.75e-002  5.43e-008  2.42e-008  2.42e-008  2.42e-008  1.72e-009  
4.79819e+016 5.13e-019  9.59e-001  1.69e-002  2.63e-004  9.68e-003  1.46e-002  5.20e-008  2.32e-008  2.32e-008  2.32e-008  1.64e-009  
4.80101e+016 5.25e-019  9.60e-001  1.57e-002  2.31e-004  9.70e-003  1.41e-002  5.16e-008  2.31e-008  2.31e-008  2.31e-008  1.63e-009  
4.80156e+016 5.27e-019  9.60e-001  1.55e-002  2.24e-004  9.70e-003  1.41e-002  5.16e-008  2.30e-008  2.30e-008  2.30e-008  1.63e-009  
4.80288e+016 5.33e-019  9.61e-001  1.50e-002  2.10e-004  9.71e-003  1.38e-002  5.13e-008  2.29e-008  2.29e-008  2.29e-008  1.62e-009  
4.80511e+016 5.42e-019  9.63e-001  1.41e-002  1.86e-004  9.72e-003  1.35e-002  5.09e-008  2.27e-008  2.27e-008  2.27e-008  1.61e-009  
4.80875e+016 5.58e-019  9.65e-001  1.27e-002  1.50e-004  9.74e-003  1.29e-002  5.04e-008  2.24e-008  2.24e-008  2.24e-008  1.59e-009  
4.81463e+016 5.85e-019  9.68e-001  1.06e-002  1.03e-004  9.76e-003  1.19e-002  4.94e-008  2.21e-008  2.21e-008  2.21e-008  1.56e-009  
4.82445e+016 6.33e-019  9.72e-001  8.06e-003  6.38e-005  9.81e-003  1.05e-002  4.79e-008  2.13e-008  2.13e-008  2.13e-008  1.51e-009  
4.83636e+016 6.96e-019  9.76e-001  5.57e-003  3.26e-005  9.86e-003  8.99e-003  4.61e-008  2.05e-008  2.05e-008  2.05e-008  1.45e-009  
4.84912e+016 7.71e-019  9.79e-001  3.60e-003  1.47e-005  9.89e-003  7.58e-003  4.42e-008  1.97e-008  1.97e-008  1.97e-008  1.40e-009  
4.86294e+016 8.61e-019  9.82e-001  2.20e-003  6.11e-006  9.92e-003  6.28e-003  4.22e-008  1.87e-008  1.87e-008  1.87e-008  1.34e-009  
4.87591e+016 9.54e-019  9.83e-001  1.35e-003  2.36e-006  9.94e-003  5.23e-003  4.04e-008  1.79e-008  1.79e-008  1.79e-008  1.28e-009  
4.88968e+016 1.07e-018  9.85e-001  7.74e-004  7.50e-007  9.94e-003  4.27e-003  3.84e-008  1.71e-008  1.71e-008  1.71e-008  1.21e-009  
4.90444e+016 1.20e-018  9.86e-001  4.02e-004  1.96e-007  9.95e-003  3.43e-003  3.64e-008  1.62e-008  1.62e-008  1.62e-008  1.15e-009  
4.91980e+016 1.34e-018  9.87e-001  1.91e-004  4.22e-008  1.00e-002  2.74e-003  3.48e-008  1.55e-008  1.55e-008  1.55e-008  1.10e-009  
4.93317e+016 1.49e-018  9.88e-001  9.07e-005  9.21e-009  9.94e-003  2.21e-003  3.31e-008  1.47e-008  1.47e-008  1.47e-008  1.05e-009  
4.94239e+016 1.60e-018  9.88e-001  5.00e-005  2.48e-009  9.94e-003  1.90e-003  3.20e-008  1.43e-008  1.43e-008  1.43e-008  1.01e-009  
4.95192e+016 1.71e-018  9.88e-001  2.69e-005  6.37e-010  1.00e-002  1.64e-003  3.12e-008  1.39e-008  1.39e-008  1.39e-008  9.82e-010  
4.96202e+016 1.85e-018  9.89e-001  1.48e-005  1.80e-010  9.94e-003  1.38e-003  3.00e-008  1.33e-008  1.33e-008  1.33e-008  9.51e-010  
4.97297e+016 2.00e-018  9.89e-001  7.09e-006  3.21e-011  9.99e-003  1.15e-003  2.91e-008  1.29e-008  1.29e-008  1.29e-008  9.19e-010  
4.98461e+016 2.18e-018  9.89e-001  2.90e-006  3.93e-012  9.98e-003  9.39e-004  2.80e-008  1.25e-008  1.25e-008  1.25e-008  8.84e-010  
4.99670e+016 2.39e-018  9.89e-001  1.01e-006  3.45e-013  9.98e-003  7.67e-004  2.70e-008  1.20e-008  1.20e-008  1.20e-008  8.51e-010  
5.00936e+016 2.61e-018  9.89e-001  2.68e-007  2.16e-014  9.97e-003  6.17e-004  2.60e-008  1.15e-008  1.15e-008  1.15e-008  8.21e-010  
5.02240e+016 2.85e-018  9.90e-001  4.95e-008  5.54e-016  1.00e-002  4.88e-004  2.51e-008  1.11e-008  1.11e-008  1.11e-008  7.90e-010  
5.03584e+016 3.11e-018  9.90e-001  8.80e-009  2.26e-017  9.99e-003  3.82e-004  2.42e-008  1.07e-008  1.07e-008  1.07e-008  7.65e-010  
5.05026e+016 3.41e-018  9.90e-001  1.74e-009  3.85e-019  1.00e-002  2.87e-004  2.33e-008  1.04e-008  1.04e-008  1.04e-008  7.37e-010  
5.05959e+016 3.63e-018  9.90e-001  4.77e-010  1.30e-020  1.00e-002  2.38e-004  2.28e-008  1.01e-008  1.01e-008  1.01e-008  7.20e-010  
5.06957e+016 3.87e-018  9.90e-001  8.97e-011  2.49e-022  1.00e-002  1.99e-004  2.23e-008  9.90e-009  9.90e-009  9.90e-009  7.03e-010  
5.07988e+016 4.13e-018  9.90e-001  1.24e-011  8.13e-024  1.00e-002  1.64e-004  2.18e-008  9.68e-009  9.68e-009  9.68e-009  6.87e-010  
5.09058e+016 4.42e-018  9.90e-001  1.30e-012  1.12e-025  9.99e-003  1.32e-004  2.13e-008  9.49e-009  9.49e-009  9.49e-009  6.73e-010  
5.10237e+016 4.77e-018  9.90e-001  9.25e-014  7.28e-028  9.98e-003  1.03e-004  2.08e-008  9.25e-009  9.25e-009  9.25e-009  6.59e-010  
5.11496e+016 5.15e-018  9.90e-001  4.62e-015  2.47e-030  1.00e-002  7.76e-005  2.04e-008  9.05e-009  9.05e-009  9.05e-009  6.42e-010  
5.12843e+016 5.59e-018  9.90e-001  2.88e-016  3.90e-033  1.00e-002  5.01e-005  1.99e-008  8.86e-009  8.86e-009  8.86e-009  5.60e-010  
5.14296e+016 6.09e-018  9.90e-001  1.89e-017  5.40e-035  1.00e-002  3.05e-005  1.95e-008  8.67e-009  8.67e-009  8.67e-009  4.86e-010  
5.15425e+016 6.52e-018  9.90e-001  4.44e-018  9.26e-037  9.99e-003  2.09e-005  1.92e-008  8.55e-009  8.55e-009  8.55e-009  4.37e-010  
5.16792e+016 7.04e-018  9.90e-001  1.14e-019  5.61e-040  1.00e-002  1.26e-005  1.89e-008  8.42e-009  8.42e-009  8.42e-009  3.86e-010  
5.18319e+016 7.68e-018  9.90e-001  1.46e-021  1.24e-043  1.00e-002  6.86e-006  1.86e-008  8.30e-009  8.30e-009  8.30e-009  3.39e-010  
5.19950e+016 8.39e-018  9.90e-001  1.11e-023  1.09e-047  1.00e-002  3.30e-006  1.85e-008  8.18e-009  8.18e-009  8.18e-009  2.95e-010  
5.21655e+016 9.20e-018  9.90e-001  3.97e-026  4.14e-052  1.00e-002  1.41e-006  1.83e-008  8.10e-009  8.10e-009  8.10e-009  2.59e-010  
5.23457e+016 1.01e-017  9.90e-001  6.81e-028  8.83e-054  1.00e-002  5.10e-007  1.80e-008  8.03e-009  8.03e-009  8.03e-009  2.26e-010  
5.25384e+016 1.12e-017  9.90e-001  8.92e-031  9.36e-058  9.99e-003  1.75e-007  1.78e-008  7.93e-009  7.93e-009  7.93e-009  1.96e-010  
5.27451e+016 1.24e-017  9.90e-001  1.09e-033  5.63e-063  9.98e-003  4.40e-008  1.77e-008  7.89e-009  7.89e-009  7.89e-009  1.71e-010  
5.29668e+016 1.38e-017  9.90e-001  5.54e-037  5.63e-069  9.97e-003  7.30e-009  1.77e-008  7.88e-009  7.88e-009  7.88e-009  1.50e-010  
5.31993e+016 1.54e-017  9.90e-001  9.51e-041  8.53e-077  1.00e-002  4.52e-010  1.78e-008  7.95e-009  7.95e-009  7.95e-009  1.32e-010  
5.34440e+016 1.73e-017  9.90e-001  7.41e-042  1.48e-077  9.96e-003  1.67e-011  1.78e-008  7.87e-009  7.87e-009  7.87e-009  1.15e-010  
5.36995e+016 1.93e-017  9.90e-001  2.28e-047  0.00e+000  9.95e-003  8.81e-013  1.79e-008  7.93e-009  7.93e-009  7.93e-009  1.02e-010  
5.39765e+016 2.16e-017  9.90e-001  5.37e-052  0.00e+000  9.99e-003  9.30e-015  1.81e-008  8.05e-009  8.05e-009  8.05e-009  8.97e-011  
5.42627e+016 2.41e-017  9.90e-001  2.85e-053  0.00e+000  1.00e-002  3.36e-017  1.83e-008  8.16e-009  8.16e-009  8.16e-009  7.99e-011  
5.45738e+016 2.71e-017  9.90e-001  8.90e-060  0.00e+000  1.00e-002  1.58e-019  1.87e-008  8.31e-009  8.31e-009  8.31e-009  7.13e-011  
5.49079e+016 3.03e-017  9.90e-001  4.72e-061  0.00e+000  1.00e-002  4.88e-023  1.91e-008  8.51e-009  8.51e-009  8.51e-009  6.37e-011  
5.52575e+016 3.37e-017  9.90e-001  2.91e-068  0.00e+000  9.99e-003  6.31e-026  1.97e-008  8.77e-009  8.77e-009  8.77e-009  5.75e-011  
5.56155e+016 3.72e-017  9.90e-001  5.30e-070  0.00e+000  1.00e-002  2.99e-030  2.04e-008  9.07e-009  9.07e-009  9.07e-009  5.27e-011  
5.59918e+016 4.08e-017  9.90e-001  2.12e-077  0.00e+000  1.00e-002  1.12e-033  2.12e-008  9.43e-009  9.43e-009  9.43e-009  4.85e-011  
5.63913e+016 4.44e-017  9.90e-001  2.34e-080  0.00e+000  1.00e-002  5.15e-038  2.23e-008  9.90e-009  9.90e-009  9.90e-009  4.52e-011  
5.68226e+016 4.82e-017  9.90e-001  0.00e+000  0.00e+000  1.00e-002  4.28e-046  2.35e-008  1.04e-008  1.04e-008  1.04e-008  4.23e-011  
5.72780e+016 5.17e-017  9.90e-001  0.00e+000  0.00e+000  1.00e-002  1.75e-047  2.49e-008  1.11e-008  1.11e-008  1.11e-008  4.00e-011  
5.77650e+016 5.51e-017  9.90e-001  0.00e+000  0.00e+000  1.00e-002  2.13e-056  2.67e-008  1.19e-008  1.19e-008  1.19e-008  3.83e-011  
5.82707e+016 5.80e-017  9.90e-001  0.00e+000  0.00e+000  1.00e-002  3.07e-061  2.86e-008  1.27e-008  1.27e-008  1.27e-008  3.73e-011  
5.88124e+016 6.04e-017  9.90e-001  0.00e+000  0.00e+000  1.00e-002  8.46e-072  3.11e-008  1.38e-008  1.38e-008  1.38e-008  3.66e-011  
5.93801e+016 6.22e-017  9.90e-001  0.00e+000  0.00e+000  1.00e-002  1.24e-076  3.38e-008  1.50e-008  1.50e-008  1.50e-008  3.63e-011  
5.99878e+016 6.35e-017  9.90e-001  0.00e+000  0.00e+000  9.99e-003  0.00e+000  3.70e-008  1.64e-008  1.64e-008  1.64e-008  3.65e-011  
6.06254e+016 6.42e-017  9.90e-001  0.00e+000  0.00e+000  1.00e-002  0.00e+000  4.06e-008  1.81e-008  1.81e-008  1.81e-008  3.70e-011  
6.12860e+016 6.45e-017  9.90e-001  0.00e+000  0.00e+000  1.00e-002  0.00e+000  4.48e-008  1.98e-008  1.98e-008  1.98e-008  3.80e-011  
6.19772e+016 6.44e-017  9.90e-001  0.00e+000  0.00e+000  1.00e-002  0.00e+000  4.95e-008  2.20e-008  2.20e-008  2.20e-008  3.94e-011  
6.27006e+016 6.41e-017  9.90e-001  0.00e+000  0.00e+000  9.99e-003  0.00e+000  5.47e-008  2.43e-008  2.43e-008  2.43e-008  4.12e-011  
6.34752e+016 6.35e-017  9.90e-001  0.00e+000  0.00e+000  9.99e-003  0.00e+000  6.11e-008  2.71e-008  2.71e-008  2.71e-008  4.34e-011  
6.43223e+016 6.28e-017  9.90e-001  0.00e+000  0.00e+000  1.00e-002  0.00e+000  6.86e-008  3.06e-008  3.06e-008  3.06e-008  4.65e-011  
6.52408e+016 6.22e-017  9.90e-001  0.00e+000  0.00e+000  1.00e-002  0.00e+000  7.76e-008  3.46e-008  3.46e-008  3.46e-008  5.03e-011  
6.62440e+016 6.17e-017  9.90e-001  0.00e+000  0.00e+000  1.00e-002  0.00e+000  8.90e-008  3.95e-008  3.95e-008  3.95e-008  5.51e-011  
6.73219e+016 6.14e-017  9.90e-001  0.00e+000  0.00e+000  1.00e-002  0.00e+000  1.03e-007  4.58e-008  4.58e-008  4.58e-008  6.14e-011  
6.84641e+016 6.16e-017  9.90e-001  0.00e+000  0.00e+000  1.00e-002  0.00e+000  1.20e-007  5.32e-008  5.32e-008  5.32e-008  6.90e-011  
6.96945e+016 6.22e-017  9.90e-001  0.00e+000  0.00e+000  1.00e-002  0.00e+000  1.41e-007  6.27e-008  6.27e-008  6.27e-008  7.87e-011  
7.10391e+016 6.36e-017  9.90e-001  0.00e+000  0.00e+000  9.99e-003  0.00e+000  1.68e-007  7.48e-008  7.48e-008  7.48e-008  9.15e-011  
7.25155e+016 6.60e-017  9.90e-001  0.00e+000  0.00e+000  9.99e-003  0.00e+000  2.05e-007  9.11e-008  9.11e-008  9.11e-008  1.08e-010  
7.42223e+016 6.97e-017  9.90e-001  0.00e+000  0.00e+000  1.00e-002  0.00e+000  2.58e-007  1.15e-007  1.15e-007  1.15e-007  1.33e-010  
7.63108e+016 7.62e-017  9.90e-001  0.00e+000  0.00e+000  1.00e-002  0.00e+000  3.43e-007  1.52e-007  1.52e-007  1.52e-007  1.72e-010  
7.86896e+016 8.62e-017  9.90e-001  0.00e+000  0.00e+000  1.00e-002  0.00e+000  4.76e-007  2.11e-007  2.11e-007  2.11e-007  2.32e-010  
8.18150e+016 1.04e-016  9.90e-001  0.00e+000  0.00e+000  1.00e-002  0.00e+000  7.34e-007  3.27e-007  3.27e-007  3.27e-007  3.48e-010  
8.55776e+016 1.33e-016  9.90e-001  0.00e+000  0.00e+000  9.98e-003  0.00e+000  1.24e-006  5.50e-007  5.50e-007  5.50e-007  5.68e-010  
9.00548e+016 1.77e-016  9.90e-001  0.00e+000  0.00e+000  1.00e-002  0.00e+000  2.31e-006  1.03e-006  1.03e-006  1.03e-006  1.03e-009  
9.53916e+016 2.38e-016  9.90e-001  0.00e+000  0.00e+000  9.98e-003  0.00e+000  4.78e-006  2.13e-006  2.13e-006  2.13e-006  2.07e-009  
1.01535e+017 3.09e-016  9.90e-001  0.00e+000  0.00e+000  1.00e-002  0.00e+000  1.09e-005  4.85e-006  4.85e-006  4.85e-006  4.56e-009  
1.09249e+017 3.80e-016  9.90e-001  0.00e+000  0.00e+000  1.00e-002  0.00e+000  2.79e-005  1.24e-005  1.24e-005  1.24e-005  1.14e-008  
1.19176e+017 4.29e-016  9.90e-001  0.00e+000  0.00e+000  1.00e-002  0.00e+000  7.38e-005  3.28e-005  3.28e-005  3.28e-005  2.93e-008  
1.32448e+017 4.83e-016  9.90e-001  0.00e+000  0.00e+000  1.00e-002  0.00e+000  1.51e-004  6.73e-005  6.73e-005  6.73e-005  5.84e-008  
