! 0       HCOOH + H2 -> CO2 + H2 + H2
! 1       HCOOH + H2 -> CO + H2O + H2
! 2       HCOOH + H3CO+ -> H2CO + HCOOH2+
! 3       HCOOH + GRAIN -> *HCOOH + GRAIN
! 4       HCOOH + HCO+ -> CO + HCOOH2+
! 5       HCOOH + H3+ -> H2O + H2 + HCO+
! 6       HCOOH + H3+ -> CO + H2 + H3O+
! 7       HCOOH + CRPhoton -> HCO + OH
! 8       HCOOH + CH3OH2+ -> CH3OH + HCOOH2+
! 9       HCOOH + O2+ -> O2H + HCO2+
!            tot_rate   0          1          2          3          4          5          6          7          8          9          
1.58188e+013 1.66e-017  0.00e+000  0.00e+000  1.34e-003  1.77e-002  3.41e-001  4.47e-001  1.87e-001  1.83e-003  3.09e-006  4.33e-003  
3.50727e+014 1.66e-017  0.00e+000  0.00e+000  1.34e-003  1.78e-002  3.41e-001  4.46e-001  1.87e-001  1.83e-003  3.09e-006  4.32e-003  
5.21628e+015 1.66e-017  0.00e+000  0.00e+000  1.33e-003  1.79e-002  3.40e-001  4.47e-001  1.87e-001  1.83e-003  3.08e-006  4.31e-003  
2.67137e+016 1.11e-017  0.00e+000  0.00e+000  5.88e-004  1.04e-001  2.12e-001  4.77e-001  2.00e-001  2.74e-003  1.11e-006  2.73e-003  
3.33598e+016 5.78e-018  0.00e+000  0.00e+000  2.92e-004  3.70e-001  1.48e-001  3.34e-001  1.40e-001  5.33e-003  4.26e-007  2.08e-003  
3.42055e+016 4.44e-018  0.00e+000  0.00e+000  2.79e-004  3.65e-001  1.53e-001  3.33e-001  1.39e-001  6.96e-003  3.94e-007  2.19e-003  
3.44017e+016 4.12e-018  0.00e+000  0.00e+000  2.79e-004  3.59e-001  1.55e-001  3.35e-001  1.40e-001  7.50e-003  3.91e-007  2.23e-003  
3.46353e+016 3.71e-018  0.00e+000  0.00e+000  2.78e-004  3.51e-001  1.60e-001  3.37e-001  1.42e-001  8.33e-003  3.88e-007  2.30e-003  
3.48860e+016 3.29e-018  0.00e+000  0.00e+000  2.80e-004  3.35e-001  1.65e-001  3.44e-001  1.44e-001  9.43e-003  3.86e-007  2.38e-003  
3.51370e+016 2.87e-018  0.00e+000  0.00e+000  2.83e-004  3.17e-001  1.71e-001  3.51e-001  1.47e-001  1.08e-002  3.86e-007  2.48e-003  
3.53250e+016 2.57e-018  0.00e+000  0.00e+000  2.86e-004  3.02e-001  1.77e-001  3.57e-001  1.49e-001  1.21e-002  3.89e-007  2.58e-003  
3.55515e+016 2.24e-018  0.00e+000  0.00e+000  2.92e-004  2.78e-001  1.85e-001  3.67e-001  1.53e-001  1.39e-002  3.93e-007  2.69e-003  
3.57182e+016 2.00e-018  0.00e+000  0.00e+000  2.98e-004  2.60e-001  1.91e-001  3.74e-001  1.56e-001  1.56e-002  3.98e-007  2.79e-003  
3.58524e+016 1.81e-018  0.00e+000  0.00e+000  3.04e-004  2.44e-001  1.97e-001  3.80e-001  1.59e-001  1.72e-002  4.02e-007  2.87e-003  
3.60047e+016 1.62e-018  0.00e+000  0.00e+000  3.11e-004  2.24e-001  2.04e-001  3.87e-001  1.62e-001  1.93e-002  4.07e-007  2.98e-003  
3.61718e+016 1.42e-018  0.00e+000  0.00e+000  3.20e-004  2.02e-001  2.12e-001  3.95e-001  1.65e-001  2.21e-002  4.12e-007  3.10e-003  
3.62899e+016 1.29e-018  0.00e+000  0.00e+000  3.27e-004  1.87e-001  2.18e-001  4.00e-001  1.67e-001  2.44e-002  4.15e-007  3.18e-003  
3.63893e+016 1.19e-018  0.00e+000  0.00e+000  3.33e-004  1.73e-001  2.22e-001  4.04e-001  1.70e-001  2.66e-002  4.22e-007  3.26e-003  
3.64972e+016 1.11e-018  0.00e+000  0.00e+000  3.65e-004  1.56e-001  2.40e-001  4.02e-001  1.68e-001  2.87e-002  4.58e-007  3.62e-003  
3.66124e+016 1.05e-018  0.00e+000  0.00e+000  4.02e-004  1.37e-001  2.66e-001  3.95e-001  1.65e-001  3.08e-002  4.96e-007  4.01e-003  
3.67348e+016 1.05e-018  0.00e+000  0.00e+000  4.46e-004  1.19e-001  2.97e-001  3.84e-001  1.61e-001  3.31e-002  5.43e-007  4.49e-003  
3.68621e+016 1.44e-018  0.00e+000  0.00e+000  4.97e-004  1.01e-001  3.35e-001  3.69e-001  1.54e-001  3.54e-002  6.02e-007  5.04e-003  
3.69700e+016 2.74e-018  0.00e+000  0.00e+000  5.43e-004  8.71e-002  3.68e-001  3.53e-001  1.48e-001  3.72e-002  6.78e-007  5.54e-003  
3.70376e+016 4.60e-018  0.00e+000  0.00e+000  5.72e-004  7.89e-002  3.91e-001  3.41e-001  1.43e-001  3.81e-002  7.59e-007  5.89e-003  
3.71087e+016 8.16e-018  0.00e+000  0.00e+000  6.08e-004  7.13e-002  4.16e-001  3.28e-001  1.37e-001  3.91e-002  9.08e-007  6.26e-003  
3.71826e+016 1.55e-017  0.00e+000  7.93e-079  6.22e-004  6.19e-002  4.30e-001  3.25e-001  1.36e-001  3.84e-002  1.16e-006  6.44e-003  
3.72589e+016 3.06e-017  0.00e+000  8.38e-060  6.41e-004  5.37e-002  4.45e-001  3.21e-001  1.34e-001  3.76e-002  1.70e-006  6.64e-003  
3.73370e+016 6.14e-017  9.04e-064  2.25e-044  6.63e-004  4.66e-002  4.64e-001  3.13e-001  1.31e-001  3.68e-002  2.85e-006  6.88e-003  
3.74165e+016 1.25e-016  4.32e-047  1.40e-032  6.97e-004  4.10e-002  4.89e-001  2.99e-001  1.25e-001  3.62e-002  5.36e-006  7.16e-003  
3.74829e+016 2.28e-016  1.35e-036  3.70e-025  7.38e-004  3.73e-002  5.14e-001  2.84e-001  1.19e-001  3.57e-002  9.58e-006  7.47e-003  
3.75505e+016 4.20e-016  2.81e-028  2.81e-019  7.98e-004  3.43e-002  5.45e-001  2.64e-001  1.11e-001  3.53e-002  1.77e-005  7.79e-003  
3.76194e+016 7.87e-016  1.74e-021  1.79e-014  8.86e-004  3.18e-002  5.78e-001  2.43e-001  1.02e-001  3.48e-002  3.36e-005  8.19e-003  
3.76839e+016 1.46e-015  4.23e-016  1.15e-010  1.01e-003  3.00e-002  6.11e-001  2.22e-001  9.26e-002  3.44e-002  6.13e-005  8.57e-003  
3.76854e+016 1.48e-015  5.46e-016  1.38e-010  1.01e-003  3.00e-002  6.11e-001  2.21e-001  9.26e-002  3.44e-002  6.21e-005  8.59e-003  
3.76877e+016 1.52e-015  8.31e-016  1.86e-010  1.02e-003  2.99e-002  6.12e-001  2.20e-001  9.23e-002  3.44e-002  6.35e-005  8.58e-003  
3.76917e+016 1.58e-015  1.66e-015  3.02e-010  1.03e-003  2.99e-002  6.14e-001  2.19e-001  9.19e-002  3.44e-002  6.59e-005  8.62e-003  
3.76980e+016 1.68e-015  5.02e-015  6.59e-010  1.04e-003  2.97e-002  6.17e-001  2.17e-001  9.08e-002  3.44e-002  7.00e-005  8.67e-003  
3.77083e+016 1.88e-015  2.90e-014  2.29e-009  1.07e-003  2.96e-002  6.22e-001  2.14e-001  8.93e-002  3.44e-002  7.71e-005  8.72e-003  
3.77248e+016 2.28e-015  4.47e-013  1.58e-008  1.12e-003  2.93e-002  6.31e-001  2.08e-001  8.67e-002  3.43e-002  8.98e-005  8.85e-003  
3.77450e+016 3.03e-015  1.06e-011  1.49e-007  1.19e-003  2.89e-002  6.41e-001  2.01e-001  8.39e-002  3.43e-002  1.08e-004  8.98e-003  
3.77655e+016 4.79e-015  1.94e-010  1.16e-006  1.27e-003  2.86e-002  6.51e-001  1.93e-001  8.10e-002  3.42e-002  1.32e-004  9.12e-003  
3.77936e+016 5.96e-015  2.65e-009  7.35e-006  1.38e-003  2.82e-002  6.64e-001  1.84e-001  7.70e-002  3.40e-002  1.68e-004  9.31e-003  
3.78016e+016 6.05e-015  5.47e-009  1.23e-005  1.42e-003  2.81e-002  6.68e-001  1.82e-001  7.57e-002  3.41e-002  1.79e-004  9.36e-003  
3.78111e+016 6.11e-015  1.30e-008  2.26e-005  1.46e-003  2.80e-002  6.73e-001  1.78e-001  7.45e-002  3.40e-002  1.92e-004  9.43e-003  
3.78273e+016 6.14e-015  5.60e-008  6.37e-005  1.53e-003  2.78e-002  6.81e-001  1.73e-001  7.23e-002  3.40e-002  2.15e-004  9.54e-003  
3.78530e+016 6.18e-015  5.39e-007  3.16e-004  1.65e-003  2.75e-002  6.91e-001  1.65e-001  6.88e-002  3.38e-002  2.51e-004  9.72e-003  
3.78818e+016 6.20e-015  6.19e-006  1.77e-003  1.77e-003  2.72e-002  7.03e-001  1.56e-001  6.51e-002  3.39e-002  2.95e-004  9.90e-003  
3.79076e+016 6.26e-015  4.86e-005  7.59e-003  1.90e-003  2.68e-002  7.09e-001  1.47e-001  6.17e-002  3.35e-002  3.32e-004  1.00e-002  
3.79253e+016 6.35e-015  1.84e-004  1.95e-002  1.95e-003  2.65e-002  7.07e-001  1.41e-001  5.91e-002  3.31e-002  3.56e-004  1.00e-002  
3.79502e+016 6.70e-015  1.07e-003  6.61e-002  1.98e-003  2.49e-002  6.82e-001  1.28e-001  5.36e-002  3.13e-002  3.76e-004  9.65e-003  
3.79755e+016 7.82e-015  5.18e-003  1.93e-001  1.82e-003  2.13e-002  5.93e-001  1.05e-001  4.38e-002  2.68e-002  3.57e-004  8.42e-003  
3.79897e+016 9.29e-015  1.09e-002  3.12e-001  1.58e-003  1.80e-002  5.04e-001  8.61e-002  3.61e-002  2.26e-002  3.17e-004  7.17e-003  
3.79918e+016 9.60e-015  1.21e-002  3.33e-001  1.54e-003  1.74e-002  4.88e-001  8.30e-002  3.48e-002  2.19e-002  3.09e-004  6.95e-003  
3.79956e+016 1.02e-014  1.44e-002  3.70e-001  1.46e-003  1.64e-002  4.60e-001  7.76e-002  3.25e-002  2.06e-002  2.95e-004  6.56e-003  
3.80017e+016 1.14e-014  1.87e-002  4.30e-001  1.32e-003  1.47e-002  4.12e-001  6.87e-002  2.87e-002  1.84e-002  2.70e-004  5.89e-003  
3.80129e+016 1.46e-014  2.84e-002  5.39e-001  1.07e-003  1.15e-002  3.26e-001  5.28e-002  2.21e-002  1.44e-002  2.20e-004  4.65e-003  
3.80319e+016 2.47e-014  5.07e-002  6.93e-001  6.61e-004  6.81e-003  1.94e-001  3.02e-002  1.26e-002  8.51e-003  1.39e-004  2.78e-003  
3.80578e+016 5.84e-014  8.88e-002  8.03e-001  2.96e-004  2.88e-003  8.30e-002  1.22e-002  5.12e-003  3.59e-003  6.37e-005  1.20e-003  
3.80629e+016 6.96e-014  9.70e-002  8.12e-001  2.51e-004  2.43e-003  6.98e-002  1.02e-002  4.25e-003  3.02e-003  5.43e-005  1.01e-003  
3.80713e+016 9.23e-014  1.11e-001  8.21e-001  1.93e-004  1.83e-003  5.29e-002  7.57e-003  3.17e-003  2.28e-003  4.21e-005  7.64e-004  
3.80859e+016 1.50e-013  1.36e-001  8.22e-001  1.23e-004  1.13e-003  3.29e-002  4.56e-003  1.91e-003  1.40e-003  2.71e-005  4.76e-004  
3.81083e+016 3.26e-013  1.80e-001  8.00e-001  5.95e-005  5.21e-004  1.52e-002  2.02e-003  8.46e-004  6.44e-004  1.32e-005  2.22e-004  
3.81265e+016 6.01e-013  2.19e-001  7.70e-001  3.36e-005  2.84e-004  8.31e-003  1.06e-003  4.46e-004  3.51e-004  7.53e-006  1.22e-004  
3.81480e+016 1.15e-012  2.66e-001  7.29e-001  1.83e-005  1.49e-004  4.37e-003  5.38e-004  2.26e-004  1.83e-004  4.16e-006  6.42e-005  
3.81769e+016 2.84e-012  3.37e-001  6.61e-001  7.88e-006  6.08e-005  1.79e-003  2.09e-004  8.75e-005  7.42e-005  1.81e-006  2.65e-005  
3.81836e+016 3.46e-012  3.53e-001  6.45e-001  6.57e-006  5.01e-005  1.47e-003  1.71e-004  7.15e-005  6.10e-005  1.51e-006  2.19e-005  
3.81952e+016 4.76e-012  3.78e-001  6.20e-001  4.88e-006  3.66e-005  1.07e-003  1.22e-004  5.11e-005  4.44e-005  1.13e-006  1.60e-005  
3.82149e+016 8.27e-012  4.27e-001  5.72e-001  2.92e-006  2.12e-005  6.19e-004  6.83e-005  2.85e-005  2.55e-005  6.76e-007  9.29e-006  
3.82433e+016 1.76e-011  4.92e-001  5.07e-001  1.44e-006  9.99e-006  2.91e-004  3.09e-005  1.29e-005  1.19e-005  3.36e-007  4.41e-006  
3.82740e+016 3.76e-011  5.56e-001  4.44e-001  7.07e-007  4.71e-006  1.36e-004  1.39e-005  5.80e-006  5.56e-006  1.66e-007  2.08e-006  
3.83054e+016 7.62e-011  6.14e-001  3.86e-001  3.65e-007  2.32e-006  6.65e-005  6.52e-006  2.73e-006  2.72e-006  8.56e-008  1.03e-006  
3.83376e+016 1.46e-010  6.65e-001  3.34e-001  1.96e-007  1.20e-006  3.39e-005  3.21e-006  1.34e-006  1.38e-006  4.59e-008  5.32e-007  
3.83751e+016 2.80e-010  7.14e-001  2.86e-001  1.02e-007  6.00e-007  1.65e-005  1.52e-006  6.35e-007  6.78e-007  2.37e-008  2.65e-007  
3.84132e+016 4.73e-010  7.55e-001  2.45e-001  5.67e-008  3.19e-007  8.63e-006  7.72e-007  3.23e-007  3.57e-007  1.30e-008  1.41e-007  
3.84531e+016 6.82e-010  7.87e-001  2.13e-001  3.28e-008  1.79e-007  4.69e-006  4.11e-007  1.72e-007  1.95e-007  7.33e-009  7.79e-008  
3.84962e+016 7.63e-010  8.15e-001  1.85e-001  1.97e-008  1.03e-007  2.62e-006  2.25e-007  9.41e-008  1.10e-007  4.17e-009  4.44e-008  
3.85449e+016 5.35e-010  8.39e-001  1.61e-001  1.21e-008  6.09e-008  1.48e-006  1.25e-007  5.25e-008  6.36e-008  2.30e-009  2.58e-008  
3.85990e+016 1.61e-010  8.60e-001  1.40e-001  7.73e-009  3.72e-008  8.54e-007  7.23e-008  3.02e-008  3.78e-008  1.25e-009  1.54e-008  
3.86597e+016 1.06e-011  8.77e-001  1.23e-001  5.11e-009  2.38e-008  5.10e-007  4.35e-008  1.83e-008  2.34e-008  6.75e-010  9.60e-009  
3.87288e+016 5.18e-014  8.90e-001  1.10e-001  3.44e-009  1.59e-008  3.13e-007  2.72e-008  1.14e-008  1.51e-008  3.65e-010  6.14e-009  
3.88139e+016 8.13e-016  9.02e-001  9.81e-002  2.24e-009  1.09e-008  1.89e-007  1.75e-008  7.30e-009  9.82e-009  1.91e-010  3.96e-009  
3.89093e+016 7.69e-016  9.11e-001  8.89e-002  1.48e-009  7.95e-009  1.20e-007  1.19e-008  4.99e-009  6.82e-009  1.02e-010  2.69e-009  
3.90068e+016 7.24e-016  9.18e-001  8.22e-002  1.05e-009  6.32e-009  8.11e-008  8.89e-009  3.72e-009  5.13e-009  5.83e-011  1.96e-009  
3.91088e+016 6.73e-016  9.23e-001  7.74e-002  7.71e-010  5.32e-009  5.68e-008  7.03e-009  2.94e-009  4.07e-009  3.51e-011  1.49e-009  
3.92181e+016 6.23e-016  9.26e-001  7.35e-002  5.81e-010  4.66e-009  4.03e-008  5.78e-009  2.42e-009  3.37e-009  2.20e-011  1.15e-009  
3.93325e+016 5.75e-016  9.29e-001  7.08e-002  4.51e-010  4.28e-009  2.92e-008  4.96e-009  2.07e-009  2.89e-009  1.48e-011  9.19e-010  
3.94519e+016 5.32e-016  9.31e-001  6.87e-002  3.57e-010  4.06e-009  2.16e-008  4.38e-009  1.84e-009  2.58e-009  1.08e-011  7.43e-010  
3.95803e+016 4.91e-016  9.33e-001  6.70e-002  2.87e-010  3.99e-009  1.63e-008  3.99e-009  1.67e-009  2.36e-009  8.66e-012  6.07e-010  
3.97190e+016 4.52e-016  9.34e-001  6.62e-002  2.32e-010  4.05e-009  1.26e-008  3.74e-009  1.57e-009  2.24e-009  7.68e-012  5.00e-010  
3.98699e+016 4.15e-016  9.34e-001  6.60e-002  1.91e-010  4.26e-009  1.01e-008  3.61e-009  1.51e-009  2.16e-009  7.39e-012  4.14e-010  
4.00514e+016 3.77e-016  9.34e-001  6.63e-002  1.56e-010  4.69e-009  8.46e-009  3.58e-009  1.50e-009  2.16e-009  7.61e-012  3.34e-010  
4.02549e+016 3.42e-016  9.33e-001  6.73e-002  1.26e-010  5.41e-009  7.66e-009  3.68e-009  1.54e-009  2.23e-009  8.13e-012  2.67e-010  
4.04761e+016 3.13e-016  9.31e-001  6.88e-002  1.03e-010  6.43e-009  7.52e-009  3.87e-009  1.62e-009  2.37e-009  8.80e-012  2.09e-010  
4.07070e+016 2.91e-016  9.29e-001  7.12e-002  8.50e-011  7.88e-009  7.95e-009  4.20e-009  1.75e-009  2.58e-009  9.53e-012  1.62e-010  
4.09451e+016 2.78e-016  9.26e-001  7.39e-002  7.14e-011  9.91e-009  8.76e-009  4.61e-009  1.93e-009  2.86e-009  1.03e-011  1.23e-010  
4.11988e+016 2.72e-016  9.22e-001  7.75e-002  6.14e-011  1.29e-008  1.02e-008  5.26e-009  2.21e-009  3.28e-009  1.11e-011  9.22e-011  
4.14624e+016 2.77e-016  9.18e-001  8.20e-002  5.49e-011  1.76e-008  1.23e-008  6.22e-009  2.59e-009  3.87e-009  1.20e-011  6.87e-011  
4.17462e+016 2.92e-016  9.12e-001  8.81e-002  5.21e-011  2.53e-008  1.56e-008  7.68e-009  3.22e-009  4.83e-009  1.30e-011  5.07e-011  
4.20512e+016 3.22e-016  9.04e-001  9.63e-002  5.19e-011  3.91e-008  2.10e-008  1.01e-008  4.22e-009  6.34e-009  1.39e-011  3.73e-011  
4.23867e+016 3.70e-016  8.92e-001  1.08e-001  5.52e-011  6.68e-008  3.08e-008  1.44e-008  6.00e-009  9.08e-009  1.53e-011  2.73e-011  
4.27356e+016 4.38e-016  8.77e-001  1.23e-001  6.32e-011  1.24e-007  4.84e-008  2.22e-008  9.27e-009  1.40e-008  1.80e-011  2.03e-011  
4.30994e+016 5.26e-016  8.55e-001  1.45e-001  8.17e-011  2.57e-007  8.34e-008  3.76e-008  1.58e-008  2.38e-008  2.51e-011  1.54e-011  
4.34671e+016 6.28e-016  8.26e-001  1.74e-001  1.26e-010  5.86e-007  1.58e-007  7.02e-008  2.95e-008  4.44e-008  4.28e-011  1.24e-011  
4.38104e+016 6.22e-016  7.91e-001  2.09e-001  2.19e-010  1.38e-006  3.10e-007  1.37e-007  5.72e-008  8.62e-008  8.17e-011  1.12e-011  
4.41007e+016 5.30e-016  7.53e-001  2.47e-001  3.87e-010  3.04e-006  5.87e-007  2.57e-007  1.08e-007  1.62e-007  1.55e-010  1.18e-011  
4.42181e+016 4.66e-016  7.34e-001  2.66e-001  5.11e-010  4.38e-006  7.96e-007  3.48e-007  1.45e-007  2.19e-007  2.12e-010  1.30e-011  
4.42811e+016 4.30e-016  7.19e-001  2.81e-001  6.30e-010  5.67e-006  9.95e-007  4.33e-007  1.81e-007  2.72e-007  2.65e-010  1.47e-011  
4.43809e+016 4.36e-016  7.06e-001  2.94e-001  7.29e-010  7.04e-006  1.17e-006  5.09e-007  2.13e-007  3.19e-007  3.14e-010  1.49e-011  
4.45030e+016 3.96e-016  6.87e-001  3.13e-001  9.42e-010  9.95e-006  1.55e-006  6.72e-007  2.80e-007  4.22e-007  4.22e-010  1.70e-011  
4.45401e+016 3.23e-016  6.66e-001  3.34e-001  1.24e-009  1.34e-005  2.05e-006  8.89e-007  3.72e-007  5.57e-007  5.57e-010  2.16e-011  
4.45998e+016 3.16e-016  6.52e-001  3.48e-001  1.46e-009  1.66e-005  2.46e-006  1.06e-006  4.43e-007  6.65e-007  6.71e-010  2.44e-011  
4.46779e+016 3.37e-016  6.44e-001  3.56e-001  1.55e-009  1.86e-005  2.64e-006  1.14e-006  4.78e-007  7.12e-007  7.27e-010  2.45e-011  
4.48006e+016 3.04e-016  6.22e-001  3.78e-001  2.01e-009  2.65e-005  3.52e-006  1.51e-006  6.32e-007  9.44e-007  9.77e-010  2.99e-011  
4.48529e+016 1.95e-016  5.78e-001  4.22e-001  3.37e-009  4.63e-005  5.99e-006  2.56e-006  1.07e-006  1.61e-006  1.67e-009  4.92e-011  
4.48834e+016 1.91e-016  5.70e-001  4.30e-001  3.70e-009  5.21e-005  6.65e-006  2.84e-006  1.19e-006  1.77e-006  1.85e-009  5.34e-011  
4.49346e+016 2.14e-016  5.69e-001  4.31e-001  3.64e-009  5.32e-005  6.63e-006  2.82e-006  1.18e-006  1.76e-006  1.85e-009  5.23e-011  
4.49870e+016 2.28e-016  5.66e-001  4.34e-001  3.72e-009  5.66e-005  6.80e-006  2.91e-006  1.22e-006  1.82e-006  1.92e-009  5.27e-011  
4.50684e+016 2.20e-016  5.50e-001  4.49e-001  4.30e-009  7.01e-005  8.05e-006  3.43e-006  1.44e-006  2.15e-006  2.29e-009  6.05e-011  
4.51867e+016 1.89e-016  5.20e-001  4.80e-001  5.87e-009  1.05e-004  1.13e-005  4.81e-006  2.02e-006  3.00e-006  3.25e-009  8.25e-011  
4.51946e+016 1.12e-016  4.73e-001  5.27e-001  9.98e-009  1.80e-004  1.93e-005  8.21e-006  3.44e-006  5.12e-006  5.55e-009  1.40e-010  
4.52061e+016 1.04e-016  4.65e-001  5.35e-001  1.09e-008  2.00e-004  2.14e-005  9.07e-006  3.79e-006  5.66e-006  6.14e-009  1.55e-010  
4.52265e+016 1.09e-016  4.64e-001  5.35e-001  1.09e-008  2.02e-004  2.13e-005  9.04e-006  3.78e-006  5.65e-006  6.13e-009  1.54e-010  
4.52632e+016 1.17e-016  4.64e-001  5.36e-001  1.07e-008  2.05e-004  2.12e-005  8.94e-006  3.75e-006  5.61e-006  6.11e-009  1.52e-010  
4.53239e+016 1.30e-016  4.63e-001  5.37e-001  1.05e-008  2.13e-004  2.12e-005  8.92e-006  3.75e-006  5.62e-006  6.18e-009  1.51e-010  
4.54167e+016 1.26e-016  4.46e-001  5.54e-001  1.22e-008  2.68e-004  2.52e-005  1.08e-005  4.52e-006  6.69e-006  7.43e-009  1.78e-010  
4.55446e+016 1.04e-016  4.10e-001  5.89e-001  1.72e-008  4.24e-004  3.70e-005  1.63e-005  6.83e-006  9.82e-006  1.11e-008  2.60e-010  
4.55658e+016 8.73e-017  3.92e-001  6.07e-001  2.10e-008  5.25e-004  4.53e-005  2.01e-005  8.40e-006  1.20e-005  1.36e-008  3.19e-010  
4.55697e+016 5.41e-017  3.52e-001  6.48e-001  3.39e-008  8.53e-004  7.34e-005  3.26e-005  1.37e-005  1.96e-005  2.22e-008  5.18e-010  
4.55761e+016 4.77e-017  3.40e-001  6.59e-001  3.88e-008  9.80e-004  8.41e-005  3.74e-005  1.57e-005  2.25e-005  2.54e-008  5.92e-010  
4.55871e+016 4.86e-017  3.40e-001  6.59e-001  3.85e-008  9.86e-004  8.40e-005  3.75e-005  1.57e-005  2.24e-005  2.53e-008  5.91e-010  
4.56066e+016 5.03e-017  3.40e-001  6.59e-001  3.82e-008  9.95e-004  8.38e-005  3.74e-005  1.57e-005  2.23e-005  2.53e-008  5.89e-010  
4.56410e+016 5.34e-017  3.39e-001  6.60e-001  3.73e-008  1.01e-003  8.30e-005  3.75e-005  1.57e-005  2.21e-005  2.51e-008  5.85e-010  
4.56849e+016 5.75e-017  3.39e-001  6.59e-001  3.64e-008  1.02e-003  8.21e-005  3.74e-005  1.57e-005  2.19e-005  2.51e-008  5.79e-010  
4.57241e+016 5.91e-017  3.37e-001  6.62e-001  3.67e-008  1.08e-003  8.43e-005  3.88e-005  1.62e-005  2.25e-005  2.59e-008  5.94e-010  
4.57850e+016 5.68e-017  3.26e-001  6.73e-001  4.05e-008  1.26e-003  9.49e-005  4.44e-005  1.85e-005  2.55e-005  2.94e-008  6.73e-010  
4.58802e+016 4.81e-017  3.01e-001  6.97e-001  5.20e-008  1.78e-003  1.26e-004  6.03e-005  2.52e-005  3.39e-005  3.97e-008  9.00e-010  
4.59720e+016 3.87e-017  2.74e-001  7.23e-001  6.95e-008  2.61e-003  1.75e-004  8.55e-005  3.56e-005  4.73e-005  5.55e-008  1.26e-009  
4.59734e+016 3.08e-017  2.57e-001  7.39e-001  8.72e-008  3.27e-003  2.20e-004  1.07e-004  4.51e-005  5.93e-005  7.00e-008  1.58e-009  
4.59759e+016 1.91e-017  2.24e-001  7.70e-001  1.41e-007  5.29e-003  3.57e-004  1.74e-004  7.28e-005  9.64e-005  1.13e-007  2.56e-009  
4.59802e+016 1.57e-017  2.09e-001  7.83e-001  1.72e-007  6.49e-003  4.36e-004  2.13e-004  8.91e-005  1.18e-004  1.38e-007  3.13e-009  
4.59873e+016 1.57e-017  2.09e-001  7.84e-001  1.73e-007  6.56e-003  4.40e-004  2.15e-004  8.98e-005  1.18e-004  1.40e-007  3.15e-009  
4.59993e+016 1.59e-017  2.09e-001  7.84e-001  1.72e-007  6.65e-003  4.39e-004  2.16e-004  9.03e-005  1.18e-004  1.40e-007  3.15e-009  
4.60196e+016 1.65e-017  2.08e-001  7.84e-001  1.68e-007  6.69e-003  4.36e-004  2.15e-004  8.99e-005  1.18e-004  1.39e-007  3.14e-009  
4.60580e+016 1.74e-017  2.09e-001  7.83e-001  1.64e-007  6.80e-003  4.32e-004  2.15e-004  8.98e-005  1.17e-004  1.39e-007  3.12e-009  
4.61139e+016 1.86e-017  2.08e-001  7.84e-001  1.58e-007  6.98e-003  4.29e-004  2.16e-004  9.07e-005  1.17e-004  1.39e-007  3.11e-009  
4.61801e+016 1.81e-017  2.01e-001  7.90e-001  1.70e-007  8.01e-003  4.75e-004  2.43e-004  1.02e-004  1.29e-004  1.55e-007  3.46e-009  
4.62829e+016 1.48e-017  1.80e-001  8.07e-001  2.20e-007  1.17e-002  6.47e-004  3.40e-004  1.42e-004  1.77e-004  2.14e-007  4.77e-009  
4.63958e+016 1.07e-017  1.53e-001  8.25e-001  3.19e-007  1.93e-002  1.00e-003  5.39e-004  2.25e-004  2.74e-004  3.36e-007  7.45e-009  
4.64165e+016 9.45e-018  1.45e-001  8.30e-001  3.63e-007  2.27e-002  1.15e-003  6.26e-004  2.61e-004  3.17e-004  3.89e-007  8.63e-009  
4.64187e+016 5.79e-018  1.20e-001  8.39e-001  5.92e-007  3.70e-002  1.88e-003  1.02e-003  4.28e-004  5.16e-004  6.35e-007  1.41e-008  
4.64224e+016 3.73e-018  9.95e-002  8.37e-001  9.20e-007  5.77e-002  2.92e-003  1.59e-003  6.65e-004  8.05e-004  9.90e-007  2.19e-008  
4.64286e+016 3.33e-018  9.45e-002  8.34e-001  1.03e-006  6.51e-002  3.30e-003  1.79e-003  7.50e-004  9.06e-004  1.11e-006  2.47e-008  
4.64396e+016 3.36e-018  9.41e-002  8.34e-001  1.03e-006  6.55e-002  3.30e-003  1.80e-003  7.56e-004  9.08e-004  1.12e-006  2.48e-008  
4.64596e+016 3.44e-018  9.38e-002  8.34e-001  1.01e-006  6.59e-002  3.28e-003  1.80e-003  7.55e-004  9.03e-004  1.12e-006  2.47e-008  
4.64933e+016 3.59e-018  9.38e-002  8.33e-001  9.75e-007  6.68e-002  3.26e-003  1.80e-003  7.52e-004  8.94e-004  1.11e-006  2.45e-008  
4.65501e+016 3.85e-018  9.36e-002  8.32e-001  9.23e-007  6.81e-002  3.20e-003  1.79e-003  7.51e-004  8.81e-004  1.10e-006  2.43e-008  
4.66259e+016 3.77e-018  8.87e-002  8.26e-001  9.64e-007  7.81e-002  3.51e-003  1.99e-003  8.34e-004  9.67e-004  1.21e-006  2.68e-008  
4.67450e+016 2.92e-018  7.19e-002  7.97e-001  1.29e-006  1.20e-001  4.96e-003  2.93e-003  1.23e-003  1.39e-003  1.76e-006  3.87e-008  
4.68726e+016 2.02e-018  5.05e-002  7.23e-001  1.95e-006  2.09e-001  7.97e-003  4.84e-003  2.03e-003  2.24e-003  2.87e-006  6.34e-008  
4.69009e+016 1.85e-018  4.57e-002  6.97e-001  2.14e-006  2.38e-001  8.92e-003  5.46e-003  2.28e-003  2.50e-003  3.21e-006  7.08e-008  
4.69024e+016 1.66e-018  4.17e-002  6.73e-001  2.38e-006  2.64e-001  9.91e-003  6.07e-003  2.53e-003  2.78e-003  3.57e-006  7.87e-008  
4.69048e+016 1.30e-018  3.21e-002  6.01e-001  3.05e-006  3.39e-001  1.27e-002  7.77e-003  3.25e-003  3.57e-003  4.58e-006  1.01e-007  
4.69090e+016 9.85e-019  2.16e-002  4.93e-001  4.02e-006  4.49e-001  1.69e-002  1.03e-002  4.32e-003  4.72e-003  6.06e-006  1.34e-007  
4.69160e+016 8.11e-019  1.43e-002  3.92e-001  4.88e-006  5.50e-001  2.05e-002  1.26e-002  5.26e-003  5.76e-003  7.40e-006  1.64e-007  
4.69279e+016 7.88e-019  1.28e-002  3.67e-001  5.02e-006  5.75e-001  2.13e-002  1.31e-002  5.49e-003  5.99e-003  7.70e-006  1.70e-007  
4.69476e+016 8.06e-019  1.27e-002  3.64e-001  4.93e-006  5.78e-001  2.11e-002  1.30e-002  5.47e-003  5.96e-003  7.66e-006  1.69e-007  
4.69806e+016 8.39e-019  1.25e-002  3.60e-001  4.75e-006  5.83e-001  2.08e-002  1.30e-002  5.43e-003  5.87e-003  7.58e-006  1.67e-007  
4.70337e+016 8.97e-019  1.24e-002  3.56e-001  4.48e-006  5.88e-001  2.03e-002  1.28e-002  5.36e-003  5.74e-003  7.44e-006  1.64e-007  
4.70622e+016 9.24e-019  1.21e-002  3.51e-001  4.37e-006  5.93e-001  2.01e-002  1.28e-002  5.36e-003  5.70e-003  7.40e-006  1.63e-007  
4.71061e+016 9.45e-019  1.09e-002  3.28e-001  4.29e-006  6.17e-001  2.02e-002  1.30e-002  5.47e-003  5.77e-003  7.52e-006  1.66e-007  
4.71746e+016 9.53e-019  8.27e-003  2.74e-001  4.29e-006  6.71e-001  2.08e-002  1.38e-002  5.80e-003  6.03e-003  7.91e-006  1.74e-007  
4.72860e+016 9.60e-019  4.09e-003  1.72e-001  4.25e-006  7.74e-001  2.17e-002  1.53e-002  6.40e-003  6.52e-003  8.63e-006  1.90e-007  
4.74240e+016 1.02e-018  1.26e-003  7.63e-002  3.92e-006  8.71e-001  2.16e-002  1.63e-002  6.81e-003  6.76e-003  9.05e-006  1.96e-007  
4.74305e+016 1.03e-018  1.19e-003  7.31e-002  3.89e-006  8.74e-001  2.16e-002  1.64e-002  6.82e-003  6.77e-003  9.06e-006  1.97e-007  
4.74313e+016 1.03e-018  1.17e-003  7.23e-002  3.89e-006  8.75e-001  2.16e-002  1.64e-002  6.83e-003  6.77e-003  9.07e-006  1.97e-007  
4.74348e+016 1.02e-018  1.02e-003  6.57e-002  3.90e-006  8.82e-001  2.17e-002  1.64e-002  6.87e-003  6.80e-003  9.12e-006  1.98e-007  
4.74406e+016 1.01e-018  6.75e-004  4.94e-002  3.94e-006  8.97e-001  2.20e-002  1.67e-002  6.99e-003  6.92e-003  9.27e-006  2.01e-007  
4.74503e+016 1.00e-018  3.20e-004  2.93e-002  3.98e-006  9.17e-001  2.23e-002  1.70e-002  7.13e-003  7.04e-003  9.44e-006  2.05e-007  
4.74676e+016 1.00e-018  1.25e-004  1.51e-002  3.92e-006  9.31e-001  2.24e-002  1.72e-002  7.20e-003  7.09e-003  9.52e-006  2.06e-007  
4.74972e+016 1.03e-018  6.30e-005  9.31e-003  3.76e-006  9.37e-001  2.20e-002  1.71e-002  7.17e-003  7.02e-003  9.44e-006  2.04e-007  
4.75283e+016 1.08e-018  5.33e-005  8.25e-003  3.57e-006  9.39e-001  2.15e-002  1.69e-002  7.10e-003  6.91e-003  9.30e-006  2.01e-007  
4.75365e+016 1.09e-018  5.24e-005  8.15e-003  3.52e-006  9.40e-001  2.13e-002  1.69e-002  7.07e-003  6.88e-003  9.30e-006  2.00e-007  
4.75556e+016 1.12e-018  5.09e-005  7.95e-003  3.40e-006  9.41e-001  2.09e-002  1.68e-002  7.00e-003  6.78e-003  9.14e-006  1.97e-007  
4.75856e+016 1.16e-018  4.92e-005  7.76e-003  3.25e-006  9.42e-001  2.04e-002  1.66e-002  6.93e-003  6.68e-003  9.07e-006  1.94e-007  
4.76342e+016 1.23e-018  4.16e-005  6.86e-003  3.01e-006  9.44e-001  1.95e-002  1.63e-002  6.81e-003  6.50e-003  8.87e-006  1.89e-007  
4.77120e+016 1.35e-018  2.51e-005  4.76e-003  2.67e-006  9.48e-001  1.84e-002  1.59e-002  6.63e-003  6.24e-003  8.52e-006  1.81e-007  
4.78339e+016 1.55e-018  7.73e-006  2.05e-003  2.22e-006  9.54e-001  1.66e-002  1.53e-002  6.38e-003  5.88e-003  8.12e-006  1.71e-007  
4.79819e+016 1.85e-018  1.21e-006  5.47e-004  1.77e-006  9.58e-001  1.51e-002  1.45e-002  6.06e-003  5.41e-003  7.53e-006  1.57e-007  
4.80101e+016 1.91e-018  8.18e-007  4.12e-004  1.71e-006  9.59e-001  1.48e-002  1.43e-002  5.97e-003  5.35e-003  7.44e-006  1.56e-007  
4.80156e+016 1.92e-018  7.51e-007  3.88e-004  1.69e-006  9.59e-001  1.48e-002  1.43e-002  5.99e-003  5.32e-003  7.45e-006  1.56e-007  
4.80288e+016 1.95e-018  5.95e-007  3.29e-004  1.67e-006  9.60e-001  1.47e-002  1.42e-002  5.95e-003  5.29e-003  7.44e-006  1.55e-007  
4.80511e+016 2.00e-018  3.84e-007  2.40e-004  1.61e-006  9.60e-001  1.45e-002  1.41e-002  5.90e-003  5.25e-003  7.40e-006  1.54e-007  
4.80875e+016 2.08e-018  1.82e-007  1.42e-004  1.54e-006  9.61e-001  1.42e-002  1.39e-002  5.81e-003  5.14e-003  7.35e-006  1.53e-007  
4.81463e+016 2.22e-018  5.98e-008  6.38e-005  1.42e-006  9.62e-001  1.38e-002  1.36e-002  5.71e-003  4.99e-003  7.28e-006  1.50e-007  
4.82445e+016 2.49e-018  1.20e-008  2.04e-005  1.25e-006  9.64e-001  1.30e-002  1.31e-002  5.50e-003  4.70e-003  7.11e-006  1.46e-007  
4.83636e+016 2.85e-018  1.84e-009  5.34e-006  1.10e-006  9.66e-001  1.21e-002  1.25e-002  5.27e-003  4.42e-003  6.95e-006  1.40e-007  
4.84912e+016 3.28e-018  1.85e-010  1.04e-006  9.74e-007  9.68e-001  1.12e-002  1.20e-002  5.01e-003  4.12e-003  6.78e-006  1.35e-007  
4.86294e+016 3.80e-018  1.10e-011  1.39e-007  9.01e-007  9.70e-001  1.04e-002  1.14e-002  4.77e-003  3.82e-003  6.61e-006  1.30e-007  
4.87591e+016 4.35e-018  5.47e-013  1.66e-008  8.82e-007  9.71e-001  9.60e-003  1.09e-002  4.55e-003  3.58e-003  6.45e-006  1.25e-007  
4.88968e+016 5.02e-018  1.61e-014  1.35e-009  9.15e-007  9.73e-001  8.87e-003  1.04e-002  4.35e-003  3.33e-003  6.32e-006  1.20e-007  
4.90444e+016 5.82e-018  2.20e-016  6.40e-011  1.02e-006  9.75e-001  8.15e-003  9.83e-003  4.13e-003  3.09e-003  6.17e-006  1.15e-007  
4.91980e+016 6.76e-018  1.38e-018  1.76e-012  1.22e-006  9.76e-001  7.46e-003  9.32e-003  3.91e-003  2.87e-003  6.02e-006  1.10e-007  
4.93317e+016 7.67e-018  9.20e-021  5.01e-014  1.50e-006  9.78e-001  6.92e-003  8.90e-003  3.73e-003  2.69e-003  5.91e-006  1.06e-007  
4.94239e+016 8.34e-018  2.00e-022  3.31e-015  1.75e-006  9.79e-001  6.58e-003  8.65e-003  3.62e-003  2.57e-003  5.84e-006  1.03e-007  
4.95192e+016 9.09e-018  2.66e-024  1.55e-016  2.08e-006  9.79e-001  6.25e-003  8.37e-003  3.51e-003  2.45e-003  5.77e-006  1.01e-007  
4.96202e+016 9.93e-018  1.93e-026  4.70e-018  2.51e-006  9.80e-001  5.91e-003  8.11e-003  3.40e-003  2.34e-003  5.69e-006  9.79e-008  
4.97297e+016 1.09e-017  5.81e-029  7.68e-020  3.09e-006  9.81e-001  5.57e-003  7.82e-003  3.27e-003  2.23e-003  5.61e-006  9.54e-008  
4.98461e+016 1.20e-017  6.02e-032  5.90e-022  3.84e-006  9.82e-001  5.24e-003  7.54e-003  3.15e-003  2.11e-003  5.53e-006  9.24e-008  
4.99670e+016 1.32e-017  2.34e-035  2.26e-024  4.84e-006  9.83e-001  4.94e-003  7.28e-003  3.05e-003  2.00e-003  5.45e-006  8.92e-008  
5.00936e+016 1.45e-017  2.28e-039  3.26e-027  6.13e-006  9.83e-001  4.65e-003  7.01e-003  2.94e-003  1.91e-003  5.38e-006  8.67e-008  
5.02240e+016 1.60e-017  5.18e-044  1.68e-030  7.77e-006  9.84e-001  4.38e-003  6.83e-003  2.85e-003  1.81e-003  5.21e-006  8.40e-008  
5.03584e+016 1.76e-017  2.48e-049  2.87e-034  9.79e-006  9.85e-001  4.09e-003  6.55e-003  2.75e-003  1.72e-003  4.89e-006  7.91e-008  
5.05026e+016 1.93e-017  6.85e-056  6.59e-039  1.26e-005  9.86e-001  3.84e-003  6.33e-003  2.66e-003  1.63e-003  4.58e-006  7.47e-008  
5.05959e+016 2.05e-017  3.05e-060  5.47e-042  1.49e-005  9.86e-001  3.69e-003  6.20e-003  2.60e-003  1.58e-003  4.43e-006  7.27e-008  
5.06957e+016 2.19e-017  4.08e-065  1.93e-045  1.77e-005  9.86e-001  3.53e-003  6.03e-003  2.53e-003  1.52e-003  4.23e-006  6.99e-008  
5.07988e+016 2.34e-017  2.22e-070  3.62e-049  2.10e-005  9.87e-001  3.39e-003  5.89e-003  2.46e-003  1.46e-003  4.03e-006  6.75e-008  
5.09058e+016 2.50e-017  9.23e-076  5.64e-053  2.51e-005  9.87e-001  3.25e-003  5.72e-003  2.40e-003  1.41e-003  3.82e-006  6.51e-008  
5.10237e+016 2.69e-017  0.00e+000  2.20e-057  3.01e-005  9.88e-001  3.11e-003  5.57e-003  2.33e-003  1.35e-003  3.56e-006  6.27e-008  
5.11496e+016 2.91e-017  0.00e+000  3.57e-062  3.64e-005  9.88e-001  2.96e-003  5.39e-003  2.25e-003  1.29e-003  3.27e-006  6.00e-008  
5.12843e+016 3.16e-017  0.00e+000  2.72e-067  4.40e-005  9.88e-001  2.83e-003  5.23e-003  2.18e-003  1.23e-003  2.96e-006  5.77e-008  
5.14296e+016 3.44e-017  0.00e+000  4.33e-073  5.38e-005  9.89e-001  2.70e-003  5.03e-003  2.11e-003  1.17e-003  2.61e-006  5.50e-008  
5.15425e+016 3.68e-017  0.00e+000  2.12e-077  6.25e-005  9.89e-001  2.60e-003  4.89e-003  2.05e-003  1.13e-003  2.35e-006  5.30e-008  
5.16792e+016 3.98e-017  0.00e+000  0.00e+000  7.43e-005  9.90e-001  2.49e-003  4.75e-003  1.99e-003  1.08e-003  2.07e-006  5.10e-008  
5.18319e+016 4.34e-017  0.00e+000  0.00e+000  9.00e-005  9.90e-001  2.37e-003  4.58e-003  1.92e-003  1.02e-003  1.81e-006  4.88e-008  
5.19950e+016 4.76e-017  0.00e+000  0.00e+000  1.09e-004  9.90e-001  2.25e-003  4.42e-003  1.85e-003  9.71e-004  1.59e-006  4.65e-008  
5.21655e+016 5.22e-017  0.00e+000  0.00e+000  1.32e-004  9.91e-001  2.13e-003  4.27e-003  1.79e-003  9.24e-004  1.46e-006  4.45e-008  
5.23457e+016 5.75e-017  0.00e+000  0.00e+000  1.60e-004  9.91e-001  2.02e-003  4.12e-003  1.72e-003  8.75e-004  1.40e-006  4.23e-008  
5.25384e+016 6.37e-017  0.00e+000  0.00e+000  1.93e-004  9.91e-001  1.88e-003  3.95e-003  1.66e-003  8.27e-004  1.41e-006  4.02e-008  
5.27451e+016 7.11e-017  0.00e+000  0.00e+000  2.35e-004  9.92e-001  1.76e-003  3.81e-003  1.59e-003  7.81e-004  1.49e-006  3.81e-008  
5.29668e+016 7.98e-017  0.00e+000  0.00e+000  2.86e-004  9.92e-001  1.64e-003  3.67e-003  1.54e-003  7.37e-004  1.63e-006  3.62e-008  
5.31993e+016 9.03e-017  0.00e+000  0.00e+000  3.44e-004  9.92e-001  1.53e-003  3.53e-003  1.48e-003  6.94e-004  1.82e-006  3.43e-008  
5.34440e+016 1.03e-016  0.00e+000  0.00e+000  4.17e-004  9.93e-001  1.42e-003  3.42e-003  1.43e-003  6.56e-004  2.08e-006  3.27e-008  
5.36995e+016 1.19e-016  0.00e+000  0.00e+000  4.97e-004  9.93e-001  1.31e-003  3.29e-003  1.38e-003  6.18e-004  2.40e-006  3.10e-008  
5.39765e+016 1.40e-016  0.00e+000  0.00e+000  5.97e-004  9.93e-001  1.22e-003  3.18e-003  1.33e-003  5.82e-004  2.81e-006  2.93e-008  
5.42627e+016 1.67e-016  0.00e+000  0.00e+000  7.12e-004  9.93e-001  1.14e-003  3.08e-003  1.29e-003  5.49e-004  3.33e-006  2.78e-008  
5.45738e+016 2.03e-016  0.00e+000  0.00e+000  8.56e-004  9.93e-001  1.07e-003  3.01e-003  1.26e-003  5.21e-004  4.01e-006  2.67e-008  
5.49079e+016 2.56e-016  0.00e+000  0.00e+000  1.02e-003  9.93e-001  9.93e-004  2.94e-003  1.23e-003  4.93e-004  4.85e-006  2.54e-008  
5.52575e+016 3.27e-016  0.00e+000  0.00e+000  1.22e-003  9.93e-001  9.35e-004  2.89e-003  1.21e-003  4.71e-004  5.93e-006  2.43e-008  
5.56155e+016 4.23e-016  0.00e+000  0.00e+000  1.45e-003  9.93e-001  8.84e-004  2.86e-003  1.19e-003  4.49e-004  7.26e-006  2.34e-008  
5.59918e+016 5.52e-016  0.00e+000  0.00e+000  1.73e-003  9.93e-001  8.46e-004  2.84e-003  1.19e-003  4.33e-004  8.93e-006  2.26e-008  
5.63913e+016 7.25e-016  0.00e+000  0.00e+000  2.05e-003  9.93e-001  8.15e-004  2.85e-003  1.20e-003  4.19e-004  1.11e-005  2.21e-008  
5.68226e+016 9.58e-016  0.00e+000  0.00e+000  2.47e-003  9.92e-001  7.91e-004  2.89e-003  1.21e-003  4.07e-004  1.39e-005  2.15e-008  
5.72780e+016 1.26e-015  0.00e+000  0.00e+000  2.95e-003  9.92e-001  7.73e-004  2.95e-003  1.24e-003  3.98e-004  1.75e-005  2.11e-008  
5.77650e+016 1.62e-015  0.00e+000  0.00e+000  3.59e-003  9.91e-001  7.69e-004  3.07e-003  1.29e-003  3.96e-004  2.25e-005  2.10e-008  
5.82707e+016 2.06e-015  0.00e+000  0.00e+000  4.33e-003  9.90e-001  7.72e-004  3.21e-003  1.34e-003  3.94e-004  2.88e-005  2.09e-008  
5.88124e+016 2.56e-015  0.00e+000  0.00e+000  5.28e-003  9.89e-001  7.82e-004  3.41e-003  1.43e-003  3.99e-004  3.73e-005  2.10e-008  
5.93801e+016 3.09e-015  0.00e+000  0.00e+000  6.44e-003  9.87e-001  8.06e-004  3.66e-003  1.53e-003  4.05e-004  4.85e-005  2.13e-008  
5.99878e+016 3.65e-015  0.00e+000  0.00e+000  7.91e-003  9.85e-001  8.37e-004  4.00e-003  1.67e-003  4.16e-004  6.38e-005  2.17e-008  
6.06254e+016 4.19e-015  0.00e+000  0.00e+000  9.78e-003  9.83e-001  8.87e-004  4.39e-003  1.84e-003  4.32e-004  8.42e-005  2.24e-008  
6.12860e+016 4.70e-015  0.00e+000  0.00e+000  1.21e-002  9.80e-001  9.45e-004  4.88e-003  2.04e-003  4.51e-004  1.11e-004  2.32e-008  
6.19772e+016 5.13e-015  0.00e+000  0.00e+000  1.49e-002  9.76e-001  1.02e-003  5.45e-003  2.28e-003  4.77e-004  1.48e-004  2.43e-008  
6.27006e+016 5.52e-015  0.00e+000  0.00e+000  1.85e-002  9.71e-001  1.12e-003  6.16e-003  2.57e-003  5.05e-004  1.96e-004  2.55e-008  
6.34752e+016 5.84e-015  0.00e+000  0.00e+000  2.29e-002  9.65e-001  1.23e-003  7.00e-003  2.93e-003  5.41e-004  2.62e-004  2.70e-008  
6.43223e+016 6.11e-015  0.00e+000  0.00e+000  2.88e-002  9.57e-001  1.38e-003  8.05e-003  3.37e-003  5.86e-004  3.52e-004  2.90e-008  
6.52408e+016 6.34e-015  0.00e+000  0.00e+000  3.63e-002  9.48e-001  1.56e-003  9.32e-003  3.90e-003  6.36e-004  4.78e-004  3.12e-008  
6.62440e+016 6.53e-015  0.00e+000  0.00e+000  4.59e-002  9.35e-001  1.79e-003  1.09e-002  4.56e-003  6.97e-004  6.52e-004  3.40e-008  
6.73219e+016 6.71e-015  0.00e+000  0.00e+000  5.82e-002  9.20e-001  2.06e-003  1.27e-002  5.32e-003  7.63e-004  8.89e-004  3.74e-008  
6.84641e+016 6.89e-015  0.00e+000  0.00e+000  7.30e-002  9.02e-001  2.38e-003  1.48e-002  6.21e-003  8.38e-004  1.20e-003  4.14e-008  
6.96945e+016 7.09e-015  0.00e+000  0.00e+000  9.14e-002  8.79e-001  2.76e-003  1.73e-002  7.25e-003  9.18e-004  1.59e-003  4.61e-008  
7.10391e+016 7.34e-015  0.00e+000  0.00e+000  1.14e-001  8.51e-001  3.21e-003  2.02e-002  8.43e-003  1.00e-003  2.11e-003  5.22e-008  
7.25155e+016 7.69e-015  0.00e+000  0.00e+000  1.40e-001  8.19e-001  3.73e-003  2.33e-002  9.75e-003  1.09e-003  2.73e-003  5.92e-008  
7.42223e+016 8.19e-015  0.00e+000  0.00e+000  1.73e-001  7.79e-001  4.36e-003  2.70e-002  1.13e-002  1.18e-003  3.49e-003  6.82e-008  
7.63108e+016 8.96e-015  0.00e+000  0.00e+000  2.13e-001  7.32e-001  5.12e-003  3.12e-002  1.31e-002  1.27e-003  4.41e-003  8.01e-008  
7.86896e+016 1.01e-014  0.00e+000  0.00e+000  2.56e-001  6.81e-001  5.92e-003  3.56e-002  1.49e-002  1.34e-003  5.29e-003  9.49e-008  
8.18150e+016 1.19e-014  0.00e+000  0.00e+000  3.03e-001  6.24e-001  6.86e-003  4.07e-002  1.70e-002  1.38e-003  6.13e-003  1.16e-007  
8.55776e+016 1.44e-014  0.00e+000  0.00e+000  3.48e-001  5.71e-001  7.84e-003  4.59e-002  1.92e-002  1.39e-003  6.61e-003  1.46e-007  
9.00548e+016 1.77e-014  0.00e+000  0.00e+000  3.89e-001  5.21e-001  8.88e-003  5.14e-002  2.15e-002  1.36e-003  6.62e-003  1.89e-007  
9.53916e+016 2.16e-014  0.00e+000  0.00e+000  4.25e-001  4.76e-001  1.01e-002  5.78e-002  2.42e-002  1.30e-003  6.19e-003  2.59e-007  
1.01535e+017 2.58e-014  0.00e+000  0.00e+000  4.54e-001  4.35e-001  1.16e-002  6.56e-002  2.75e-002  1.24e-003  5.36e-003  3.78e-007  
1.09249e+017 2.97e-014  0.00e+000  0.00e+000  4.78e-001  3.94e-001  1.40e-002  7.70e-002  3.23e-002  1.16e-003  4.17e-003  6.26e-007  
1.19176e+017 3.21e-014  0.00e+000  0.00e+000  4.83e-001  3.58e-001  1.80e-002  9.63e-002  4.02e-002  1.09e-003  2.76e-003  1.31e-006  
1.32448e+017 2.97e-014  0.00e+000  0.00e+000  4.35e-001  3.37e-001  2.78e-002  1.40e-001  5.83e-002  1.06e-003  1.45e-003  4.31e-006  
