! 0       *HCOOCH3 + He -> HCOOCH3 + He
! 1       *HCOOCH3 + H2 -> HCOOCH3 + H2
! 2       *HCOOCH3 + CO -> HCOOCH3 + CO
! 3       *HCOOCH3 + CRPhoton -> *CO2 + *CH4
! 4       *HCOOCH3 + CRPhoton -> *CO2 + *CH3 + *H
! 5       *HCOOCH3 + CRPhoton -> *CH3OH + *CO
! 6       *HCOOCH3 + ISPhoton -> *H2CO + *H2CO
! 7       *HCOOCH3 + CRPhoton -> HCOOCH3
! 8       *HCOOCH3 + ISPhoton -> HCOOCH3
! 9       *HCOOCH3 + GRAIN -> HCOOCH3 + GRAIN
!            tot_rate   0          1          2          3          4          5          6          7          8          9          
1.58188e+013 1.67e-022  0.00e+000  0.00e+000  0.00e+000  6.67e-001  1.66e-001  1.66e-001  6.31e-004  1.39e-004  8.29e-009  0.00e+000  
3.50727e+014 1.67e-022  0.00e+000  0.00e+000  0.00e+000  6.67e-001  1.66e-001  1.66e-001  6.31e-004  1.39e-004  8.29e-009  0.00e+000  
5.21628e+015 1.67e-022  0.00e+000  0.00e+000  0.00e+000  6.67e-001  1.66e-001  1.66e-001  6.31e-004  1.39e-004  8.29e-009  0.00e+000  
2.67137e+016 1.67e-022  0.00e+000  0.00e+000  0.00e+000  6.66e-001  1.67e-001  1.67e-001  6.36e-004  1.40e-004  8.34e-009  0.00e+000  
3.33598e+016 1.70e-022  0.00e+000  0.00e+000  0.00e+000  6.66e-001  1.67e-001  1.67e-001  6.36e-004  1.40e-004  8.37e-009  0.00e+000  
3.42055e+016 1.71e-022  0.00e+000  0.00e+000  0.00e+000  6.66e-001  1.67e-001  1.67e-001  6.37e-004  1.41e-004  8.36e-009  0.00e+000  
3.44017e+016 1.71e-022  0.00e+000  0.00e+000  1.97e-069  6.65e-001  1.67e-001  1.67e-001  6.36e-004  1.41e-004  8.40e-009  0.00e+000  
3.46353e+016 1.73e-022  0.00e+000  0.00e+000  2.44e-028  6.67e-001  1.66e-001  1.66e-001  6.32e-004  1.40e-004  8.35e-009  0.00e+000  
3.48860e+016 1.73e-022  0.00e+000  0.00e+000  4.74e-016  6.66e-001  1.67e-001  1.67e-001  6.37e-004  1.41e-004  8.39e-009  0.00e+000  
3.51370e+016 1.74e-022  0.00e+000  0.00e+000  1.31e-004  6.66e-001  1.67e-001  1.67e-001  6.32e-004  1.41e-004  8.38e-009  0.00e+000  
3.53250e+016 1.78e-022  0.00e+000  0.00e+000  1.13e-002  6.59e-001  1.64e-001  1.64e-001  6.25e-004  1.39e-004  8.28e-009  0.00e+000  
3.55515e+016 2.05e-022  0.00e+000  0.00e+000  1.42e-001  5.71e-001  1.43e-001  1.43e-001  5.46e-004  1.21e-004  7.27e-009  0.00e+000  
3.57182e+016 2.78e-022  0.00e+000  0.00e+000  3.63e-001  4.24e-001  1.06e-001  1.06e-001  4.06e-004  9.05e-005  5.39e-009  0.00e+000  
3.58524e+016 4.19e-022  0.00e+000  0.00e+000  5.73e-001  2.84e-001  7.12e-002  7.12e-002  2.70e-004  6.07e-005  3.61e-009  0.00e+000  
3.60047e+016 5.02e-022  2.19e-060  0.00e+000  6.41e-001  2.39e-001  5.99e-002  5.99e-002  2.29e-004  5.12e-005  3.05e-009  0.00e+000  
3.61718e+016 6.44e-022  4.16e-036  0.00e+000  7.16e-001  1.89e-001  4.73e-002  4.73e-002  1.80e-004  4.05e-005  2.42e-009  0.00e+000  
3.62899e+016 8.12e-022  2.16e-018  0.00e+000  7.72e-001  1.52e-001  3.79e-002  3.79e-002  1.44e-004  3.26e-005  1.95e-009  0.00e+000  
3.63893e+016 1.03e-021  7.16e-013  0.00e+000  8.19e-001  1.21e-001  3.02e-002  3.02e-002  1.15e-004  2.60e-005  1.55e-009  0.00e+000  
3.64972e+016 1.44e-021  4.56e-003  0.00e+000  8.63e-001  8.84e-002  2.21e-002  2.21e-002  8.42e-005  1.91e-005  1.13e-009  0.00e+000  
3.66124e+016 3.38e-021  3.59e-001  0.00e+000  5.84e-001  3.85e-002  9.63e-003  9.63e-003  3.67e-005  8.33e-006  4.95e-010  0.00e+000  
3.67348e+016 2.32e-020  8.41e-001  1.05e-065  1.50e-001  5.78e-003  1.44e-003  1.44e-003  5.48e-006  1.25e-006  7.42e-011  0.00e+000  
3.68621e+016 1.05e-019  9.32e-001  1.77e-027  6.63e-002  1.33e-003  3.31e-004  3.31e-004  1.26e-006  2.90e-007  1.72e-011  0.00e+000  
3.69700e+016 3.04e-019  9.55e-001  5.96e-011  4.48e-002  4.74e-004  1.18e-004  1.18e-004  4.51e-007  1.05e-007  6.25e-012  0.00e+000  
3.70376e+016 5.60e-019  9.61e-001  6.70e-009  3.89e-002  2.64e-004  6.61e-005  6.61e-005  2.52e-007  5.93e-008  3.54e-012  0.00e+000  
3.71087e+016 1.02e-018  9.63e-001  6.55e-005  3.67e-002  1.50e-004  3.75e-005  3.75e-005  1.43e-007  3.46e-008  2.05e-012  0.00e+000  
3.71826e+016 1.91e-018  9.60e-001  3.98e-003  3.63e-002  8.39e-005  2.09e-005  2.09e-005  7.97e-008  2.00e-008  1.19e-012  2.55e-077  
3.72589e+016 3.70e-018  9.40e-001  2.19e-002  3.76e-002  4.59e-005  1.15e-005  1.15e-005  4.38e-008  1.16e-008  6.92e-013  1.30e-073  
3.73370e+016 7.62e-018  9.08e-001  5.20e-002  3.98e-002  2.45e-005  6.13e-006  6.13e-006  2.34e-008  6.80e-009  4.04e-013  4.84e-070  
3.74165e+016 1.67e-017  8.66e-001  9.08e-002  4.27e-002  1.30e-005  3.24e-006  3.24e-006  1.24e-008  4.12e-009  2.46e-013  1.10e-066  
3.74829e+016 3.46e-017  8.43e-001  1.13e-001  4.36e-002  7.39e-006  1.85e-006  1.85e-006  7.02e-009  2.75e-009  1.64e-013  4.45e-064  
3.75505e+016 7.43e-017  8.12e-001  1.44e-001  4.40e-002  4.15e-006  1.04e-006  1.04e-006  3.95e-009  1.91e-009  1.14e-013  1.21e-061  
3.76194e+016 1.68e-016  7.96e-001  1.62e-001  4.24e-002  2.17e-006  5.42e-007  5.42e-007  2.06e-009  1.34e-009  8.02e-014  2.35e-059  
3.76839e+016 3.94e-016  7.72e-001  1.87e-001  4.14e-002  1.00e-006  2.51e-007  2.51e-007  9.55e-010  1.00e-009  5.97e-014  2.05e-057  
3.76854e+016 4.02e-016  7.71e-001  1.87e-001  4.13e-002  9.83e-007  2.46e-007  2.46e-007  9.36e-010  1.00e-009  5.95e-014  2.24e-057  
3.76877e+016 4.18e-016  7.71e-001  1.88e-001  4.12e-002  9.46e-007  2.36e-007  2.36e-007  9.01e-010  9.87e-010  5.87e-014  2.59e-057  
3.76917e+016 4.44e-016  7.71e-001  1.88e-001  4.12e-002  8.88e-007  2.22e-007  2.22e-007  8.45e-010  9.71e-010  5.79e-014  3.31e-057  
3.76980e+016 4.93e-016  7.69e-001  1.90e-001  4.10e-002  7.96e-007  1.99e-007  1.99e-007  7.59e-010  9.44e-010  5.62e-014  4.89e-057  
3.77083e+016 5.91e-016  7.68e-001  1.91e-001  4.09e-002  6.55e-007  1.64e-007  1.64e-007  6.24e-010  9.02e-010  5.36e-014  9.24e-057  
3.77248e+016 8.30e-016  7.66e-001  1.93e-001  4.08e-002  4.45e-007  1.11e-007  1.11e-007  4.23e-010  8.43e-010  5.02e-014  2.60e-056  
3.77450e+016 1.53e-015  7.58e-001  2.01e-001  4.08e-002  2.08e-007  5.20e-008  5.20e-008  1.98e-010  7.78e-010  4.65e-014  9.08e-056  
3.77655e+016 3.25e-015  7.53e-001  2.08e-001  3.93e-002  5.01e-008  1.25e-008  1.25e-008  4.76e-011  7.22e-010  4.30e-014  2.87e-055  
3.77936e+016 6.94e-016  7.48e-001  2.15e-001  3.75e-002  4.52e-008  1.13e-008  1.13e-008  4.31e-011  6.53e-010  3.89e-014  1.41e-054  
3.78016e+016 4.29e-016  7.46e-001  2.17e-001  3.69e-002  4.39e-008  1.10e-008  1.10e-008  4.18e-011  6.32e-010  3.78e-014  2.23e-054  
3.78111e+016 2.35e-016  7.45e-001  2.19e-001  3.61e-002  4.24e-008  1.06e-008  1.06e-008  4.04e-011  6.13e-010  3.64e-014  3.73e-054  
3.78273e+016 7.90e-017  7.43e-001  2.22e-001  3.51e-002  4.00e-008  9.99e-009  9.99e-009  3.81e-011  5.76e-010  3.43e-014  8.43e-054  
3.78530e+016 1.16e-017  7.41e-001  2.25e-001  3.36e-002  3.67e-008  9.19e-009  9.19e-009  3.50e-011  5.29e-010  3.15e-014  3.09e-053  
3.78818e+016 1.02e-018  7.36e-001  2.32e-001  3.20e-002  3.34e-008  8.35e-009  8.35e-009  3.19e-011  4.82e-010  2.87e-014  1.30e-052  
3.79076e+016 8.74e-020  7.30e-001  2.39e-001  3.08e-002  3.10e-008  7.75e-009  7.75e-009  2.95e-011  4.47e-010  2.67e-014  4.05e-052  
3.79253e+016 1.40e-020  7.26e-001  2.44e-001  3.01e-002  2.95e-008  7.34e-009  7.34e-009  2.81e-011  4.25e-010  2.53e-014  8.83e-052  
3.79502e+016 1.08e-021  7.24e-001  2.47e-001  2.90e-002  2.74e-008  6.86e-009  6.86e-009  2.61e-011  3.95e-010  2.36e-014  2.63e-051  
3.79755e+016 3.04e-022  7.23e-001  2.49e-001  2.80e-002  2.56e-008  6.41e-009  6.41e-009  2.44e-011  3.68e-010  2.20e-014  7.13e-051  
3.79897e+016 2.81e-022  7.21e-001  2.51e-001  2.75e-002  2.47e-008  6.18e-009  6.18e-009  2.35e-011  3.55e-010  2.12e-014  1.22e-050  
3.79918e+016 2.81e-022  7.20e-001  2.52e-001  2.75e-002  2.46e-008  6.17e-009  6.17e-009  2.35e-011  3.55e-010  2.12e-014  1.33e-050  
3.79956e+016 2.82e-022  7.20e-001  2.53e-001  2.72e-002  2.43e-008  6.06e-009  6.06e-009  2.32e-011  3.51e-010  2.09e-014  1.52e-050  
3.80017e+016 2.84e-022  7.18e-001  2.55e-001  2.70e-002  2.39e-008  5.98e-009  5.98e-009  2.28e-011  3.45e-010  2.06e-014  1.91e-050  
3.80129e+016 2.90e-022  7.15e-001  2.58e-001  2.67e-002  2.33e-008  5.84e-009  5.84e-009  2.22e-011  3.37e-010  2.00e-014  2.91e-050  
3.80319e+016 3.07e-022  7.11e-001  2.63e-001  2.62e-002  2.23e-008  5.58e-009  5.58e-009  2.12e-011  3.22e-010  1.92e-014  5.90e-050  
3.80578e+016 3.47e-022  7.10e-001  2.65e-001  2.54e-002  2.10e-008  5.25e-009  5.25e-009  2.00e-011  3.03e-010  1.80e-014  1.45e-049  
3.80629e+016 3.52e-022  7.09e-001  2.66e-001  2.52e-002  2.07e-008  5.19e-009  5.19e-009  1.97e-011  2.98e-010  1.78e-014  1.70e-049  
3.80713e+016 3.67e-022  7.09e-001  2.67e-001  2.50e-002  2.04e-008  5.10e-009  5.10e-009  1.94e-011  2.94e-010  1.75e-014  2.22e-049  
3.80859e+016 4.02e-022  7.09e-001  2.66e-001  2.47e-002  1.98e-008  4.95e-009  4.95e-009  1.89e-011  2.86e-010  1.70e-014  3.53e-049  
3.81083e+016 4.86e-022  7.04e-001  2.72e-001  2.39e-002  1.88e-008  4.72e-009  4.72e-009  1.79e-011  2.72e-010  1.62e-014  7.06e-049  
3.81265e+016 5.93e-022  7.00e-001  2.77e-001  2.36e-002  1.82e-008  4.54e-009  4.54e-009  1.74e-011  2.61e-010  1.56e-014  1.23e-048  
3.81480e+016 8.01e-022  6.97e-001  2.80e-001  2.32e-002  1.75e-008  4.36e-009  4.36e-009  1.66e-011  2.52e-010  1.50e-014  2.36e-048  
3.81769e+016 1.38e-021  6.96e-001  2.81e-001  2.25e-002  1.65e-008  4.13e-009  4.13e-009  1.57e-011  2.38e-010  1.42e-014  5.06e-048  
3.81836e+016 1.62e-021  6.97e-001  2.81e-001  2.23e-002  1.63e-008  4.07e-009  4.07e-009  1.55e-011  2.35e-010  1.40e-014  5.99e-048  
3.81952e+016 2.18e-021  6.97e-001  2.81e-001  2.22e-002  1.60e-008  4.01e-009  4.01e-009  1.53e-011  2.31e-010  1.38e-014  8.07e-048  
3.82149e+016 3.81e-021  6.92e-001  2.86e-001  2.17e-002  1.55e-008  3.86e-009  3.86e-009  1.47e-011  2.23e-010  1.33e-014  1.31e-047  
3.82433e+016 8.77e-021  6.87e-001  2.92e-001  2.13e-002  1.48e-008  3.71e-009  3.71e-009  1.41e-011  2.13e-010  1.28e-014  2.62e-047  
3.82740e+016 1.55e-020  6.85e-001  2.94e-001  2.08e-002  1.41e-008  3.52e-009  3.52e-009  1.34e-011  2.03e-010  1.21e-014  5.40e-047  
3.83054e+016 1.02e-020  6.85e-001  2.94e-001  2.04e-002  1.35e-008  3.38e-009  3.38e-009  1.28e-011  1.95e-010  1.17e-014  1.05e-046  
3.83376e+016 2.19e-021  6.79e-001  3.01e-001  1.99e-002  1.29e-008  3.23e-009  3.23e-009  1.23e-011  1.86e-010  1.11e-014  1.95e-046  
3.83751e+016 5.01e-022  6.75e-001  3.06e-001  1.95e-002  1.23e-008  3.10e-009  3.10e-009  1.18e-011  1.78e-010  1.06e-014  3.91e-046  
3.84132e+016 3.13e-022  6.75e-001  3.06e-001  1.91e-002  1.18e-008  2.94e-009  2.94e-009  1.12e-011  1.70e-010  1.01e-014  7.64e-046  
3.84531e+016 2.97e-022  6.71e-001  3.11e-001  1.87e-002  1.13e-008  2.82e-009  2.82e-009  1.07e-011  1.63e-010  9.71e-015  1.49e-045  
3.84962e+016 2.99e-022  6.65e-001  3.16e-001  1.84e-002  1.08e-008  2.71e-009  2.71e-009  1.03e-011  1.56e-010  9.33e-015  2.76e-045  
3.85449e+016 3.07e-022  6.64e-001  3.18e-001  1.80e-002  1.04e-008  2.59e-009  2.59e-009  9.86e-012  1.49e-010  8.91e-015  5.20e-045  
3.85990e+016 3.25e-022  6.62e-001  3.20e-001  1.76e-002  9.92e-009  2.48e-009  2.48e-009  9.45e-012  1.43e-010  8.53e-015  9.98e-045  
3.86597e+016 3.52e-022  6.56e-001  3.27e-001  1.73e-002  9.46e-009  2.37e-009  2.37e-009  9.00e-012  1.37e-010  8.12e-015  1.94e-044  
3.87288e+016 3.34e-022  6.53e-001  3.30e-001  1.70e-002  9.08e-009  2.27e-009  2.27e-009  8.63e-012  1.31e-010  7.79e-015  3.84e-044  
3.88139e+016 3.84e-022  6.53e-001  3.30e-001  1.68e-002  8.69e-009  2.17e-009  2.17e-009  8.30e-012  1.25e-010  7.47e-015  7.26e-044  
3.89093e+016 3.67e-022  6.48e-001  3.35e-001  1.64e-002  8.31e-009  2.08e-009  2.08e-009  7.93e-012  1.20e-010  7.14e-015  1.33e-043  
3.90068e+016 3.67e-022  6.46e-001  3.38e-001  1.63e-002  8.07e-009  2.02e-009  2.02e-009  7.68e-012  1.16e-010  6.92e-015  2.21e-043  
3.91088e+016 3.84e-022  6.43e-001  3.41e-001  1.61e-002  7.86e-009  1.97e-009  1.97e-009  7.50e-012  1.13e-010  6.74e-015  3.36e-043  
3.92181e+016 4.04e-022  6.43e-001  3.41e-001  1.60e-002  7.71e-009  1.93e-009  1.93e-009  7.34e-012  1.11e-010  6.63e-015  4.75e-043  
3.93325e+016 4.26e-022  6.43e-001  3.41e-001  1.60e-002  7.61e-009  1.90e-009  1.90e-009  7.26e-012  1.10e-010  6.55e-015  6.08e-043  
3.94519e+016 4.47e-022  6.44e-001  3.40e-001  1.60e-002  7.58e-009  1.89e-009  1.89e-009  7.22e-012  1.09e-010  6.51e-015  7.11e-043  
3.95803e+016 4.68e-022  6.44e-001  3.40e-001  1.61e-002  7.57e-009  1.90e-009  1.90e-009  7.23e-012  1.09e-010  6.52e-015  7.55e-043  
3.97190e+016 4.85e-022  6.43e-001  3.40e-001  1.63e-002  7.65e-009  1.91e-009  1.91e-009  7.28e-012  1.10e-010  6.58e-015  7.24e-043  
3.98699e+016 4.97e-022  6.44e-001  3.40e-001  1.66e-002  7.78e-009  1.94e-009  1.94e-009  7.42e-012  1.12e-010  6.70e-015  6.19e-043  
4.00514e+016 5.02e-022  6.46e-001  3.37e-001  1.71e-002  8.03e-009  2.01e-009  2.01e-009  7.68e-012  1.16e-010  6.92e-015  4.49e-043  
4.02549e+016 4.94e-022  6.50e-001  3.32e-001  1.76e-002  8.39e-009  2.11e-009  2.11e-009  8.02e-012  1.21e-010  7.23e-015  2.67e-043  
4.04761e+016 4.70e-022  6.56e-001  3.26e-001  1.84e-002  8.92e-009  2.24e-009  2.24e-009  8.52e-012  1.29e-010  7.69e-015  1.32e-043  
4.07070e+016 4.29e-022  6.64e-001  3.17e-001  1.95e-002  9.69e-009  2.42e-009  2.42e-009  9.25e-012  1.40e-010  8.34e-015  5.59e-044  
4.09451e+016 3.79e-022  6.68e-001  3.11e-001  2.07e-002  1.06e-008  2.64e-009  2.64e-009  1.01e-011  1.53e-010  9.13e-015  1.85e-044  
4.11988e+016 3.18e-022  6.73e-001  3.05e-001  2.23e-002  1.19e-008  2.97e-009  2.97e-009  1.14e-011  1.71e-010  1.03e-014  4.91e-045  
4.14624e+016 2.52e-022  6.82e-001  2.94e-001  2.43e-002  1.36e-008  3.39e-009  3.39e-009  1.30e-011  1.95e-010  1.17e-014  1.06e-045  
4.17462e+016 1.87e-022  6.94e-001  2.79e-001  2.68e-002  1.59e-008  3.97e-009  3.97e-009  1.52e-011  2.29e-010  1.37e-014  1.64e-046  
4.20512e+016 1.27e-022  7.01e-001  2.69e-001  3.02e-002  1.92e-008  4.81e-009  4.81e-009  1.84e-011  2.77e-010  1.66e-014  1.78e-047  
4.23867e+016 7.62e-023  7.14e-001  2.51e-001  3.48e-002  2.42e-008  6.03e-009  6.03e-009  2.31e-011  3.48e-010  2.09e-014  1.23e-048  
4.27356e+016 4.01e-023  7.27e-001  2.32e-001  4.06e-002  3.14e-008  7.82e-009  7.82e-009  3.01e-011  4.51e-010  2.72e-014  5.90e-050  
4.30994e+016 1.79e-023  7.39e-001  2.12e-001  4.93e-002  4.25e-008  1.06e-008  1.06e-008  4.07e-011  6.10e-010  3.67e-014  1.86e-051  
4.34671e+016 6.68e-024  7.54e-001  1.86e-001  6.00e-002  5.88e-008  1.47e-008  1.47e-008  5.64e-011  8.49e-010  5.09e-014  4.18e-053  
4.38104e+016 2.21e-024  7.65e-001  1.61e-001  7.38e-002  8.24e-008  2.06e-008  2.06e-008  7.88e-011  1.19e-009  7.11e-014  9.42e-055  
4.41007e+016 7.36e-025  7.77e-001  1.35e-001  8.81e-002  1.11e-007  2.77e-008  2.77e-008  1.06e-010  1.59e-009  9.56e-014  3.14e-056  
4.42181e+016 4.48e-025  7.78e-001  1.26e-001  9.55e-002  1.26e-007  3.14e-008  3.14e-008  1.21e-010  1.82e-009  1.09e-013  7.67e-057  
4.42811e+016 3.40e-025  7.79e-001  1.21e-001  9.94e-002  1.35e-007  3.38e-008  3.38e-008  1.29e-010  1.94e-009  1.16e-013  3.62e-057  
4.43809e+016 2.16e-025  7.78e-001  1.15e-001  1.07e-001  1.51e-007  3.78e-008  3.78e-008  1.45e-010  2.18e-009  1.31e-013  1.01e-057  
4.45030e+016 1.27e-025  7.83e-001  1.02e-001  1.15e-001  1.72e-007  4.30e-008  4.30e-008  1.65e-010  2.48e-009  1.49e-013  2.15e-058  
4.45401e+016 1.09e-025  7.82e-001  9.92e-002  1.18e-001  1.80e-007  4.50e-008  4.50e-008  1.73e-010  2.60e-009  1.55e-013  1.31e-058  
4.45998e+016 8.77e-026  7.83e-001  9.34e-002  1.23e-001  1.92e-007  4.80e-008  4.80e-008  1.84e-010  2.77e-009  1.65e-013  6.06e-059  
4.46779e+016 6.61e-026  7.86e-001  8.52e-002  1.29e-001  2.09e-007  5.24e-008  5.24e-008  2.01e-010  3.01e-009  1.82e-013  2.15e-059  
4.48006e+016 4.29e-026  7.83e-001  7.67e-002  1.40e-001  2.42e-007  6.04e-008  6.04e-008  2.32e-010  3.47e-009  2.09e-013  4.29e-060  
4.48529e+016 3.60e-026  7.84e-001  6.98e-002  1.46e-001  2.58e-007  6.45e-008  6.45e-008  2.47e-010  3.73e-009  2.23e-013  2.02e-060  
4.48834e+016 3.29e-026  7.83e-001  6.77e-002  1.49e-001  2.67e-007  6.68e-008  6.68e-008  2.56e-010  3.86e-009  2.31e-013  1.32e-060  
4.49346e+016 2.89e-026  7.80e-001  6.59e-002  1.54e-001  2.84e-007  7.11e-008  7.11e-008  2.72e-010  4.09e-009  2.46e-013  6.59e-061  
4.49870e+016 2.50e-026  7.77e-001  6.33e-002  1.60e-001  3.03e-007  7.57e-008  7.57e-008  2.91e-010  4.36e-009  2.62e-013  3.24e-061  
4.50684e+016 2.00e-026  7.73e-001  5.69e-002  1.70e-001  3.35e-007  8.38e-008  8.38e-008  3.21e-010  4.83e-009  2.89e-013  1.07e-061  
4.51867e+016 1.39e-026  7.69e-001  4.80e-002  1.83e-001  3.84e-007  9.63e-008  9.63e-008  3.68e-010  5.54e-009  3.32e-013  2.06e-062  
4.51946e+016 1.39e-026  7.67e-001  4.61e-002  1.86e-001  3.94e-007  9.83e-008  9.83e-008  3.77e-010  5.68e-009  3.40e-013  1.64e-062  
4.52061e+016 1.38e-026  7.66e-001  4.49e-002  1.89e-001  4.01e-007  1.00e-007  1.00e-007  3.84e-010  5.78e-009  3.47e-013  1.37e-062  
4.52265e+016 1.36e-026  7.66e-001  4.35e-002  1.91e-001  4.09e-007  1.02e-007  1.02e-007  3.91e-010  5.89e-009  3.53e-013  1.02e-062  
4.52632e+016 1.27e-026  7.65e-001  4.12e-002  1.94e-001  4.26e-007  1.06e-007  1.06e-007  4.07e-010  6.13e-009  3.67e-013  6.12e-063  
4.53239e+016 1.13e-026  7.62e-001  3.67e-002  2.01e-001  4.56e-007  1.14e-007  1.14e-007  4.37e-010  6.58e-009  3.95e-013  2.65e-063  
4.54167e+016 9.49e-027  7.55e-001  3.25e-002  2.13e-001  5.10e-007  1.28e-007  1.28e-007  4.89e-010  7.36e-009  4.42e-013  7.35e-064  
4.55446e+016 7.56e-027  7.40e-001  2.71e-002  2.33e-001  6.01e-007  1.51e-007  1.51e-007  5.76e-010  8.67e-009  5.20e-013  1.05e-064  
4.55658e+016 7.37e-027  7.37e-001  2.54e-002  2.38e-001  6.19e-007  1.55e-007  1.55e-007  5.93e-010  8.93e-009  5.35e-013  7.40e-065  
4.55697e+016 2.49e-028  7.39e-001  2.27e-002  2.38e-001  6.23e-007  1.56e-007  1.56e-007  5.99e-010  9.00e-009  5.38e-013  6.27e-065  
4.55761e+016 1.65e-026  7.38e-001  2.20e-002  2.40e-001  6.29e-007  1.57e-007  1.57e-007  6.03e-010  9.08e-009  5.43e-013  5.54e-065  
4.55871e+016 1.19e-026  7.37e-001  2.18e-002  2.41e-001  6.37e-007  1.59e-007  1.59e-007  6.10e-010  9.22e-009  5.51e-013  4.74e-065  
4.56066e+016 8.58e-027  7.34e-001  2.14e-002  2.45e-001  6.54e-007  1.63e-007  1.63e-007  6.27e-010  9.42e-009  5.65e-013  3.60e-065  
4.56410e+016 6.89e-027  7.30e-001  2.07e-002  2.50e-001  6.83e-007  1.71e-007  1.71e-007  6.54e-010  9.85e-009  5.90e-013  2.25e-065  
4.56849e+016 6.33e-027  7.21e-001  1.99e-002  2.59e-001  7.26e-007  1.82e-007  1.82e-007  6.96e-010  1.05e-008  6.28e-013  1.24e-065  
4.57241e+016 6.06e-027  7.16e-001  1.86e-002  2.66e-001  7.62e-007  1.91e-007  1.91e-007  7.31e-010  1.10e-008  6.60e-013  6.84e-066  
4.57850e+016 5.64e-027  7.09e-001  1.63e-002  2.75e-001  8.19e-007  2.04e-007  2.04e-007  7.85e-010  1.18e-008  7.07e-013  2.62e-066  
4.58802e+016 5.05e-027  6.97e-001  1.24e-002  2.91e-001  9.26e-007  2.32e-007  2.32e-007  8.89e-010  1.34e-008  8.02e-013  6.04e-067  
4.59720e+016 4.66e-027  6.81e-001  9.79e-003  3.09e-001  1.04e-006  2.60e-007  2.60e-007  1.00e-009  1.51e-008  9.02e-013  1.50e-067  
4.59734e+016 5.32e-026  6.80e-001  9.40e-003  3.10e-001  1.05e-006  2.61e-007  2.61e-007  1.01e-009  1.51e-008  9.06e-013  1.38e-067  
4.59759e+016 6.62e-026  6.75e-001  9.08e-003  3.16e-001  1.06e-006  2.66e-007  2.66e-007  1.02e-009  1.53e-008  9.18e-013  1.18e-067  
4.59802e+016 4.66e-026  6.72e-001  8.58e-003  3.20e-001  1.08e-006  2.70e-007  2.70e-007  1.03e-009  1.55e-008  9.31e-013  1.05e-067  
4.59873e+016 4.10e-026  6.72e-001  8.45e-003  3.19e-001  1.09e-006  2.73e-007  2.73e-007  1.04e-009  1.57e-008  9.40e-013  9.38e-068  
4.59993e+016 2.88e-026  6.70e-001  8.19e-003  3.22e-001  1.10e-006  2.76e-007  2.76e-007  1.06e-009  1.59e-008  9.54e-013  7.77e-068  
4.60196e+016 1.69e-026  6.68e-001  7.69e-003  3.24e-001  1.12e-006  2.81e-007  2.81e-007  1.08e-009  1.63e-008  9.76e-013  5.62e-068  
4.60580e+016 7.99e-027  6.62e-001  6.79e-003  3.31e-001  1.18e-006  2.96e-007  2.96e-007  1.13e-009  1.70e-008  1.02e-012  3.11e-068  
4.61139e+016 4.92e-027  6.52e-001  6.20e-003  3.41e-001  1.27e-006  3.19e-007  3.19e-007  1.22e-009  1.84e-008  1.10e-012  1.33e-068  
4.61801e+016 4.22e-027  6.37e-001  5.61e-003  3.58e-001  1.39e-006  3.48e-007  3.48e-007  1.34e-009  2.01e-008  1.21e-012  4.85e-069  
4.62829e+016 3.96e-027  6.11e-001  4.45e-003  3.84e-001  1.61e-006  4.04e-007  4.04e-007  1.54e-009  2.32e-008  1.39e-012  9.27e-070  
4.63958e+016 3.77e-027  5.86e-001  2.94e-003  4.11e-001  1.87e-006  4.67e-007  4.67e-007  1.79e-009  2.70e-008  1.62e-012  0.00e+000  
4.64165e+016 6.80e-027  5.80e-001  2.62e-003  4.18e-001  1.93e-006  4.84e-007  4.84e-007  1.85e-009  2.80e-008  1.68e-012  0.00e+000  
4.64187e+016 2.30e-026  5.73e-001  2.51e-003  4.24e-001  1.96e-006  4.91e-007  4.91e-007  1.88e-009  2.83e-008  1.69e-012  8.34e-071  
4.64224e+016 0.00e+000  -1.#Je+000 -1.#Je+000 -1.#Je+000 -1.#Je+000 -1.#Je+000 -1.#Je+000 -1.#Je+000 -1.#Je+000 -1.#Je+000 -1.#Je+000 
4.64286e+016 0.00e+000  -1.#Je+000 -1.#Je+000 -1.#Je+000 -1.#Je+000 -1.#Je+000 -1.#Je+000 -1.#Je+000 -1.#Je+000 -1.#Je+000 -1.#Je+000 
4.64396e+016 0.00e+000  -1.#Je+000 -1.#Je+000 -1.#Je+000 -1.#Je+000 -1.#Je+000 -1.#Je+000 -1.#Je+000 -1.#Je+000 -1.#Je+000 -1.#Je+000 
4.64596e+016 0.00e+000  -1.#Je+000 -1.#Je+000 -1.#Je+000 -1.#Je+000 -1.#Je+000 -1.#Je+000 -1.#Je+000 -1.#Je+000 -1.#Je+000 -1.#Je+000 
4.64933e+016 1.58e-026  5.51e-001  1.74e-003  4.48e-001  2.19e-006  5.47e-007  5.47e-007  2.10e-009  3.16e-008  1.89e-012  0.00e+000  
4.65501e+016 0.00e+000  -1.#Je+000 -1.#Je+000 -1.#Je+000 -1.#Je+000 -1.#Je+000 -1.#Je+000 -1.#Je+000 -1.#Je+000 -1.#Je+000 -1.#Je+000 
4.66259e+016 2.44e-027  5.20e-001  1.00e-003  4.79e-001  2.60e-006  6.51e-007  6.51e-007  2.49e-009  3.75e-008  2.25e-012  0.00e+000  
4.67450e+016 3.60e-027  4.86e-001  7.63e-004  5.13e-001  3.08e-006  7.72e-007  7.72e-007  2.94e-009  4.44e-008  2.66e-012  0.00e+000  
4.68726e+016 3.82e-027  4.37e-001  4.61e-004  5.63e-001  3.77e-006  9.39e-007  9.39e-007  3.61e-009  5.42e-008  3.24e-012  0.00e+000  
4.69009e+016 3.62e-027  4.28e-001  3.87e-004  5.72e-001  3.92e-006  9.80e-007  9.80e-007  3.76e-009  5.66e-008  3.40e-012  0.00e+000  
4.69024e+016 3.89e-027  4.24e-001  3.60e-004  5.76e-001  3.93e-006  9.87e-007  9.87e-007  3.78e-009  5.68e-008  3.42e-012  0.00e+000  
4.69048e+016 4.87e-027  4.27e-001  3.28e-004  5.73e-001  3.92e-006  9.81e-007  9.81e-007  3.76e-009  5.67e-008  3.39e-012  0.00e+000  
4.69090e+016 5.16e-027  4.26e-001  2.67e-004  5.73e-001  3.95e-006  9.88e-007  9.88e-007  3.80e-009  5.70e-008  3.41e-012  0.00e+000  
4.69160e+016 6.65e-027  4.18e-001  1.86e-004  5.82e-001  4.01e-006  1.00e-006  1.00e-006  3.85e-009  5.79e-008  3.47e-012  0.00e+000  
4.69279e+016 6.34e-027  4.13e-001  1.75e-004  5.87e-001  4.08e-006  1.02e-006  1.02e-006  3.93e-009  5.90e-008  3.53e-012  0.00e+000  
4.69476e+016 5.22e-027  4.08e-001  1.71e-004  5.92e-001  4.21e-006  1.05e-006  1.05e-006  4.02e-009  6.07e-008  3.64e-012  0.00e+000  
4.69806e+016 1.31e-027  3.97e-001  1.63e-004  6.03e-001  4.42e-006  1.10e-006  1.10e-006  4.24e-009  6.38e-008  3.82e-012  0.00e+000  
4.70337e+016 2.54e-027  3.74e-001  1.46e-004  6.26e-001  4.80e-006  1.20e-006  1.20e-006  4.61e-009  6.93e-008  4.13e-012  0.00e+000  
4.70622e+016 2.99e-027  3.64e-001  1.35e-004  6.35e-001  5.02e-006  1.25e-006  1.25e-006  4.78e-009  7.22e-008  4.31e-012  0.00e+000  
4.71061e+016 3.42e-027  3.54e-001  1.15e-004  6.46e-001  5.29e-006  1.32e-006  1.32e-006  5.06e-009  7.63e-008  4.56e-012  0.00e+000  
4.71746e+016 4.01e-027  3.34e-001  8.38e-005  6.66e-001  5.81e-006  1.45e-006  1.45e-006  5.56e-009  8.38e-008  5.01e-012  0.00e+000  
4.72860e+016 4.59e-027  2.98e-001  4.40e-005  7.01e-001  6.84e-006  1.71e-006  1.71e-006  6.54e-009  9.85e-008  5.90e-012  0.00e+000  
4.74240e+016 5.13e-027  2.46e-001  1.97e-005  7.54e-001  8.40e-006  2.11e-006  2.11e-006  8.05e-009  1.21e-007  7.27e-012  0.00e+000  
4.74305e+016 5.16e-027  2.44e-001  1.92e-005  7.56e-001  8.49e-006  2.11e-006  2.11e-006  8.14e-009  1.22e-007  7.33e-012  0.00e+000  
4.74313e+016 5.18e-027  2.43e-001  1.91e-005  7.57e-001  8.49e-006  2.12e-006  2.12e-006  8.13e-009  1.22e-007  7.34e-012  0.00e+000  
4.74348e+016 5.19e-027  2.43e-001  1.82e-005  7.57e-001  8.54e-006  2.14e-006  2.14e-006  8.19e-009  1.23e-007  7.38e-012  0.00e+000  
4.74406e+016 5.21e-027  2.40e-001  1.57e-005  7.60e-001  8.62e-006  2.15e-006  2.15e-006  8.25e-009  1.24e-007  7.45e-012  0.00e+000  
4.74503e+016 5.43e-027  2.30e-001  9.67e-006  7.70e-001  8.77e-006  2.19e-006  2.19e-006  8.40e-009  1.26e-007  7.57e-012  0.00e+000  
4.74676e+016 5.34e-027  2.19e-001  7.85e-006  7.81e-001  8.99e-006  2.25e-006  2.25e-006  8.61e-009  1.30e-007  7.77e-012  0.00e+000  
4.74972e+016 4.90e-027  2.06e-001  6.29e-006  7.94e-001  9.39e-006  2.35e-006  2.35e-006  9.00e-009  1.36e-007  8.12e-012  0.00e+000  
4.75283e+016 4.61e-027  1.98e-001  4.81e-006  8.02e-001  9.80e-006  2.45e-006  2.45e-006  9.39e-009  1.41e-007  8.48e-012  0.00e+000  
4.75365e+016 4.64e-027  1.96e-001  4.46e-006  8.04e-001  9.94e-006  2.48e-006  2.48e-006  9.53e-009  1.43e-007  8.58e-012  0.00e+000  
4.75556e+016 1.30e-026  1.90e-001  4.06e-006  8.10e-001  1.02e-005  2.54e-006  2.54e-006  9.79e-009  1.47e-007  8.79e-012  0.00e+000  
4.75856e+016 1.98e-026  1.83e-001  3.84e-006  8.17e-001  1.07e-005  2.67e-006  2.67e-006  1.02e-008  1.54e-007  9.22e-012  0.00e+000  
4.76342e+016 1.65e-026  1.67e-001  3.19e-006  8.33e-001  1.14e-005  2.86e-006  2.86e-006  1.09e-008  1.65e-007  9.91e-012  0.00e+000  
4.77120e+016 1.26e-026  1.38e-001  1.76e-006  8.62e-001  1.29e-005  3.21e-006  3.21e-006  1.23e-008  1.85e-007  1.11e-011  0.00e+000  
4.78339e+016 9.23e-027  1.13e-001  8.23e-007  8.87e-001  1.51e-005  3.76e-006  3.76e-006  1.44e-008  2.17e-007  1.30e-011  0.00e+000  
4.79819e+016 7.93e-027  7.96e-002  1.48e-007  9.20e-001  1.85e-005  4.63e-006  4.63e-006  1.78e-008  2.67e-007  1.60e-011  0.00e+000  
4.80101e+016 7.88e-027  7.49e-002  1.19e-007  9.25e-001  1.93e-005  4.81e-006  4.81e-006  1.84e-008  2.78e-007  1.66e-011  0.00e+000  
4.80156e+016 7.89e-027  7.40e-002  1.14e-007  9.26e-001  1.94e-005  4.84e-006  4.84e-006  1.86e-008  2.80e-007  1.67e-011  0.00e+000  
4.80288e+016 7.88e-027  7.15e-002  1.03e-007  9.28e-001  1.97e-005  4.93e-006  4.93e-006  1.89e-008  2.84e-007  1.70e-011  0.00e+000  
4.80511e+016 7.89e-027  6.73e-002  8.54e-008  9.33e-001  2.03e-005  5.08e-006  5.08e-006  1.95e-008  2.93e-007  1.76e-011  0.00e+000  
4.80875e+016 7.92e-027  5.96e-002  5.48e-008  9.40e-001  2.13e-005  5.34e-006  5.34e-006  2.04e-008  3.08e-007  1.84e-011  0.00e+000  
4.81463e+016 8.08e-027  4.86e-002  1.94e-008  9.51e-001  2.31e-005  5.80e-006  5.80e-006  2.23e-008  3.34e-007  2.00e-011  0.00e+000  
4.82445e+016 8.69e-027  3.65e-002  9.72e-009  9.63e-001  2.65e-005  6.62e-006  6.62e-006  2.54e-008  3.82e-007  2.29e-011  0.00e+000  
4.83636e+016 9.91e-027  2.35e-002  2.05e-009  9.76e-001  3.13e-005  7.81e-006  7.81e-006  3.00e-008  4.50e-007  2.70e-011  0.00e+000  
4.84912e+016 1.16e-026  1.33e-002  4.41e-010  9.87e-001  3.69e-005  9.26e-006  9.26e-006  3.53e-008  5.32e-007  3.18e-011  0.00e+000  
4.86294e+016 1.22e-026  7.00e-003  8.37e-011  9.93e-001  4.44e-005  1.11e-005  1.11e-005  4.25e-008  6.40e-007  3.84e-011  0.00e+000  
4.87591e+016 1.55e-026  3.61e-003  9.83e-012  9.96e-001  5.34e-005  1.33e-005  1.33e-005  5.12e-008  7.70e-007  4.61e-011  0.00e+000  
4.88968e+016 2.06e-026  1.65e-003  7.12e-013  9.98e-001  6.49e-005  1.62e-005  1.62e-005  6.20e-008  9.35e-007  5.57e-011  0.00e+000  
4.90444e+016 2.66e-026  6.35e-004  3.46e-014  9.99e-001  8.04e-005  2.01e-005  2.01e-005  7.70e-008  1.16e-006  6.95e-011  0.00e+000  
4.91980e+016 3.39e-026  2.02e-004  1.14e-015  1.00e+000  1.02e-004  2.55e-005  2.55e-005  9.76e-008  1.47e-006  8.82e-011  0.00e+000  
4.93317e+016 4.13e-026  6.22e-005  3.32e-017  1.00e+000  1.26e-004  3.15e-005  3.15e-005  1.21e-007  1.82e-006  1.09e-010  0.00e+000  
4.94239e+016 4.69e-026  2.15e-005  9.83e-019  1.00e+000  1.47e-004  3.69e-005  3.69e-005  1.41e-007  2.13e-006  1.27e-010  0.00e+000  
4.95192e+016 5.30e-026  7.83e-006  9.41e-020  1.00e+000  1.74e-004  4.36e-005  4.36e-005  1.67e-007  2.51e-006  1.51e-010  0.00e+000  
4.96202e+016 5.98e-026  3.53e-006  5.13e-021  1.00e+000  2.09e-004  5.20e-005  5.20e-005  1.99e-007  3.01e-006  1.81e-010  0.00e+000  
4.97297e+016 6.67e-026  1.08e-006  6.80e-023  1.00e+000  2.56e-004  6.40e-005  6.40e-005  2.46e-007  3.69e-006  2.22e-010  0.00e+000  
4.98461e+016 7.30e-026  2.37e-007  4.34e-025  1.00e+000  3.24e-004  8.11e-005  8.11e-005  3.11e-007  4.68e-006  2.81e-010  0.00e+000  
4.99670e+016 7.97e-026  3.66e-008  1.40e-027  9.99e-001  4.11e-004  1.03e-004  1.03e-004  3.95e-007  5.94e-006  3.56e-010  0.00e+000  
5.00936e+016 8.52e-026  3.19e-009  4.12e-030  9.99e-001  5.34e-004  1.34e-004  1.34e-004  5.12e-007  7.71e-006  4.61e-010  0.00e+000  
5.02240e+016 8.69e-026  8.50e-011  5.39e-035  9.99e-001  7.19e-004  1.80e-004  1.80e-004  6.89e-007  1.04e-005  6.21e-010  0.00e+000  
5.03584e+016 8.47e-026  3.99e-012  2.54e-038  9.98e-001  1.01e-003  2.51e-004  2.51e-004  9.63e-007  1.45e-005  8.69e-010  0.00e+000  
5.05026e+016 7.51e-026  4.16e-013  3.20e-042  9.98e-001  1.55e-003  3.86e-004  3.86e-004  1.48e-006  2.22e-005  1.33e-009  0.00e+000  
5.05959e+016 6.73e-026  2.94e-014  4.38e-046  9.97e-001  2.09e-003  5.23e-004  5.23e-004  2.01e-006  3.02e-005  1.81e-009  0.00e+000  
5.06957e+016 6.30e-026  9.80e-016  1.92e-050  9.96e-001  2.72e-003  6.81e-004  6.81e-004  2.60e-006  3.92e-005  2.35e-009  0.00e+000  
5.07988e+016 5.60e-026  1.93e-017  5.19e-054  9.94e-001  3.73e-003  9.34e-004  9.34e-004  3.57e-006  5.39e-005  3.23e-009  0.00e+000  
5.09058e+016 4.68e-026  2.35e-019  7.48e-059  9.92e-001  5.47e-003  1.37e-003  1.37e-003  5.24e-006  7.91e-005  4.72e-009  0.00e+000  
5.10237e+016 3.59e-026  1.66e-021  2.65e-064  9.86e-001  8.92e-003  2.23e-003  2.23e-003  8.53e-006  1.28e-004  7.69e-009  0.00e+000  
5.11496e+016 2.45e-026  7.10e-024  2.67e-070  9.75e-001  1.65e-002  4.12e-003  4.12e-003  1.58e-005  2.38e-004  1.42e-008  0.00e+000  
5.12843e+016 1.29e-026  1.44e-025  0.00e+000  9.39e-001  4.04e-002  1.01e-002  1.01e-002  3.87e-005  5.19e-004  3.11e-008  0.00e+000  
5.14296e+016 5.97e-027  1.32e-026  0.00e+000  8.26e-001  1.15e-001  2.87e-002  2.87e-002  1.10e-004  1.31e-003  7.83e-008  0.00e+000  
5.15425e+016 3.95e-027  4.45e-028  0.00e+000  6.75e-001  2.15e-001  5.36e-002  5.36e-002  2.06e-004  2.23e-003  1.34e-007  0.00e+000  
5.16792e+016 2.59e-027  4.64e-031  0.00e+000  3.57e-001  4.25e-001  1.07e-001  1.07e-001  4.10e-004  3.98e-003  2.37e-007  0.00e+000  
5.18319e+016 2.42e-027  1.16e-034  0.00e+000  8.42e-002  6.07e-001  1.52e-001  1.52e-001  5.82e-004  5.00e-003  3.01e-007  0.00e+000  
5.19950e+016 3.02e-027  8.89e-039  0.00e+000  8.82e-003  6.57e-001  1.65e-001  1.65e-001  6.30e-004  4.81e-003  2.89e-007  0.00e+000  
5.21655e+016 4.07e-027  1.89e-043  0.00e+000  5.28e-004  6.63e-001  1.66e-001  1.66e-001  6.34e-004  4.30e-003  2.58e-007  0.00e+000  
5.23457e+016 5.57e-027  2.91e-045  0.00e+000  2.69e-005  6.64e-001  1.66e-001  1.66e-001  6.35e-004  3.80e-003  2.28e-007  0.00e+000  
5.25384e+016 7.77e-027  1.61e-051  0.00e+000  2.92e-006  6.64e-001  1.66e-001  1.66e-001  6.37e-004  3.35e-003  2.01e-007  0.00e+000  
5.27451e+016 1.11e-026  3.97e-057  0.00e+000  5.41e-008  6.64e-001  1.66e-001  1.66e-001  6.37e-004  2.93e-003  1.76e-007  0.00e+000  
5.29668e+016 1.63e-026  2.38e-063  0.00e+000  3.38e-010  6.65e-001  1.66e-001  1.66e-001  6.40e-004  2.57e-003  1.54e-007  0.00e+000  
5.31993e+016 2.45e-026  2.63e-070  0.00e+000  3.84e-013  6.64e-001  1.66e-001  1.66e-001  6.36e-004  2.25e-003  1.35e-007  0.00e+000  
5.34440e+016 3.84e-026  0.00e+000  0.00e+000  8.03e-017  6.65e-001  1.66e-001  1.66e-001  6.36e-004  1.97e-003  1.18e-007  0.00e+000  
5.36995e+016 6.19e-026  0.00e+000  0.00e+000  3.70e-020  6.65e-001  1.66e-001  1.66e-001  6.38e-004  1.73e-003  1.03e-007  0.00e+000  
5.39765e+016 1.05e-025  0.00e+000  0.00e+000  1.78e-024  6.66e-001  1.66e-001  1.66e-001  6.37e-004  1.51e-003  9.05e-008  0.00e+000  
5.42627e+016 1.83e-025  0.00e+000  0.00e+000  2.51e-029  6.65e-001  1.66e-001  1.66e-001  6.38e-004  1.33e-003  7.91e-008  0.00e+000  
5.45738e+016 3.32e-025  0.00e+000  0.00e+000  2.28e-034  6.65e-001  1.66e-001  1.66e-001  6.38e-004  1.16e-003  6.95e-008  0.00e+000  
5.49079e+016 6.23e-025  0.00e+000  0.00e+000  3.07e-040  6.64e-001  1.67e-001  1.67e-001  6.37e-004  1.01e-003  6.07e-008  0.00e+000  
5.52575e+016 1.17e-024  0.00e+000  0.00e+000  3.08e-046  6.66e-001  1.66e-001  1.66e-001  6.37e-004  8.86e-004  5.32e-008  0.00e+000  
5.56155e+016 2.19e-024  0.00e+000  0.00e+000  7.30e-053  6.66e-001  1.66e-001  1.66e-001  6.34e-004  7.80e-004  4.70e-008  0.00e+000  
5.59918e+016 4.07e-024  0.00e+000  0.00e+000  8.55e-060  6.66e-001  1.66e-001  1.66e-001  6.36e-004  6.93e-004  4.15e-008  0.00e+000  
5.63913e+016 7.57e-024  0.00e+000  0.00e+000  2.30e-066  6.66e-001  1.66e-001  1.66e-001  6.37e-004  6.16e-004  3.69e-008  0.00e+000  
5.68226e+016 1.42e-023  0.00e+000  0.00e+000  0.00e+000  6.66e-001  1.66e-001  1.66e-001  6.37e-004  5.47e-004  3.27e-008  0.00e+000  
5.72780e+016 2.63e-023  0.00e+000  0.00e+000  0.00e+000  6.66e-001  1.67e-001  1.67e-001  6.39e-004  4.87e-004  2.92e-008  0.00e+000  
5.77650e+016 4.85e-023  0.00e+000  0.00e+000  0.00e+000  6.66e-001  1.66e-001  1.66e-001  6.37e-004  4.37e-004  2.62e-008  0.00e+000  
5.82707e+016 8.71e-023  0.00e+000  0.00e+000  0.00e+000  6.66e-001  1.66e-001  1.66e-001  6.37e-004  3.95e-004  2.37e-008  0.00e+000  
5.88124e+016 1.55e-022  0.00e+000  0.00e+000  0.00e+000  6.66e-001  1.67e-001  1.67e-001  6.38e-004  3.59e-004  2.15e-008  0.00e+000  
5.93801e+016 2.70e-022  0.00e+000  0.00e+000  0.00e+000  6.67e-001  1.66e-001  1.66e-001  6.37e-004  3.26e-004  1.95e-008  0.00e+000  
5.99878e+016 4.64e-022  0.00e+000  0.00e+000  0.00e+000  6.66e-001  1.66e-001  1.66e-001  6.36e-004  3.00e-004  1.79e-008  0.00e+000  
6.06254e+016 7.76e-022  0.00e+000  0.00e+000  0.00e+000  6.66e-001  1.66e-001  1.66e-001  6.38e-004  2.77e-004  1.66e-008  0.00e+000  
6.12860e+016 1.26e-021  0.00e+000  0.00e+000  0.00e+000  6.67e-001  1.66e-001  1.66e-001  6.37e-004  2.58e-004  1.54e-008  0.00e+000  
6.19772e+016 2.01e-021  0.00e+000  0.00e+000  0.00e+000  6.67e-001  1.66e-001  1.66e-001  6.37e-004  2.42e-004  1.44e-008  0.00e+000  
6.27006e+016 3.11e-021  0.00e+000  0.00e+000  0.00e+000  6.65e-001  1.67e-001  1.67e-001  6.37e-004  2.29e-004  1.37e-008  0.00e+000  
6.34752e+016 4.77e-021  0.00e+000  0.00e+000  0.00e+000  6.66e-001  1.67e-001  1.67e-001  6.35e-004  2.16e-004  1.29e-008  0.00e+000  
6.43223e+016 7.28e-021  0.00e+000  0.00e+000  0.00e+000  6.67e-001  1.66e-001  1.66e-001  6.36e-004  2.06e-004  1.23e-008  0.00e+000  
6.52408e+016 1.10e-020  0.00e+000  0.00e+000  0.00e+000  6.66e-001  1.67e-001  1.67e-001  6.36e-004  1.97e-004  1.17e-008  0.00e+000  
6.62440e+016 1.64e-020  0.00e+000  0.00e+000  0.00e+000  6.65e-001  1.67e-001  1.67e-001  6.34e-004  1.89e-004  1.13e-008  0.00e+000  
6.73219e+016 2.42e-020  0.00e+000  0.00e+000  0.00e+000  6.66e-001  1.67e-001  1.67e-001  6.37e-004  1.82e-004  1.08e-008  0.00e+000  
6.84641e+016 3.50e-020  0.00e+000  0.00e+000  0.00e+000  6.66e-001  1.66e-001  1.66e-001  6.35e-004  1.75e-004  1.05e-008  0.00e+000  
6.96945e+016 4.97e-020  0.00e+000  0.00e+000  0.00e+000  6.66e-001  1.67e-001  1.67e-001  6.36e-004  1.70e-004  1.01e-008  0.00e+000  
7.10391e+016 7.01e-020  0.00e+000  0.00e+000  0.00e+000  6.65e-001  1.67e-001  1.67e-001  6.34e-004  1.66e-004  9.83e-009  0.00e+000  
7.25155e+016 9.75e-020  0.00e+000  0.00e+000  0.00e+000  6.67e-001  1.66e-001  1.66e-001  6.35e-004  1.61e-004  9.59e-009  0.00e+000  
7.42223e+016 1.37e-019  0.00e+000  0.00e+000  0.00e+000  6.67e-001  1.66e-001  1.66e-001  6.35e-004  1.57e-004  9.30e-009  0.00e+000  
7.63108e+016 1.95e-019  0.00e+000  0.00e+000  0.00e+000  6.66e-001  1.67e-001  1.67e-001  6.35e-004  1.52e-004  9.07e-009  0.00e+000  
7.86896e+016 2.75e-019  0.00e+000  0.00e+000  0.00e+000  6.65e-001  1.67e-001  1.67e-001  6.36e-004  1.48e-004  8.84e-009  0.00e+000  
8.18150e+016 4.03e-019  0.00e+000  0.00e+000  0.00e+000  6.66e-001  1.67e-001  1.67e-001  6.36e-004  1.44e-004  8.57e-009  0.00e+000  
8.55776e+016 5.88e-019  0.00e+000  0.00e+000  0.00e+000  6.66e-001  1.66e-001  1.66e-001  6.34e-004  1.39e-004  8.31e-009  0.00e+000  
9.00548e+016 8.47e-019  0.00e+000  0.00e+000  0.00e+000  6.66e-001  1.67e-001  1.67e-001  6.34e-004  1.36e-004  8.07e-009  0.00e+000  
9.53916e+016 1.20e-018  0.00e+000  0.00e+000  0.00e+000  6.66e-001  1.67e-001  1.67e-001  6.34e-004  1.31e-004  7.82e-009  0.00e+000  
1.01535e+017 1.64e-018  0.00e+000  0.00e+000  0.00e+000  6.67e-001  1.66e-001  1.66e-001  6.30e-004  1.27e-004  7.58e-009  0.00e+000  
1.09249e+017 2.18e-018  0.00e+000  0.00e+000  0.00e+000  6.66e-001  1.66e-001  1.66e-001  6.34e-004  1.24e-004  7.35e-009  0.00e+000  
1.19176e+017 2.79e-018  0.00e+000  0.00e+000  0.00e+000  6.66e-001  1.67e-001  1.67e-001  6.34e-004  1.20e-004  7.16e-009  0.00e+000  
1.32448e+017 3.39e-018  0.00e+000  0.00e+000  0.00e+000  6.66e-001  1.67e-001  1.67e-001  6.34e-004  1.18e-004  6.99e-009  0.00e+000  
