! 0       *H2O + He -> H2O + He
! 1       *H2O + H2 -> H2O + H2
! 2       *H2O + CO -> H2O + CO
! 3       *H2O + CRPhoton -> *OH + *H
! 4       *H2O + CRPhoton -> *O + *H2
! 5       *H2O + CRPhoton -> *O + *H + *H
! 6       *H2O + CRPhoton -> *OH + *H
! 7       *H2O + CRPhoton -> *O + *H2
! 8       *H2O + CRPhoton -> H2O
! 9       *H2O + ISPhoton -> *OH + *H
!            tot_rate   0          1          2          3          4          5          6          7          8          9          
1.58188e+013 1.63e-014  0.00e+000  0.00e+000  0.00e+000  7.53e-001  2.25e-001  1.56e-002  4.41e-003  2.00e-003  2.01e-004  3.59e-008  
3.50727e+014 1.63e-014  0.00e+000  0.00e+000  0.00e+000  7.53e-001  2.25e-001  1.56e-002  4.41e-003  2.00e-003  2.01e-004  3.59e-008  
5.21628e+015 1.63e-014  0.00e+000  0.00e+000  0.00e+000  7.53e-001  2.25e-001  1.56e-002  4.41e-003  2.00e-003  2.01e-004  3.59e-008  
2.67137e+016 1.65e-014  0.00e+000  0.00e+000  0.00e+000  7.53e-001  2.25e-001  1.56e-002  4.40e-003  1.99e-003  2.00e-004  3.58e-008  
3.33598e+016 1.67e-014  0.00e+000  0.00e+000  0.00e+000  7.53e-001  2.25e-001  1.56e-002  4.40e-003  2.00e-003  2.01e-004  3.58e-008  
3.42055e+016 1.69e-014  0.00e+000  0.00e+000  0.00e+000  7.53e-001  2.25e-001  1.56e-002  4.40e-003  2.00e-003  2.02e-004  3.58e-008  
3.44017e+016 1.69e-014  0.00e+000  0.00e+000  0.00e+000  7.53e-001  2.25e-001  1.56e-002  4.41e-003  2.00e-003  2.02e-004  3.59e-008  
3.46353e+016 1.69e-014  0.00e+000  0.00e+000  3.49e-052  7.52e-001  2.26e-001  1.57e-002  4.42e-003  2.01e-003  2.03e-004  3.59e-008  
3.48860e+016 1.70e-014  0.00e+000  0.00e+000  5.59e-034  7.53e-001  2.25e-001  1.56e-002  4.41e-003  2.00e-003  2.03e-004  3.59e-008  
3.51370e+016 1.71e-014  0.00e+000  0.00e+000  2.62e-010  7.53e-001  2.25e-001  1.56e-002  4.40e-003  2.00e-003  2.03e-004  3.58e-008  
3.53250e+016 1.72e-014  0.00e+000  0.00e+000  2.28e-004  7.52e-001  2.26e-001  1.57e-002  4.42e-003  2.01e-003  2.03e-004  3.60e-008  
3.55515e+016 1.84e-014  0.00e+000  0.00e+000  5.88e-002  7.08e-001  2.12e-001  1.48e-002  4.16e-003  1.89e-003  1.92e-004  3.39e-008  
3.57182e+016 2.40e-014  0.00e+000  0.00e+000  2.74e-001  5.46e-001  1.64e-001  1.14e-002  3.21e-003  1.45e-003  1.48e-004  2.61e-008  
3.58524e+016 3.72e-014  0.00e+000  0.00e+000  5.28e-001  3.55e-001  1.07e-001  7.40e-003  2.09e-003  9.45e-004  9.66e-005  1.70e-008  
3.60047e+016 4.54e-014  1.06e-079  0.00e+000  6.10e-001  2.93e-001  8.81e-002  6.10e-003  1.72e-003  7.82e-004  8.00e-005  1.40e-008  
3.61718e+016 5.97e-014  2.71e-050  0.00e+000  7.00e-001  2.26e-001  6.78e-002  4.70e-003  1.33e-003  6.01e-004  6.19e-005  1.08e-008  
3.62899e+016 7.73e-014  9.90e-028  0.00e+000  7.65e-001  1.77e-001  5.30e-002  3.67e-003  1.04e-003  4.71e-004  4.85e-005  8.43e-009  
3.63893e+016 1.01e-013  2.99e-020  1.36e-070  8.17e-001  1.38e-001  4.11e-002  2.85e-003  8.03e-004  3.64e-004  3.76e-005  6.53e-009  
3.64972e+016 1.44e-013  4.73e-005  4.46e-039  8.70e-001  9.81e-002  2.94e-002  2.04e-003  5.75e-004  2.61e-004  2.69e-005  4.67e-009  
3.66124e+016 3.42e-013  3.39e-001  2.50e-024  6.05e-001  4.21e-002  1.26e-002  8.77e-004  2.47e-004  1.12e-004  1.16e-005  2.01e-009  
3.67348e+016 6.53e-012  9.39e-001  6.28e-015  5.83e-002  2.27e-003  6.80e-004  4.72e-005  1.33e-005  6.03e-006  6.28e-007  1.08e-010  
3.68621e+016 4.37e-011  9.81e-001  1.60e-004  1.80e-002  3.52e-004  1.05e-004  7.32e-006  2.06e-006  9.36e-007  9.79e-008  1.68e-011  
3.69700e+016 1.46e-010  9.76e-001  1.31e-002  1.10e-002  1.09e-004  3.28e-005  2.27e-006  6.43e-007  2.91e-007  3.09e-008  5.22e-012  
3.70376e+016 2.90e-010  9.41e-001  4.97e-002  8.96e-003  5.65e-005  1.69e-005  1.17e-006  3.31e-007  1.50e-007  1.61e-008  2.69e-012  
3.71087e+016 5.72e-010  8.82e-001  1.10e-001  7.90e-003  2.95e-005  8.82e-006  6.11e-007  1.73e-007  7.83e-008  8.63e-009  1.40e-012  
3.71826e+016 1.13e-009  8.30e-001  1.62e-001  7.44e-003  1.54e-005  4.61e-006  3.20e-007  9.01e-008  4.09e-008  4.67e-009  7.33e-013  
3.72589e+016 2.22e-009  7.84e-001  2.09e-001  7.52e-003  8.11e-006  2.43e-006  1.68e-007  4.78e-008  2.16e-008  2.61e-009  3.87e-013  
3.73370e+016 4.28e-009  7.47e-001  2.45e-001  8.08e-003  4.34e-006  1.30e-006  9.01e-008  2.54e-008  1.15e-008  1.53e-009  2.07e-013  
3.74165e+016 8.17e-009  7.07e-001  2.84e-001  8.82e-003  2.31e-006  6.91e-007  4.80e-008  1.36e-008  6.14e-009  9.36e-010  1.10e-013  
3.74829e+016 1.38e-008  6.90e-001  3.01e-001  9.32e-003  1.35e-006  4.04e-007  2.80e-008  7.88e-009  3.58e-009  6.40e-010  6.43e-014  
3.75505e+016 2.28e-008  6.61e-001  3.30e-001  9.58e-003  7.70e-007  2.30e-007  1.60e-008  4.51e-009  2.04e-009  4.51e-010  3.66e-014  
3.76194e+016 3.59e-008  6.48e-001  3.42e-001  9.54e-003  4.15e-007  1.24e-007  8.60e-009  2.42e-009  1.10e-009  3.26e-010  1.97e-014  
3.76839e+016 5.18e-008  6.24e-001  3.67e-001  9.48e-003  1.95e-007  5.81e-008  4.04e-009  1.14e-009  5.16e-010  2.47e-010  9.27e-015  
3.76854e+016 5.23e-008  6.23e-001  3.67e-001  9.47e-003  1.90e-007  5.68e-008  3.94e-009  1.11e-009  5.05e-010  2.47e-010  9.04e-015  
3.76877e+016 5.29e-008  6.24e-001  3.67e-001  9.47e-003  1.83e-007  5.48e-008  3.80e-009  1.07e-009  4.88e-010  2.44e-010  8.73e-015  
3.76917e+016 5.39e-008  6.23e-001  3.67e-001  9.48e-003  1.73e-007  5.18e-008  3.58e-009  1.01e-009  4.58e-010  2.41e-010  8.22e-015  
3.76980e+016 5.58e-008  6.22e-001  3.69e-001  9.46e-003  1.55e-007  4.64e-008  3.22e-009  9.08e-010  4.12e-010  2.33e-010  7.38e-015  
3.77083e+016 5.87e-008  6.21e-001  3.70e-001  9.48e-003  1.28e-007  3.84e-008  2.66e-009  7.50e-010  3.41e-010  2.25e-010  6.10e-015  
3.77248e+016 6.30e-008  6.19e-001  3.71e-001  9.56e-003  8.75e-008  2.62e-008  1.81e-009  5.13e-010  2.32e-010  2.11e-010  4.16e-015  
3.77450e+016 6.75e-008  6.11e-001  3.79e-001  9.58e-003  4.10e-008  1.23e-008  8.53e-010  2.41e-010  1.09e-010  1.95e-010  1.95e-015  
3.77655e+016 1.84e-008  6.05e-001  3.86e-001  9.26e-003  9.92e-009  2.97e-009  2.06e-010  5.83e-011  2.64e-011  1.83e-010  4.73e-016  
3.77936e+016 2.79e-011  5.98e-001  3.94e-001  8.84e-003  9.02e-009  2.69e-009  1.87e-010  5.26e-011  2.39e-011  1.65e-010  4.29e-016  
3.78016e+016 3.77e-012  5.96e-001  3.95e-001  8.75e-003  8.77e-009  2.63e-009  1.82e-010  5.14e-011  2.33e-011  1.61e-010  4.19e-016  
3.78111e+016 3.28e-013  5.95e-001  3.97e-001  8.60e-003  8.48e-009  2.54e-009  1.76e-010  4.97e-011  2.25e-011  1.56e-010  4.03e-016  
3.78273e+016 1.96e-014  5.93e-001  3.99e-001  8.43e-003  8.07e-009  2.42e-009  1.68e-010  4.74e-011  2.15e-011  1.49e-010  3.85e-016  
3.78530e+016 1.59e-014  5.90e-001  4.02e-001  8.11e-003  7.48e-009  2.23e-009  1.55e-010  4.37e-011  1.98e-011  1.37e-010  3.55e-016  
3.78818e+016 1.58e-014  5.83e-001  4.09e-001  7.80e-003  6.85e-009  2.05e-009  1.42e-010  4.01e-011  1.82e-011  1.26e-010  3.26e-016  
3.79076e+016 1.57e-014  5.76e-001  4.16e-001  7.54e-003  6.36e-009  1.90e-009  1.32e-010  3.73e-011  1.69e-011  1.17e-010  3.03e-016  
3.79253e+016 1.56e-014  5.72e-001  4.21e-001  7.37e-003  6.08e-009  1.82e-009  1.26e-010  3.57e-011  1.62e-011  1.12e-010  2.90e-016  
3.79502e+016 1.56e-014  5.69e-001  4.24e-001  7.14e-003  5.69e-009  1.70e-009  1.18e-010  3.33e-011  1.51e-011  1.05e-010  2.71e-016  
3.79755e+016 1.55e-014  5.67e-001  4.26e-001  6.96e-003  5.36e-009  1.60e-009  1.11e-010  3.14e-011  1.42e-011  9.85e-011  2.55e-016  
3.79897e+016 1.55e-014  5.65e-001  4.28e-001  6.89e-003  5.18e-009  1.55e-009  1.08e-010  3.04e-011  1.38e-011  9.53e-011  2.47e-016  
3.79918e+016 1.55e-014  5.64e-001  4.29e-001  6.83e-003  5.16e-009  1.55e-009  1.07e-010  3.02e-011  1.37e-011  9.47e-011  2.46e-016  
3.79956e+016 1.55e-014  5.63e-001  4.30e-001  6.82e-003  5.10e-009  1.53e-009  1.06e-010  2.99e-011  1.36e-011  9.40e-011  2.43e-016  
3.80017e+016 1.55e-014  5.62e-001  4.32e-001  6.75e-003  5.02e-009  1.51e-009  1.04e-010  2.95e-011  1.34e-011  9.26e-011  2.39e-016  
3.80129e+016 1.56e-014  5.59e-001  4.35e-001  6.69e-003  4.90e-009  1.47e-009  1.02e-010  2.87e-011  1.30e-011  9.00e-011  2.33e-016  
3.80319e+016 1.56e-014  5.54e-001  4.39e-001  6.55e-003  4.70e-009  1.41e-009  9.75e-011  2.75e-011  1.25e-011  8.66e-011  2.24e-016  
3.80578e+016 1.57e-014  5.52e-001  4.42e-001  6.45e-003  4.45e-009  1.33e-009  9.26e-011  2.61e-011  1.18e-011  8.17e-011  2.12e-016  
3.80629e+016 1.57e-014  5.51e-001  4.42e-001  6.37e-003  4.40e-009  1.32e-009  9.18e-011  2.58e-011  1.17e-011  8.09e-011  2.10e-016  
3.80713e+016 1.57e-014  5.51e-001  4.43e-001  6.34e-003  4.33e-009  1.30e-009  8.97e-011  2.54e-011  1.15e-011  7.95e-011  2.06e-016  
3.80859e+016 1.58e-014  5.50e-001  4.43e-001  6.27e-003  4.22e-009  1.26e-009  8.74e-011  2.47e-011  1.12e-011  7.73e-011  2.01e-016  
3.81083e+016 1.59e-014  5.45e-001  4.49e-001  6.12e-003  4.03e-009  1.20e-009  8.35e-011  2.36e-011  1.07e-011  7.40e-011  1.92e-016  
3.81265e+016 1.61e-014  5.41e-001  4.52e-001  6.04e-003  3.90e-009  1.17e-009  8.09e-011  2.28e-011  1.04e-011  7.16e-011  1.86e-016  
3.81480e+016 1.63e-014  5.38e-001  4.56e-001  5.94e-003  3.76e-009  1.12e-009  7.81e-011  2.20e-011  9.96e-012  6.89e-011  1.79e-016  
3.81769e+016 1.66e-014  5.36e-001  4.58e-001  5.82e-003  3.58e-009  1.07e-009  7.42e-011  2.10e-011  9.53e-012  6.58e-011  1.71e-016  
3.81836e+016 1.66e-014  5.36e-001  4.58e-001  5.80e-003  3.54e-009  1.06e-009  7.39e-011  2.08e-011  9.43e-012  6.49e-011  1.69e-016  
3.81952e+016 1.68e-014  5.36e-001  4.58e-001  5.76e-003  3.49e-009  1.04e-009  7.26e-011  2.04e-011  9.28e-012  6.43e-011  1.66e-016  
3.82149e+016 1.71e-014  5.32e-001  4.63e-001  5.65e-003  3.37e-009  1.01e-009  6.98e-011  1.98e-011  8.97e-012  6.21e-011  1.61e-016  
3.82433e+016 1.74e-014  5.26e-001  4.68e-001  5.56e-003  3.23e-009  9.70e-010  6.71e-011  1.89e-011  8.61e-012  5.91e-011  1.54e-016  
3.82740e+016 1.78e-014  5.24e-001  4.70e-001  5.46e-003  3.10e-009  9.26e-010  6.45e-011  1.81e-011  8.25e-012  5.67e-011  1.48e-016  
3.83054e+016 1.82e-014  5.24e-001  4.71e-001  5.37e-003  2.98e-009  8.90e-010  6.21e-011  1.75e-011  7.91e-012  5.48e-011  1.42e-016  
3.83376e+016 1.85e-014  5.18e-001  4.77e-001  5.26e-003  2.85e-009  8.52e-010  5.93e-011  1.67e-011  7.61e-012  5.24e-011  1.36e-016  
3.83751e+016 1.89e-014  5.14e-001  4.81e-001  5.17e-003  2.73e-009  8.20e-010  5.66e-011  1.60e-011  7.25e-012  5.02e-011  1.30e-016  
3.84132e+016 1.93e-014  5.13e-001  4.82e-001  5.09e-003  2.63e-009  7.88e-010  5.44e-011  1.54e-011  7.00e-012  4.83e-011  1.25e-016  
3.84531e+016 1.97e-014  5.08e-001  4.87e-001  5.01e-003  2.53e-009  7.57e-010  5.28e-011  1.48e-011  6.76e-012  4.65e-011  1.21e-016  
3.84962e+016 2.02e-014  5.04e-001  4.91e-001  4.93e-003  2.43e-009  7.31e-010  5.04e-011  1.43e-011  6.47e-012  4.47e-011  1.16e-016  
3.85449e+016 2.09e-014  5.02e-001  4.93e-001  4.83e-003  2.33e-009  6.99e-010  4.83e-011  1.37e-011  6.22e-012  4.29e-011  1.11e-016  
3.85990e+016 2.16e-014  5.00e-001  4.95e-001  4.77e-003  2.25e-009  6.76e-010  4.68e-011  1.32e-011  5.97e-012  4.14e-011  1.07e-016  
3.86597e+016 2.24e-014  4.95e-001  5.00e-001  4.69e-003  2.16e-009  6.47e-010  4.51e-011  1.26e-011  5.76e-012  3.97e-011  1.03e-016  
3.87288e+016 2.34e-014  4.91e-001  5.04e-001  4.66e-003  2.07e-009  6.19e-010  4.31e-011  1.21e-011  5.51e-012  3.81e-011  9.87e-017  
3.88139e+016 2.46e-014  4.92e-001  5.04e-001  4.59e-003  1.99e-009  5.97e-010  4.14e-011  1.17e-011  5.32e-012  3.67e-011  9.51e-017  
3.89093e+016 2.61e-014  4.86e-001  5.09e-001  4.52e-003  1.92e-009  5.74e-010  3.98e-011  1.13e-011  5.09e-012  3.53e-011  9.15e-017  
3.90068e+016 2.77e-014  4.83e-001  5.12e-001  4.47e-003  1.86e-009  5.59e-010  3.86e-011  1.09e-011  4.94e-012  3.42e-011  8.87e-017  
3.91088e+016 2.95e-014  4.81e-001  5.15e-001  4.47e-003  1.82e-009  5.45e-010  3.79e-011  1.07e-011  4.84e-012  3.35e-011  8.70e-017  
3.92181e+016 3.17e-014  4.82e-001  5.14e-001  4.44e-003  1.79e-009  5.36e-010  3.72e-011  1.05e-011  4.76e-012  3.28e-011  8.51e-017  
3.93325e+016 3.42e-014  4.80e-001  5.15e-001  4.45e-003  1.77e-009  5.30e-010  3.66e-011  1.03e-011  4.68e-012  3.25e-011  8.43e-017  
3.94519e+016 3.70e-014  4.82e-001  5.14e-001  4.44e-003  1.76e-009  5.25e-010  3.65e-011  1.03e-011  4.65e-012  3.22e-011  8.36e-017  
3.95803e+016 4.03e-014  4.82e-001  5.14e-001  4.44e-003  1.75e-009  5.24e-010  3.65e-011  1.03e-011  4.64e-012  3.23e-011  8.37e-017  
3.97190e+016 4.42e-014  4.82e-001  5.14e-001  4.48e-003  1.76e-009  5.27e-010  3.67e-011  1.03e-011  4.68e-012  3.24e-011  8.42e-017  
3.98699e+016 4.88e-014  4.83e-001  5.12e-001  4.57e-003  1.79e-009  5.37e-010  3.73e-011  1.05e-011  4.75e-012  3.30e-011  8.54e-017  
4.00514e+016 5.53e-014  4.85e-001  5.10e-001  4.65e-003  1.83e-009  5.50e-010  3.82e-011  1.08e-011  4.89e-012  3.37e-011  8.78e-017  
4.02549e+016 6.33e-014  4.90e-001  5.05e-001  4.80e-003  1.91e-009  5.72e-010  3.96e-011  1.12e-011  5.09e-012  3.51e-011  9.13e-017  
4.04761e+016 7.36e-014  4.96e-001  4.99e-001  4.98e-003  2.01e-009  6.04e-010  4.19e-011  1.18e-011  5.36e-012  3.71e-011  9.65e-017  
4.07070e+016 8.60e-014  5.03e-001  4.92e-001  5.19e-003  2.16e-009  6.47e-010  4.49e-011  1.27e-011  5.74e-012  3.97e-011  1.03e-016  
4.09451e+016 1.01e-013  5.09e-001  4.85e-001  5.45e-003  2.34e-009  7.00e-010  4.86e-011  1.37e-011  6.22e-012  4.30e-011  1.12e-016  
4.11988e+016 1.20e-013  5.15e-001  4.79e-001  5.79e-003  2.59e-009  7.73e-010  5.37e-011  1.51e-011  6.87e-012  4.75e-011  1.24e-016  
4.14624e+016 1.44e-013  5.26e-001  4.68e-001  6.19e-003  2.90e-009  8.67e-010  6.03e-011  1.70e-011  7.70e-012  5.33e-011  1.39e-016  
4.17462e+016 1.76e-013  5.39e-001  4.54e-001  6.72e-003  3.35e-009  1.00e-009  6.95e-011  1.96e-011  8.88e-012  6.15e-011  1.61e-016  
4.20512e+016 2.17e-013  5.48e-001  4.45e-001  7.41e-003  3.96e-009  1.19e-009  8.24e-011  2.32e-011  1.05e-011  7.27e-011  1.90e-016  
4.23867e+016 2.76e-013  5.65e-001  4.27e-001  8.32e-003  4.89e-009  1.46e-009  1.01e-010  2.86e-011  1.30e-011  8.94e-011  2.33e-016  
4.27356e+016 3.57e-013  5.79e-001  4.11e-001  9.51e-003  6.18e-009  1.85e-009  1.28e-010  3.61e-011  1.64e-011  1.13e-010  2.97e-016  
4.30994e+016 4.67e-013  5.95e-001  3.94e-001  1.12e-002  8.15e-009  2.44e-009  1.70e-010  4.77e-011  2.16e-011  1.50e-010  3.92e-016  
4.34671e+016 6.18e-013  6.13e-001  3.74e-001  1.34e-002  1.11e-008  3.33e-009  2.31e-010  6.50e-011  2.94e-011  2.04e-010  5.32e-016  
4.38104e+016 8.07e-013  6.28e-001  3.56e-001  1.61e-002  1.52e-008  4.56e-009  3.17e-010  8.93e-011  4.05e-011  2.80e-010  7.31e-016  
4.41007e+016 1.01e-012  6.45e-001  3.36e-001  1.90e-002  2.04e-008  6.11e-009  4.23e-010  1.19e-010  5.42e-011  3.75e-010  9.78e-016  
4.42181e+016 1.11e-012  6.50e-001  3.29e-001  2.06e-002  2.31e-008  6.93e-009  4.81e-010  1.36e-010  6.15e-011  4.25e-010  1.11e-015  
4.42811e+016 1.17e-012  6.53e-001  3.25e-001  2.14e-002  2.47e-008  7.41e-009  5.15e-010  1.46e-010  6.58e-011  4.55e-010  1.19e-015  
4.43809e+016 1.27e-012  6.55e-001  3.22e-001  2.29e-002  2.77e-008  8.30e-009  5.75e-010  1.62e-010  7.36e-011  5.09e-010  1.33e-015  
4.45030e+016 1.40e-012  6.64e-001  3.11e-001  2.47e-002  3.17e-008  9.46e-009  6.59e-010  1.86e-010  8.46e-011  5.83e-010  1.52e-015  
4.45401e+016 1.44e-012  6.67e-001  3.08e-001  2.55e-002  3.32e-008  9.96e-009  6.90e-010  1.94e-010  8.85e-011  6.10e-010  1.60e-015  
4.45998e+016 1.51e-012  6.71e-001  3.02e-001  2.66e-002  3.56e-008  1.06e-008  7.38e-010  2.09e-010  9.44e-011  6.54e-010  1.71e-015  
4.46779e+016 1.61e-012  6.78e-001  2.94e-001  2.79e-002  3.89e-008  1.16e-008  8.09e-010  2.28e-010  1.03e-010  7.16e-010  1.87e-015  
4.48006e+016 1.77e-012  6.82e-001  2.87e-001  3.04e-002  4.52e-008  1.35e-008  9.42e-010  2.65e-010  1.20e-010  8.29e-010  2.17e-015  
4.48529e+016 1.84e-012  6.89e-001  2.79e-001  3.19e-002  4.86e-008  1.45e-008  1.01e-009  2.85e-010  1.29e-010  8.95e-010  2.33e-015  
4.48834e+016 1.88e-012  6.90e-001  2.77e-001  3.27e-002  5.07e-008  1.52e-008  1.05e-009  2.97e-010  1.35e-010  9.29e-010  2.43e-015  
4.49346e+016 1.97e-012  6.90e-001  2.76e-001  3.37e-002  5.38e-008  1.61e-008  1.12e-009  3.15e-010  1.43e-010  9.89e-010  2.58e-015  
4.49870e+016 2.06e-012  6.90e-001  2.75e-001  3.52e-002  5.73e-008  1.72e-008  1.20e-009  3.37e-010  1.53e-010  1.06e-009  2.76e-015  
4.50684e+016 2.19e-012  6.93e-001  2.69e-001  3.76e-002  6.43e-008  1.92e-008  1.34e-009  3.77e-010  1.71e-010  1.18e-009  3.08e-015  
4.51867e+016 2.42e-012  7.03e-001  2.56e-001  4.10e-002  7.48e-008  2.24e-008  1.55e-009  4.38e-010  1.99e-010  1.37e-009  3.59e-015  
4.51946e+016 2.41e-012  7.02e-001  2.56e-001  4.24e-002  7.73e-008  2.31e-008  1.60e-009  4.53e-010  2.05e-010  1.42e-009  3.70e-015  
4.52061e+016 2.45e-012  7.03e-001  2.54e-001  4.29e-002  7.85e-008  2.35e-008  1.64e-009  4.62e-010  2.09e-010  1.45e-009  3.77e-015  
4.52265e+016 2.49e-012  7.06e-001  2.51e-001  4.33e-002  8.06e-008  2.41e-008  1.67e-009  4.73e-010  2.14e-010  1.48e-009  3.86e-015  
4.52632e+016 2.57e-012  7.08e-001  2.47e-001  4.44e-002  8.41e-008  2.52e-008  1.75e-009  4.94e-010  2.24e-010  1.55e-009  4.05e-015  
4.53239e+016 2.70e-012  7.15e-001  2.39e-001  4.63e-002  9.14e-008  2.74e-008  1.90e-009  5.37e-010  2.43e-010  1.68e-009  4.37e-015  
4.54167e+016 2.91e-012  7.17e-001  2.33e-001  4.98e-002  1.04e-007  3.11e-008  2.16e-009  6.07e-010  2.76e-010  1.91e-009  4.98e-015  
4.55446e+016 3.23e-012  7.19e-001  2.25e-001  5.55e-002  1.26e-007  3.75e-008  2.61e-009  7.38e-010  3.35e-010  2.31e-009  6.01e-015  
4.55658e+016 3.27e-012  7.21e-001  2.22e-001  5.69e-002  1.31e-007  3.91e-008  2.71e-009  7.64e-010  3.45e-010  2.40e-009  6.27e-015  
4.55697e+016 3.26e-012  7.29e-001  2.13e-001  5.79e-002  1.32e-007  3.95e-008  2.75e-009  7.75e-010  3.52e-010  2.43e-009  6.34e-015  
4.55761e+016 3.30e-012  7.31e-001  2.10e-001  5.83e-002  1.34e-007  4.01e-008  2.78e-009  7.83e-010  3.55e-010  2.46e-009  6.40e-015  
4.55871e+016 3.33e-012  7.31e-001  2.11e-001  5.86e-002  1.36e-007  4.06e-008  2.83e-009  7.97e-010  3.61e-010  2.50e-009  6.52e-015  
4.56066e+016 3.38e-012  7.30e-001  2.10e-001  5.94e-002  1.40e-007  4.20e-008  2.91e-009  8.19e-010  3.73e-010  2.57e-009  6.71e-015  
4.56410e+016 3.47e-012  7.28e-001  2.10e-001  6.13e-002  1.47e-007  4.41e-008  3.05e-009  8.64e-010  3.92e-010  2.71e-009  7.05e-015  
4.56849e+016 3.61e-012  7.27e-001  2.09e-001  6.41e-002  1.58e-007  4.71e-008  3.27e-009  9.23e-010  4.19e-010  2.91e-009  7.57e-015  
4.57241e+016 3.73e-012  7.27e-001  2.06e-001  6.63e-002  1.67e-007  5.02e-008  3.49e-009  9.82e-010  4.46e-010  3.09e-009  8.02e-015  
4.57850e+016 3.91e-012  7.31e-001  1.99e-001  6.96e-002  1.83e-007  5.50e-008  3.81e-009  1.07e-009  4.88e-010  3.38e-009  8.80e-015  
4.58802e+016 4.22e-012  7.39e-001  1.85e-001  7.63e-002  2.14e-007  6.40e-008  4.45e-009  1.25e-009  5.68e-010  3.93e-009  1.03e-014  
4.59720e+016 4.54e-012  7.42e-001  1.75e-001  8.32e-002  2.49e-007  7.46e-008  5.19e-009  1.46e-009  6.63e-010  4.58e-009  1.20e-014  
4.59734e+016 4.53e-012  7.44e-001  1.72e-001  8.39e-002  2.52e-007  7.53e-008  5.21e-009  1.47e-009  6.67e-010  4.62e-009  1.21e-014  
4.59759e+016 4.47e-012  7.43e-001  1.72e-001  8.59e-002  2.57e-007  7.69e-008  5.35e-009  1.51e-009  6.82e-010  4.72e-009  1.23e-014  
4.59802e+016 4.47e-012  7.43e-001  1.70e-001  8.72e-002  2.62e-007  7.83e-008  5.44e-009  1.53e-009  6.96e-010  4.81e-009  1.26e-014  
4.59873e+016 4.54e-012  7.43e-001  1.69e-001  8.79e-002  2.64e-007  7.91e-008  5.51e-009  1.55e-009  7.03e-010  4.87e-009  1.27e-014  
4.59993e+016 4.61e-012  7.44e-001  1.68e-001  8.87e-002  2.69e-007  8.07e-008  5.59e-009  1.58e-009  7.16e-010  4.94e-009  1.29e-014  
4.60196e+016 4.70e-012  7.45e-001  1.65e-001  9.01e-002  2.77e-007  8.33e-008  5.77e-009  1.63e-009  7.39e-010  5.11e-009  1.33e-014  
4.60580e+016 4.84e-012  7.48e-001  1.59e-001  9.32e-002  2.95e-007  8.84e-008  6.14e-009  1.73e-009  7.85e-010  5.43e-009  1.42e-014  
4.61139e+016 5.07e-012  7.46e-001  1.56e-001  9.75e-002  3.24e-007  9.69e-008  6.73e-009  1.90e-009  8.61e-010  5.94e-009  1.55e-014  
4.61801e+016 5.33e-012  7.42e-001  1.54e-001  1.04e-001  3.64e-007  1.09e-007  7.55e-009  2.12e-009  9.67e-010  6.68e-009  1.74e-014  
4.62829e+016 5.78e-012  7.37e-001  1.46e-001  1.17e-001  4.39e-007  1.31e-007  9.12e-009  2.58e-009  1.17e-009  8.06e-009  2.11e-014  
4.63958e+016 6.28e-012  7.38e-001  1.31e-001  1.32e-001  5.40e-007  1.61e-007  1.12e-008  3.17e-009  1.44e-009  9.93e-009  2.60e-014  
4.64165e+016 6.34e-012  7.38e-001  1.27e-001  1.35e-001  5.64e-007  1.69e-007  1.17e-008  3.31e-009  1.50e-009  1.04e-008  2.71e-014  
4.64187e+016 6.23e-012  7.35e-001  1.26e-001  1.39e-001  5.79e-007  1.73e-007  1.20e-008  3.39e-009  1.54e-009  1.06e-008  2.78e-014  
4.64224e+016 6.22e-012  7.40e-001  1.19e-001  1.41e-001  5.89e-007  1.77e-007  1.22e-008  3.44e-009  1.56e-009  1.08e-008  2.83e-014  
4.64286e+016 6.26e-012  7.41e-001  1.17e-001  1.42e-001  5.97e-007  1.79e-007  1.24e-008  3.50e-009  1.59e-009  1.10e-008  2.87e-014  
4.64396e+016 6.36e-012  7.39e-001  1.17e-001  1.44e-001  6.12e-007  1.82e-007  1.27e-008  3.59e-009  1.62e-009  1.12e-008  2.92e-014  
4.64596e+016 6.49e-012  7.36e-001  1.16e-001  1.48e-001  6.37e-007  1.91e-007  1.32e-008  3.73e-009  1.70e-009  1.17e-008  3.05e-014  
4.64933e+016 6.70e-012  7.32e-001  1.14e-001  1.54e-001  6.80e-007  2.03e-007  1.41e-008  3.99e-009  1.81e-009  1.25e-008  3.26e-014  
4.65501e+016 7.03e-012  7.31e-001  1.08e-001  1.61e-001  7.44e-007  2.23e-007  1.55e-008  4.37e-009  1.98e-009  1.37e-008  3.57e-014  
4.66259e+016 7.37e-012  7.29e-001  9.71e-002  1.74e-001  8.64e-007  2.58e-007  1.79e-008  5.06e-009  2.29e-009  1.59e-008  4.14e-014  
4.67450e+016 8.00e-012  7.10e-001  9.11e-002  1.99e-001  1.09e-006  3.26e-007  2.26e-008  6.39e-009  2.90e-009  2.00e-008  5.23e-014  
4.68726e+016 8.52e-012  6.81e-001  8.10e-002  2.38e-001  1.47e-006  4.39e-007  3.05e-008  8.59e-009  3.90e-009  2.70e-008  7.03e-014  
4.69009e+016 8.69e-012  6.76e-001  7.70e-002  2.47e-001  1.57e-006  4.67e-007  3.25e-008  9.15e-009  4.14e-009  2.87e-008  7.49e-014  
4.69024e+016 8.63e-012  6.74e-001  7.56e-002  2.50e-001  1.58e-006  4.73e-007  3.28e-008  9.24e-009  4.19e-009  2.90e-008  7.56e-014  
4.69048e+016 8.73e-012  6.79e-001  7.21e-002  2.49e-001  1.57e-006  4.71e-007  3.26e-008  9.21e-009  4.18e-009  2.89e-008  7.54e-014  
4.69090e+016 8.67e-012  6.82e-001  6.62e-002  2.51e-001  1.60e-006  4.78e-007  3.32e-008  9.37e-009  4.25e-009  2.94e-008  7.68e-014  
4.69160e+016 8.55e-012  6.80e-001  5.94e-002  2.61e-001  1.66e-006  4.96e-007  3.45e-008  9.72e-009  4.41e-009  3.04e-008  7.96e-014  
4.69279e+016 8.64e-012  6.77e-001  5.83e-002  2.65e-001  1.70e-006  5.09e-007  3.54e-008  9.97e-009  4.52e-009  3.12e-008  8.16e-014  
4.69476e+016 8.80e-012  6.71e-001  5.82e-002  2.70e-001  1.77e-006  5.31e-007  3.68e-008  1.04e-008  4.70e-009  3.25e-008  8.50e-014  
4.69806e+016 9.01e-012  6.61e-001  5.79e-002  2.81e-001  1.90e-006  5.68e-007  3.95e-008  1.11e-008  5.05e-009  3.48e-008  9.11e-014  
4.70337e+016 9.23e-012  6.40e-001  5.75e-002  3.02e-001  2.14e-006  6.43e-007  4.46e-008  1.26e-008  5.71e-009  3.95e-008  1.03e-013  
4.70622e+016 9.40e-012  6.30e-001  5.64e-002  3.14e-001  2.29e-006  6.84e-007  4.76e-008  1.34e-008  6.07e-009  4.20e-008  1.10e-013  
4.71061e+016 9.75e-012  6.22e-001  5.30e-002  3.25e-001  2.47e-006  7.41e-007  5.14e-008  1.45e-008  6.58e-009  4.54e-008  1.19e-013  
4.71746e+016 1.01e-011  6.05e-001  4.69e-002  3.48e-001  2.82e-006  8.46e-007  5.88e-008  1.66e-008  7.52e-009  5.20e-008  1.35e-013  
4.72860e+016 1.05e-011  5.67e-001  3.78e-002  3.95e-001  3.62e-006  1.09e-006  7.52e-008  2.12e-008  9.64e-009  6.65e-008  1.74e-013  
4.74240e+016 1.08e-011  4.98e-001  2.96e-002  4.72e-001  4.99e-006  1.49e-006  1.03e-007  2.92e-008  1.33e-008  9.17e-008  2.39e-013  
4.74305e+016 1.09e-011  4.95e-001  2.93e-002  4.76e-001  5.06e-006  1.52e-006  1.05e-007  2.96e-008  1.34e-008  9.29e-008  2.43e-013  
4.74313e+016 1.09e-011  4.94e-001  2.92e-002  4.77e-001  5.07e-006  1.52e-006  1.05e-007  2.97e-008  1.34e-008  9.29e-008  2.43e-013  
4.74348e+016 1.09e-011  4.93e-001  2.86e-002  4.78e-001  5.11e-006  1.53e-006  1.06e-007  3.00e-008  1.36e-008  9.38e-008  2.46e-013  
4.74406e+016 1.08e-011  4.90e-001  2.67e-002  4.83e-001  5.20e-006  1.56e-006  1.08e-007  3.04e-008  1.38e-008  9.59e-008  2.49e-013  
4.74503e+016 1.06e-011  4.75e-001  2.24e-002  5.02e-001  5.43e-006  1.62e-006  1.13e-007  3.18e-008  1.45e-008  9.95e-008  2.60e-013  
4.74676e+016 1.06e-011  4.58e-001  2.06e-002  5.21e-001  5.69e-006  1.71e-006  1.19e-007  3.34e-008  1.52e-008  1.05e-007  2.73e-013  
4.74972e+016 1.07e-011  4.38e-001  1.88e-002  5.44e-001  6.12e-006  1.83e-006  1.28e-007  3.59e-008  1.62e-008  1.13e-007  2.94e-013  
4.75283e+016 1.08e-011  4.24e-001  1.69e-002  5.60e-001  6.52e-006  1.95e-006  1.36e-007  3.82e-008  1.73e-008  1.20e-007  3.13e-013  
4.75365e+016 1.08e-011  4.20e-001  1.64e-002  5.63e-001  6.64e-006  1.98e-006  1.38e-007  3.89e-008  1.76e-008  1.22e-007  3.18e-013  
4.75556e+016 1.09e-011  4.12e-001  1.59e-002  5.72e-001  6.90e-006  2.07e-006  1.44e-007  4.04e-008  1.83e-008  1.27e-007  3.31e-013  
4.75856e+016 1.10e-011  3.98e-001  1.57e-002  5.86e-001  7.34e-006  2.20e-006  1.52e-007  4.31e-008  1.95e-008  1.35e-007  3.53e-013  
4.76342e+016 1.11e-011  3.68e-001  1.48e-002  6.17e-001  8.15e-006  2.44e-006  1.70e-007  4.77e-008  2.16e-008  1.50e-007  3.91e-013  
4.77120e+016 1.11e-011  3.08e-001  1.21e-002  6.80e-001  9.81e-006  2.92e-006  2.03e-007  5.73e-008  2.60e-008  1.80e-007  4.69e-013  
4.78339e+016 1.17e-011  2.56e-001  8.50e-003  7.35e-001  1.22e-005  3.63e-006  2.53e-007  7.12e-008  3.23e-008  2.23e-007  5.83e-013  
4.79819e+016 1.18e-011  1.80e-001  4.12e-003  8.15e-001  1.62e-005  4.84e-006  3.36e-007  9.48e-008  4.30e-008  2.97e-007  7.76e-013  
4.80101e+016 1.19e-011  1.69e-001  3.69e-003  8.27e-001  1.70e-005  5.08e-006  3.53e-007  9.93e-008  4.51e-008  3.12e-007  8.15e-013  
4.80156e+016 1.19e-011  1.67e-001  3.61e-003  8.29e-001  1.72e-005  5.14e-006  3.57e-007  1.01e-007  4.56e-008  3.15e-007  8.22e-013  
4.80288e+016 1.19e-011  1.62e-001  3.41e-003  8.35e-001  1.75e-005  5.25e-006  3.65e-007  1.03e-007  4.66e-008  3.22e-007  8.39e-013  
4.80511e+016 1.19e-011  1.52e-001  3.07e-003  8.45e-001  1.82e-005  5.47e-006  3.79e-007  1.07e-007  4.85e-008  3.36e-007  8.79e-013  
4.80875e+016 1.19e-011  1.33e-001  2.46e-003  8.64e-001  1.96e-005  5.86e-006  4.07e-007  1.15e-007  5.21e-008  3.60e-007  9.40e-013  
4.81463e+016 1.20e-011  1.06e-001  1.63e-003  8.92e-001  2.17e-005  6.50e-006  4.51e-007  1.28e-007  5.77e-008  3.99e-007  1.04e-012  
4.82445e+016 1.21e-011  7.70e-002  1.08e-003  9.22e-001  2.55e-005  7.63e-006  5.29e-007  1.49e-007  6.77e-008  4.68e-007  1.22e-012  
4.83636e+016 1.22e-011  4.67e-002  5.43e-004  9.53e-001  3.11e-005  9.28e-006  6.46e-007  1.82e-007  8.30e-008  5.72e-007  1.49e-012  
4.84912e+016 1.23e-011  2.41e-002  2.36e-004  9.76e-001  3.78e-005  1.13e-005  7.85e-007  2.21e-007  1.01e-007  6.94e-007  1.81e-012  
4.86294e+016 1.23e-011  1.13e-002  9.72e-005  9.88e-001  4.65e-005  1.39e-005  9.64e-007  2.72e-007  1.24e-007  8.51e-007  2.23e-012  
4.87591e+016 1.22e-011  5.17e-003  3.40e-005  9.95e-001  5.70e-005  1.70e-005  1.18e-006  3.34e-007  1.51e-007  1.04e-006  2.73e-012  
4.88968e+016 1.19e-011  2.05e-003  9.14e-006  9.98e-001  7.04e-005  2.10e-005  1.46e-006  4.13e-007  1.87e-007  1.29e-006  3.37e-012  
4.90444e+016 1.14e-011  6.62e-004  1.95e-006  9.99e-001  8.94e-005  2.68e-005  1.86e-006  5.25e-007  2.38e-007  1.65e-006  4.29e-012  
4.91980e+016 1.06e-011  1.74e-004  3.30e-007  1.00e+000  1.17e-004  3.51e-005  2.43e-006  6.87e-007  3.11e-007  2.15e-006  5.62e-012  
4.93317e+016 9.81e-012  4.35e-005  5.38e-008  1.00e+000  1.49e-004  4.46e-005  3.10e-006  8.74e-007  3.96e-007  2.74e-006  7.15e-012  
4.94239e+016 9.17e-012  1.22e-005  9.98e-009  1.00e+000  1.79e-004  5.34e-005  3.71e-006  1.04e-006  4.74e-007  3.28e-006  8.55e-012  
4.95192e+016 8.44e-012  3.83e-006  2.03e-009  1.00e+000  2.17e-004  6.48e-005  4.50e-006  1.27e-006  5.76e-007  3.98e-006  1.04e-011  
4.96202e+016 7.67e-012  1.59e-006  4.91e-010  1.00e+000  2.67e-004  8.00e-005  5.55e-006  1.56e-006  7.10e-007  4.91e-006  1.28e-011  
4.97297e+016 6.77e-012  3.97e-007  5.79e-011  1.00e+000  3.41e-004  1.02e-004  7.10e-006  2.01e-006  9.08e-007  6.27e-006  1.64e-011  
4.98461e+016 5.75e-012  6.80e-008  4.33e-012  9.99e-001  4.55e-004  1.36e-004  9.47e-006  2.68e-006  1.21e-006  8.38e-006  2.19e-011  
4.99670e+016 4.85e-012  7.73e-009  2.10e-013  9.99e-001  6.12e-004  1.83e-004  1.27e-005  3.58e-006  1.63e-006  1.12e-005  2.95e-011  
5.00936e+016 3.97e-012  4.60e-010  7.42e-015  9.99e-001  8.48e-004  2.54e-004  1.76e-005  4.98e-006  2.25e-006  1.56e-005  4.08e-011  
5.02240e+016 3.08e-012  5.76e-012  4.39e-017  9.98e-001  1.24e-003  3.71e-004  2.58e-005  7.28e-006  3.28e-006  2.28e-005  5.95e-011  
5.03584e+016 2.23e-012  1.75e-013  8.45e-019  9.97e-001  1.94e-003  5.80e-004  4.03e-005  1.14e-005  5.17e-006  3.56e-005  9.30e-011  
5.05026e+016 1.36e-012  1.60e-014  6.87e-021  9.95e-001  3.61e-003  1.08e-003  7.52e-005  2.12e-005  9.58e-006  6.63e-005  1.73e-010  
5.05959e+016 9.34e-013  7.30e-016  8.32e-023  9.92e-001  5.67e-003  1.70e-003  1.18e-004  3.33e-005  1.51e-005  1.04e-004  2.72e-010  
5.06957e+016 7.16e-013  1.33e-017  4.43e-025  9.89e-001  8.03e-003  2.40e-003  1.68e-004  4.71e-005  2.14e-005  1.48e-004  3.86e-010  
5.07988e+016 4.97e-013  1.39e-019  6.21e-027  9.83e-001  1.26e-002  3.76e-003  2.61e-004  7.36e-005  3.34e-005  2.31e-004  6.03e-010  
5.09058e+016 3.02e-013  9.07e-022  2.45e-029  9.70e-001  2.25e-002  6.72e-003  4.67e-004  1.32e-004  5.96e-005  4.14e-004  1.08e-009  
5.10237e+016 1.52e-013  3.45e-024  4.46e-032  9.34e-001  4.88e-002  1.46e-002  1.01e-003  2.86e-004  1.30e-004  8.95e-004  2.34e-009  
5.11496e+016 6.34e-014  7.80e-027  4.17e-035  8.27e-001  1.28e-001  3.85e-002  2.67e-003  7.53e-004  3.41e-004  2.35e-003  6.15e-009  
5.12843e+016 2.41e-014  9.77e-029  1.61e-038  5.01e-001  3.71e-001  1.11e-001  7.70e-003  2.17e-003  9.86e-004  6.09e-003  1.78e-008  
5.14296e+016 1.52e-014  5.54e-030  3.81e-040  1.26e-001  6.51e-001  1.95e-001  1.35e-002  3.81e-003  1.73e-003  9.45e-003  3.12e-008  
5.15425e+016 1.50e-014  3.58e-032  5.09e-043  4.55e-002  7.11e-001  2.13e-001  1.48e-002  4.17e-003  1.89e-003  9.38e-003  3.41e-008  
5.16792e+016 1.58e-014  5.59e-036  1.73e-047  5.33e-003  7.42e-001  2.22e-001  1.54e-002  4.35e-003  1.97e-003  8.82e-003  3.56e-008  
5.18319e+016 1.73e-014  2.51e-040  1.59e-052  2.82e-004  7.47e-001  2.23e-001  1.55e-002  4.38e-003  1.99e-003  7.87e-003  3.58e-008  
5.19950e+016 1.91e-014  3.99e-045  4.41e-058  6.85e-006  7.47e-001  2.24e-001  1.55e-002  4.37e-003  1.99e-003  6.95e-003  3.58e-008  
5.21655e+016 2.11e-014  1.67e-050  3.95e-064  8.42e-008  7.48e-001  2.24e-001  1.56e-002  4.39e-003  1.99e-003  6.20e-003  3.60e-008  
5.23457e+016 2.35e-014  2.55e-052  8.46e-066  2.23e-009  7.48e-001  2.24e-001  1.56e-002  4.38e-003  1.99e-003  5.44e-003  3.59e-008  
5.25384e+016 2.62e-014  1.30e-059  1.53e-071  7.30e-011  7.49e-001  2.25e-001  1.56e-002  4.39e-003  1.99e-003  4.81e-003  3.60e-008  
5.27451e+016 2.94e-014  4.60e-066  1.09e-078  1.84e-013  7.49e-001  2.24e-001  1.56e-002  4.39e-003  1.99e-003  4.22e-003  3.61e-008  
5.29668e+016 3.31e-014  3.30e-073  0.00e+000  1.21e-016  7.50e-001  2.24e-001  1.56e-002  4.39e-003  1.99e-003  3.69e-003  3.60e-008  
5.31993e+016 3.72e-014  3.66e-081  0.00e+000  1.12e-020  7.50e-001  2.25e-001  1.56e-002  4.38e-003  1.99e-003  3.23e-003  3.60e-008  
5.34440e+016 4.20e-014  2.81e-082  0.00e+000  1.76e-025  7.51e-001  2.24e-001  1.56e-002  4.39e-003  1.99e-003  2.84e-003  3.60e-008  
5.36995e+016 4.73e-014  0.00e+000  0.00e+000  4.42e-030  7.51e-001  2.24e-001  1.56e-002  4.40e-003  2.00e-003  2.48e-003  3.60e-008  
5.39765e+016 5.35e-014  0.00e+000  0.00e+000  8.67e-036  7.51e-001  2.24e-001  1.56e-002  4.41e-003  2.00e-003  2.17e-003  3.61e-008  
5.42627e+016 6.05e-014  0.00e+000  0.00e+000  8.85e-042  7.51e-001  2.25e-001  1.56e-002  4.41e-003  2.00e-003  1.90e-003  3.60e-008  
5.45738e+016 6.88e-014  0.00e+000  0.00e+000  2.12e-048  7.51e-001  2.25e-001  1.57e-002  4.40e-003  1.99e-003  1.67e-003  3.60e-008  
5.49079e+016 7.83e-014  0.00e+000  0.00e+000  2.23e-055  7.52e-001  2.25e-001  1.56e-002  4.40e-003  2.00e-003  1.46e-003  3.60e-008  
5.52575e+016 8.90e-014  0.00e+000  0.00e+000  3.80e-063  7.52e-001  2.25e-001  1.56e-002  4.41e-003  2.00e-003  1.28e-003  3.61e-008  
5.56155e+016 1.01e-013  0.00e+000  0.00e+000  7.69e-071  7.52e-001  2.25e-001  1.56e-002  4.41e-003  2.00e-003  1.13e-003  3.60e-008  
5.59918e+016 1.14e-013  0.00e+000  0.00e+000  9.33e-080  7.52e-001  2.25e-001  1.56e-002  4.40e-003  2.00e-003  9.95e-004  3.60e-008  
5.63913e+016 1.28e-013  0.00e+000  0.00e+000  0.00e+000  7.52e-001  2.25e-001  1.56e-002  4.41e-003  2.00e-003  8.83e-004  3.60e-008  
5.68226e+016 1.44e-013  0.00e+000  0.00e+000  0.00e+000  7.52e-001  2.25e-001  1.57e-002  4.42e-003  2.00e-003  7.86e-004  3.61e-008  
5.72780e+016 1.62e-013  0.00e+000  0.00e+000  0.00e+000  7.53e-001  2.25e-001  1.56e-002  4.39e-003  1.99e-003  7.03e-004  3.59e-008  
5.77650e+016 1.81e-013  0.00e+000  0.00e+000  0.00e+000  7.52e-001  2.25e-001  1.56e-002  4.40e-003  2.00e-003  6.31e-004  3.60e-008  
5.82707e+016 2.01e-013  0.00e+000  0.00e+000  0.00e+000  7.52e-001  2.25e-001  1.56e-002  4.40e-003  2.00e-003  5.68e-004  3.60e-008  
5.88124e+016 2.22e-013  0.00e+000  0.00e+000  0.00e+000  7.53e-001  2.25e-001  1.56e-002  4.40e-003  2.00e-003  5.14e-004  3.60e-008  
5.93801e+016 2.43e-013  0.00e+000  0.00e+000  0.00e+000  7.52e-001  2.25e-001  1.57e-002  4.40e-003  2.00e-003  4.69e-004  3.60e-008  
5.99878e+016 2.66e-013  0.00e+000  0.00e+000  0.00e+000  7.52e-001  2.25e-001  1.56e-002  4.40e-003  2.00e-003  4.33e-004  3.60e-008  
6.06254e+016 2.88e-013  0.00e+000  0.00e+000  0.00e+000  7.52e-001  2.25e-001  1.56e-002  4.40e-003  2.00e-003  3.99e-004  3.61e-008  
6.12860e+016 3.11e-013  0.00e+000  0.00e+000  0.00e+000  7.53e-001  2.25e-001  1.56e-002  4.41e-003  2.00e-003  3.70e-004  3.60e-008  
6.19772e+016 3.32e-013  0.00e+000  0.00e+000  0.00e+000  7.52e-001  2.25e-001  1.56e-002  4.39e-003  2.00e-003  3.49e-004  3.58e-008  
6.27006e+016 3.53e-013  0.00e+000  0.00e+000  0.00e+000  7.53e-001  2.25e-001  1.56e-002  4.41e-003  2.00e-003  3.28e-004  3.59e-008  
6.34752e+016 3.73e-013  0.00e+000  0.00e+000  0.00e+000  7.52e-001  2.25e-001  1.56e-002  4.42e-003  2.00e-003  3.11e-004  3.59e-008  
6.43223e+016 3.94e-013  0.00e+000  0.00e+000  0.00e+000  7.52e-001  2.25e-001  1.57e-002  4.42e-003  2.00e-003  2.97e-004  3.61e-008  
6.52408e+016 4.13e-013  0.00e+000  0.00e+000  0.00e+000  7.52e-001  2.25e-001  1.56e-002  4.40e-003  2.00e-003  2.83e-004  3.60e-008  
6.62440e+016 4.33e-013  0.00e+000  0.00e+000  0.00e+000  7.53e-001  2.25e-001  1.56e-002  4.41e-003  2.00e-003  2.72e-004  3.60e-008  
6.73219e+016 4.52e-013  0.00e+000  0.00e+000  0.00e+000  7.52e-001  2.26e-001  1.56e-002  4.40e-003  2.00e-003  2.61e-004  3.58e-008  
6.84641e+016 4.67e-013  0.00e+000  0.00e+000  0.00e+000  7.53e-001  2.25e-001  1.57e-002  4.41e-003  2.00e-003  2.52e-004  3.59e-008  
6.96945e+016 4.85e-013  0.00e+000  0.00e+000  0.00e+000  7.53e-001  2.25e-001  1.56e-002  4.41e-003  2.00e-003  2.45e-004  3.59e-008  
7.10391e+016 5.00e-013  0.00e+000  0.00e+000  0.00e+000  7.52e-001  2.26e-001  1.56e-002  4.40e-003  2.00e-003  2.38e-004  3.58e-008  
7.25155e+016 5.14e-013  0.00e+000  0.00e+000  0.00e+000  7.52e-001  2.25e-001  1.56e-002  4.41e-003  2.00e-003  2.31e-004  3.60e-008  
7.42223e+016 5.30e-013  0.00e+000  0.00e+000  0.00e+000  7.53e-001  2.25e-001  1.56e-002  4.42e-003  2.00e-003  2.25e-004  3.59e-008  
7.63108e+016 5.46e-013  0.00e+000  0.00e+000  0.00e+000  7.53e-001  2.25e-001  1.56e-002  4.41e-003  2.00e-003  2.20e-004  3.59e-008  
7.86896e+016 5.60e-013  0.00e+000  0.00e+000  0.00e+000  7.53e-001  2.25e-001  1.56e-002  4.41e-003  2.00e-003  2.14e-004  3.59e-008  
8.18150e+016 5.78e-013  0.00e+000  0.00e+000  0.00e+000  7.53e-001  2.25e-001  1.56e-002  4.41e-003  2.01e-003  2.08e-004  3.58e-008  
8.55776e+016 5.95e-013  0.00e+000  0.00e+000  0.00e+000  7.53e-001  2.25e-001  1.56e-002  4.42e-003  2.00e-003  2.02e-004  3.60e-008  
9.00548e+016 6.13e-013  0.00e+000  0.00e+000  0.00e+000  7.53e-001  2.25e-001  1.56e-002  4.41e-003  1.99e-003  1.94e-004  3.59e-008  
9.53916e+016 6.29e-013  0.00e+000  0.00e+000  0.00e+000  7.52e-001  2.26e-001  1.56e-002  4.40e-003  2.00e-003  1.89e-004  3.59e-008  
1.01535e+017 6.44e-013  0.00e+000  0.00e+000  0.00e+000  7.53e-001  2.25e-001  1.57e-002  4.41e-003  2.00e-003  1.83e-004  3.59e-008  
1.09249e+017 6.61e-013  0.00e+000  0.00e+000  0.00e+000  7.52e-001  2.26e-001  1.56e-002  4.40e-003  2.00e-003  1.79e-004  3.59e-008  
1.19176e+017 6.75e-013  0.00e+000  0.00e+000  0.00e+000  7.53e-001  2.25e-001  1.57e-002  4.41e-003  2.00e-003  1.73e-004  3.58e-008  
1.32448e+017 6.88e-013  0.00e+000  0.00e+000  0.00e+000  7.53e-001  2.25e-001  1.57e-002  4.42e-003  2.00e-003  1.69e-004  3.59e-008  
