! 0       N + C2O -> CN + CO
! 1       C2O + GRAIN -> *C2O + GRAIN
! 2       O + C2O -> CO + CO
! 3       C2O + H3O+ -> H2O + HC2O+
! 4       C2O + H3+ -> H2 + HC2O+
! 5       C2O + He+ -> CO + He + C+
! 6       C + C2O -> C2 + CO
! 7       C2O + HCO+ -> CO + HC2O+
! 8       S + C2O -> CO + CS
! 9       C2O + CRPhoton -> CO + C
! 10      C2O + CRPhoton -> C2 + O
!            tot_rate   0          1          2          3          4          5          6          7          8          9          10         
1.58188e+013 2.37e-018  3.53e-001  2.01e-003  5.74e-001  6.80e-003  1.10e-002  3.86e-003  1.82e-003  2.01e-002  2.75e-003  5.83e-004  5.83e-004  
3.50727e+014 2.37e-018  3.53e-001  2.01e-003  5.74e-001  6.80e-003  1.10e-002  3.86e-003  1.82e-003  2.01e-002  2.75e-003  5.83e-004  5.83e-004  
5.21628e+015 2.37e-018  3.53e-001  2.02e-003  5.74e-001  6.76e-003  1.10e-002  3.86e-003  1.82e-003  2.00e-002  2.75e-003  5.83e-004  5.83e-004  
2.67137e+016 2.31e-018  3.62e-001  7.59e-003  5.90e-001  3.13e-003  8.07e-003  2.41e-003  1.86e-003  8.76e-003  2.81e-003  5.99e-004  5.99e-004  
3.33598e+016 2.25e-018  3.68e-001  1.41e-002  6.00e-001  9.87e-004  2.96e-003  6.45e-004  1.88e-003  3.22e-003  2.86e-003  6.09e-004  6.09e-004  
3.42055e+016 2.23e-018  3.70e-001  1.07e-002  6.04e-001  7.61e-004  2.27e-003  4.75e-004  1.89e-003  2.56e-003  2.88e-003  6.13e-004  6.13e-004  
3.44017e+016 2.23e-018  3.70e-001  9.73e-003  6.05e-001  7.13e-004  2.13e-003  4.38e-004  1.89e-003  2.41e-003  2.88e-003  6.14e-004  6.14e-004  
3.46353e+016 2.22e-018  3.73e-001  8.58e-003  6.05e-001  6.59e-004  1.94e-003  3.96e-004  1.90e-003  2.24e-003  2.90e-003  6.18e-004  6.18e-004  
3.48860e+016 2.21e-018  3.74e-001  7.33e-003  6.06e-001  5.97e-004  1.75e-003  3.54e-004  1.90e-003  2.05e-003  2.91e-003  6.20e-004  6.20e-004  
3.51370e+016 2.21e-018  3.74e-001  6.03e-003  6.08e-001  5.40e-004  1.56e-003  3.12e-004  1.91e-003  1.87e-003  2.92e-003  6.21e-004  6.21e-004  
3.53250e+016 2.20e-018  3.75e-001  5.13e-003  6.09e-001  4.95e-004  1.42e-003  2.83e-004  1.91e-003  1.73e-003  2.92e-003  6.22e-004  6.22e-004  
3.55515e+016 2.20e-018  3.75e-001  4.13e-003  6.10e-001  4.47e-004  1.27e-003  2.50e-004  1.92e-003  1.57e-003  2.92e-003  6.24e-004  6.24e-004  
3.57182e+016 2.19e-018  3.76e-001  3.45e-003  6.11e-001  4.11e-004  1.16e-003  2.27e-004  1.91e-003  1.45e-003  2.93e-003  6.24e-004  6.24e-004  
3.58524e+016 2.19e-018  3.76e-001  2.93e-003  6.11e-001  3.81e-004  1.07e-003  2.08e-004  1.92e-003  1.35e-003  2.93e-003  6.25e-004  6.25e-004  
3.60047e+016 2.19e-018  3.77e-001  2.41e-003  6.12e-001  3.50e-004  9.68e-004  1.88e-004  1.92e-003  1.25e-003  2.93e-003  6.26e-004  6.26e-004  
3.61718e+016 2.19e-018  3.77e-001  1.90e-003  6.12e-001  3.16e-004  8.64e-004  1.67e-004  1.92e-003  1.13e-003  2.93e-003  6.26e-004  6.26e-004  
3.62899e+016 2.19e-018  3.77e-001  1.59e-003  6.13e-001  2.94e-004  7.95e-004  1.53e-004  1.92e-003  1.06e-003  2.94e-003  6.26e-004  6.26e-004  
3.63893e+016 2.19e-018  3.77e-001  1.35e-003  6.13e-001  2.75e-004  7.36e-004  1.42e-004  1.92e-003  9.92e-004  2.94e-003  6.27e-004  6.27e-004  
3.64972e+016 2.19e-018  3.77e-001  1.13e-003  6.13e-001  2.56e-004  6.82e-004  1.30e-004  1.92e-003  9.65e-004  2.94e-003  6.27e-004  6.27e-004  
3.66124e+016 2.19e-018  3.78e-001  9.29e-004  6.13e-001  2.46e-004  6.22e-004  1.19e-004  1.92e-003  9.98e-004  2.94e-003  6.27e-004  6.27e-004  
3.67348e+016 2.18e-018  3.78e-001  7.46e-004  6.13e-001  2.56e-004  5.63e-004  1.07e-004  1.93e-003  1.04e-003  2.94e-003  6.27e-004  6.27e-004  
3.68621e+016 2.19e-018  3.78e-001  5.90e-004  6.13e-001  2.69e-004  5.08e-004  9.61e-005  1.93e-003  1.09e-003  2.94e-003  6.27e-004  6.27e-004  
3.69700e+016 2.20e-018  3.76e-001  4.83e-004  6.15e-001  2.81e-004  4.60e-004  8.75e-005  1.92e-003  1.14e-003  2.93e-003  6.24e-004  6.24e-004  
3.70376e+016 2.20e-018  3.77e-001  4.29e-004  6.15e-001  2.90e-004  4.33e-004  8.24e-005  1.92e-003  1.18e-003  2.93e-003  6.24e-004  6.24e-004  
3.71087e+016 2.20e-018  3.77e-001  3.78e-004  6.15e-001  3.01e-004  4.06e-004  8.33e-005  1.92e-003  1.23e-003  2.93e-003  6.24e-004  6.24e-004  
3.71826e+016 2.20e-018  3.77e-001  3.33e-004  6.14e-001  3.15e-004  4.07e-004  8.47e-005  1.93e-003  1.29e-003  2.94e-003  6.24e-004  6.24e-004  
3.72589e+016 2.20e-018  3.77e-001  2.94e-004  6.14e-001  3.33e-004  4.10e-004  8.55e-005  1.93e-003  1.36e-003  2.94e-003  6.23e-004  6.23e-004  
3.73370e+016 2.20e-018  3.78e-001  2.61e-004  6.14e-001  3.53e-004  4.08e-004  8.64e-005  1.93e-003  1.45e-003  2.94e-003  6.23e-004  6.23e-004  
3.74165e+016 2.21e-018  3.76e-001  2.34e-004  6.15e-001  3.78e-004  3.97e-004  8.50e-005  1.93e-003  1.55e-003  2.93e-003  6.24e-004  6.24e-004  
3.74829e+016 2.21e-018  3.77e-001  2.15e-004  6.14e-001  4.07e-004  3.83e-004  8.36e-005  1.93e-003  1.66e-003  2.94e-003  6.23e-004  6.23e-004  
3.75505e+016 2.22e-018  3.78e-001  2.01e-004  6.13e-001  4.44e-004  3.62e-004  8.12e-005  1.94e-003  1.78e-003  2.94e-003  6.22e-004  6.22e-004  
3.76194e+016 2.23e-018  3.76e-001  1.88e-004  6.14e-001  4.93e-004  3.35e-004  7.76e-005  1.94e-003  1.90e-003  2.93e-003  6.19e-004  6.19e-004  
3.76839e+016 2.23e-018  3.77e-001  1.80e-004  6.14e-001  5.60e-004  3.08e-004  7.43e-005  1.94e-003  2.03e-003  2.94e-003  6.23e-004  6.23e-004  
3.76854e+016 2.23e-018  3.77e-001  1.80e-004  6.14e-001  5.60e-004  3.08e-004  7.43e-005  1.94e-003  2.03e-003  2.94e-003  6.23e-004  6.23e-004  
3.76877e+016 2.23e-018  3.77e-001  1.79e-004  6.14e-001  5.64e-004  3.06e-004  7.39e-005  1.94e-003  2.04e-003  2.94e-003  6.23e-004  6.23e-004  
3.76917e+016 2.23e-018  3.77e-001  1.79e-004  6.14e-001  5.69e-004  3.05e-004  7.39e-005  1.94e-003  2.05e-003  2.94e-003  6.23e-004  6.23e-004  
3.76980e+016 2.23e-018  3.77e-001  1.78e-004  6.13e-001  5.77e-004  3.02e-004  7.34e-005  1.94e-003  2.05e-003  2.94e-003  6.22e-004  6.22e-004  
3.77083e+016 2.23e-018  3.77e-001  1.77e-004  6.13e-001  5.91e-004  2.98e-004  7.30e-005  1.94e-003  2.08e-003  2.94e-003  6.22e-004  6.22e-004  
3.77248e+016 2.24e-018  3.78e-001  1.76e-004  6.13e-001  6.13e-004  2.90e-004  7.20e-005  1.95e-003  2.11e-003  2.94e-003  6.22e-004  6.22e-004  
3.77450e+016 2.24e-018  3.78e-001  1.74e-004  6.13e-001  6.44e-004  2.81e-004  7.07e-005  1.95e-003  2.15e-003  2.94e-003  6.22e-004  6.22e-004  
3.77655e+016 2.25e-018  3.76e-001  1.72e-004  6.14e-001  6.72e-004  2.70e-004  6.94e-005  1.94e-003  2.18e-003  2.93e-003  6.19e-004  6.19e-004  
3.77936e+016 2.25e-018  3.77e-001  1.70e-004  6.14e-001  7.16e-004  2.58e-004  6.76e-005  1.94e-003  2.22e-003  2.94e-003  6.18e-004  6.18e-004  
3.78016e+016 2.25e-018  3.77e-001  1.69e-004  6.13e-001  7.29e-004  2.54e-004  6.71e-005  1.94e-003  2.24e-003  2.93e-003  6.18e-004  6.18e-004  
3.78111e+016 2.25e-018  3.77e-001  1.68e-004  6.13e-001  7.47e-004  2.50e-004  6.67e-005  1.94e-003  2.25e-003  2.94e-003  6.18e-004  6.18e-004  
3.78273e+016 2.24e-018  3.79e-001  1.69e-004  6.11e-001  7.77e-004  2.44e-004  6.60e-005  1.95e-003  2.29e-003  2.95e-003  6.20e-004  6.20e-004  
3.78530e+016 2.24e-018  3.79e-001  1.67e-004  6.11e-001  8.21e-004  2.33e-004  6.42e-005  1.95e-003  2.34e-003  2.95e-003  6.24e-004  6.24e-004  
3.78818e+016 2.24e-018  3.80e-001  1.66e-004  6.10e-001  8.69e-004  2.21e-004  6.24e-005  1.96e-003  2.39e-003  2.95e-003  6.24e-004  6.24e-004  
3.79076e+016 2.24e-018  3.82e-001  1.66e-004  6.08e-001  9.17e-004  2.12e-004  6.13e-005  1.96e-003  2.44e-003  2.97e-003  6.26e-004  6.26e-004  
3.79253e+016 2.23e-018  3.84e-001  1.67e-004  6.06e-001  9.52e-004  2.07e-004  6.06e-005  1.98e-003  2.48e-003  2.99e-003  6.29e-004  6.29e-004  
3.79502e+016 2.21e-018  3.88e-001  1.68e-004  6.02e-001  1.01e-003  2.00e-004  5.93e-005  2.00e-003  2.55e-003  3.02e-003  6.34e-004  6.34e-004  
3.79755e+016 2.19e-018  3.91e-001  1.70e-004  5.98e-001  1.06e-003  1.93e-004  5.85e-005  2.01e-003  2.61e-003  3.05e-003  6.39e-004  6.39e-004  
3.79897e+016 2.17e-018  3.95e-001  1.71e-004  5.94e-001  1.10e-003  1.90e-004  5.80e-005  2.04e-003  2.66e-003  3.07e-003  6.49e-004  6.49e-004  
3.79918e+016 2.16e-018  3.97e-001  1.72e-004  5.92e-001  1.11e-003  1.91e-004  5.83e-005  2.05e-003  2.67e-003  3.09e-003  6.52e-004  6.52e-004  
3.79956e+016 2.16e-018  3.97e-001  1.72e-004  5.92e-001  1.11e-003  1.89e-004  5.78e-005  2.04e-003  2.68e-003  3.09e-003  6.52e-004  6.52e-004  
3.80017e+016 2.15e-018  3.99e-001  1.73e-004  5.90e-001  1.13e-003  1.88e-004  5.76e-005  2.05e-003  2.70e-003  3.10e-003  6.55e-004  6.55e-004  
3.80129e+016 2.13e-018  4.03e-001  1.75e-004  5.86e-001  1.17e-003  1.87e-004  5.77e-005  2.07e-003  2.75e-003  3.13e-003  6.61e-004  6.61e-004  
3.80319e+016 2.08e-018  4.13e-001  1.79e-004  5.76e-001  1.23e-003  1.85e-004  5.76e-005  2.12e-003  2.84e-003  3.20e-003  6.76e-004  6.76e-004  
3.80578e+016 2.02e-018  4.28e-001  1.86e-004  5.60e-001  1.33e-003  1.83e-004  5.80e-005  2.19e-003  2.98e-003  3.30e-003  6.99e-004  6.99e-004  
3.80629e+016 2.00e-018  4.32e-001  1.88e-004  5.56e-001  1.36e-003  1.84e-004  5.81e-005  2.21e-003  3.02e-003  3.33e-003  7.06e-004  7.06e-004  
3.80713e+016 1.97e-018  4.39e-001  1.91e-004  5.49e-001  1.40e-003  1.84e-004  5.84e-005  2.24e-003  3.07e-003  3.37e-003  7.17e-004  7.17e-004  
3.80859e+016 1.92e-018  4.51e-001  1.97e-004  5.37e-001  1.47e-003  1.85e-004  5.94e-005  2.29e-003  3.18e-003  3.45e-003  7.35e-004  7.35e-004  
3.81083e+016 1.82e-018  4.77e-001  2.09e-004  5.10e-001  1.61e-003  1.88e-004  6.10e-005  2.40e-003  3.39e-003  3.61e-003  7.81e-004  7.81e-004  
3.81265e+016 1.73e-018  5.03e-001  2.21e-004  4.84e-001  1.74e-003  1.93e-004  6.25e-005  2.51e-003  3.60e-003  3.77e-003  8.22e-004  8.22e-004  
3.81480e+016 1.61e-018  5.40e-001  2.38e-004  4.45e-001  1.93e-003  2.01e-004  6.58e-005  2.66e-003  3.89e-003  3.99e-003  8.82e-004  8.82e-004  
3.81769e+016 1.44e-018  6.04e-001  2.69e-004  3.80e-001  2.26e-003  2.16e-004  7.07e-005  2.88e-003  4.39e-003  4.32e-003  9.84e-004  9.84e-004  
3.81836e+016 1.40e-018  6.21e-001  2.77e-004  3.63e-001  2.34e-003  2.19e-004  7.27e-005  2.94e-003  4.52e-003  4.40e-003  1.02e-003  1.02e-003  
3.81952e+016 1.34e-018  6.52e-001  2.93e-004  3.31e-001  2.51e-003  2.27e-004  7.48e-005  3.03e-003  4.77e-003  4.53e-003  1.07e-003  1.07e-003  
3.82149e+016 1.23e-018  7.08e-001  3.21e-004  2.73e-001  2.81e-003  2.41e-004  7.97e-005  3.18e-003  5.22e-003  4.74e-003  1.16e-003  1.16e-003  
3.82433e+016 1.09e-018  7.93e-001  3.65e-004  1.86e-001  3.29e-003  2.62e-004  8.67e-005  3.30e-003  5.90e-003  4.92e-003  1.31e-003  1.31e-003  
3.82740e+016 9.81e-019  8.76e-001  4.12e-004  1.02e-001  3.83e-003  2.82e-004  9.32e-005  3.25e-003  6.62e-003  4.84e-003  1.47e-003  1.47e-003  
3.83054e+016 9.02e-019  9.34e-001  4.55e-004  4.31e-002  4.36e-003  2.97e-004  9.77e-005  2.96e-003  7.22e-003  4.38e-003  1.60e-003  1.60e-003  
3.83376e+016 8.44e-019  9.64e-001  4.94e-004  1.34e-002  4.86e-003  3.08e-004  1.01e-004  2.45e-003  7.74e-003  3.59e-003  1.72e-003  1.72e-003  
3.83751e+016 7.78e-019  9.75e-001  5.47e-004  2.33e-003  5.54e-003  3.23e-004  1.05e-004  1.77e-003  8.40e-003  2.51e-003  1.86e-003  1.86e-003  
3.84132e+016 6.91e-019  9.76e-001  6.28e-004  3.31e-004  6.53e-003  3.53e-004  1.13e-004  1.23e-003  9.42e-003  1.49e-003  2.11e-003  2.11e-003  
3.84531e+016 5.74e-019  9.72e-001  7.74e-004  1.44e-004  8.22e-003  4.13e-004  1.30e-004  8.90e-004  1.13e-002  7.20e-004  2.54e-003  2.54e-003  
3.84962e+016 4.46e-019  9.65e-001  1.02e-003  1.69e-004  1.11e-002  5.18e-004  1.61e-004  6.69e-004  1.44e-002  2.45e-004  3.30e-003  3.30e-003  
3.85449e+016 3.36e-019  9.54e-001  1.40e-003  2.28e-004  1.55e-002  6.68e-004  2.04e-004  5.04e-004  1.88e-002  5.16e-005  4.41e-003  4.41e-003  
3.85990e+016 2.46e-019  9.37e-001  1.97e-003  3.36e-004  2.22e-002  8.92e-004  2.65e-004  5.13e-004  2.52e-002  2.10e-005  6.03e-003  6.03e-003  
3.86597e+016 1.75e-019  9.09e-001  2.88e-003  6.06e-004  3.28e-002  1.22e-003  3.55e-004  1.48e-003  3.43e-002  2.44e-005  8.52e-003  8.52e-003  
3.87288e+016 1.23e-019  8.63e-001  4.29e-003  1.43e-003  4.91e-002  1.72e-003  4.83e-004  8.95e-003  4.69e-002  3.59e-005  1.22e-002  1.22e-002  
3.88139e+016 9.23e-020  7.65e-001  6.05e-003  3.43e-003  6.88e-002  2.25e-003  6.20e-004  6.18e-002  5.87e-002  5.20e-005  1.65e-002  1.65e-002  
3.89093e+016 1.06e-019  6.22e-001  5.61e-003  5.24e-003  6.24e-002  1.95e-003  5.23e-004  2.26e-001  4.71e-002  5.12e-005  1.45e-002  1.45e-002  
3.90068e+016 1.94e-019  5.53e-001  3.29e-003  4.66e-003  3.53e-002  1.08e-003  2.84e-004  3.63e-001  2.34e-002  3.34e-005  8.06e-003  8.06e-003  
3.91088e+016 3.81e-019  5.45e-001  1.79e-003  3.54e-003  1.81e-002  5.51e-004  1.43e-004  4.12e-001  1.06e-002  2.12e-005  4.12e-003  4.12e-003  
3.92181e+016 6.83e-019  5.57e-001  1.07e-003  2.78e-003  1.01e-002  3.09e-004  7.99e-005  4.18e-001  5.14e-003  1.57e-005  2.33e-003  2.33e-003  
3.93325e+016 1.07e-018  5.74e-001  7.33e-004  2.32e-003  6.25e-003  1.97e-004  5.10e-005  4.11e-001  2.79e-003  1.38e-005  1.50e-003  1.50e-003  
3.94519e+016 1.50e-018  5.89e-001  5.65e-004  2.02e-003  4.29e-003  1.42e-004  3.67e-005  4.00e-001  1.68e-003  1.36e-005  1.08e-003  1.08e-003  
3.95803e+016 1.93e-018  6.05e-001  4.78e-004  1.80e-003  3.15e-003  1.11e-004  2.87e-005  3.87e-001  1.09e-003  1.48e-005  8.53e-004  8.53e-004  
3.97190e+016 2.29e-018  6.15e-001  4.41e-004  1.63e-003  2.47e-003  9.46e-005  2.45e-005  3.78e-001  7.63e-004  1.72e-005  7.28e-004  7.28e-004  
3.98699e+016 2.56e-018  6.25e-001  4.34e-004  1.46e-003  2.03e-003  8.55e-005  2.22e-005  3.69e-001  5.74e-004  2.07e-005  6.64e-004  6.64e-004  
4.00514e+016 2.70e-018  6.31e-001  4.64e-004  1.28e-003  1.72e-003  8.24e-005  2.13e-005  3.64e-001  4.64e-004  2.64e-005  6.42e-004  6.42e-004  
4.02549e+016 2.66e-018  6.32e-001  5.34e-004  1.12e-003  1.55e-003  8.47e-005  2.20e-005  3.63e-001  4.21e-004  3.47e-005  6.66e-004  6.66e-004  
4.04761e+016 2.46e-018  6.30e-001  6.66e-004  9.75e-004  1.49e-003  9.30e-005  2.41e-005  3.65e-001  4.31e-004  4.67e-005  7.35e-004  7.35e-004  
4.07070e+016 2.16e-018  6.25e-001  8.80e-004  8.61e-004  1.56e-003  1.08e-004  2.81e-005  3.69e-001  4.91e-004  6.44e-005  8.66e-004  8.66e-004  
4.09451e+016 1.81e-018  6.20e-001  1.22e-003  7.81e-004  1.77e-003  1.33e-004  3.44e-005  3.73e-001  6.04e-004  9.03e-005  1.07e-003  1.07e-003  
4.11988e+016 1.40e-018  6.15e-001  1.87e-003  7.51e-004  2.26e-003  1.77e-004  4.57e-005  3.76e-001  8.16e-004  1.35e-004  1.43e-003  1.43e-003  
4.14624e+016 9.87e-019  6.08e-001  3.16e-003  7.94e-004  3.29e-003  2.59e-004  6.70e-005  3.79e-001  1.23e-003  2.20e-004  2.11e-003  2.11e-003  
4.17462e+016 6.10e-019  5.98e-001  6.20e-003  9.82e-004  5.67e-003  4.38e-004  1.13e-004  3.79e-001  2.11e-003  4.07e-004  3.56e-003  3.56e-003  
4.20512e+016 3.17e-019  5.78e-001  1.48e-002  1.54e-003  1.20e-002  8.84e-004  2.28e-004  3.73e-001  4.42e-003  8.97e-004  7.23e-003  7.23e-003  
4.23867e+016 1.35e-019  5.20e-001  4.40e-002  3.23e-003  3.19e-002  2.21e-003  5.69e-004  3.48e-001  1.13e-002  2.44e-003  1.80e-002  1.80e-002  
4.27356e+016 5.60e-020  3.66e-001  1.36e-001  7.84e-003  8.70e-002  5.66e-003  1.46e-003  2.66e-001  2.95e-002  6.84e-003  4.64e-002  4.64e-002  
4.30994e+016 3.33e-020  1.46e-001  3.00e-001  1.74e-002  1.67e-001  1.02e-002  2.65e-003  1.22e-001  5.41e-002  1.35e-002  8.38e-002  8.38e-002  
4.34671e+016 3.18e-020  3.71e-002  4.15e-001  2.84e-002  1.99e-001  1.16e-002  3.01e-003  3.68e-002  6.19e-002  1.76e-002  9.46e-002  9.46e-002  
4.38104e+016 3.65e-020  1.10e-002  4.71e-001  3.12e-002  1.96e-001  1.09e-002  2.82e-003  1.31e-002  5.89e-002  2.63e-002  8.90e-002  8.90e-002  
4.41007e+016 4.27e-020  7.16e-003  5.05e-001  2.85e-002  1.86e-001  9.94e-003  2.60e-003  7.04e-003  5.43e-002  3.65e-002  8.09e-002  8.09e-002  
4.42181e+016 4.58e-020  6.54e-003  5.17e-001  2.75e-002  1.82e-001  9.53e-003  2.49e-003  5.91e-003  5.21e-002  4.17e-002  7.77e-002  7.77e-002  
4.42811e+016 4.77e-020  6.20e-003  5.22e-001  2.79e-002  1.78e-001  9.28e-003  2.41e-003  5.26e-003  5.09e-002  4.63e-002  7.56e-002  7.56e-002  
4.43809e+016 5.08e-020  5.83e-003  5.32e-001  2.68e-002  1.74e-001  8.94e-003  2.32e-003  5.04e-003  4.92e-002  5.02e-002  7.27e-002  7.27e-002  
4.45030e+016 5.49e-020  5.54e-003  5.43e-001  2.44e-002  1.69e-001  8.53e-003  2.22e-003  5.28e-003  4.70e-002  5.65e-002  6.92e-002  6.92e-002  
4.45401e+016 5.63e-020  5.45e-003  5.45e-001  2.31e-002  1.67e-001  8.38e-003  2.18e-003  5.54e-003  4.63e-002  6.12e-002  6.80e-002  6.80e-002  
4.45998e+016 5.88e-020  5.37e-003  5.47e-001  2.12e-002  1.63e-001  8.12e-003  2.12e-003  6.05e-003  4.50e-002  6.93e-002  6.59e-002  6.59e-002  
4.46779e+016 6.18e-020  5.34e-003  5.55e-001  2.07e-002  1.60e-001  7.89e-003  2.05e-003  6.15e-003  4.38e-002  7.12e-002  6.39e-002  6.39e-002  
4.48006e+016 6.72e-020  5.31e-003  5.64e-001  1.88e-002  1.53e-001  7.47e-003  1.95e-003  6.74e-003  4.17e-002  7.92e-002  6.06e-002  6.06e-002  
4.48529e+016 6.98e-020  5.34e-003  5.65e-001  1.72e-002  1.50e-001  7.28e-003  1.89e-003  7.37e-003  4.06e-002  8.70e-002  5.90e-002  5.90e-002  
4.48834e+016 7.22e-020  5.40e-003  5.60e-001  1.54e-002  1.48e-001  7.10e-003  1.84e-003  8.40e-003  3.96e-002  9.88e-002  5.75e-002  5.75e-002  
4.49346e+016 7.49e-020  5.58e-003  5.62e-001  1.52e-002  1.46e-001  6.93e-003  1.80e-003  8.78e-003  3.87e-002  1.03e-001  5.61e-002  5.61e-002  
4.49870e+016 7.75e-020  5.74e-003  5.68e-001  1.50e-002  1.43e-001  6.79e-003  1.77e-003  8.85e-003  3.79e-002  1.03e-001  5.48e-002  5.48e-002  
4.50684e+016 8.21e-020  5.93e-003  5.73e-001  1.40e-002  1.39e-001  6.53e-003  1.71e-003  9.33e-003  3.67e-002  1.08e-001  5.29e-002  5.29e-002  
4.51867e+016 9.00e-020  6.29e-003  5.76e-001  1.24e-002  1.33e-001  6.13e-003  1.60e-003  1.06e-002  3.46e-002  1.20e-001  4.96e-002  4.96e-002  
4.51946e+016 9.06e-020  6.32e-003  5.74e-001  1.21e-002  1.32e-001  6.09e-003  1.59e-003  1.10e-002  3.43e-002  1.24e-001  4.93e-002  4.93e-002  
4.52061e+016 9.22e-020  6.37e-003  5.69e-001  1.08e-002  1.30e-001  6.00e-003  1.56e-003  1.19e-002  3.38e-002  1.32e-001  4.86e-002  4.86e-002  
4.52265e+016 9.47e-020  6.48e-003  5.64e-001  1.02e-002  1.28e-001  5.87e-003  1.53e-003  1.30e-002  3.31e-002  1.43e-001  4.75e-002  4.75e-002  
4.52632e+016 9.79e-020  6.74e-003  5.62e-001  1.00e-002  1.26e-001  5.72e-003  1.50e-003  1.40e-002  3.23e-002  1.49e-001  4.64e-002  4.64e-002  
4.53239e+016 1.02e-019  7.20e-003  5.66e-001  9.87e-003  1.23e-001  5.54e-003  1.46e-003  1.44e-002  3.14e-002  1.51e-001  4.51e-002  4.51e-002  
4.54167e+016 1.10e-019  7.81e-003  5.70e-001  9.21e-003  1.19e-001  5.38e-003  1.39e-003  1.51e-002  2.99e-002  1.56e-001  4.30e-002  4.30e-002  
4.55446e+016 1.22e-019  8.67e-003  5.68e-001  7.94e-003  1.13e-001  5.11e-003  1.28e-003  1.75e-002  2.76e-002  1.71e-001  3.97e-002  3.97e-002  
4.55658e+016 1.25e-019  8.83e-003  5.68e-001  7.73e-003  1.12e-001  5.07e-003  1.27e-003  1.80e-002  2.71e-002  1.74e-001  3.93e-002  3.93e-002  
4.55697e+016 1.25e-019  8.88e-003  5.65e-001  7.63e-003  1.11e-001  5.05e-003  1.26e-003  1.83e-002  2.70e-002  1.77e-001  3.91e-002  3.91e-002  
4.55761e+016 1.26e-019  8.86e-003  5.62e-001  7.17e-003  1.10e-001  5.01e-003  1.25e-003  1.91e-002  2.68e-002  1.83e-001  3.87e-002  3.87e-002  
4.55871e+016 1.29e-019  8.92e-003  5.56e-001  6.49e-003  1.09e-001  4.93e-003  1.23e-003  2.03e-002  2.64e-002  1.91e-001  3.81e-002  3.81e-002  
4.56066e+016 1.33e-019  9.05e-003  5.50e-001  6.09e-003  1.06e-001  4.84e-003  1.20e-003  2.19e-002  2.57e-002  2.01e-001  3.72e-002  3.72e-002  
4.56410e+016 1.38e-019  9.36e-003  5.44e-001  5.91e-003  1.04e-001  4.73e-003  1.17e-003  2.38e-002  2.50e-002  2.10e-001  3.61e-002  3.61e-002  
4.56849e+016 1.43e-019  9.85e-003  5.44e-001  5.82e-003  1.01e-001  4.65e-003  1.15e-003  2.52e-002  2.42e-002  2.13e-001  3.51e-002  3.51e-002  
4.57241e+016 1.48e-019  1.04e-002  5.46e-001  5.72e-003  9.96e-002  4.59e-003  1.14e-003  2.59e-002  2.37e-002  2.14e-001  3.44e-002  3.44e-002  
4.57850e+016 1.55e-019  1.10e-002  5.47e-001  5.45e-003  9.75e-002  4.49e-003  1.12e-003  2.70e-002  2.29e-002  2.17e-001  3.33e-002  3.33e-002  
4.58802e+016 1.69e-019  1.20e-002  5.44e-001  4.87e-003  9.31e-002  4.31e-003  1.08e-003  2.96e-002  2.15e-002  2.27e-001  3.13e-002  3.13e-002  
4.59720e+016 1.84e-019  1.30e-002  5.38e-001  4.29e-003  8.82e-002  4.11e-003  1.03e-003  3.33e-002  2.01e-002  2.39e-001  2.94e-002  2.94e-002  
4.59734e+016 1.84e-019  1.31e-002  5.38e-001  4.28e-003  8.81e-002  4.12e-003  1.03e-003  3.34e-002  2.01e-002  2.39e-001  2.94e-002  2.94e-002  
4.59759e+016 1.84e-019  1.30e-002  5.36e-001  4.26e-003  8.79e-002  4.11e-003  1.04e-003  3.37e-002  2.00e-002  2.41e-001  2.93e-002  2.93e-002  
4.59802e+016 1.86e-019  1.30e-002  5.34e-001  4.15e-003  8.78e-002  4.09e-003  1.03e-003  3.44e-002  1.99e-002  2.44e-001  2.91e-002  2.91e-002  
4.59873e+016 1.88e-019  1.31e-002  5.29e-001  3.87e-003  8.66e-002  4.04e-003  1.02e-003  3.56e-002  1.97e-002  2.49e-001  2.87e-002  2.87e-002  
4.59993e+016 1.93e-019  1.31e-002  5.24e-001  3.50e-003  8.51e-002  3.97e-003  1.00e-003  3.73e-002  1.93e-002  2.56e-001  2.81e-002  2.81e-002  
4.60196e+016 1.98e-019  1.33e-002  5.15e-001  3.26e-003  8.34e-002  3.90e-003  9.85e-004  4.01e-002  1.88e-002  2.66e-001  2.75e-002  2.75e-002  
4.60580e+016 2.08e-019  1.36e-002  5.09e-001  3.11e-003  8.06e-002  3.77e-003  9.50e-004  4.40e-002  1.80e-002  2.74e-001  2.64e-002  2.64e-002  
4.61139e+016 2.20e-019  1.44e-002  5.05e-001  3.02e-003  7.78e-002  3.66e-003  9.28e-004  4.82e-002  1.73e-002  2.79e-001  2.54e-002  2.54e-002  
4.61801e+016 2.32e-019  1.54e-002  5.04e-001  2.89e-003  7.58e-002  3.57e-003  9.09e-004  5.21e-002  1.66e-002  2.80e-001  2.45e-002  2.45e-002  
4.62829e+016 2.55e-019  1.68e-002  5.01e-001  2.57e-003  7.17e-002  3.41e-003  8.74e-004  5.80e-002  1.54e-002  2.84e-001  2.28e-002  2.28e-002  
4.63958e+016 2.85e-019  1.82e-002  4.94e-001  2.20e-003  6.70e-002  3.21e-003  8.27e-004  6.66e-002  1.41e-002  2.91e-001  2.10e-002  2.10e-002  
4.64165e+016 2.91e-019  1.85e-002  4.92e-001  2.14e-003  6.64e-002  3.18e-003  8.18e-004  6.84e-002  1.39e-002  2.93e-001  2.07e-002  2.07e-002  
4.64187e+016 2.91e-019  1.85e-002  4.91e-001  2.13e-003  6.63e-002  3.17e-003  8.18e-004  6.87e-002  1.39e-002  2.94e-001  2.07e-002  2.07e-002  
4.64224e+016 2.92e-019  1.85e-002  4.89e-001  2.12e-003  6.60e-002  3.16e-003  8.14e-004  6.95e-002  1.39e-002  2.95e-001  2.06e-002  2.06e-002  
4.64286e+016 2.95e-019  1.86e-002  4.85e-001  2.06e-003  6.55e-002  3.14e-003  8.11e-004  7.09e-002  1.37e-002  2.99e-001  2.04e-002  2.04e-002  
4.64396e+016 3.01e-019  1.86e-002  4.82e-001  1.91e-003  6.45e-002  3.09e-003  8.01e-004  7.31e-002  1.35e-002  3.02e-001  2.01e-002  2.01e-002  
4.64596e+016 3.10e-019  1.87e-002  4.74e-001  1.73e-003  6.29e-002  3.03e-003  7.84e-004  7.75e-002  1.32e-002  3.09e-001  1.96e-002  1.96e-002  
4.64933e+016 3.25e-019  1.89e-002  4.67e-001  1.60e-003  6.09e-002  2.93e-003  7.59e-004  8.36e-002  1.26e-002  3.14e-001  1.88e-002  1.88e-002  
4.65501e+016 3.46e-019  1.96e-002  4.60e-001  1.53e-003  5.85e-002  2.83e-003  7.38e-004  9.32e-002  1.20e-002  3.15e-001  1.80e-002  1.80e-002  
4.66259e+016 3.72e-019  2.08e-002  4.57e-001  1.45e-003  5.59e-002  2.72e-003  7.13e-004  1.04e-001  1.13e-002  3.12e-001  1.70e-002  1.70e-002  
4.67450e+016 4.16e-019  2.26e-002  4.52e-001  1.31e-003  5.24e-002  2.57e-003  6.76e-004  1.21e-001  1.04e-002  3.06e-001  1.57e-002  1.57e-002  
4.68726e+016 4.72e-019  2.44e-002  4.43e-001  1.15e-003  4.83e-002  2.40e-003  6.36e-004  1.41e-001  9.39e-003  3.01e-001  1.43e-002  1.43e-002  
4.69009e+016 4.86e-019  2.47e-002  4.40e-001  1.12e-003  4.73e-002  2.35e-003  6.26e-004  1.46e-001  9.16e-003  3.00e-001  1.40e-002  1.40e-002  
4.69024e+016 4.86e-019  2.47e-002  4.40e-001  1.12e-003  4.73e-002  2.34e-003  6.25e-004  1.46e-001  9.15e-003  3.00e-001  1.39e-002  1.39e-002  
4.69048e+016 4.87e-019  2.49e-002  4.40e-001  1.12e-003  4.73e-002  2.34e-003  6.27e-004  1.47e-001  9.15e-003  3.00e-001  1.39e-002  1.39e-002  
4.69090e+016 4.88e-019  2.48e-002  4.38e-001  1.13e-003  4.73e-002  2.35e-003  6.25e-004  1.48e-001  9.11e-003  3.01e-001  1.39e-002  1.39e-002  
4.69160e+016 4.92e-019  2.48e-002  4.37e-001  1.14e-003  4.69e-002  2.34e-003  6.22e-004  1.50e-001  9.04e-003  3.01e-001  1.38e-002  1.38e-002  
4.69279e+016 5.00e-019  2.50e-002  4.34e-001  1.14e-003  4.64e-002  2.30e-003  6.15e-004  1.53e-001  8.91e-003  3.02e-001  1.36e-002  1.36e-002  
4.69476e+016 5.14e-019  2.51e-002  4.28e-001  1.11e-003  4.53e-002  2.26e-003  6.05e-004  1.59e-001  8.70e-003  3.04e-001  1.33e-002  1.33e-002  
4.69806e+016 5.36e-019  2.52e-002  4.23e-001  1.07e-003  4.40e-002  2.20e-003  5.89e-004  1.67e-001  8.39e-003  3.02e-001  1.29e-002  1.29e-002  
4.70337e+016 5.68e-019  2.59e-002  4.17e-001  1.03e-003  4.22e-002  2.13e-003  5.72e-004  1.81e-001  8.00e-003  2.97e-001  1.23e-002  1.23e-002  
4.70622e+016 5.85e-019  2.63e-002  4.15e-001  1.01e-003  4.13e-002  2.08e-003  5.64e-004  1.88e-001  7.81e-003  2.94e-001  1.20e-002  1.20e-002  
4.71061e+016 6.12e-019  2.70e-002  4.12e-001  9.82e-004  4.02e-002  2.04e-003  5.51e-004  1.98e-001  7.50e-003  2.89e-001  1.16e-002  1.16e-002  
4.71746e+016 6.55e-019  2.79e-002  4.08e-001  9.54e-004  3.85e-002  1.97e-003  5.33e-004  2.12e-001  6.99e-003  2.81e-001  1.11e-002  1.11e-002  
4.72860e+016 7.32e-019  2.97e-002  4.00e-001  9.39e-004  3.58e-002  1.84e-003  5.06e-004  2.36e-001  6.23e-003  2.68e-001  1.02e-002  1.02e-002  
4.74240e+016 8.40e-019  3.16e-002  3.91e-001  9.63e-004  3.31e-002  1.70e-003  4.71e-004  2.66e-001  5.39e-003  2.52e-001  9.16e-003  9.16e-003  
4.74305e+016 8.46e-019  3.17e-002  3.90e-001  9.64e-004  3.30e-002  1.70e-003  4.70e-004  2.67e-001  5.35e-003  2.52e-001  9.10e-003  9.10e-003  
4.74313e+016 8.46e-019  3.17e-002  3.90e-001  9.65e-004  3.30e-002  1.70e-003  4.70e-004  2.67e-001  5.35e-003  2.52e-001  9.10e-003  9.10e-003  
4.74348e+016 8.49e-019  3.17e-002  3.90e-001  9.66e-004  3.28e-002  1.70e-003  4.69e-004  2.68e-001  5.33e-003  2.51e-001  9.08e-003  9.08e-003  
4.74406e+016 8.54e-019  3.17e-002  3.89e-001  9.73e-004  3.28e-002  1.69e-003  4.67e-004  2.69e-001  5.31e-003  2.51e-001  9.03e-003  9.03e-003  
4.74503e+016 8.61e-019  3.19e-002  3.88e-001  9.94e-004  3.26e-002  1.68e-003  4.66e-004  2.72e-001  5.25e-003  2.50e-001  8.97e-003  8.97e-003  
4.74676e+016 8.76e-019  3.21e-002  3.86e-001  1.05e-003  3.24e-002  1.67e-003  4.61e-004  2.76e-001  5.15e-003  2.48e-001  8.84e-003  8.84e-003  
4.74972e+016 9.03e-019  3.24e-002  3.82e-001  1.15e-003  3.19e-002  1.64e-003  4.54e-004  2.83e-001  4.99e-003  2.45e-001  8.64e-003  8.64e-003  
4.75283e+016 9.35e-019  3.28e-002  3.78e-001  1.24e-003  3.14e-002  1.60e-003  4.45e-004  2.91e-001  4.81e-003  2.42e-001  8.40e-003  8.40e-003  
4.75365e+016 9.44e-019  3.28e-002  3.78e-001  1.26e-003  3.13e-002  1.59e-003  4.43e-004  2.92e-001  4.77e-003  2.40e-001  8.35e-003  8.35e-003  
4.75556e+016 9.62e-019  3.32e-002  3.77e-001  1.29e-003  3.10e-002  1.57e-003  4.39e-004  2.96e-001  4.68e-003  2.38e-001  8.23e-003  8.23e-003  
4.75856e+016 9.92e-019  3.36e-002  3.75e-001  1.33e-003  3.06e-002  1.54e-003  4.32e-004  3.02e-001  4.52e-003  2.35e-001  8.03e-003  8.03e-003  
4.76342e+016 1.04e-018  3.43e-002  3.73e-001  1.37e-003  3.01e-002  1.51e-003  4.22e-004  3.11e-001  4.31e-003  2.29e-001  7.76e-003  7.76e-003  
4.77120e+016 1.12e-018  3.57e-002  3.69e-001  1.40e-003  2.93e-002  1.45e-003  4.09e-004  3.23e-001  3.99e-003  2.21e-001  7.35e-003  7.35e-003  
4.78339e+016 1.25e-018  3.79e-002  3.66e-001  1.51e-003  2.81e-002  1.36e-003  3.89e-004  3.38e-001  3.60e-003  2.09e-001  6.79e-003  6.79e-003  
4.79819e+016 1.41e-018  4.09e-002  3.64e-001  1.75e-003  2.70e-002  1.28e-003  3.70e-004  3.53e-001  3.27e-003  1.96e-001  6.21e-003  6.21e-003  
4.80101e+016 1.45e-018  4.15e-002  3.64e-001  1.81e-003  2.68e-002  1.27e-003  3.66e-004  3.55e-001  3.22e-003  1.94e-001  6.10e-003  6.10e-003  
4.80156e+016 1.45e-018  4.17e-002  3.64e-001  1.83e-003  2.67e-002  1.26e-003  3.65e-004  3.55e-001  3.20e-003  1.94e-001  6.08e-003  6.08e-003  
4.80288e+016 1.47e-018  4.19e-002  3.64e-001  1.85e-003  2.67e-002  1.25e-003  3.64e-004  3.56e-001  3.18e-003  1.92e-001  6.04e-003  6.04e-003  
4.80511e+016 1.49e-018  4.24e-002  3.64e-001  1.92e-003  2.65e-002  1.25e-003  3.61e-004  3.58e-001  3.14e-003  1.91e-001  5.97e-003  5.97e-003  
4.80875e+016 1.54e-018  4.33e-002  3.64e-001  2.03e-003  2.63e-002  1.23e-003  3.58e-004  3.60e-001  3.07e-003  1.88e-001  5.85e-003  5.85e-003  
4.81463e+016 1.60e-018  4.46e-002  3.65e-001  2.24e-003  2.59e-002  1.20e-003  3.52e-004  3.62e-001  2.97e-003  1.84e-001  5.67e-003  5.67e-003  
4.82445e+016 1.72e-018  4.72e-002  3.67e-001  2.64e-003  2.55e-002  1.17e-003  3.44e-004  3.64e-001  2.82e-003  1.78e-001  5.40e-003  5.40e-003  
4.83636e+016 1.86e-018  5.06e-002  3.73e-001  3.19e-003  2.51e-002  1.13e-003  3.37e-004  3.62e-001  2.66e-003  1.72e-001  5.13e-003  5.13e-003  
4.84912e+016 2.02e-018  5.45e-002  3.80e-001  3.87e-003  2.47e-002  1.10e-003  3.31e-004  3.57e-001  2.51e-003  1.67e-001  4.88e-003  4.88e-003  
4.86294e+016 2.19e-018  5.89e-002  3.89e-001  4.75e-003  2.44e-002  1.07e-003  3.25e-004  3.49e-001  2.37e-003  1.61e-001  4.62e-003  4.62e-003  
4.87591e+016 2.36e-018  6.33e-002  3.99e-001  5.73e-003  2.41e-002  1.04e-003  3.21e-004  3.40e-001  2.25e-003  1.56e-001  4.41e-003  4.41e-003  
4.88968e+016 2.54e-018  6.81e-002  4.09e-001  6.92e-003  2.37e-002  1.02e-003  3.17e-004  3.29e-001  2.13e-003  1.51e-001  4.21e-003  4.21e-003  
4.90444e+016 2.76e-018  7.33e-002  4.21e-001  8.31e-003  2.31e-002  9.91e-004  3.12e-004  3.17e-001  2.01e-003  1.46e-001  4.03e-003  4.03e-003  
4.91980e+016 2.99e-018  7.87e-002  4.32e-001  9.88e-003  2.26e-002  9.65e-004  3.09e-004  3.05e-001  1.89e-003  1.41e-001  3.82e-003  3.82e-003  
4.93317e+016 3.20e-018  8.33e-002  4.43e-001  1.13e-002  2.21e-002  9.43e-004  3.05e-004  2.94e-001  1.79e-003  1.36e-001  3.65e-003  3.65e-003  
4.94239e+016 3.36e-018  8.64e-002  4.50e-001  1.23e-002  2.17e-002  9.30e-004  3.04e-004  2.87e-001  1.73e-003  1.33e-001  3.55e-003  3.55e-003  
4.95192e+016 3.52e-018  8.97e-002  4.57e-001  1.33e-002  2.13e-002  9.14e-004  3.01e-004  2.79e-001  1.67e-003  1.29e-001  3.46e-003  3.46e-003  
4.96202e+016 3.70e-018  9.33e-002  4.65e-001  1.44e-002  2.10e-002  9.01e-004  3.00e-004  2.70e-001  1.61e-003  1.26e-001  3.35e-003  3.35e-003  
4.97297e+016 3.91e-018  9.66e-002  4.73e-001  1.55e-002  2.05e-002  8.82e-004  2.97e-004  2.63e-001  1.54e-003  1.22e-001  3.25e-003  3.25e-003  
4.98461e+016 4.13e-018  1.00e-001  4.82e-001  1.67e-002  2.00e-002  8.66e-004  2.95e-004  2.54e-001  1.47e-003  1.18e-001  3.12e-003  3.12e-003  
4.99670e+016 4.37e-018  1.04e-001  4.92e-001  1.79e-002  1.95e-002  8.51e-004  2.93e-004  2.45e-001  1.41e-003  1.14e-001  3.02e-003  3.02e-003  
5.00936e+016 4.61e-018  1.05e-001  5.01e-001  1.92e-002  1.91e-002  8.39e-004  2.91e-004  2.36e-001  1.36e-003  1.11e-001  2.93e-003  2.93e-003  
5.02240e+016 4.86e-018  1.05e-001  5.12e-001  2.05e-002  1.87e-002  8.27e-004  2.90e-004  2.28e-001  1.30e-003  1.07e-001  2.84e-003  2.84e-003  
5.03584e+016 5.11e-018  1.05e-001  5.24e-001  2.19e-002  1.84e-002  8.18e-004  2.92e-004  2.19e-001  1.25e-003  1.03e-001  2.76e-003  2.76e-003  
5.05026e+016 5.39e-018  1.04e-001  5.36e-001  2.34e-002  1.80e-002  8.08e-004  2.91e-004  2.11e-001  1.20e-003  9.97e-002  2.69e-003  2.69e-003  
5.05959e+016 5.59e-018  1.04e-001  5.46e-001  2.42e-002  1.78e-002  8.02e-004  2.90e-004  2.04e-001  1.17e-003  9.72e-002  2.63e-003  2.63e-003  
5.06957e+016 5.80e-018  1.03e-001  5.54e-001  2.52e-002  1.78e-002  7.94e-004  2.90e-004  1.98e-001  1.14e-003  9.45e-002  2.57e-003  2.57e-003  
5.07988e+016 6.03e-018  1.02e-001  5.64e-001  2.61e-002  1.76e-002  7.85e-004  2.90e-004  1.91e-001  1.11e-003  9.16e-002  2.52e-003  2.52e-003  
5.09058e+016 6.28e-018  1.01e-001  5.74e-001  2.69e-002  1.74e-002  7.77e-004  2.90e-004  1.85e-001  1.08e-003  8.87e-002  2.47e-003  2.47e-003  
5.10237e+016 6.55e-018  1.01e-001  5.84e-001  2.79e-002  1.72e-002  7.69e-004  2.90e-004  1.77e-001  1.05e-003  8.56e-002  2.41e-003  2.41e-003  
5.11496e+016 6.88e-018  9.98e-002  5.96e-001  2.88e-002  1.70e-002  7.57e-004  2.88e-004  1.70e-001  1.02e-003  8.19e-002  2.34e-003  2.34e-003  
5.12843e+016 7.23e-018  9.90e-002  6.07e-001  2.99e-002  1.69e-002  7.48e-004  2.88e-004  1.62e-001  9.94e-004  7.86e-002  2.28e-003  2.28e-003  
5.14296e+016 7.63e-018  9.80e-002  6.21e-001  3.08e-002  1.68e-002  7.39e-004  2.88e-004  1.52e-001  9.68e-004  7.47e-002  2.21e-003  2.21e-003  
5.15425e+016 7.97e-018  9.71e-002  6.31e-001  3.15e-002  1.66e-002  7.30e-004  2.87e-004  1.46e-001  9.49e-004  7.18e-002  2.17e-003  2.17e-003  
5.16792e+016 8.39e-018  9.63e-002  6.42e-001  3.23e-002  1.64e-002  7.21e-004  2.87e-004  1.38e-001  9.26e-004  6.83e-002  2.11e-003  2.11e-003  
5.18319e+016 8.90e-018  9.50e-002  6.56e-001  3.31e-002  1.63e-002  7.10e-004  2.86e-004  1.29e-001  9.00e-004  6.44e-002  2.04e-003  2.04e-003  
5.19950e+016 9.47e-018  9.39e-002  6.69e-001  3.39e-002  1.60e-002  6.99e-004  2.85e-004  1.20e-001  8.72e-004  6.04e-002  1.99e-003  1.99e-003  
5.21655e+016 1.01e-017  9.25e-002  6.83e-001  3.47e-002  1.58e-002  6.87e-004  2.85e-004  1.12e-001  8.41e-004  5.63e-002  1.92e-003  1.92e-003  
5.23457e+016 1.08e-017  9.13e-002  6.97e-001  3.54e-002  1.56e-002  6.77e-004  2.84e-004  1.03e-001  8.09e-004  5.23e-002  1.86e-003  1.86e-003  
5.25384e+016 1.17e-017  9.00e-002  7.12e-001  3.59e-002  1.53e-002  6.65e-004  2.84e-004  9.34e-002  7.74e-004  4.80e-002  1.79e-003  1.79e-003  
5.27451e+016 1.26e-017  8.80e-002  7.27e-001  3.64e-002  1.51e-002  6.53e-004  2.83e-004  8.48e-002  7.38e-004  4.37e-002  1.73e-003  1.73e-003  
5.29668e+016 1.37e-017  8.66e-002  7.42e-001  3.67e-002  1.48e-002  6.40e-004  2.82e-004  7.57e-002  6.99e-004  3.93e-002  1.66e-003  1.66e-003  
5.31993e+016 1.49e-017  8.43e-002  7.56e-001  3.70e-002  1.45e-002  6.31e-004  2.83e-004  6.76e-002  6.65e-004  3.51e-002  1.60e-003  1.60e-003  
5.34440e+016 1.64e-017  8.25e-002  7.70e-001  3.70e-002  1.42e-002  6.18e-004  2.83e-004  6.00e-002  6.30e-004  3.10e-002  1.53e-003  1.53e-003  
5.36995e+016 1.79e-017  8.06e-002  7.84e-001  3.69e-002  1.40e-002  6.10e-004  2.84e-004  5.30e-002  5.93e-004  2.71e-002  1.47e-003  1.47e-003  
5.39765e+016 1.97e-017  7.78e-002  7.98e-001  3.66e-002  1.36e-002  5.95e-004  2.84e-004  4.62e-002  5.59e-004  2.32e-002  1.41e-003  1.41e-003  
5.42627e+016 2.15e-017  7.59e-002  8.10e-001  3.63e-002  1.34e-002  5.91e-004  2.86e-004  4.05e-002  5.31e-004  1.98e-002  1.35e-003  1.35e-003  
5.45738e+016 2.36e-017  7.33e-002  8.22e-001  3.58e-002  1.32e-002  5.80e-004  2.88e-004  3.53e-002  5.04e-004  1.65e-002  1.30e-003  1.30e-003  
5.49079e+016 2.59e-017  7.09e-002  8.33e-001  3.51e-002  1.29e-002  5.75e-004  2.91e-004  3.08e-002  4.74e-004  1.34e-002  1.25e-003  1.25e-003  
5.52575e+016 2.83e-017  6.86e-002  8.42e-001  3.45e-002  1.28e-002  5.73e-004  2.97e-004  2.72e-002  4.53e-004  1.08e-002  1.20e-003  1.20e-003  
5.56155e+016 3.07e-017  6.65e-002  8.51e-001  3.36e-002  1.26e-002  5.74e-004  3.03e-004  2.43e-002  4.33e-004  8.60e-003  1.16e-003  1.16e-003  
5.59918e+016 3.32e-017  6.41e-002  8.58e-001  3.28e-002  1.25e-002  5.72e-004  3.10e-004  2.20e-002  4.19e-004  6.71e-003  1.13e-003  1.13e-003  
5.63913e+016 3.57e-017  6.23e-002  8.64e-001  3.23e-002  1.25e-002  5.81e-004  3.23e-004  2.03e-002  4.04e-004  5.16e-003  1.10e-003  1.10e-003  
5.68226e+016 3.81e-017  6.06e-002  8.68e-001  3.17e-002  1.26e-002  5.90e-004  3.36e-004  1.91e-002  3.96e-004  3.86e-003  1.08e-003  1.08e-003  
5.72780e+016 4.05e-017  5.91e-002  8.72e-001  3.11e-002  1.27e-002  6.08e-004  3.53e-004  1.82e-002  3.90e-004  2.84e-003  1.06e-003  1.06e-003  
5.77650e+016 4.27e-017  5.81e-002  8.74e-001  3.09e-002  1.30e-002  6.33e-004  3.75e-004  1.77e-002  3.87e-004  2.04e-003  1.05e-003  1.05e-003  
5.82707e+016 4.46e-017  5.73e-002  8.76e-001  3.09e-002  1.33e-002  6.63e-004  4.01e-004  1.75e-002  3.90e-004  1.45e-003  1.05e-003  1.05e-003  
5.88124e+016 4.63e-017  5.73e-002  8.75e-001  3.11e-002  1.39e-002  7.05e-004  4.32e-004  1.76e-002  3.96e-004  1.02e-003  1.06e-003  1.06e-003  
5.93801e+016 4.76e-017  5.77e-002  8.73e-001  3.17e-002  1.45e-002  7.56e-004  4.72e-004  1.79e-002  4.05e-004  7.22e-004  1.07e-003  1.07e-003  
5.99878e+016 4.85e-017  5.89e-002  8.70e-001  3.28e-002  1.54e-002  8.22e-004  5.21e-004  1.86e-002  4.22e-004  5.13e-004  1.10e-003  1.10e-003  
6.06254e+016 4.92e-017  6.06e-002  8.65e-001  3.42e-002  1.64e-002  9.01e-004  5.80e-004  1.94e-002  4.44e-004  3.76e-004  1.14e-003  1.14e-003  
6.12860e+016 4.94e-017  6.33e-002  8.58e-001  3.60e-002  1.76e-002  9.95e-004  6.47e-004  2.04e-002  4.71e-004  2.89e-004  1.19e-003  1.19e-003  
6.19772e+016 4.96e-017  6.66e-002  8.49e-001  3.81e-002  1.90e-002  1.10e-003  7.24e-004  2.18e-002  5.04e-004  2.40e-004  1.24e-003  1.24e-003  
6.27006e+016 4.94e-017  7.07e-002  8.39e-001  4.09e-002  2.07e-002  1.24e-003  8.16e-004  2.33e-002  5.47e-004  2.15e-004  1.31e-003  1.31e-003  
6.34752e+016 4.90e-017  7.61e-002  8.26e-001  4.43e-002  2.26e-002  1.39e-003  9.24e-004  2.49e-002  5.98e-004  2.08e-004  1.39e-003  1.39e-003  
6.43223e+016 4.85e-017  8.27e-002  8.10e-001  4.84e-002  2.49e-002  1.58e-003  1.05e-003  2.70e-002  6.60e-004  2.19e-004  1.48e-003  1.48e-003  
6.52408e+016 4.79e-017  9.08e-002  7.91e-001  5.34e-002  2.78e-002  1.81e-003  1.20e-003  2.92e-002  7.37e-004  2.40e-004  1.59e-003  1.59e-003  
6.62440e+016 4.73e-017  1.01e-001  7.69e-001  5.96e-002  3.08e-002  2.07e-003  1.37e-003  3.17e-002  8.26e-004  2.73e-004  1.71e-003  1.71e-003  
6.73219e+016 4.68e-017  1.12e-001  7.44e-001  6.65e-002  3.42e-002  2.37e-003  1.57e-003  3.40e-002  9.32e-004  3.14e-004  1.84e-003  1.84e-003  
6.84641e+016 4.62e-017  1.25e-001  7.16e-001  7.44e-002  3.81e-002  2.70e-003  1.78e-003  3.64e-002  1.06e-003  3.68e-004  1.98e-003  1.98e-003  
6.96945e+016 4.57e-017  1.39e-001  6.85e-001  8.34e-002  4.25e-002  3.11e-003  2.02e-003  3.83e-002  1.20e-003  4.29e-004  2.13e-003  2.13e-003  
7.10391e+016 4.53e-017  1.56e-001  6.51e-001  9.34e-002  4.70e-002  3.51e-003  2.27e-003  4.00e-002  1.36e-003  5.01e-004  2.27e-003  2.27e-003  
7.25155e+016 4.50e-017  1.74e-001  6.15e-001  1.04e-001  5.20e-002  3.98e-003  2.56e-003  4.07e-002  1.54e-003  5.80e-004  2.42e-003  2.42e-003  
7.42223e+016 4.48e-017  1.93e-001  5.76e-001  1.17e-001  5.74e-002  4.51e-003  2.84e-003  4.02e-002  1.76e-003  6.70e-004  2.57e-003  2.57e-003  
7.63108e+016 4.46e-017  2.16e-001  5.34e-001  1.32e-001  6.35e-002  5.11e-003  3.18e-003  3.83e-002  2.02e-003  7.80e-004  2.69e-003  2.69e-003  
7.86896e+016 4.45e-017  2.38e-001  4.92e-001  1.47e-001  6.92e-002  5.73e-003  3.53e-003  3.48e-002  2.29e-003  8.95e-004  2.79e-003  2.79e-003  
8.18150e+016 4.42e-017  2.60e-001  4.50e-001  1.63e-001  7.60e-002  6.50e-003  3.92e-003  2.96e-002  2.63e-003  1.04e-003  2.85e-003  2.85e-003  
8.55776e+016 4.37e-017  2.79e-001  4.14e-001  1.79e-001  8.25e-002  7.27e-003  4.34e-003  2.40e-002  2.97e-003  1.21e-003  2.83e-003  2.83e-003  
9.00548e+016 4.30e-017  2.95e-001  3.79e-001  1.93e-001  8.98e-002  8.14e-003  4.81e-003  1.91e-002  3.37e-003  1.42e-003  2.79e-003  2.79e-003  
9.53916e+016 4.29e-017  3.08e-001  3.48e-001  2.04e-001  9.82e-002  9.15e-003  5.37e-003  1.54e-002  3.83e-003  1.72e-003  2.68e-003  2.68e-003  
1.01535e+017 4.51e-017  3.17e-001  3.17e-001  2.15e-001  1.09e-001  1.04e-002  6.09e-003  1.29e-002  4.41e-003  2.13e-003  2.55e-003  2.55e-003  
1.09249e+017 5.64e-017  3.19e-001  2.86e-001  2.25e-001  1.26e-001  1.21e-002  7.13e-003  1.10e-002  5.25e-003  2.75e-003  2.36e-003  2.36e-003  
