! 0       *H + *CH2OH -> *H2CO + *H2
! 1       *H + *CH2OH -> *CH3OH
! 2       *H + *CH2OH -> CH3OH
! 3       *CH3 + *CH2OH -> *C2H5OH
! 4       *CH2OH + H2 -> CH2OH + H2
! 5       *CH2OH + He -> CH2OH + He
! 6       *CH3 + *CH2OH -> C2H5OH
! 7       *CH2OH + CO -> CH2OH + CO
! 8       *O + *CH2OH -> *HCOOH + *H
! 9       *CH2OH + CRPhoton -> *CH2 + *OH
!            tot_rate   0          1          2          3          4          5          6          7          8          9          
1.58188e+013 6.89e-019  5.00e-001  4.95e-001  5.00e-003  2.23e-011  0.00e+000  0.00e+000  2.26e-013  0.00e+000  2.16e-020  9.09e-011  
3.50727e+014 6.89e-019  5.00e-001  4.95e-001  5.00e-003  2.23e-011  0.00e+000  0.00e+000  2.26e-013  0.00e+000  2.16e-020  9.09e-011  
5.21628e+015 6.89e-019  5.00e-001  4.95e-001  5.00e-003  2.23e-011  0.00e+000  0.00e+000  2.26e-013  0.00e+000  2.18e-020  9.09e-011  
2.67137e+016 6.96e-019  5.00e-001  4.95e-001  5.00e-003  2.17e-011  0.00e+000  0.00e+000  2.20e-013  0.00e+000  4.85e-020  9.06e-011  
3.33598e+016 6.86e-019  5.00e-001  4.95e-001  5.00e-003  3.53e-011  0.00e+000  0.00e+000  3.57e-013  1.18e-061  1.79e-019  9.37e-011  
3.42055e+016 5.56e-019  5.00e-001  4.95e-001  5.00e-003  9.45e-011  0.00e+000  0.00e+000  9.55e-013  1.33e-024  5.31e-019  1.17e-010  
3.44017e+016 5.16e-019  5.00e-001  4.95e-001  5.00e-003  1.36e-010  0.00e+000  0.00e+000  1.37e-012  1.12e-018  7.97e-019  1.26e-010  
3.46353e+016 4.66e-019  5.00e-001  4.95e-001  5.00e-003  2.32e-010  0.00e+000  0.00e+000  2.34e-012  1.78e-013  1.49e-018  1.40e-010  
3.48860e+016 4.10e-019  5.00e-001  4.95e-001  5.00e-003  4.85e-010  0.00e+000  0.00e+000  4.90e-012  4.88e-012  3.61e-018  1.60e-010  
3.51370e+016 3.51e-019  4.99e-001  4.96e-001  4.99e-003  1.27e-009  0.00e+000  0.00e+000  1.28e-011  3.31e-011  1.19e-017  1.88e-010  
3.53250e+016 3.05e-019  4.99e-001  4.96e-001  4.99e-003  3.08e-009  0.00e+000  2.58e-063  3.11e-011  1.05e-010  3.65e-017  2.17e-010  
3.55515e+016 2.50e-019  5.00e-001  4.96e-001  5.00e-003  1.15e-008  0.00e+000  2.81e-043  1.16e-010  3.65e-010  2.05e-016  2.66e-010  
3.57182e+016 2.10e-019  5.00e-001  4.95e-001  5.00e-003  3.48e-008  0.00e+000  7.24e-030  3.52e-010  8.81e-010  9.90e-016  3.19e-010  
3.58524e+016 1.81e-019  5.00e-001  4.95e-001  5.00e-003  8.44e-008  5.04e-072  1.59e-022  8.50e-010  1.80e-009  4.24e-015  3.72e-010  
3.60047e+016 1.50e-019  5.00e-001  4.95e-001  5.00e-003  1.93e-007  4.99e-054  1.38e-014  1.95e-009  2.67e-009  2.75e-014  4.54e-010  
3.61718e+016 1.20e-019  5.00e-001  4.95e-001  5.00e-003  3.43e-007  6.24e-033  3.56e-010  3.46e-009  4.33e-009  2.90e-013  5.76e-010  
3.62899e+016 1.01e-019  5.00e-001  4.95e-001  5.00e-003  4.46e-007  2.61e-026  1.17e-008  4.50e-009  6.47e-009  1.76e-012  6.91e-010  
3.63893e+016 8.70e-020  5.00e-001  4.95e-001  5.00e-003  5.35e-007  1.94e-017  6.35e-008  5.41e-009  9.40e-009  8.80e-012  8.11e-010  
3.64972e+016 7.39e-020  5.00e-001  4.95e-001  5.00e-003  6.47e-007  9.83e-012  2.90e-007  6.54e-009  1.48e-008  5.27e-011  9.73e-010  
3.66124e+016 6.20e-020  5.00e-001  4.95e-001  5.00e-003  1.09e-006  6.18e-009  9.87e-007  1.10e-008  2.52e-008  3.71e-010  1.19e-009  
3.67348e+016 5.21e-020  4.99e-001  4.96e-001  4.99e-003  0.00e+000  1.62e-007  3.25e-006  0.00e+000  4.71e-008  2.90e-009  1.45e-009  
3.68621e+016 4.67e-020  5.01e-001  4.94e-001  5.01e-003  1.09e-006  1.33e-006  9.27e-006  1.10e-008  9.12e-008  1.28e-008  1.68e-009  
3.69700e+016 4.24e-020  5.00e-001  4.95e-001  5.00e-003  1.22e-006  4.81e-006  2.20e-005  1.23e-008  1.74e-007  1.63e-008  1.92e-009  
3.70376e+016 3.98e-020  5.00e-001  4.95e-001  5.00e-003  1.30e-006  9.85e-006  3.74e-005  1.31e-008  2.74e-007  1.66e-008  2.10e-009  
3.71087e+016 3.78e-020  5.00e-001  4.95e-001  5.00e-003  1.35e-006  2.00e-005  6.32e-005  1.37e-008  4.55e-007  1.63e-008  2.27e-009  
3.71826e+016 3.66e-020  5.00e-001  4.95e-001  5.00e-003  1.36e-006  3.88e-005  1.08e-004  1.38e-008  7.95e-007  1.60e-008  2.43e-009  
3.72589e+016 3.66e-020  5.00e-001  4.95e-001  5.00e-003  1.29e-006  7.35e-005  1.80e-004  1.30e-008  1.45e-006  1.61e-008  2.51e-009  
3.73370e+016 3.82e-020  5.00e-001  4.95e-001  5.00e-003  1.11e-006  1.32e-004  2.93e-004  1.13e-008  2.67e-006  1.65e-008  2.49e-009  
3.74165e+016 4.16e-020  5.00e-001  4.95e-001  5.00e-003  8.81e-007  2.33e-004  4.54e-004  8.91e-009  4.88e-006  1.83e-008  2.34e-009  
3.74829e+016 4.56e-020  5.00e-001  4.94e-001  5.00e-003  7.22e-007  3.58e-004  6.58e-004  7.28e-009  7.79e-006  2.30e-008  2.15e-009  
3.75505e+016 4.99e-020  4.99e-001  4.95e-001  4.99e-003  7.11e-007  5.63e-004  9.35e-004  7.17e-009  1.21e-005  3.99e-008  1.90e-009  
3.76194e+016 5.26e-020  4.98e-001  4.94e-001  4.98e-003  1.14e-006  8.79e-004  1.38e-003  1.16e-008  1.86e-005  1.29e-007  1.61e-009  
3.76839e+016 5.20e-020  4.98e-001  4.94e-001  4.98e-003  3.63e-006  1.46e-003  2.11e-003  3.67e-008  2.96e-005  1.20e-006  1.24e-009  
3.76854e+016 5.19e-020  4.99e-001  4.93e-001  4.99e-003  3.77e-006  1.48e-003  2.14e-003  3.81e-008  3.00e-005  1.29e-006  1.23e-009  
3.76877e+016 5.20e-020  4.99e-001  4.93e-001  4.99e-003  4.02e-006  1.51e-003  2.18e-003  4.06e-008  3.06e-005  1.46e-006  1.21e-009  
3.76917e+016 5.18e-020  4.98e-001  4.93e-001  4.98e-003  4.50e-006  1.56e-003  2.24e-003  4.54e-008  3.17e-005  1.79e-006  1.18e-009  
3.76980e+016 5.15e-020  4.97e-001  4.94e-001  4.97e-003  5.48e-006  1.66e-003  2.37e-003  5.54e-008  3.36e-005  2.55e-006  1.13e-009  
3.77083e+016 5.09e-020  4.97e-001  4.93e-001  4.97e-003  7.96e-006  1.83e-003  2.59e-003  8.04e-008  3.71e-005  4.82e-006  1.03e-009  
3.77248e+016 4.94e-020  4.98e-001  4.92e-001  4.98e-003  1.75e-005  2.21e-003  3.10e-003  1.77e-007  4.51e-005  1.65e-005  8.50e-010  
3.77450e+016 4.24e-020  4.96e-001  4.91e-001  4.96e-003  1.00e-004  3.38e-003  4.63e-003  1.01e-006  6.82e-005  1.27e-004  6.07e-010  
3.77655e+016 1.23e-020  4.70e-001  4.66e-001  4.70e-003  1.31e-002  1.92e-002  2.56e-002  1.33e-004  3.73e-004  9.70e-004  8.23e-010  
3.77936e+016 7.52e-021  4.67e-001  4.62e-001  4.67e-003  7.96e-004  2.75e-002  3.58e-002  8.04e-006  5.07e-004  1.88e-003  1.07e-009  
3.78016e+016 7.96e-021  4.63e-001  4.58e-001  4.63e-003  5.11e-004  3.06e-002  3.96e-002  5.17e-006  5.58e-004  2.31e-003  1.16e-009  
3.78111e+016 8.68e-021  4.58e-001  4.54e-001  4.58e-003  3.63e-004  3.47e-002  4.45e-002  3.66e-006  6.21e-004  2.90e-003  1.28e-009  
3.78273e+016 1.02e-020  4.49e-001  4.46e-001  4.49e-003  2.72e-004  4.20e-002  5.33e-002  2.75e-006  7.34e-004  4.15e-003  1.46e-009  
3.78530e+016 1.32e-020  4.32e-001  4.29e-001  4.32e-003  2.39e-004  5.62e-002  7.04e-002  2.42e-006  9.45e-004  7.13e-003  1.82e-009  
3.78818e+016 1.81e-020  4.09e-001  4.05e-001  4.09e-003  2.38e-004  7.57e-002  9.23e-002  2.40e-006  1.22e-003  1.22e-002  2.24e-009  
3.79076e+016 2.34e-020  3.84e-001  3.80e-001  3.84e-003  2.53e-004  9.71e-002  1.16e-001  2.55e-006  1.50e-003  1.81e-002  2.66e-009  
3.79253e+016 2.81e-020  3.70e-001  3.66e-001  3.70e-003  2.65e-004  1.09e-001  1.28e-001  2.68e-006  1.64e-003  2.19e-002  2.83e-009  
3.79502e+016 3.61e-020  3.49e-001  3.43e-001  3.49e-003  2.94e-004  1.27e-001  1.47e-001  2.96e-006  1.85e-003  2.83e-002  3.10e-009  
3.79755e+016 4.62e-020  3.27e-001  3.23e-001  3.27e-003  3.33e-004  1.45e-001  1.65e-001  3.38e-006  2.06e-003  3.44e-002  3.33e-009  
3.79897e+016 5.28e-020  3.15e-001  3.11e-001  3.15e-003  3.66e-004  1.55e-001  1.76e-001  3.70e-006  2.16e-003  3.79e-002  3.45e-009  
3.79918e+016 5.39e-020  3.12e-001  3.10e-001  3.12e-003  3.71e-004  1.57e-001  1.77e-001  3.75e-006  2.19e-003  3.84e-002  3.45e-009  
3.79956e+016 5.58e-020  3.10e-001  3.06e-001  3.10e-003  3.80e-004  1.60e-001  1.79e-001  3.83e-006  2.20e-003  3.92e-002  3.47e-009  
3.80017e+016 5.91e-020  3.03e-001  3.01e-001  3.03e-003  3.98e-004  1.65e-001  1.85e-001  4.01e-006  2.25e-003  4.06e-002  3.52e-009  
3.80129e+016 6.52e-020  2.94e-001  2.91e-001  2.94e-003  4.36e-004  1.73e-001  1.92e-001  4.40e-006  2.35e-003  4.34e-002  3.62e-009  
3.80319e+016 7.72e-020  2.78e-001  2.76e-001  2.78e-003  5.18e-004  1.88e-001  2.05e-001  5.23e-006  2.49e-003  4.77e-002  3.74e-009  
3.80578e+016 9.59e-020  2.58e-001  2.56e-001  2.58e-003  6.86e-004  2.07e-001  2.22e-001  6.93e-006  2.66e-003  5.21e-002  3.90e-009  
3.80629e+016 1.00e-019  2.54e-001  2.51e-001  2.54e-003  7.28e-004  2.10e-001  2.26e-001  7.36e-006  2.69e-003  5.26e-002  3.92e-009  
3.80713e+016 1.07e-019  2.48e-001  2.45e-001  2.48e-003  8.10e-004  2.16e-001  2.31e-001  8.19e-006  2.74e-003  5.34e-002  3.96e-009  
3.80859e+016 1.20e-019  2.38e-001  2.36e-001  2.38e-003  9.87e-004  2.25e-001  2.40e-001  9.95e-006  2.83e-003  5.44e-002  4.02e-009  
3.81083e+016 1.40e-019  2.23e-001  2.21e-001  2.23e-003  1.38e-003  2.42e-001  2.53e-001  1.40e-005  2.95e-003  5.43e-002  4.11e-009  
3.81265e+016 1.58e-019  2.12e-001  2.10e-001  2.12e-003  1.92e-003  2.55e-001  2.63e-001  1.94e-005  3.06e-003  5.30e-002  4.18e-009  
3.81480e+016 1.80e-019  2.00e-001  1.98e-001  2.00e-003  2.97e-003  2.70e-001  2.75e-001  3.00e-005  3.17e-003  4.97e-002  4.25e-009  
3.81769e+016 2.10e-019  1.86e-001  1.84e-001  1.86e-003  6.24e-003  2.87e-001  2.90e-001  6.28e-005  3.31e-003  4.20e-002  4.31e-009  
3.81836e+016 2.17e-019  1.83e-001  1.81e-001  1.83e-003  7.61e-003  2.90e-001  2.94e-001  7.70e-005  3.34e-003  4.00e-002  4.33e-009  
3.81952e+016 2.30e-019  1.77e-001  1.76e-001  1.77e-003  1.11e-002  2.96e-001  2.99e-001  1.13e-004  3.38e-003  3.60e-002  4.34e-009  
3.82149e+016 2.55e-019  1.67e-001  1.65e-001  1.67e-003  2.27e-002  3.07e-001  3.05e-001  2.29e-004  3.42e-003  2.86e-002  4.31e-009  
3.82433e+016 3.09e-019  1.49e-001  1.47e-001  1.49e-003  7.09e-002  3.09e-001  3.02e-001  7.15e-004  3.36e-003  1.76e-002  4.17e-009  
3.82740e+016 4.29e-019  1.14e-001  1.13e-001  1.14e-003  2.28e-001  2.70e-001  2.61e-001  2.30e-003  2.89e-003  7.27e-003  3.47e-009  
3.83054e+016 7.12e-019  6.32e-002  6.26e-002  6.32e-004  5.34e-001  1.69e-001  1.63e-001  5.39e-003  1.78e-003  1.40e-003  2.11e-009  
3.83376e+016 1.35e-018  3.22e-002  3.19e-002  3.22e-004  7.36e-001  9.85e-002  9.26e-002  7.40e-003  1.01e-003  1.64e-004  1.16e-009  
3.83751e+016 2.95e-018  2.17e-002  2.15e-002  2.17e-004  8.01e-001  7.60e-002  7.06e-002  8.08e-003  7.67e-004  1.68e-005  8.62e-010  
3.84132e+016 6.11e-018  1.85e-002  1.83e-002  1.85e-004  8.12e-001  7.38e-002  6.81e-002  8.20e-003  7.32e-004  2.03e-006  8.06e-010  
3.84531e+016 1.16e-017  1.65e-002  1.63e-002  1.65e-004  8.15e-001  7.50e-002  6.83e-002  8.23e-003  7.27e-004  7.56e-007  7.84e-010  
3.84962e+016 1.86e-017  1.38e-002  1.36e-002  1.38e-004  8.30e-001  7.06e-002  6.30e-002  8.41e-003  6.73e-004  6.14e-007  7.06e-010  
3.85449e+016 2.19e-017  1.09e-002  1.08e-002  1.09e-004  8.51e-001  6.26e-002  5.58e-002  8.55e-003  5.90e-004  5.08e-007  6.04e-010  
3.85990e+016 1.42e-017  8.93e-003  8.79e-003  8.93e-005  8.65e-001  5.72e-002  5.04e-002  8.72e-003  5.27e-004  4.65e-007  5.29e-010  
3.86597e+016 4.03e-018  7.27e-003  7.20e-003  7.27e-005  8.79e-001  5.24e-002  4.52e-002  8.86e-003  4.72e-004  5.06e-007  4.62e-010  
3.87288e+016 5.92e-019  5.74e-003  5.69e-003  5.74e-005  8.95e-001  4.54e-002  3.88e-002  9.03e-003  4.05e-004  6.50e-007  3.85e-010  
3.88139e+016 5.22e-020  4.71e-003  4.68e-003  4.71e-005  9.08e-001  3.93e-002  3.33e-002  9.18e-003  3.47e-004  8.97e-007  3.22e-010  
3.89093e+016 6.65e-021  4.42e-003  4.37e-003  4.42e-005  9.14e-001  3.68e-002  3.10e-002  9.23e-003  3.19e-004  1.38e-006  2.89e-010  
3.90068e+016 1.03e-020  4.81e-003  4.77e-003  4.81e-005  9.13e-001  3.72e-002  3.08e-002  9.22e-003  3.18e-004  2.24e-006  2.82e-010  
3.91088e+016 2.36e-020  5.93e-003  5.85e-003  5.93e-005  9.07e-001  3.93e-002  3.23e-002  9.16e-003  3.34e-004  3.68e-006  2.90e-010  
3.92181e+016 4.58e-020  8.03e-003  7.96e-003  8.03e-005  8.97e-001  4.28e-002  3.51e-002  9.05e-003  3.60e-004  5.98e-006  3.10e-010  
3.93325e+016 7.63e-020  1.15e-002  1.14e-002  1.15e-004  8.83e-001  4.65e-002  3.83e-002  8.92e-003  3.93e-004  9.16e-006  3.34e-010  
3.94519e+016 1.13e-019  1.66e-002  1.64e-002  1.66e-004  8.67e-001  4.99e-002  4.11e-002  8.75e-003  4.23e-004  1.28e-005  3.57e-010  
3.95803e+016 1.53e-019  2.37e-002  2.35e-002  2.37e-004  8.48e-001  5.23e-002  4.31e-002  8.55e-003  4.44e-004  1.58e-005  3.73e-010  
3.97190e+016 1.94e-019  3.28e-002  3.25e-002  3.28e-004  8.30e-001  5.26e-002  4.34e-002  8.35e-003  4.50e-004  1.70e-005  3.77e-010  
3.98699e+016 2.32e-019  4.36e-002  4.31e-002  4.36e-004  8.12e-001  5.05e-002  4.19e-002  8.20e-003  4.40e-004  1.58e-005  3.68e-010  
4.00514e+016 2.68e-019  5.60e-002  5.57e-002  5.60e-004  7.96e-001  4.56e-002  3.81e-002  8.03e-003  4.07e-004  1.22e-005  3.41e-010  
4.02549e+016 2.97e-019  6.93e-002  6.87e-002  6.93e-004  7.81e-001  3.90e-002  3.33e-002  7.87e-003  3.57e-004  7.91e-006  3.04e-010  
4.04761e+016 3.20e-019  8.31e-002  8.22e-002  8.31e-004  7.66e-001  3.22e-002  2.80e-002  7.72e-003  3.06e-004  4.47e-006  2.64e-010  
4.07070e+016 3.37e-019  9.79e-002  9.70e-002  9.79e-004  7.47e-001  2.58e-002  2.31e-002  7.56e-003  2.59e-004  2.38e-006  2.29e-010  
4.09451e+016 3.54e-019  1.17e-001  1.15e-001  1.17e-003  7.20e-001  2.07e-002  1.90e-002  7.28e-003  2.18e-004  1.21e-006  1.99e-010  
4.11988e+016 3.71e-019  1.42e-001  1.40e-001  1.42e-003  6.78e-001  1.63e-002  1.54e-002  6.84e-003  1.83e-004  5.95e-007  1.73e-010  
4.14624e+016 3.85e-019  1.77e-001  1.75e-001  1.77e-003  6.15e-001  1.27e-002  1.25e-002  6.21e-003  1.53e-004  2.93e-007  1.52e-010  
4.17462e+016 3.95e-019  2.28e-001  2.26e-001  2.28e-003  5.19e-001  9.54e-003  9.89e-003  5.24e-003  1.26e-004  1.41e-007  1.32e-010  
4.20512e+016 3.94e-019  2.99e-001  2.97e-001  2.99e-003  3.83e-001  6.85e-003  7.38e-003  3.88e-003  9.99e-005  6.34e-008  1.12e-010  
4.23867e+016 3.58e-019  3.85e-001  3.82e-001  3.85e-003  2.17e-001  4.24e-003  4.91e-003  2.19e-003  7.06e-005  2.33e-008  8.60e-011  
4.27356e+016 2.70e-019  4.56e-001  4.48e-001  4.56e-003  8.56e-002  2.25e-003  2.76e-003  8.67e-004  4.30e-005  6.71e-009  5.78e-011  
4.30994e+016 1.57e-019  4.87e-001  4.82e-001  4.87e-003  2.31e-002  9.77e-004  1.29e-003  2.32e-004  2.22e-005  1.72e-009  3.30e-011  
4.34671e+016 7.07e-020  4.98e-001  4.92e-001  4.98e-003  3.62e-003  3.20e-004  4.54e-004  3.67e-005  8.76e-006  3.06e-010  1.46e-011  
4.38104e+016 2.42e-020  4.99e-001  4.95e-001  4.99e-003  4.95e-004  9.65e-005  1.46e-004  4.99e-006  3.20e-006  3.82e-011  5.98e-012  
4.41007e+016 7.94e-021  5.00e-001  4.95e-001  5.00e-003  8.61e-005  3.30e-005  5.35e-005  8.70e-007  1.31e-006  5.26e-012  2.72e-012  
4.42181e+016 4.85e-021  5.01e-001  4.94e-001  5.01e-003  4.20e-005  2.12e-005  3.50e-005  4.24e-007  9.02e-007  2.33e-012  1.96e-012  
4.42811e+016 3.74e-021  5.00e-001  4.95e-001  5.00e-003  2.86e-005  1.68e-005  2.81e-005  2.92e-007  7.41e-007  1.56e-012  1.65e-012  
4.43809e+016 2.57e-021  5.01e-001  4.94e-001  5.01e-003  1.54e-005  1.14e-005  1.93e-005  1.55e-007  5.36e-007  7.62e-013  1.24e-012  
4.45030e+016 1.57e-021  5.00e-001  4.95e-001  5.00e-003  7.32e-006  7.13e-006  1.25e-005  7.38e-008  3.65e-007  3.09e-013  8.84e-013  
4.45401e+016 1.27e-021  5.00e-001  4.95e-001  5.00e-003  5.79e-006  6.15e-006  1.08e-005  5.85e-008  3.24e-007  2.25e-013  7.93e-013  
4.45998e+016 9.72e-022  5.00e-001  4.95e-001  5.00e-003  4.05e-006  4.90e-006  8.80e-006  4.10e-008  2.70e-007  1.41e-013  6.77e-013  
4.46779e+016 7.43e-022  5.00e-001  4.95e-001  5.00e-003  2.57e-006  3.64e-006  6.69e-006  2.60e-008  2.11e-007  8.25e-014  5.51e-013  
4.48006e+016 4.85e-022  5.01e-001  4.94e-001  5.01e-003  1.31e-006  2.37e-006  4.43e-006  1.33e-008  1.49e-007  3.56e-014  4.08e-013  
4.48529e+016 3.82e-022  5.00e-001  4.95e-001  5.00e-003  9.82e-007  1.94e-006  3.72e-006  9.92e-009  1.29e-007  2.39e-014  3.59e-013  
4.48834e+016 3.41e-022  4.99e-001  4.96e-001  4.99e-003  8.39e-007  1.75e-006  3.38e-006  8.48e-009  1.19e-007  1.81e-014  3.35e-013  
4.49346e+016 3.19e-022  4.99e-001  4.96e-001  4.99e-003  6.62e-007  1.50e-006  2.89e-006  6.69e-009  1.05e-007  1.37e-014  3.02e-013  
4.49870e+016 3.01e-022  4.99e-001  4.96e-001  4.99e-003  5.26e-007  1.28e-006  2.48e-006  5.32e-009  9.25e-008  1.03e-014  2.73e-013  
4.50684e+016 2.78e-022  4.99e-001  4.96e-001  4.99e-003  3.77e-007  1.01e-006  1.98e-006  3.81e-009  7.76e-008  6.65e-015  2.37e-013  
4.51867e+016 2.66e-022  4.99e-001  4.96e-001  4.99e-003  2.48e-007  7.36e-007  1.49e-006  2.51e-009  6.20e-008  3.63e-015  1.99e-013  
4.51946e+016 2.58e-022  4.99e-001  4.96e-001  4.99e-003  2.34e-007  7.05e-007  1.43e-006  2.36e-009  6.04e-008  3.31e-015  1.95e-013  
4.52061e+016 2.55e-022  5.01e-001  4.94e-001  5.01e-003  2.24e-007  6.82e-007  1.39e-006  2.27e-009  5.92e-008  2.86e-015  1.92e-013  
4.52265e+016 2.61e-022  5.01e-001  4.94e-001  5.01e-003  2.11e-007  6.51e-007  1.34e-006  2.13e-009  5.70e-008  2.52e-015  1.88e-013  
4.52632e+016 2.72e-022  4.99e-001  4.96e-001  4.99e-003  1.90e-007  5.95e-007  1.24e-006  1.92e-009  5.40e-008  2.18e-015  1.80e-013  
4.53239e+016 2.89e-022  5.01e-001  4.94e-001  5.01e-003  1.61e-007  5.18e-007  1.10e-006  1.63e-009  4.91e-008  1.76e-015  1.69e-013  
4.54167e+016 3.17e-022  4.99e-001  4.96e-001  4.99e-003  1.28e-007  4.26e-007  9.16e-007  1.30e-009  4.30e-008  1.24e-015  1.54e-013  
4.55446e+016 3.68e-022  5.00e-001  4.95e-001  5.00e-003  9.46e-008  3.26e-007  7.15e-007  9.54e-010  3.64e-008  7.39e-016  1.39e-013  
4.55658e+016 3.78e-022  5.00e-001  4.95e-001  5.00e-003  8.97e-008  3.10e-007  6.85e-007  9.08e-010  3.55e-008  6.75e-016  1.36e-013  
4.55697e+016 3.80e-022  5.00e-001  4.95e-001  5.00e-003  8.71e-008  3.00e-007  6.79e-007  8.82e-010  3.53e-008  6.42e-016  1.36e-013  
4.55761e+016 3.88e-022  5.00e-001  4.95e-001  5.00e-003  8.58e-008  2.94e-007  6.73e-007  8.69e-010  3.51e-008  5.98e-016  1.35e-013  
4.55871e+016 4.03e-022  5.01e-001  4.94e-001  5.01e-003  8.41e-008  2.88e-007  6.60e-007  8.49e-010  3.45e-008  5.31e-016  1.34e-013  
4.56066e+016 4.22e-022  5.00e-001  4.95e-001  5.00e-003  8.13e-008  2.80e-007  6.37e-007  8.20e-010  3.39e-008  4.81e-016  1.32e-013  
4.56410e+016 4.48e-022  5.00e-001  4.95e-001  5.00e-003  7.63e-008  2.63e-007  6.00e-007  7.72e-010  3.26e-008  4.37e-016  1.30e-013  
4.56849e+016 4.80e-022  5.00e-001  4.95e-001  5.00e-003  7.06e-008  2.44e-007  5.54e-007  7.14e-010  3.10e-008  3.89e-016  1.26e-013  
4.57241e+016 5.08e-022  5.00e-001  4.95e-001  5.00e-003  6.56e-008  2.27e-007  5.18e-007  6.64e-010  2.98e-008  3.49e-016  1.23e-013  
4.57850e+016 5.54e-022  5.00e-001  4.95e-001  5.00e-003  5.87e-008  2.00e-007  4.71e-007  5.92e-010  2.78e-008  2.85e-016  1.19e-013  
4.58802e+016 6.43e-022  5.01e-001  4.94e-001  5.01e-003  4.94e-008  1.65e-007  4.03e-007  4.99e-010  2.52e-008  2.05e-016  1.13e-013  
4.59720e+016 7.50e-022  5.00e-001  4.95e-001  5.00e-003  4.24e-008  1.39e-007  3.47e-007  4.29e-010  2.29e-008  1.49e-016  1.08e-013  
4.59734e+016 7.52e-022  5.00e-001  4.95e-001  5.00e-003  4.19e-008  1.37e-007  3.45e-007  4.23e-010  2.30e-008  1.46e-016  1.08e-013  
4.59759e+016 7.58e-022  5.00e-001  4.95e-001  5.00e-003  4.09e-008  1.35e-007  3.38e-007  4.13e-010  2.28e-008  1.41e-016  1.08e-013  
4.59802e+016 7.74e-022  5.00e-001  4.95e-001  5.00e-003  4.03e-008  1.32e-007  3.33e-007  4.08e-010  2.27e-008  1.36e-016  1.07e-013  
4.59873e+016 8.00e-022  5.00e-001  4.95e-001  5.00e-003  3.99e-008  1.30e-007  3.30e-007  4.02e-010  2.26e-008  1.26e-016  1.07e-013  
4.59993e+016 8.36e-022  5.00e-001  4.95e-001  5.00e-003  3.92e-008  1.28e-007  3.24e-007  3.96e-010  2.24e-008  1.13e-016  1.06e-013  
4.60196e+016 8.83e-022  5.00e-001  4.95e-001  5.00e-003  3.79e-008  1.22e-007  3.15e-007  3.84e-010  2.20e-008  1.02e-016  1.05e-013  
4.60580e+016 9.54e-022  5.00e-001  4.95e-001  5.00e-003  3.58e-008  1.13e-007  2.97e-007  3.62e-010  2.11e-008  9.14e-017  1.04e-013  
4.61139e+016 1.05e-021  5.00e-001  4.95e-001  5.00e-003  3.28e-008  1.03e-007  2.71e-007  3.32e-010  2.00e-008  7.98e-017  1.01e-013  
4.61801e+016 1.16e-021  5.00e-001  4.95e-001  5.00e-003  2.97e-008  9.28e-008  2.43e-007  3.01e-010  1.87e-008  6.68e-017  9.88e-014  
4.62829e+016 1.38e-021  5.00e-001  4.95e-001  5.00e-003  2.52e-008  7.59e-008  2.04e-007  2.54e-010  1.70e-008  4.83e-017  9.47e-014  
4.63958e+016 1.69e-021  5.00e-001  4.95e-001  5.00e-003  2.10e-008  6.04e-008  1.70e-007  2.11e-010  1.52e-008  3.29e-017  9.00e-014  
4.64165e+016 1.75e-021  5.00e-001  4.95e-001  5.00e-003  2.02e-008  5.77e-008  1.64e-007  2.04e-010  1.49e-008  3.07e-017  8.96e-014  
4.64187e+016 1.76e-021  5.00e-001  4.95e-001  5.00e-003  1.98e-008  5.63e-008  1.61e-007  2.00e-010  1.49e-008  2.98e-017  8.94e-014  
4.64224e+016 1.77e-021  5.00e-001  4.95e-001  5.00e-003  1.94e-008  5.45e-008  1.59e-007  1.95e-010  1.48e-008  2.88e-017  8.87e-014  
4.64286e+016 1.80e-021  5.00e-001  4.95e-001  5.00e-003  1.91e-008  5.33e-008  1.58e-007  1.93e-010  1.47e-008  2.77e-017  8.88e-014  
4.64396e+016 1.86e-021  5.00e-001  4.95e-001  5.00e-003  1.89e-008  5.23e-008  1.55e-007  1.90e-010  1.45e-008  2.56e-017  8.83e-014  
4.64596e+016 1.95e-021  5.00e-001  4.95e-001  5.00e-003  1.84e-008  5.05e-008  1.49e-007  1.85e-010  1.43e-008  2.29e-017  8.77e-014  
4.64933e+016 2.10e-021  5.00e-001  4.95e-001  5.00e-003  1.75e-008  4.76e-008  1.41e-007  1.77e-010  1.39e-008  2.05e-017  8.66e-014  
4.65501e+016 2.36e-021  5.00e-001  4.95e-001  5.00e-003  1.60e-008  4.23e-008  1.29e-007  1.62e-010  1.31e-008  1.76e-017  8.47e-014  
4.66259e+016 2.70e-021  4.99e-001  4.96e-001  4.99e-003  1.43e-008  3.60e-008  1.14e-007  1.45e-010  1.22e-008  1.46e-017  8.25e-014  
4.67450e+016 3.33e-021  4.99e-001  4.96e-001  4.99e-003  1.19e-008  2.87e-008  9.29e-008  1.20e-010  1.08e-008  1.07e-017  7.88e-014  
4.68726e+016 4.16e-021  5.00e-001  4.95e-001  5.00e-003  9.59e-009  2.17e-008  7.28e-008  9.69e-011  9.49e-009  7.50e-018  7.50e-014  
4.69009e+016 4.38e-021  5.00e-001  4.95e-001  5.00e-003  9.13e-009  2.02e-008  6.89e-008  9.22e-011  9.22e-009  6.96e-018  7.42e-014  
4.69024e+016 4.38e-021  5.00e-001  4.95e-001  5.00e-003  9.08e-009  2.00e-008  6.87e-008  9.17e-011  9.22e-009  6.89e-018  7.42e-014  
4.69048e+016 4.39e-021  5.01e-001  4.94e-001  5.01e-003  8.93e-009  1.95e-008  6.85e-008  9.02e-011  9.18e-009  6.74e-018  7.40e-014  
4.69090e+016 4.38e-021  5.00e-001  4.95e-001  5.00e-003  8.72e-009  1.87e-008  6.80e-008  8.81e-011  9.13e-009  6.57e-018  7.37e-014  
4.69160e+016 4.36e-021  5.00e-001  4.95e-001  5.00e-003  8.48e-009  1.76e-008  6.65e-008  8.57e-011  9.08e-009  6.40e-018  7.34e-014  
4.69279e+016 4.34e-021  5.00e-001  4.95e-001  5.00e-003  8.31e-009  1.71e-008  6.50e-008  8.41e-011  8.96e-009  6.26e-018  7.30e-014  
4.69476e+016 4.42e-021  5.00e-001  4.95e-001  5.00e-003  8.07e-009  1.65e-008  6.26e-008  8.16e-011  8.75e-009  6.02e-018  7.24e-014  
4.69806e+016 4.70e-021  5.00e-001  4.95e-001  5.00e-003  7.72e-009  1.56e-008  5.91e-008  7.80e-011  8.48e-009  5.61e-018  7.16e-014  
4.70337e+016 5.36e-021  5.00e-001  4.95e-001  5.00e-003  7.13e-009  1.41e-008  5.32e-008  7.21e-011  8.05e-009  5.02e-018  7.04e-014  
4.70622e+016 5.76e-021  5.00e-001  4.95e-001  5.00e-003  6.82e-009  1.33e-008  5.04e-008  6.89e-011  7.81e-009  4.71e-018  6.96e-014  
4.71061e+016 6.40e-021  5.00e-001  4.95e-001  5.00e-003  6.37e-009  1.20e-008  4.69e-008  6.44e-011  7.45e-009  4.30e-018  6.86e-014  
4.71746e+016 7.46e-021  5.00e-001  4.95e-001  5.00e-003  5.95e-009  1.02e-008  4.16e-008  6.02e-011  6.93e-009  4.00e-018  6.69e-014  
4.72860e+016 9.52e-021  5.00e-001  4.95e-001  5.00e-003  5.31e-009  7.70e-009  3.35e-008  5.36e-011  6.14e-009  3.59e-018  6.41e-014  
4.74240e+016 1.31e-020  5.00e-001  4.95e-001  5.00e-003  4.56e-009  5.45e-009  2.53e-008  4.60e-011  5.28e-009  3.23e-018  6.09e-014  
4.74305e+016 1.34e-020  5.00e-001  4.95e-001  5.00e-003  4.52e-009  5.36e-009  2.49e-008  4.57e-011  5.25e-009  3.21e-018  6.08e-014  
4.74313e+016 1.34e-020  5.00e-001  4.95e-001  5.00e-003  4.51e-009  5.34e-009  2.49e-008  4.56e-011  5.24e-009  3.20e-018  6.08e-014  
4.74348e+016 1.35e-020  5.00e-001  4.95e-001  5.00e-003  4.48e-009  5.26e-009  2.47e-008  4.53e-011  5.22e-009  3.19e-018  6.07e-014  
4.74406e+016 1.36e-020  5.00e-001  4.95e-001  5.00e-003  4.41e-009  5.06e-009  2.43e-008  4.46e-011  5.18e-009  3.14e-018  6.05e-014  
4.74503e+016 1.38e-020  5.00e-001  4.95e-001  5.00e-003  4.30e-009  4.66e-009  2.35e-008  4.34e-011  5.14e-009  3.09e-018  6.03e-014  
4.74676e+016 1.39e-020  5.00e-001  4.95e-001  5.00e-003  4.13e-009  4.33e-009  2.25e-008  4.17e-011  5.05e-009  3.06e-018  5.97e-014  
4.74972e+016 1.45e-020  5.00e-001  4.95e-001  5.00e-003  3.96e-009  3.94e-009  2.10e-008  4.00e-011  4.90e-009  3.12e-018  5.91e-014  
4.75283e+016 1.57e-020  5.00e-001  4.95e-001  5.00e-003  3.83e-009  3.59e-009  1.97e-008  3.87e-011  4.72e-009  3.17e-018  5.84e-014  
4.75365e+016 1.61e-020  5.00e-001  4.95e-001  5.00e-003  3.80e-009  3.51e-009  1.95e-008  3.83e-011  4.67e-009  3.18e-018  5.82e-014  
4.75556e+016 1.72e-020  5.00e-001  4.95e-001  5.00e-003  3.73e-009  3.36e-009  1.87e-008  3.77e-011  4.57e-009  3.19e-018  5.78e-014  
4.75856e+016 1.91e-020  5.00e-001  4.95e-001  5.00e-003  3.62e-009  3.16e-009  1.76e-008  3.66e-011  4.41e-009  3.17e-018  5.72e-014  
4.76342e+016 2.25e-020  5.02e-001  4.93e-001  5.02e-003  3.45e-009  2.83e-009  1.59e-008  3.49e-011  4.18e-009  3.09e-018  5.64e-014  
4.77120e+016 2.92e-020  4.99e-001  4.96e-001  4.99e-003  3.18e-009  2.28e-009  1.32e-008  3.21e-011  3.83e-009  2.92e-018  5.47e-014  
4.78339e+016 4.36e-020  5.00e-001  4.95e-001  5.00e-003  2.73e-009  1.60e-009  1.02e-008  2.77e-011  3.32e-009  2.61e-018  5.23e-014  
4.79819e+016 7.12e-020  5.00e-001  4.95e-001  5.00e-003  2.28e-009  9.58e-010  7.22e-009  2.29e-011  2.78e-009  2.33e-018  4.96e-014  
4.80101e+016 7.83e-020  4.99e-001  4.96e-001  4.99e-003  2.20e-009  8.72e-010  6.78e-009  2.21e-011  2.68e-009  2.29e-018  4.90e-014  
4.80156e+016 7.98e-020  5.00e-001  4.95e-001  5.00e-003  2.18e-009  8.56e-010  6.69e-009  2.19e-011  2.67e-009  2.27e-018  4.90e-014  
4.80288e+016 8.34e-020  5.00e-001  4.95e-001  5.00e-003  2.13e-009  8.18e-010  6.49e-009  2.16e-011  2.63e-009  2.25e-018  4.88e-014  
4.80511e+016 9.00e-020  5.00e-001  4.95e-001  5.00e-003  2.07e-009  7.53e-010  6.13e-009  2.09e-011  2.56e-009  2.21e-018  4.84e-014  
4.80875e+016 1.02e-019  5.00e-001  4.95e-001  5.00e-003  1.97e-009  6.51e-010  5.56e-009  2.00e-011  2.44e-009  2.16e-018  4.77e-014  
4.81463e+016 1.25e-019  5.00e-001  4.95e-001  5.00e-003  1.81e-009  5.14e-010  4.75e-009  1.83e-011  2.27e-009  2.06e-018  4.66e-014  
4.82445e+016 1.76e-019  5.00e-001  4.95e-001  5.00e-003  1.58e-009  3.65e-010  3.69e-009  1.59e-011  2.00e-009  1.92e-018  4.50e-014  
4.83636e+016 2.69e-019  5.01e-001  4.94e-001  5.01e-003  1.34e-009  2.34e-010  2.65e-009  1.36e-011  1.72e-009  1.77e-018  4.31e-014  
4.84912e+016 4.24e-019  5.00e-001  4.95e-001  5.00e-003  1.12e-009  1.38e-010  1.80e-009  1.13e-011  1.46e-009  1.58e-018  4.10e-014  
4.86294e+016 6.91e-019  5.00e-001  4.95e-001  5.00e-003  9.08e-010  7.62e-011  1.17e-009  9.17e-012  1.22e-009  1.36e-018  3.92e-014  
4.87591e+016 1.09e-018  5.00e-001  4.95e-001  5.00e-003  7.49e-010  4.11e-011  7.66e-010  7.57e-012  1.02e-009  1.19e-018  3.74e-014  
4.88968e+016 1.77e-018  5.00e-001  4.95e-001  5.00e-003  5.98e-010  1.98e-011  4.75e-010  6.03e-012  8.46e-010  9.92e-019  3.56e-014  
4.90444e+016 2.97e-018  5.01e-001  4.94e-001  5.01e-003  4.74e-010  8.44e-012  2.71e-010  4.77e-012  6.86e-010  8.10e-019  3.36e-014  
4.91980e+016 5.08e-018  5.00e-001  4.95e-001  5.00e-003  3.65e-010  3.19e-012  1.43e-010  3.68e-012  5.52e-010  6.32e-019  3.21e-014  
4.93317e+016 8.06e-018  5.00e-001  4.95e-001  5.00e-003  2.90e-010  1.24e-012  7.70e-011  2.93e-012  4.53e-010  5.02e-019  3.06e-014  
4.94239e+016 1.11e-017  5.00e-001  4.95e-001  5.00e-003  2.48e-010  5.75e-013  4.73e-011  2.50e-012  3.94e-010  4.25e-019  2.97e-014  
4.95192e+016 1.54e-017  5.00e-001  4.95e-001  5.00e-003  2.07e-010  2.48e-013  2.82e-011  2.10e-012  3.41e-010  3.49e-019  2.87e-014  
4.96202e+016 2.16e-017  5.00e-001  4.95e-001  5.00e-003  1.74e-010  1.08e-013  1.70e-011  1.75e-012  2.93e-010  2.84e-019  2.79e-014  
4.97297e+016 3.13e-017  4.99e-001  4.96e-001  4.99e-003  1.42e-010  3.78e-014  9.12e-012  1.44e-012  2.46e-010  2.25e-019  2.68e-014  
4.98461e+016 4.57e-017  5.01e-001  4.94e-001  5.01e-003  1.14e-010  1.05e-014  4.37e-012  1.15e-012  2.04e-010  1.71e-019  2.58e-014  
4.99670e+016 6.72e-017  5.00e-001  4.95e-001  5.00e-003  9.15e-011  2.39e-015  1.84e-012  9.24e-013  1.68e-010  1.30e-019  2.50e-014  
5.00936e+016 9.96e-017  5.00e-001  4.95e-001  5.00e-003  7.15e-011  4.28e-016  6.31e-013  7.22e-013  1.38e-010  9.46e-020  2.40e-014  
5.02240e+016 1.47e-016  5.00e-001  4.95e-001  5.00e-003  5.57e-011  5.82e-017  1.66e-013  5.63e-013  1.11e-010  6.81e-020  2.31e-014  
5.03584e+016 2.14e-016  5.00e-001  4.95e-001  5.00e-003  4.31e-011  8.27e-018  4.05e-014  4.35e-013  8.88e-011  4.81e-020  2.24e-014  
5.05026e+016 3.17e-016  4.99e-001  4.96e-001  4.99e-003  3.22e-011  6.19e-019  1.02e-014  3.25e-013  6.82e-011  3.25e-020  2.15e-014  
5.05959e+016 4.02e-016  5.00e-001  4.95e-001  5.00e-003  2.74e-011  8.93e-020  3.63e-015  2.79e-013  5.77e-011  2.59e-020  2.10e-014  
5.06957e+016 5.14e-016  5.00e-001  4.95e-001  5.00e-003  2.28e-011  8.92e-021  9.66e-016  2.30e-013  4.91e-011  1.99e-020  2.04e-014  
5.07988e+016 6.53e-016  5.01e-001  4.94e-001  5.01e-003  1.88e-011  1.12e-021  2.01e-016  1.91e-013  4.13e-011  1.53e-020  2.01e-014  
5.09058e+016 8.29e-016  5.01e-001  4.94e-001  5.01e-003  1.58e-011  9.50e-023  3.33e-017  1.59e-013  3.41e-011  1.19e-020  1.97e-014  
5.10237e+016 1.06e-015  5.00e-001  4.95e-001  5.00e-003  1.28e-011  5.02e-024  3.97e-018  1.30e-013  2.74e-011  8.82e-021  1.92e-014  
5.11496e+016 1.37e-015  5.00e-001  4.95e-001  5.00e-003  1.04e-011  1.74e-025  3.53e-019  1.04e-013  2.15e-011  6.51e-021  1.88e-014  
5.12843e+016 1.77e-015  5.00e-001  4.95e-001  5.00e-003  8.37e-012  3.56e-027  3.36e-020  8.43e-014  1.46e-011  4.75e-021  1.84e-014  
5.14296e+016 2.30e-015  5.00e-001  4.95e-001  5.00e-003  6.56e-012  9.04e-029  3.19e-021  6.60e-014  9.47e-012  3.32e-021  1.79e-014  
5.15425e+016 2.78e-015  4.99e-001  4.96e-001  4.99e-003  5.57e-012  1.40e-029  9.27e-022  5.60e-014  6.82e-012  2.59e-021  1.77e-014  
5.16792e+016 3.48e-015  5.00e-001  4.95e-001  5.00e-003  4.51e-012  1.76e-031  4.83e-023  4.57e-014  4.49e-012  1.90e-021  1.75e-014  
5.18319e+016 4.40e-015  5.00e-001  4.95e-001  5.00e-003  3.61e-012  1.06e-033  1.37e-024  3.66e-014  2.75e-012  1.34e-021  1.72e-014  
5.19950e+016 5.60e-015  5.00e-001  4.95e-001  5.00e-003  2.86e-012  3.41e-036  2.50e-026  2.89e-014  1.55e-012  9.40e-022  1.70e-014  
5.21655e+016 7.09e-015  5.00e-001  4.95e-001  5.00e-003  2.24e-012  6.52e-039  2.40e-028  2.27e-014  8.19e-013  6.39e-022  1.68e-014  
5.23457e+016 8.94e-015  5.00e-001  4.95e-001  5.00e-003  1.77e-012  1.45e-040  4.89e-030  1.78e-014  3.89e-013  4.36e-022  1.67e-014  
5.25384e+016 1.13e-014  5.00e-001  4.95e-001  5.00e-003  1.36e-012  1.05e-042  2.66e-032  1.37e-014  1.73e-013  2.89e-022  1.65e-014  
5.27451e+016 1.42e-014  5.00e-001  4.95e-001  5.00e-003  1.05e-012  6.46e-046  1.06e-034  1.06e-014  6.22e-014  1.88e-022  1.64e-014  
5.29668e+016 1.79e-014  5.00e-001  4.95e-001  5.00e-003  7.93e-013  1.03e-049  1.99e-037  8.04e-015  1.67e-014  1.20e-022  1.64e-014  
5.31993e+016 2.24e-014  5.00e-001  4.95e-001  5.00e-003  5.98e-013  1.30e-054  1.41e-040  6.07e-015  2.22e-015  7.54e-023  1.63e-014  
5.34440e+016 2.76e-014  4.99e-001  4.96e-001  4.99e-003  4.52e-013  2.29e-055  1.12e-041  4.56e-015  2.44e-016  4.70e-023  1.64e-014  
5.36995e+016 3.40e-014  5.00e-001  4.95e-001  5.00e-003  3.41e-013  1.07e-059  2.91e-046  3.44e-015  2.92e-017  2.91e-023  1.65e-014  
5.39765e+016 4.14e-014  5.00e-001  4.95e-001  5.00e-003  2.54e-013  8.67e-066  3.79e-050  2.56e-015  9.03e-019  1.75e-023  1.67e-014  
5.42627e+016 5.00e-014  5.01e-001  4.94e-001  5.01e-003  1.91e-013  1.72e-066  2.04e-051  1.93e-015  1.36e-020  1.07e-023  1.69e-014  
5.45738e+016 6.00e-014  5.00e-001  4.95e-001  5.00e-003  1.39e-013  4.30e-072  7.35e-057  1.40e-015  2.37e-022  6.20e-024  1.72e-014  
5.49079e+016 7.14e-014  5.00e-001  4.95e-001  5.00e-003  1.03e-013  5.06e-074  3.94e-058  1.04e-015  3.17e-025  3.67e-024  1.77e-014  
5.52575e+016 8.38e-014  5.00e-001  4.95e-001  5.00e-003  7.62e-014  4.03e-080  3.34e-064  7.70e-016  1.89e-027  2.15e-024  1.81e-014  
5.56155e+016 9.70e-014  5.00e-001  4.95e-001  5.00e-003  5.68e-014  2.64e-082  6.16e-066  5.74e-016  3.75e-031  1.27e-024  1.88e-014  
5.59918e+016 1.11e-013  5.00e-001  4.95e-001  5.00e-003  4.31e-014  0.00e+000  4.03e-072  4.35e-016  8.35e-034  7.74e-025  1.95e-014  
5.63913e+016 1.25e-013  5.00e-001  4.95e-001  5.00e-003  3.28e-014  0.00e+000  7.46e-075  3.31e-016  1.54e-037  4.74e-025  2.05e-014  
5.68226e+016 1.39e-013  5.00e-001  4.95e-001  5.00e-003  2.51e-014  0.00e+000  7.84e-081  2.53e-016  3.72e-044  2.92e-025  2.16e-014  
5.72780e+016 1.53e-013  5.00e-001  4.95e-001  5.00e-003  1.93e-014  0.00e+000  1.71e-083  1.95e-016  1.52e-045  1.82e-025  2.30e-014  
5.77650e+016 1.66e-013  5.00e-001  4.95e-001  5.00e-003  1.51e-014  0.00e+000  0.00e+000  1.53e-016  6.56e-053  1.18e-025  2.46e-014  
5.82707e+016 1.78e-013  5.00e-001  4.95e-001  5.00e-003  1.21e-014  0.00e+000  0.00e+000  1.23e-016  3.20e-057  7.99e-026  2.64e-014  
5.88124e+016 1.88e-013  5.00e-001  4.95e-001  5.00e-003  9.75e-015  0.00e+000  0.00e+000  9.85e-017  3.75e-066  5.49e-026  2.86e-014  
5.93801e+016 1.96e-013  5.00e-001  4.95e-001  5.00e-003  8.08e-015  0.00e+000  0.00e+000  8.18e-017  1.62e-070  4.00e-026  3.11e-014  
5.99878e+016 2.02e-013  5.01e-001  4.94e-001  5.01e-003  6.74e-015  0.00e+000  0.00e+000  6.79e-017  5.90e-078  2.98e-026  3.40e-014  
6.06254e+016 2.04e-013  5.00e-001  4.95e-001  5.00e-003  5.78e-015  0.00e+000  0.00e+000  5.83e-017  5.34e-082  2.36e-026  3.75e-014  
6.12860e+016 2.06e-013  5.00e-001  4.95e-001  5.00e-003  5.05e-015  0.00e+000  0.00e+000  5.10e-017  0.00e+000  1.96e-026  4.11e-014  
6.19772e+016 2.04e-013  5.00e-001  4.95e-001  5.00e-003  4.53e-015  0.00e+000  0.00e+000  4.57e-017  0.00e+000  1.69e-026  4.56e-014  
6.27006e+016 2.00e-013  4.99e-001  4.96e-001  4.99e-003  4.11e-015  0.00e+000  0.00e+000  4.15e-017  0.00e+000  1.52e-026  5.04e-014  
6.34752e+016 1.95e-013  5.00e-001  4.95e-001  5.00e-003  3.81e-015  0.00e+000  0.00e+000  3.85e-017  0.00e+000  1.42e-026  5.64e-014  
6.43223e+016 1.87e-013  5.00e-001  4.95e-001  5.00e-003  3.61e-015  0.00e+000  0.00e+000  3.65e-017  0.00e+000  1.39e-026  6.30e-014  
6.52408e+016 1.78e-013  5.00e-001  4.95e-001  5.00e-003  3.52e-015  0.00e+000  0.00e+000  3.55e-017  0.00e+000  1.42e-026  7.15e-014  
6.62440e+016 1.66e-013  5.00e-001  4.95e-001  5.00e-003  3.49e-015  0.00e+000  0.00e+000  3.52e-017  0.00e+000  1.51e-026  8.19e-014  
6.73219e+016 1.53e-013  5.00e-001  4.95e-001  5.00e-003  3.54e-015  0.00e+000  0.00e+000  3.58e-017  0.00e+000  1.67e-026  9.49e-014  
6.84641e+016 1.39e-013  5.00e-001  4.95e-001  5.00e-003  3.71e-015  0.00e+000  0.00e+000  3.75e-017  0.00e+000  1.92e-026  1.10e-013  
6.96945e+016 1.24e-013  5.00e-001  4.95e-001  5.00e-003  4.03e-015  0.00e+000  0.00e+000  4.07e-017  0.00e+000  2.33e-026  1.30e-013  
7.10391e+016 1.08e-013  5.00e-001  4.95e-001  5.00e-003  4.56e-015  0.00e+000  0.00e+000  4.60e-017  0.00e+000  2.97e-026  1.55e-013  
7.25155e+016 9.27e-014  5.00e-001  4.95e-001  5.00e-003  5.39e-015  0.00e+000  0.00e+000  5.44e-017  0.00e+000  3.99e-026  1.89e-013  
7.42223e+016 7.65e-014  4.99e-001  4.96e-001  4.99e-003  6.77e-015  0.00e+000  0.00e+000  6.84e-017  0.00e+000  5.81e-026  2.38e-013  
7.63108e+016 5.96e-014  5.00e-001  4.95e-001  5.00e-003  9.40e-015  0.00e+000  0.00e+000  9.48e-017  0.00e+000  9.46e-026  3.17e-013  
7.86896e+016 4.43e-014  5.01e-001  4.94e-001  5.01e-003  1.43e-014  0.00e+000  0.00e+000  1.44e-016  0.00e+000  1.70e-025  4.40e-013  
8.18150e+016 2.95e-014  5.01e-001  4.94e-001  5.01e-003  2.61e-014  0.00e+000  0.00e+000  2.64e-016  0.00e+000  3.82e-025  6.77e-013  
8.55776e+016 1.79e-014  5.00e-001  4.95e-001  5.00e-003  5.70e-014  0.00e+000  0.00e+000  5.75e-016  0.00e+000  1.03e-024  1.15e-012  
9.00548e+016 9.78e-015  5.00e-001  4.95e-001  5.00e-003  1.51e-013  0.00e+000  0.00e+000  1.52e-015  0.00e+000  3.45e-024  2.13e-012  
9.53916e+016 4.74e-015  5.00e-001  4.95e-001  5.00e-003  5.00e-013  0.00e+000  0.00e+000  5.06e-015  0.00e+000  1.45e-023  4.43e-012  
1.01535e+017 2.11e-015  5.02e-001  4.93e-001  5.02e-003  1.98e-012  0.00e+000  0.00e+000  2.00e-014  0.00e+000  7.25e-023  1.00e-011  
1.09249e+017 8.28e-016  5.00e-001  4.95e-001  5.00e-003  1.01e-011  0.00e+000  0.00e+000  1.02e-013  0.00e+000  4.76e-022  2.57e-011  
1.19176e+017 3.20e-016  5.01e-001  4.94e-001  5.01e-003  5.48e-011  0.00e+000  0.00e+000  5.54e-013  0.00e+000  3.38e-021  6.82e-011  
1.32448e+017 1.62e-016  5.00e-001  4.95e-001  5.00e-003  1.81e-010  0.00e+000  0.00e+000  1.83e-012  0.00e+000  1.52e-020  1.39e-010  
