! 0       *CH3OH + He -> CH3OH + He
! 1       *CH3OH + H2 -> CH3OH + H2
! 2       *CH3OH + CO -> CH3OH + CO
! 3       *H + *CH3OH -> *CH2OH + *H2
! 4       *CH3OH + CRPhoton -> *OH + *CH3
! 5       *CH3OH + CRPhoton -> *H2CO + *H2
! 6       *CH3OH + CRPhoton -> *H2CO + *H + *H
! 7       *CH3OH + CRPhoton -> *CH + *H2O + *H
! 8       *CH3OH + CRPhoton -> *OH + *CH3
! 9       *CH3OH + CRPhoton -> CH3OH
!            tot_rate   0          1          2          3          4          5          6          7          8          9          
1.58188e+013 6.84e-016  0.00e+000  0.00e+000  0.00e+000  1.00e-003  4.34e-001  4.34e-001  6.87e-002  5.18e-002  9.62e-003  1.14e-004  
3.50727e+014 6.84e-016  0.00e+000  0.00e+000  0.00e+000  1.00e-003  4.34e-001  4.34e-001  6.87e-002  5.18e-002  9.62e-003  1.14e-004  
5.21628e+015 6.84e-016  0.00e+000  0.00e+000  0.00e+000  1.00e-003  4.34e-001  4.34e-001  6.87e-002  5.18e-002  9.62e-003  1.14e-004  
2.67137e+016 6.86e-016  0.00e+000  0.00e+000  0.00e+000  1.01e-003  4.34e-001  4.34e-001  6.89e-002  5.19e-002  9.63e-003  1.14e-004  
3.33598e+016 6.98e-016  0.00e+000  0.00e+000  0.00e+000  9.77e-004  4.34e-001  4.34e-001  6.89e-002  5.19e-002  9.64e-003  1.14e-004  
3.42055e+016 7.04e-016  0.00e+000  0.00e+000  1.99e-079  7.82e-004  4.34e-001  4.34e-001  6.89e-002  5.18e-002  9.63e-003  1.14e-004  
3.44017e+016 7.07e-016  0.00e+000  0.00e+000  2.87e-061  7.25e-004  4.34e-001  4.34e-001  6.88e-002  5.18e-002  9.62e-003  1.14e-004  
3.46353e+016 7.09e-016  0.00e+000  0.00e+000  7.02e-024  6.53e-004  4.34e-001  4.34e-001  6.88e-002  5.19e-002  9.62e-003  1.15e-004  
3.48860e+016 7.11e-016  0.00e+000  0.00e+000  5.64e-013  5.72e-004  4.34e-001  4.34e-001  6.89e-002  5.19e-002  9.63e-003  1.15e-004  
3.51370e+016 7.16e-016  0.00e+000  0.00e+000  5.40e-004  4.87e-004  4.34e-001  4.34e-001  6.88e-002  5.18e-002  9.62e-003  1.15e-004  
3.53250e+016 7.36e-016  0.00e+000  0.00e+000  2.13e-002  4.12e-004  4.25e-001  4.25e-001  6.73e-002  5.07e-002  9.42e-003  1.13e-004  
3.55515e+016 8.92e-016  0.00e+000  0.00e+000  1.87e-001  2.79e-004  3.53e-001  3.53e-001  5.60e-002  4.22e-002  7.83e-003  9.37e-005  
3.57182e+016 1.26e-015  0.00e+000  0.00e+000  4.22e-001  1.66e-004  2.51e-001  2.51e-001  3.99e-002  3.00e-002  5.57e-003  6.69e-005  
3.58524e+016 1.94e-015  8.02e-070  0.00e+000  6.22e-001  9.31e-005  1.64e-001  1.64e-001  2.60e-002  1.96e-002  3.64e-003  4.38e-005  
3.60047e+016 2.34e-015  9.44e-045  0.00e+000  6.83e-001  6.41e-005  1.38e-001  1.38e-001  2.18e-002  1.64e-002  3.05e-003  3.68e-005  
3.61718e+016 3.01e-015  8.03e-025  0.00e+000  7.50e-001  3.95e-005  1.09e-001  1.09e-001  1.72e-002  1.29e-002  2.40e-003  2.91e-005  
3.62899e+016 3.80e-015  3.39e-011  4.47e-080  8.00e-001  2.66e-005  8.71e-002  8.71e-002  1.38e-002  1.04e-002  1.93e-003  2.34e-005  
3.63893e+016 4.84e-015  3.22e-007  1.59e-055  8.41e-001  1.79e-005  6.92e-002  6.92e-002  1.09e-002  8.26e-003  1.53e-003  1.86e-005  
3.64972e+016 8.19e-015  1.89e-001  1.71e-029  7.15e-001  8.99e-006  4.16e-002  4.16e-002  6.58e-003  4.97e-003  9.21e-004  1.12e-005  
3.66124e+016 5.00e-014  8.00e-001  4.20e-018  1.84e-001  1.24e-006  6.96e-003  6.96e-003  1.10e-003  8.32e-004  1.54e-004  1.88e-006  
3.67348e+016 3.29e-013  9.49e-001  1.28e-010  4.84e-002  1.58e-007  1.09e-003  1.09e-003  1.73e-004  1.30e-004  2.42e-005  2.95e-007  
3.68621e+016 1.28e-012  9.74e-001  1.40e-003  2.41e-002  3.63e-008  2.89e-004  2.89e-004  4.58e-005  3.45e-005  6.41e-006  7.87e-008  
3.69700e+016 3.55e-012  9.57e-001  2.63e-002  1.67e-002  1.19e-008  1.08e-004  1.08e-004  1.72e-005  1.29e-005  2.40e-006  3.01e-008  
3.70376e+016 6.55e-012  9.22e-001  6.41e-002  1.42e-002  6.07e-009  6.03e-005  6.03e-005  9.55e-006  7.20e-006  1.34e-006  1.69e-008  
3.71087e+016 1.21e-011  8.75e-001  1.12e-001  1.29e-002  3.11e-009  3.36e-005  3.36e-005  5.32e-006  4.01e-006  7.45e-007  9.66e-009  
3.71826e+016 2.27e-011  8.35e-001  1.52e-001  1.24e-002  1.60e-009  1.85e-005  1.85e-005  2.93e-006  2.21e-006  4.10e-007  5.54e-009  
3.72589e+016 4.28e-011  7.99e-001  1.89e-001  1.26e-002  8.52e-010  1.02e-005  1.02e-005  1.61e-006  1.22e-006  2.26e-007  3.22e-009  
3.73370e+016 8.07e-011  7.68e-001  2.18e-001  1.35e-002  4.72e-010  5.59e-006  5.59e-006  8.86e-007  6.68e-007  1.24e-007  1.93e-009  
3.74165e+016 1.52e-010  7.36e-001  2.49e-001  1.47e-002  2.73e-010  3.04e-006  3.04e-006  4.82e-007  3.63e-007  6.77e-008  1.21e-009  
3.74829e+016 2.59e-010  7.22e-001  2.63e-001  1.55e-002  1.76e-010  1.80e-006  1.80e-006  2.84e-007  2.14e-007  3.98e-008  8.34e-010  
3.75505e+016 4.35e-010  6.97e-001  2.87e-001  1.59e-002  1.15e-010  1.03e-006  1.03e-006  1.64e-007  1.23e-007  2.29e-008  5.96e-010  
3.76194e+016 7.20e-010  6.84e-001  3.00e-001  1.57e-002  7.27e-011  5.58e-007  5.58e-007  8.84e-008  6.66e-008  1.24e-008  4.33e-010  
3.76839e+016 1.16e-009  6.64e-001  3.20e-001  1.56e-002  4.46e-011  2.64e-007  2.64e-007  4.18e-008  3.15e-008  5.84e-009  3.30e-010  
3.76854e+016 1.17e-009  6.64e-001  3.20e-001  1.56e-002  4.41e-011  2.59e-007  2.59e-007  4.09e-008  3.08e-008  5.73e-009  3.29e-010  
3.76877e+016 1.19e-009  6.64e-001  3.21e-001  1.55e-002  4.31e-011  2.49e-007  2.49e-007  3.94e-008  2.97e-008  5.51e-009  3.25e-010  
3.76917e+016 1.23e-009  6.64e-001  3.21e-001  1.56e-002  4.17e-011  2.35e-007  2.35e-007  3.71e-008  2.80e-008  5.20e-009  3.20e-010  
3.76980e+016 1.30e-009  6.62e-001  3.22e-001  1.55e-002  3.92e-011  2.11e-007  2.11e-007  3.34e-008  2.52e-008  4.67e-009  3.12e-010  
3.77083e+016 1.41e-009  6.62e-001  3.23e-001  1.56e-002  3.55e-011  1.74e-007  1.74e-007  2.76e-008  2.08e-008  3.86e-009  2.99e-010  
3.77248e+016 1.65e-009  6.61e-001  3.24e-001  1.56e-002  2.92e-011  1.19e-007  1.19e-007  1.88e-008  1.42e-008  2.63e-009  2.82e-010  
3.77450e+016 2.11e-009  6.54e-001  3.30e-001  1.56e-002  1.92e-011  5.59e-008  5.59e-008  8.82e-009  6.68e-009  1.24e-009  2.61e-010  
3.77655e+016 1.14e-009  6.47e-001  3.37e-001  1.52e-002  3.23e-012  1.35e-008  1.35e-008  2.14e-009  1.62e-009  3.00e-010  2.44e-010  
3.77936e+016 9.18e-012  6.42e-001  3.43e-001  1.45e-002  2.25e-012  1.23e-008  1.23e-008  1.95e-009  1.47e-009  2.72e-010  2.22e-010  
3.78016e+016 2.07e-012  6.42e-001  3.44e-001  1.43e-002  2.00e-012  1.20e-008  1.20e-008  1.90e-009  1.43e-009  2.65e-010  2.16e-010  
3.78111e+016 3.26e-013  6.39e-001  3.47e-001  1.41e-002  1.76e-012  1.16e-008  1.16e-008  1.83e-009  1.38e-009  2.57e-010  2.09e-010  
3.78273e+016 1.20e-014  6.38e-001  3.48e-001  1.38e-002  1.42e-012  1.11e-008  1.11e-008  1.74e-009  1.31e-009  2.44e-010  1.99e-010  
3.78530e+016 4.10e-016  6.36e-001  3.51e-001  1.33e-002  1.02e-012  1.02e-008  1.02e-008  1.62e-009  1.22e-009  2.26e-010  1.84e-010  
3.78818e+016 3.72e-016  6.30e-001  3.58e-001  1.27e-002  7.16e-013  9.33e-009  9.33e-009  1.48e-009  1.11e-009  2.07e-010  1.68e-010  
3.79076e+016 3.69e-016  6.24e-001  3.64e-001  1.23e-002  5.26e-013  8.71e-009  8.71e-009  1.38e-009  1.04e-009  1.93e-010  1.57e-010  
3.79253e+016 3.67e-016  6.21e-001  3.67e-001  1.21e-002  4.33e-013  8.30e-009  8.30e-009  1.32e-009  9.93e-010  1.84e-010  1.50e-010  
3.79502e+016 3.66e-016  6.17e-001  3.71e-001  1.17e-002  3.28e-013  7.78e-009  7.78e-009  1.23e-009  9.28e-010  1.72e-010  1.40e-010  
3.79755e+016 3.65e-016  6.16e-001  3.72e-001  1.14e-002  2.54e-013  7.34e-009  7.34e-009  1.16e-009  8.74e-010  1.62e-010  1.32e-010  
3.79897e+016 3.65e-016  6.14e-001  3.75e-001  1.12e-002  2.21e-013  7.09e-009  7.09e-009  1.12e-009  8.46e-010  1.57e-010  1.28e-010  
3.79918e+016 3.66e-016  6.12e-001  3.77e-001  1.12e-002  2.16e-013  7.02e-009  7.02e-009  1.11e-009  8.39e-010  1.56e-010  1.27e-010  
3.79956e+016 3.66e-016  6.12e-001  3.77e-001  1.11e-002  2.08e-013  6.97e-009  6.97e-009  1.10e-009  8.33e-010  1.54e-010  1.26e-010  
3.80017e+016 3.66e-016  6.09e-001  3.80e-001  1.10e-002  1.96e-013  6.86e-009  6.86e-009  1.09e-009  8.20e-010  1.52e-010  1.24e-010  
3.80129e+016 3.66e-016  6.07e-001  3.83e-001  1.09e-002  1.77e-013  6.69e-009  6.69e-009  1.06e-009  7.98e-010  1.48e-010  1.20e-010  
3.80319e+016 3.66e-016  6.04e-001  3.85e-001  1.07e-002  1.48e-013  6.42e-009  6.42e-009  1.02e-009  7.68e-010  1.43e-010  1.16e-010  
3.80578e+016 3.68e-016  6.01e-001  3.89e-001  1.04e-002  1.18e-013  6.06e-009  6.06e-009  9.62e-010  7.26e-010  1.35e-010  1.10e-010  
3.80629e+016 3.68e-016  6.01e-001  3.89e-001  1.04e-002  1.13e-013  6.01e-009  6.01e-009  9.52e-010  7.18e-010  1.33e-010  1.08e-010  
3.80713e+016 3.68e-016  6.01e-001  3.89e-001  1.03e-002  1.06e-013  5.90e-009  5.90e-009  9.35e-010  7.07e-010  1.31e-010  1.07e-010  
3.80859e+016 3.68e-016  6.01e-001  3.89e-001  1.02e-002  9.49e-014  5.76e-009  5.76e-009  9.14e-010  6.88e-010  1.28e-010  1.04e-010  
3.81083e+016 3.70e-016  5.95e-001  3.95e-001  9.98e-003  7.98e-014  5.52e-009  5.52e-009  8.74e-010  6.57e-010  1.22e-010  9.93e-011  
3.81265e+016 3.72e-016  5.92e-001  3.98e-001  9.82e-003  6.97e-014  5.33e-009  5.33e-009  8.42e-010  6.35e-010  1.18e-010  9.61e-011  
3.81480e+016 3.73e-016  5.88e-001  4.03e-001  9.69e-003  5.98e-014  5.13e-009  5.13e-009  8.13e-010  6.15e-010  1.14e-010  9.26e-011  
3.81769e+016 3.77e-016  5.87e-001  4.04e-001  9.45e-003  4.97e-014  4.89e-009  4.89e-009  7.73e-010  5.82e-010  1.08e-010  8.79e-011  
3.81836e+016 3.77e-016  5.87e-001  4.04e-001  9.43e-003  4.78e-014  4.83e-009  4.83e-009  7.67e-010  5.76e-010  1.07e-010  8.71e-011  
3.81952e+016 3.79e-016  5.86e-001  4.04e-001  9.35e-003  4.46e-014  4.76e-009  4.76e-009  7.53e-010  5.68e-010  1.05e-010  8.56e-011  
3.82149e+016 3.81e-016  5.83e-001  4.07e-001  9.20e-003  3.97e-014  4.60e-009  4.60e-009  7.28e-010  5.49e-010  1.02e-010  8.28e-011  
3.82433e+016 3.84e-016  5.77e-001  4.14e-001  9.05e-003  3.38e-014  4.42e-009  4.42e-009  7.00e-010  5.25e-010  9.78e-011  7.96e-011  
3.82740e+016 3.89e-016  5.75e-001  4.16e-001  8.86e-003  2.82e-014  4.21e-009  4.21e-009  6.68e-010  5.03e-010  9.35e-011  7.60e-011  
3.83054e+016 3.91e-016  5.75e-001  4.16e-001  8.71e-003  2.41e-014  4.06e-009  4.06e-009  6.44e-010  4.85e-010  8.99e-011  7.33e-011  
3.83376e+016 3.91e-016  5.70e-001  4.22e-001  8.53e-003  2.04e-014  3.88e-009  3.88e-009  6.16e-010  4.65e-010  8.64e-011  7.03e-011  
3.83751e+016 3.86e-016  5.64e-001  4.27e-001  8.39e-003  1.71e-014  3.73e-009  3.73e-009  5.90e-010  4.45e-010  8.26e-011  6.71e-011  
3.84132e+016 3.65e-016  5.64e-001  4.27e-001  8.25e-003  1.44e-014  3.59e-009  3.59e-009  5.67e-010  4.27e-010  7.94e-011  6.47e-011  
3.84531e+016 3.17e-016  5.59e-001  4.33e-001  8.09e-003  1.22e-014  3.44e-009  3.44e-009  5.46e-010  4.11e-010  7.64e-011  6.22e-011  
3.84962e+016 2.26e-016  5.54e-001  4.38e-001  7.98e-003  1.05e-014  3.32e-009  3.32e-009  5.28e-010  3.97e-010  7.36e-011  5.99e-011  
3.85449e+016 1.04e-016  5.53e-001  4.39e-001  7.84e-003  8.94e-015  3.18e-009  3.18e-009  5.03e-010  3.79e-010  7.04e-011  5.73e-011  
3.85990e+016 1.96e-017  5.51e-001  4.42e-001  7.75e-003  7.70e-015  3.06e-009  3.06e-009  4.85e-010  3.66e-010  6.78e-011  5.51e-011  
3.86597e+016 8.09e-019  5.46e-001  4.46e-001  7.59e-003  6.61e-015  2.93e-009  2.93e-009  4.65e-010  3.50e-010  6.50e-011  5.29e-011  
3.87288e+016 1.42e-019  5.42e-001  4.50e-001  7.48e-003  5.78e-015  2.82e-009  2.82e-009  4.47e-010  3.36e-010  6.25e-011  5.09e-011  
3.88139e+016 2.70e-019  5.41e-001  4.52e-001  7.41e-003  5.30e-015  2.71e-009  2.71e-009  4.30e-010  3.24e-010  6.00e-011  4.89e-011  
3.89093e+016 5.55e-019  5.39e-001  4.54e-001  7.30e-003  5.10e-015  2.61e-009  2.61e-009  4.13e-010  3.12e-010  5.78e-011  4.70e-011  
3.90068e+016 9.92e-019  5.34e-001  4.59e-001  7.24e-003  5.34e-015  2.53e-009  2.53e-009  4.00e-010  3.02e-010  5.60e-011  4.56e-011  
3.91088e+016 1.57e-018  5.32e-001  4.61e-001  7.20e-003  6.07e-015  2.47e-009  2.47e-009  3.91e-010  2.95e-010  5.47e-011  4.45e-011  
3.92181e+016 2.26e-018  5.32e-001  4.61e-001  7.18e-003  7.45e-015  2.43e-009  2.43e-009  3.85e-010  2.90e-010  5.36e-011  4.38e-011  
3.93325e+016 2.99e-018  5.32e-001  4.61e-001  7.15e-003  9.59e-015  2.40e-009  2.40e-009  3.81e-010  2.86e-010  5.32e-011  4.31e-011  
3.94519e+016 3.74e-018  5.33e-001  4.60e-001  7.15e-003  1.28e-014  2.38e-009  2.38e-009  3.77e-010  2.84e-010  5.27e-011  4.28e-011  
3.95803e+016 4.47e-018  5.32e-001  4.61e-001  7.18e-003  1.74e-014  2.39e-009  2.39e-009  3.78e-010  2.84e-010  5.28e-011  4.29e-011  
3.97190e+016 5.22e-018  5.33e-001  4.60e-001  7.24e-003  2.40e-014  2.40e-009  2.40e-009  3.79e-010  2.86e-010  5.31e-011  4.31e-011  
3.98699e+016 5.93e-018  5.34e-001  4.58e-001  7.36e-003  3.35e-014  2.43e-009  2.43e-009  3.86e-010  2.90e-010  5.39e-011  4.38e-011  
4.00514e+016 6.70e-018  5.36e-001  4.57e-001  7.54e-003  4.90e-014  2.49e-009  2.49e-009  3.95e-010  2.98e-010  5.54e-011  4.51e-011  
4.02549e+016 7.40e-018  5.41e-001  4.52e-001  7.75e-003  7.27e-014  2.60e-009  2.60e-009  4.11e-010  3.10e-010  5.76e-011  4.68e-011  
4.04761e+016 7.92e-018  5.46e-001  4.45e-001  8.05e-003  1.11e-013  2.74e-009  2.74e-009  4.35e-010  3.28e-010  6.08e-011  4.95e-011  
4.07070e+016 8.23e-018  5.54e-001  4.37e-001  8.42e-003  1.70e-013  2.94e-009  2.94e-009  4.67e-010  3.51e-010  6.53e-011  5.31e-011  
4.09451e+016 8.27e-018  5.60e-001  4.32e-001  8.85e-003  2.71e-013  3.19e-009  3.19e-009  5.05e-010  3.81e-010  7.07e-011  5.75e-011  
4.11988e+016 8.09e-018  5.65e-001  4.25e-001  9.42e-003  4.54e-013  3.52e-009  3.52e-009  5.59e-010  4.22e-010  7.82e-011  6.36e-011  
4.14624e+016 7.72e-018  5.75e-001  4.15e-001  1.01e-002  7.98e-013  3.96e-009  3.96e-009  6.28e-010  4.74e-010  8.80e-011  7.15e-011  
4.17462e+016 7.18e-018  5.88e-001  4.01e-001  1.10e-002  1.53e-012  4.58e-009  4.58e-009  7.26e-010  5.47e-010  1.02e-010  8.26e-011  
4.20512e+016 6.43e-018  5.96e-001  3.92e-001  1.21e-002  3.24e-012  5.41e-009  5.41e-009  8.59e-010  6.47e-010  1.20e-010  9.77e-011  
4.23867e+016 5.16e-018  6.10e-001  3.76e-001  1.37e-002  7.83e-012  6.67e-009  6.67e-009  1.06e-009  7.96e-010  1.48e-010  1.20e-010  
4.27356e+016 3.49e-018  6.24e-001  3.61e-001  1.57e-002  2.11e-011  8.44e-009  8.44e-009  1.34e-009  1.01e-009  1.87e-010  1.53e-010  
4.30994e+016 1.95e-018  6.36e-001  3.46e-001  1.85e-002  6.41e-011  1.11e-008  1.11e-008  1.76e-009  1.33e-009  2.47e-010  2.00e-010  
4.34671e+016 8.26e-019  6.51e-001  3.27e-001  2.20e-002  2.15e-010  1.50e-008  1.50e-008  2.38e-009  1.79e-009  3.33e-010  2.71e-010  
4.38104e+016 2.50e-019  6.63e-001  3.10e-001  2.65e-002  7.19e-010  2.05e-008  2.05e-008  3.24e-009  2.44e-009  4.55e-010  3.69e-010  
4.41007e+016 7.20e-020  6.77e-001  2.92e-001  3.13e-002  2.10e-009  2.71e-008  2.71e-008  4.28e-009  3.22e-009  5.99e-010  4.88e-010  
4.42181e+016 4.21e-020  6.79e-001  2.87e-001  3.35e-002  3.28e-009  3.06e-008  3.06e-008  4.84e-009  3.63e-009  6.77e-010  5.51e-010  
4.42811e+016 3.21e-020  6.82e-001  2.84e-001  3.49e-002  4.14e-009  3.27e-008  3.27e-008  5.17e-009  3.89e-009  7.22e-010  5.85e-010  
4.43809e+016 2.21e-020  6.83e-001  2.80e-001  3.73e-002  6.15e-009  3.62e-008  3.62e-008  5.74e-009  4.33e-009  8.05e-010  6.51e-010  
4.45030e+016 1.54e-020  6.90e-001  2.70e-001  4.01e-002  9.77e-009  4.11e-008  4.11e-008  6.51e-009  4.90e-009  9.12e-010  7.42e-010  
4.45401e+016 1.39e-020  6.91e-001  2.68e-001  4.14e-002  1.14e-008  4.30e-008  4.30e-008  6.81e-009  5.13e-009  9.55e-010  7.76e-010  
4.45998e+016 1.36e-020  6.94e-001  2.63e-001  4.29e-002  1.43e-008  4.59e-008  4.59e-008  7.27e-009  5.48e-009  1.02e-009  8.26e-010  
4.46779e+016 1.59e-020  7.00e-001  2.55e-001  4.50e-002  1.91e-008  4.99e-008  4.99e-008  7.88e-009  5.95e-009  1.10e-009  9.02e-010  
4.48006e+016 2.67e-020  7.01e-001  2.50e-001  4.88e-002  2.97e-008  5.78e-008  5.78e-008  9.11e-009  6.86e-009  1.28e-009  1.04e-009  
4.48529e+016 3.60e-020  7.06e-001  2.42e-001  5.12e-002  3.62e-008  6.15e-008  6.15e-008  9.73e-009  7.34e-009  1.36e-009  1.11e-009  
4.48834e+016 4.36e-020  7.07e-001  2.41e-001  5.21e-002  3.99e-008  6.36e-008  6.36e-008  1.01e-008  7.60e-009  1.41e-009  1.15e-009  
4.49346e+016 5.89e-020  7.07e-001  2.39e-001  5.40e-002  4.72e-008  6.76e-008  6.76e-008  1.07e-008  8.07e-009  1.50e-009  1.22e-009  
4.49870e+016 8.04e-020  7.05e-001  2.39e-001  5.61e-002  5.55e-008  7.19e-008  7.19e-008  1.14e-008  8.59e-009  1.59e-009  1.29e-009  
4.50684e+016 1.28e-019  7.08e-001  2.33e-001  5.94e-002  7.05e-008  7.94e-008  7.94e-008  1.26e-008  9.50e-009  1.76e-009  1.43e-009  
4.51867e+016 2.42e-019  7.14e-001  2.22e-001  6.44e-002  9.65e-008  9.16e-008  9.16e-008  1.45e-008  1.09e-008  2.03e-009  1.65e-009  
4.51946e+016 2.54e-019  7.13e-001  2.21e-001  6.62e-002  1.01e-007  9.41e-008  9.41e-008  1.49e-008  1.12e-008  2.09e-009  1.70e-009  
4.52061e+016 2.79e-019  7.14e-001  2.19e-001  6.70e-002  1.05e-007  9.57e-008  9.57e-008  1.52e-008  1.14e-008  2.12e-009  1.73e-009  
4.52265e+016 3.09e-019  7.15e-001  2.17e-001  6.76e-002  1.10e-007  9.80e-008  9.80e-008  1.55e-008  1.17e-008  2.17e-009  1.76e-009  
4.52632e+016 3.68e-019  7.17e-001  2.14e-001  6.90e-002  1.20e-007  1.02e-007  1.02e-007  1.62e-008  1.22e-008  2.26e-009  1.84e-009  
4.53239e+016 4.89e-019  7.22e-001  2.06e-001  7.20e-002  1.37e-007  1.10e-007  1.10e-007  1.74e-008  1.31e-008  2.43e-009  1.98e-009  
4.54167e+016 7.40e-019  7.22e-001  2.01e-001  7.67e-002  1.68e-007  1.23e-007  1.23e-007  1.96e-008  1.47e-008  2.73e-009  2.22e-009  
4.55446e+016 1.28e-018  7.21e-001  1.94e-001  8.50e-002  2.21e-007  1.47e-007  1.47e-007  2.31e-008  1.75e-008  3.24e-009  2.63e-009  
4.55658e+016 1.40e-018  7.23e-001  1.90e-001  8.66e-002  2.33e-007  1.52e-007  1.52e-007  2.40e-008  1.81e-008  3.36e-009  2.73e-009  
4.55697e+016 1.43e-018  7.29e-001  1.84e-001  8.76e-002  2.37e-007  1.53e-007  1.53e-007  2.42e-008  1.82e-008  3.38e-009  2.75e-009  
4.55761e+016 1.48e-018  7.29e-001  1.82e-001  8.85e-002  2.42e-007  1.55e-007  1.55e-007  2.46e-008  1.85e-008  3.44e-009  2.80e-009  
4.55871e+016 1.56e-018  7.29e-001  1.82e-001  8.89e-002  2.47e-007  1.57e-007  1.57e-007  2.49e-008  1.87e-008  3.48e-009  2.83e-009  
4.56066e+016 1.69e-018  7.28e-001  1.82e-001  9.00e-002  2.56e-007  1.61e-007  1.61e-007  2.55e-008  1.92e-008  3.57e-009  2.91e-009  
4.56410e+016 1.93e-018  7.26e-001  1.81e-001  9.28e-002  2.74e-007  1.69e-007  1.69e-007  2.67e-008  2.01e-008  3.74e-009  3.04e-009  
4.56849e+016 2.29e-018  7.25e-001  1.79e-001  9.60e-002  2.99e-007  1.79e-007  1.79e-007  2.84e-008  2.14e-008  3.97e-009  3.23e-009  
4.57241e+016 2.67e-018  7.24e-001  1.77e-001  9.91e-002  3.23e-007  1.89e-007  1.89e-007  2.99e-008  2.26e-008  4.20e-009  3.40e-009  
4.57850e+016 3.33e-018  7.26e-001  1.70e-001  1.04e-001  3.63e-007  2.05e-007  2.05e-007  3.24e-008  2.44e-008  4.53e-009  3.69e-009  
4.58802e+016 4.75e-018  7.30e-001  1.58e-001  1.12e-001  4.36e-007  2.34e-007  2.34e-007  3.70e-008  2.80e-008  5.20e-009  4.23e-009  
4.59720e+016 6.64e-018  7.31e-001  1.49e-001  1.20e-001  5.21e-007  2.68e-007  2.68e-007  4.25e-008  3.19e-008  5.93e-009  4.84e-009  
4.59734e+016 6.64e-018  7.32e-001  1.47e-001  1.21e-001  5.25e-007  2.69e-007  2.69e-007  4.28e-008  3.22e-008  5.98e-009  4.86e-009  
4.59759e+016 6.64e-018  7.30e-001  1.46e-001  1.23e-001  5.36e-007  2.74e-007  2.74e-007  4.34e-008  3.27e-008  6.08e-009  4.94e-009  
4.59802e+016 6.77e-018  7.30e-001  1.45e-001  1.25e-001  5.46e-007  2.79e-007  2.79e-007  4.42e-008  3.32e-008  6.17e-009  5.02e-009  
4.59873e+016 7.08e-018  7.30e-001  1.44e-001  1.26e-001  5.54e-007  2.81e-007  2.81e-007  4.45e-008  3.36e-008  6.23e-009  5.07e-009  
4.59993e+016 7.49e-018  7.30e-001  1.43e-001  1.27e-001  5.65e-007  2.86e-007  2.86e-007  4.53e-008  3.42e-008  6.33e-009  5.15e-009  
4.60196e+016 8.08e-018  7.30e-001  1.41e-001  1.29e-001  5.85e-007  2.93e-007  2.93e-007  4.64e-008  3.50e-008  6.50e-009  5.28e-009  
4.60580e+016 9.21e-018  7.32e-001  1.36e-001  1.32e-001  6.28e-007  3.09e-007  3.09e-007  4.90e-008  3.69e-008  6.85e-009  5.58e-009  
4.61139e+016 1.11e-017  7.30e-001  1.33e-001  1.37e-001  6.96e-007  3.35e-007  3.35e-007  5.31e-008  4.00e-008  7.42e-009  6.04e-009  
4.61801e+016 1.38e-017  7.24e-001  1.30e-001  1.46e-001  7.89e-007  3.70e-007  3.70e-007  5.87e-008  4.42e-008  8.18e-009  6.68e-009  
4.62829e+016 1.95e-017  7.17e-001  1.23e-001  1.60e-001  9.73e-007  4.35e-007  4.35e-007  6.92e-008  5.23e-008  9.63e-009  7.84e-009  
4.63958e+016 2.81e-017  7.15e-001  1.09e-001  1.75e-001  1.21e-006  5.20e-007  5.20e-007  8.22e-008  6.19e-008  1.15e-008  9.32e-009  
4.64165e+016 3.00e-017  7.14e-001  1.06e-001  1.80e-001  1.27e-006  5.37e-007  5.37e-007  8.51e-008  6.41e-008  1.19e-008  9.68e-009  
4.64187e+016 2.98e-017  7.12e-001  1.05e-001  1.83e-001  1.29e-006  5.47e-007  5.47e-007  8.66e-008  6.55e-008  1.21e-008  9.87e-009  
4.64224e+016 3.01e-017  7.15e-001  1.00e-001  1.85e-001  1.31e-006  5.55e-007  5.55e-007  8.77e-008  6.61e-008  1.23e-008  1.00e-008  
4.64286e+016 3.09e-017  7.15e-001  9.86e-002  1.87e-001  1.34e-006  5.63e-007  5.63e-007  8.92e-008  6.72e-008  1.25e-008  1.02e-008  
4.64396e+016 3.26e-017  7.13e-001  9.83e-002  1.89e-001  1.37e-006  5.71e-007  5.71e-007  9.06e-008  6.85e-008  1.27e-008  1.03e-008  
4.64596e+016 3.52e-017  7.10e-001  9.74e-002  1.92e-001  1.42e-006  5.91e-007  5.91e-007  9.37e-008  7.07e-008  1.31e-008  1.07e-008  
4.64933e+016 3.95e-017  7.07e-001  9.55e-002  1.98e-001  1.52e-006  6.25e-007  6.25e-007  9.90e-008  7.44e-008  1.39e-008  1.13e-008  
4.65501e+016 4.68e-017  7.05e-001  8.99e-002  2.05e-001  1.68e-006  6.75e-007  6.75e-007  1.07e-007  8.07e-008  1.50e-008  1.22e-008  
4.66259e+016 5.83e-017  6.99e-001  8.11e-002  2.19e-001  1.95e-006  7.63e-007  7.63e-007  1.21e-007  9.12e-008  1.69e-008  1.38e-008  
4.67450e+016 8.23e-017  6.83e-001  7.51e-002  2.42e-001  2.48e-006  9.29e-007  9.29e-007  1.47e-007  1.11e-007  2.05e-008  1.68e-008  
4.68726e+016 1.18e-016  6.57e-001  6.54e-002  2.78e-001  3.30e-006  1.17e-006  1.17e-006  1.86e-007  1.40e-007  2.61e-008  2.12e-008  
4.69009e+016 1.28e-016  6.52e-001  6.24e-002  2.86e-001  3.51e-006  1.24e-006  1.24e-006  1.96e-007  1.48e-007  2.75e-008  2.23e-008  
4.69024e+016 1.28e-016  6.51e-001  6.14e-002  2.88e-001  3.55e-006  1.24e-006  1.24e-006  1.97e-007  1.49e-007  2.76e-008  2.25e-008  
4.69048e+016 1.29e-016  6.54e-001  5.89e-002  2.87e-001  3.55e-006  1.25e-006  1.25e-006  1.97e-007  1.48e-007  2.76e-008  2.24e-008  
4.69090e+016 1.30e-016  6.56e-001  5.46e-002  2.89e-001  3.60e-006  1.26e-006  1.26e-006  2.00e-007  1.50e-007  2.79e-008  2.27e-008  
4.69160e+016 1.32e-016  6.54e-001  4.97e-002  2.96e-001  3.71e-006  1.29e-006  1.29e-006  2.05e-007  1.54e-007  2.87e-008  2.33e-008  
4.69279e+016 1.37e-016  6.51e-001  4.88e-002  3.00e-001  3.81e-006  1.33e-006  1.33e-006  2.10e-007  1.58e-007  2.93e-008  2.38e-008  
4.69476e+016 1.47e-016  6.47e-001  4.85e-002  3.05e-001  3.96e-006  1.36e-006  1.36e-006  2.17e-007  1.63e-007  3.03e-008  2.46e-008  
4.69806e+016 1.61e-016  6.38e-001  4.80e-002  3.14e-001  4.25e-006  1.45e-006  1.45e-006  2.29e-007  1.73e-007  3.21e-008  2.61e-008  
4.70337e+016 1.85e-016  6.21e-001  4.68e-002  3.32e-001  4.78e-006  1.60e-006  1.60e-006  2.53e-007  1.91e-007  3.54e-008  2.88e-008  
4.70622e+016 2.00e-016  6.14e-001  4.56e-002  3.40e-001  5.04e-006  1.68e-006  1.68e-006  2.66e-007  2.00e-007  3.72e-008  3.02e-008  
4.71061e+016 2.25e-016  6.08e-001  4.28e-002  3.50e-001  5.50e-006  1.79e-006  1.79e-006  2.83e-007  2.14e-007  3.97e-008  3.23e-008  
4.71746e+016 2.66e-016  5.94e-001  3.80e-002  3.68e-001  6.32e-006  2.00e-006  2.00e-006  3.17e-007  2.39e-007  4.44e-008  3.61e-008  
4.72860e+016 3.45e-016  5.63e-001  3.08e-002  4.06e-001  8.04e-006  2.45e-006  2.45e-006  3.89e-007  2.93e-007  5.43e-008  4.41e-008  
4.74240e+016 4.72e-016  5.12e-001  2.41e-002  4.64e-001  1.10e-005  3.18e-006  3.18e-006  5.04e-007  3.81e-007  7.05e-008  5.74e-008  
4.74305e+016 4.79e-016  5.09e-001  2.38e-002  4.67e-001  1.12e-005  3.23e-006  3.23e-006  5.11e-007  3.86e-007  7.13e-008  5.82e-008  
4.74313e+016 4.80e-016  5.10e-001  2.37e-002  4.66e-001  1.12e-005  3.23e-006  3.23e-006  5.12e-007  3.85e-007  7.16e-008  5.83e-008  
4.74348e+016 4.84e-016  5.08e-001  2.33e-002  4.69e-001  1.13e-005  3.24e-006  3.24e-006  5.14e-007  3.88e-007  7.19e-008  5.86e-008  
4.74406e+016 4.89e-016  5.05e-001  2.19e-002  4.73e-001  1.15e-005  3.29e-006  3.29e-006  5.22e-007  3.93e-007  7.30e-008  5.93e-008  
4.74503e+016 4.94e-016  4.96e-001  1.89e-002  4.86e-001  1.19e-005  3.40e-006  3.40e-006  5.38e-007  4.05e-007  7.53e-008  6.13e-008  
4.74676e+016 5.13e-016  4.83e-001  1.74e-002  4.99e-001  1.24e-005  3.53e-006  3.53e-006  5.59e-007  4.21e-007  7.82e-008  6.36e-008  
4.74972e+016 5.51e-016  4.68e-001  1.60e-002  5.16e-001  1.34e-005  3.74e-006  3.74e-006  5.94e-007  4.47e-007  8.30e-008  6.75e-008  
4.75283e+016 5.97e-016  4.58e-001  1.45e-002  5.28e-001  1.42e-005  3.96e-006  3.96e-006  6.27e-007  4.73e-007  8.77e-008  7.12e-008  
4.75365e+016 6.09e-016  4.55e-001  1.41e-002  5.31e-001  1.45e-005  4.01e-006  4.01e-006  6.34e-007  4.78e-007  8.89e-008  7.23e-008  
4.75556e+016 6.37e-016  4.49e-001  1.37e-002  5.37e-001  1.51e-005  4.15e-006  4.15e-006  6.56e-007  4.95e-007  9.19e-008  7.48e-008  
4.75856e+016 6.81e-016  4.39e-001  1.35e-002  5.48e-001  1.61e-005  4.37e-006  4.37e-006  6.93e-007  5.23e-007  9.69e-008  7.88e-008  
4.76342e+016 7.54e-016  4.15e-001  1.26e-002  5.72e-001  1.79e-005  4.79e-006  4.79e-006  7.58e-007  5.72e-007  1.06e-007  8.63e-008  
4.77120e+016 8.74e-016  3.71e-001  1.06e-002  6.19e-001  2.15e-005  5.59e-006  5.59e-006  8.85e-007  6.67e-007  1.24e-007  1.01e-007  
4.78339e+016 1.14e-015  3.27e-001  7.66e-003  6.65e-001  2.73e-005  6.80e-006  6.80e-006  1.08e-006  8.12e-007  1.51e-007  1.23e-007  
4.79819e+016 1.50e-015  2.61e-001  4.11e-003  7.35e-001  3.76e-005  8.88e-006  8.88e-006  1.40e-006  1.06e-006  1.96e-007  1.60e-007  
4.80101e+016 1.59e-015  2.49e-001  3.70e-003  7.47e-001  3.96e-005  9.23e-006  9.23e-006  1.46e-006  1.10e-006  2.05e-007  1.66e-007  
4.80156e+016 1.60e-015  2.48e-001  3.65e-003  7.48e-001  4.02e-005  9.35e-006  9.35e-006  1.48e-006  1.12e-006  2.07e-007  1.68e-007  
4.80288e+016 1.64e-015  2.43e-001  3.47e-003  7.54e-001  4.13e-005  9.55e-006  9.55e-006  1.51e-006  1.14e-006  2.12e-007  1.73e-007  
4.80511e+016 1.71e-015  2.32e-001  3.16e-003  7.65e-001  4.33e-005  9.92e-006  9.92e-006  1.58e-006  1.18e-006  2.20e-007  1.79e-007  
4.80875e+016 1.83e-015  2.13e-001  2.60e-003  7.85e-001  4.67e-005  1.06e-005  1.06e-005  1.67e-006  1.26e-006  2.34e-007  1.91e-007  
4.81463e+016 2.04e-015  1.85e-001  1.85e-003  8.13e-001  5.29e-005  1.18e-005  1.18e-005  1.86e-006  1.40e-006  2.60e-007  2.12e-007  
4.82445e+016 2.46e-015  1.49e-001  1.28e-003  8.49e-001  6.42e-005  1.37e-005  1.37e-005  2.18e-006  1.64e-006  3.04e-007  2.48e-007  
4.83636e+016 3.06e-015  1.07e-001  7.16e-004  8.92e-001  8.14e-005  1.67e-005  1.67e-005  2.64e-006  1.99e-006  3.69e-007  3.01e-007  
4.84912e+016 3.86e-015  6.89e-002  3.50e-004  9.31e-001  1.04e-004  2.03e-005  2.03e-005  3.21e-006  2.42e-006  4.48e-007  3.65e-007  
4.86294e+016 5.00e-015  4.08e-002  1.59e-004  9.59e-001  1.33e-004  2.48e-005  2.48e-005  3.92e-006  2.96e-006  5.48e-007  4.46e-007  
4.87591e+016 6.34e-015  2.35e-002  6.36e-005  9.76e-001  1.67e-004  2.98e-005  2.98e-005  4.73e-006  3.56e-006  6.61e-007  5.38e-007  
4.88968e+016 8.11e-015  1.23e-002  2.02e-005  9.87e-001  2.14e-004  3.64e-005  3.64e-005  5.76e-006  4.34e-006  8.05e-007  6.55e-007  
4.90444e+016 1.05e-014  5.54e-003  5.17e-006  9.94e-001  2.80e-004  4.51e-005  4.51e-005  7.14e-006  5.38e-006  9.94e-007  8.12e-007  
4.91980e+016 1.35e-014  2.11e-003  1.06e-006  9.97e-001  3.72e-004  5.66e-005  5.66e-005  8.94e-006  6.76e-006  1.26e-006  1.02e-006  
4.93317e+016 1.67e-014  7.83e-004  2.15e-007  9.99e-001  4.79e-004  6.94e-005  6.94e-005  1.11e-005  8.31e-006  1.54e-006  1.26e-006  
4.94239e+016 1.92e-014  3.25e-004  4.96e-008  9.99e-001  5.72e-004  8.06e-005  8.06e-005  1.28e-005  9.68e-006  1.79e-006  1.46e-006  
4.95192e+016 2.21e-014  1.36e-004  1.16e-008  9.99e-001  6.92e-004  9.45e-005  9.45e-005  1.50e-005  1.13e-005  2.09e-006  1.70e-006  
4.96202e+016 2.54e-014  6.69e-005  3.21e-009  9.99e-001  8.49e-004  1.12e-004  1.12e-004  1.78e-005  1.34e-005  2.49e-006  2.02e-006  
4.97297e+016 2.90e-014  2.44e-005  4.86e-010  9.99e-001  1.07e-003  1.37e-004  1.37e-004  2.17e-005  1.63e-005  3.03e-006  2.47e-006  
4.98461e+016 3.28e-014  6.81e-006  4.79e-011  9.98e-001  1.39e-003  1.71e-004  1.71e-004  2.71e-005  2.04e-005  3.79e-006  3.08e-006  
4.99670e+016 3.70e-014  1.40e-006  3.22e-012  9.98e-001  1.81e-003  2.15e-004  2.15e-004  3.41e-005  2.56e-005  4.76e-006  3.87e-006  
5.00936e+016 4.12e-014  1.73e-007  1.53e-013  9.97e-001  2.41e-003  2.74e-004  2.74e-004  4.34e-005  3.27e-005  6.09e-006  4.95e-006  
5.02240e+016 4.43e-014  8.76e-009  1.86e-015  9.96e-001  3.30e-003  3.64e-004  3.64e-004  5.76e-005  4.34e-005  8.04e-006  6.55e-006  
5.03584e+016 4.59e-014  6.30e-010  5.30e-017  9.94e-001  4.69e-003  4.95e-004  4.95e-004  7.85e-005  5.91e-005  1.10e-005  8.94e-006  
5.05026e+016 4.39e-014  8.29e-011  6.17e-019  9.91e-001  7.20e-003  7.36e-004  7.36e-004  1.16e-004  8.79e-005  1.63e-005  1.33e-005  
5.05959e+016 4.14e-014  9.20e-012  1.18e-020  9.88e-001  9.69e-003  9.69e-004  9.69e-004  1.53e-004  1.16e-004  2.15e-005  1.75e-005  
5.06957e+016 4.05e-014  5.18e-013  1.13e-022  9.84e-001  1.27e-002  1.23e-003  1.23e-003  1.96e-004  1.48e-004  2.74e-005  2.23e-005  
5.07988e+016 3.79e-014  1.82e-014  2.34e-024  9.79e-001  1.72e-002  1.64e-003  1.64e-003  2.60e-004  1.96e-004  3.64e-005  2.96e-005  
5.09058e+016 3.34e-014  4.28e-016  1.59e-026  9.70e-001  2.48e-002  2.31e-003  2.31e-003  3.65e-004  2.76e-004  5.12e-005  4.16e-005  
5.10237e+016 2.74e-014  5.99e-018  4.89e-029  9.53e-001  3.87e-002  3.54e-003  3.54e-003  5.62e-004  4.24e-004  7.85e-005  6.39e-005  
5.11496e+016 2.06e-014  5.25e-020  7.59e-032  9.20e-001  6.67e-002  5.94e-003  5.94e-003  9.39e-004  7.10e-004  1.31e-004  1.07e-004  
5.12843e+016 1.25e-014  1.51e-021  6.00e-035  8.30e-001  1.41e-001  1.23e-002  1.23e-002  1.95e-003  1.47e-003  2.72e-004  1.97e-004  
5.14296e+016 7.43e-015  1.09e-022  1.74e-036  6.31e-001  3.08e-001  2.64e-002  2.64e-002  4.17e-003  3.15e-003  5.84e-004  3.74e-004  
5.15425e+016 5.95e-015  7.01e-024  9.81e-039  4.42e-001  4.67e-001  3.93e-002  3.93e-002  6.23e-003  4.69e-003  8.72e-004  5.11e-004  
5.16792e+016 5.15e-015  1.48e-026  1.56e-042  1.96e-001  6.74e-001  5.60e-002  5.60e-002  8.86e-003  6.68e-003  1.24e-003  6.51e-004  
5.18319e+016 5.49e-015  9.38e-030  6.39e-047  4.72e-002  8.01e-001  6.56e-002  6.56e-002  1.04e-002  7.83e-003  1.45e-003  6.77e-004  
5.19950e+016 6.67e-015  2.35e-033  7.81e-052  6.17e-003  8.38e-001  6.76e-002  6.76e-002  1.07e-002  8.08e-003  1.50e-003  6.19e-004  
5.21655e+016 8.39e-015  1.90e-037  3.36e-057  5.04e-004  8.44e-001  6.72e-002  6.72e-002  1.07e-002  8.04e-003  1.49e-003  5.45e-004  
5.23457e+016 1.06e-014  2.90e-039  7.16e-059  3.20e-005  8.46e-001  6.68e-002  6.68e-002  1.06e-002  7.98e-003  1.48e-003  4.78e-004  
5.25384e+016 1.33e-014  1.18e-044  7.10e-064  4.10e-006  8.47e-001  6.63e-002  6.63e-002  1.05e-002  7.95e-003  1.47e-003  4.18e-004  
5.27451e+016 1.68e-014  1.47e-049  3.25e-070  1.14e-007  8.47e-001  6.62e-002  6.62e-002  1.05e-002  7.88e-003  1.47e-003  3.65e-004  
5.29668e+016 2.11e-014  5.07e-055  1.96e-077  1.15e-009  8.48e-001  6.59e-002  6.59e-002  1.04e-002  7.87e-003  1.46e-003  3.18e-004  
5.31993e+016 2.63e-014  3.77e-061  0.00e+000  2.24e-012  8.48e-001  6.61e-002  6.61e-002  1.05e-002  7.87e-003  1.46e-003  2.79e-004  
5.34440e+016 3.26e-014  2.90e-062  0.00e+000  8.56e-016  8.47e-001  6.63e-002  6.63e-002  1.05e-002  7.92e-003  1.47e-003  2.45e-004  
5.36995e+016 4.00e-014  3.50e-071  0.00e+000  7.47e-019  8.47e-001  6.65e-002  6.65e-002  1.05e-002  7.94e-003  1.47e-003  2.16e-004  
5.39765e+016 4.90e-014  1.23e-078  0.00e+000  7.31e-023  8.46e-001  6.70e-002  6.70e-002  1.06e-002  8.01e-003  1.49e-003  1.90e-004  
5.42627e+016 5.91e-014  6.36e-080  0.00e+000  1.94e-027  8.44e-001  6.78e-002  6.78e-002  1.08e-002  8.10e-003  1.50e-003  1.69e-004  
5.45738e+016 7.13e-014  0.00e+000  0.00e+000  3.97e-032  8.41e-001  6.89e-002  6.89e-002  1.09e-002  8.22e-003  1.53e-003  1.50e-004  
5.49079e+016 8.52e-014  0.00e+000  0.00e+000  1.00e-037  8.38e-001  7.03e-002  7.03e-002  1.11e-002  8.39e-003  1.56e-003  1.34e-004  
5.52575e+016 1.01e-013  0.00e+000  0.00e+000  2.54e-043  8.34e-001  7.20e-002  7.20e-002  1.14e-002  8.60e-003  1.60e-003  1.20e-004  
5.56155e+016 1.17e-013  0.00e+000  0.00e+000  1.11e-049  8.29e-001  7.41e-002  7.41e-002  1.17e-002  8.82e-003  1.64e-003  1.09e-004  
5.59918e+016 1.35e-013  0.00e+000  0.00e+000  3.67e-056  8.24e-001  7.65e-002  7.65e-002  1.21e-002  9.13e-003  1.69e-003  9.95e-005  
5.63913e+016 1.53e-013  0.00e+000  0.00e+000  1.81e-062  8.18e-001  7.92e-002  7.92e-002  1.26e-002  9.49e-003  1.76e-003  9.16e-005  
5.68226e+016 1.72e-013  0.00e+000  0.00e+000  7.10e-076  8.09e-001  8.32e-002  8.32e-002  1.31e-002  9.95e-003  1.84e-003  8.55e-005  
5.72780e+016 1.91e-013  0.00e+000  0.00e+000  2.87e-077  7.99e-001  8.72e-002  8.72e-002  1.38e-002  1.04e-002  1.93e-003  7.99e-005  
5.77650e+016 2.11e-013  0.00e+000  0.00e+000  0.00e+000  7.88e-001  9.21e-002  9.21e-002  1.46e-002  1.10e-002  2.04e-003  7.55e-005  
5.82707e+016 2.29e-013  0.00e+000  0.00e+000  0.00e+000  7.76e-001  9.72e-002  9.72e-002  1.54e-002  1.16e-002  2.16e-003  7.19e-005  
5.88124e+016 2.47e-013  0.00e+000  0.00e+000  0.00e+000  7.62e-001  1.03e-001  1.03e-001  1.64e-002  1.24e-002  2.29e-003  6.93e-005  
5.93801e+016 2.63e-013  0.00e+000  0.00e+000  0.00e+000  7.47e-001  1.10e-001  1.10e-001  1.74e-002  1.32e-002  2.44e-003  6.74e-005  
5.99878e+016 2.76e-013  0.00e+000  0.00e+000  0.00e+000  7.28e-001  1.18e-001  1.18e-001  1.87e-002  1.41e-002  2.62e-003  6.63e-005  
6.06254e+016 2.89e-013  0.00e+000  0.00e+000  0.00e+000  7.10e-001  1.26e-001  1.26e-001  1.99e-002  1.51e-002  2.79e-003  6.55e-005  
6.12860e+016 2.98e-013  0.00e+000  0.00e+000  0.00e+000  6.89e-001  1.35e-001  1.35e-001  2.14e-002  1.62e-002  3.00e-003  6.55e-005  
6.19772e+016 3.06e-013  0.00e+000  0.00e+000  0.00e+000  6.67e-001  1.45e-001  1.45e-001  2.29e-002  1.72e-002  3.20e-003  6.58e-005  
6.27006e+016 3.12e-013  0.00e+000  0.00e+000  0.00e+000  6.45e-001  1.54e-001  1.54e-001  2.44e-002  1.84e-002  3.43e-003  6.61e-005  
6.34752e+016 3.15e-013  0.00e+000  0.00e+000  0.00e+000  6.19e-001  1.65e-001  1.65e-001  2.62e-002  1.98e-002  3.68e-003  6.73e-005  
6.43223e+016 3.17e-013  0.00e+000  0.00e+000  0.00e+000  5.91e-001  1.78e-001  1.78e-001  2.82e-002  2.12e-002  3.95e-003  6.89e-005  
6.52408e+016 3.17e-013  0.00e+000  0.00e+000  0.00e+000  5.61e-001  1.91e-001  1.91e-001  3.02e-002  2.28e-002  4.22e-003  7.03e-005  
6.62440e+016 3.15e-013  0.00e+000  0.00e+000  0.00e+000  5.27e-001  2.06e-001  2.06e-001  3.24e-002  2.45e-002  4.54e-003  7.27e-005  
6.73219e+016 3.11e-013  0.00e+000  0.00e+000  0.00e+000  4.92e-001  2.21e-001  2.21e-001  3.50e-002  2.64e-002  4.88e-003  7.52e-005  
6.84641e+016 3.06e-013  0.00e+000  0.00e+000  0.00e+000  4.54e-001  2.37e-001  2.37e-001  3.76e-002  2.83e-002  5.26e-003  7.80e-005  
6.96945e+016 3.00e-013  0.00e+000  0.00e+000  0.00e+000  4.14e-001  2.55e-001  2.55e-001  4.04e-002  3.04e-002  5.64e-003  8.14e-005  
7.10391e+016 2.92e-013  0.00e+000  0.00e+000  0.00e+000  3.70e-001  2.74e-001  2.74e-001  4.35e-002  3.27e-002  6.06e-003  8.50e-005  
7.25155e+016 2.84e-013  0.00e+000  0.00e+000  0.00e+000  3.26e-001  2.93e-001  2.93e-001  4.65e-002  3.50e-002  6.48e-003  8.84e-005  
7.42223e+016 2.75e-013  0.00e+000  0.00e+000  0.00e+000  2.78e-001  3.14e-001  3.14e-001  4.97e-002  3.74e-002  6.97e-003  9.22e-005  
7.63108e+016 2.66e-013  0.00e+000  0.00e+000  0.00e+000  2.24e-001  3.37e-001  3.37e-001  5.34e-002  4.03e-002  7.49e-003  9.63e-005  
7.86896e+016 2.57e-013  0.00e+000  0.00e+000  0.00e+000  1.73e-001  3.60e-001  3.60e-001  5.69e-002  4.28e-002  7.98e-003  1.00e-004  
8.18150e+016 2.48e-013  0.00e+000  0.00e+000  0.00e+000  1.19e-001  3.83e-001  3.83e-001  6.08e-002  4.59e-002  8.49e-003  1.03e-004  
8.55776e+016 2.41e-013  0.00e+000  0.00e+000  0.00e+000  7.41e-002  4.03e-001  4.03e-001  6.38e-002  4.80e-002  8.90e-003  1.06e-004  
9.00548e+016 2.37e-013  0.00e+000  0.00e+000  0.00e+000  4.13e-002  4.17e-001  4.17e-001  6.59e-002  4.98e-002  9.25e-003  1.06e-004  
9.53916e+016 2.34e-013  0.00e+000  0.00e+000  0.00e+000  2.03e-002  4.26e-001  4.26e-001  6.74e-002  5.08e-002  9.43e-003  1.05e-004  
1.01535e+017 2.32e-013  0.00e+000  0.00e+000  0.00e+000  9.08e-003  4.31e-001  4.31e-001  6.85e-002  5.17e-002  9.56e-003  1.03e-004  
1.09249e+017 2.33e-013  0.00e+000  0.00e+000  0.00e+000  3.53e-003  4.33e-001  4.33e-001  6.86e-002  5.15e-002  9.57e-003  1.00e-004  
1.19176e+017 2.33e-013  0.00e+000  0.00e+000  0.00e+000  1.34e-003  4.34e-001  4.34e-001  6.88e-002  5.16e-002  9.63e-003  9.80e-005  
1.32448e+017 2.33e-013  0.00e+000  0.00e+000  0.00e+000  6.54e-004  4.34e-001  4.34e-001  6.88e-002  5.20e-002  9.63e-003  9.55e-005  
