! 0       *H + *CH3O -> *H2CO + *H2
! 1       *H + *CH3O -> *CH3OH
! 2       *H + *CH3O -> CH3OH
! 3       *HCO + *CH3O -> *HCOOCH3
! 4       *CH3 + *CH3O -> *CH3OCH3
! 5       *HCO + *CH3O -> HCOOCH3
! 6       *CH3O + He -> CH3O + He
! 7       *CH3O + H2 -> CH3O + H2
! 8       *CH3 + *CH3O -> CH3OCH3
! 9       *CH3O + CO -> CH3O + CO
!            tot_rate   0          1          2          3          4          5          6          7          8          9          
1.58188e+013 1.17e-014  5.00e-001  4.95e-001  5.00e-003  2.10e-014  2.24e-011  2.12e-016  0.00e+000  0.00e+000  2.26e-013  0.00e+000  
3.50727e+014 1.17e-014  5.00e-001  4.95e-001  5.00e-003  2.10e-014  2.24e-011  2.12e-016  0.00e+000  0.00e+000  2.26e-013  0.00e+000  
5.21628e+015 1.17e-014  5.00e-001  4.95e-001  5.00e-003  2.10e-014  2.24e-011  2.12e-016  0.00e+000  0.00e+000  2.26e-013  0.00e+000  
2.67137e+016 1.18e-014  5.00e-001  4.95e-001  5.00e-003  2.12e-014  2.17e-011  2.14e-016  0.00e+000  0.00e+000  2.20e-013  0.00e+000  
3.33598e+016 1.16e-014  5.00e-001  4.95e-001  5.00e-003  4.01e-014  3.53e-011  4.05e-016  0.00e+000  0.00e+000  3.58e-013  0.00e+000  
3.42055e+016 9.36e-015  5.00e-001  4.95e-001  5.00e-003  1.06e-013  9.47e-011  1.07e-015  0.00e+000  0.00e+000  9.57e-013  5.14e-039  
3.44017e+016 8.70e-015  5.00e-001  4.95e-001  5.00e-003  1.52e-013  1.36e-010  1.53e-015  0.00e+000  0.00e+000  1.37e-012  3.30e-029  
3.46353e+016 7.86e-015  5.00e-001  4.95e-001  5.00e-003  2.62e-013  2.32e-010  2.65e-015  0.00e+000  0.00e+000  2.34e-012  4.36e-016  
3.48860e+016 6.91e-015  5.00e-001  4.95e-001  5.00e-003  5.67e-013  4.84e-010  5.73e-015  0.00e+000  0.00e+000  4.89e-012  3.99e-013  
3.51370e+016 5.92e-015  5.00e-001  4.95e-001  5.00e-003  1.57e-012  1.27e-009  1.59e-014  0.00e+000  0.00e+000  1.28e-011  9.78e-012  
3.53250e+016 5.16e-015  5.00e-001  4.95e-001  5.00e-003  4.05e-012  3.08e-009  4.09e-014  0.00e+000  0.00e+000  3.10e-011  4.44e-011  
3.55515e+016 4.22e-015  5.00e-001  4.95e-001  5.00e-003  1.74e-011  1.15e-008  1.76e-013  1.46e-064  0.00e+000  1.16e-010  1.91e-010  
3.57182e+016 3.57e-015  4.99e-001  4.96e-001  4.99e-003  6.39e-011  3.48e-008  6.47e-013  1.00e-045  0.00e+000  3.50e-010  5.05e-010  
3.58524e+016 3.07e-015  4.99e-001  4.96e-001  4.99e-003  2.14e-010  8.45e-008  2.16e-012  1.46e-035  0.00e+000  8.51e-010  1.10e-009  
3.60047e+016 2.54e-015  4.99e-001  4.96e-001  4.99e-003  9.95e-010  1.93e-007  1.01e-011  1.56e-022  7.20e-078  1.95e-009  1.67e-009  
3.61718e+016 2.02e-015  5.00e-001  4.95e-001  5.00e-003  6.88e-009  3.45e-007  6.93e-011  8.46e-014  2.08e-049  3.48e-009  2.79e-009  
3.62899e+016 1.71e-015  5.00e-001  4.95e-001  5.00e-003  3.00e-008  4.46e-007  3.03e-010  5.58e-010  1.92e-040  4.50e-009  4.21e-009  
3.63893e+016 1.48e-015  5.00e-001  4.95e-001  5.00e-003  1.12e-007  5.35e-007  1.13e-009  8.68e-009  3.82e-027  5.41e-009  6.24e-009  
3.64972e+016 1.25e-015  5.00e-001  4.95e-001  5.00e-003  4.81e-007  6.47e-007  4.86e-009  9.42e-008  4.43e-016  6.53e-009  1.01e-008  
3.66124e+016 1.05e-015  5.00e-001  4.95e-001  5.00e-003  2.38e-006  1.09e-006  2.40e-008  4.29e-007  2.35e-011  1.09e-008  1.76e-008  
3.67348e+016 8.82e-016  5.00e-001  4.95e-001  5.00e-003  1.42e-005  0.00e+000  1.44e-007  1.68e-006  1.08e-008  0.00e+000  3.40e-008  
3.68621e+016 7.91e-016  4.99e-001  4.96e-001  4.99e-003  1.26e-004  1.09e-006  1.28e-006  5.30e-006  3.97e-007  1.10e-008  6.81e-008  
3.69700e+016 7.19e-016  4.99e-001  4.95e-001  4.99e-003  7.88e-004  1.21e-006  7.97e-006  1.33e-005  2.04e-006  1.23e-008  1.34e-007  
3.70376e+016 6.74e-016  4.98e-001  4.94e-001  4.98e-003  2.45e-003  1.29e-006  2.48e-005  2.33e-005  4.70e-006  1.31e-008  2.15e-007  
3.71087e+016 6.39e-016  4.96e-001  4.91e-001  4.96e-003  7.56e-003  1.34e-006  7.62e-005  4.02e-005  1.04e-005  1.36e-008  3.61e-007  
3.71826e+016 6.16e-016  4.89e-001  4.84e-001  4.89e-003  2.26e-002  1.33e-006  2.29e-004  6.90e-005  2.11e-005  1.35e-008  6.36e-007  
3.72589e+016 6.13e-016  4.68e-001  4.65e-001  4.68e-003  6.15e-002  1.21e-006  6.21e-004  1.13e-004  4.00e-005  1.22e-008  1.13e-006  
3.73370e+016 6.34e-016  4.29e-001  4.24e-001  4.29e-003  1.40e-001  9.58e-007  1.42e-003  1.72e-004  6.83e-005  9.67e-009  1.92e-006  
3.74165e+016 6.77e-016  3.70e-001  3.68e-001  3.70e-003  2.55e-001  6.55e-007  2.57e-003  2.38e-004  1.07e-004  6.63e-009  3.08e-006  
3.74829e+016 7.22e-016  3.21e-001  3.18e-001  3.21e-003  3.53e-001  4.65e-007  3.56e-003  3.03e-004  1.45e-004  4.69e-009  4.29e-006  
3.75505e+016 7.55e-016  2.84e-001  2.81e-001  2.84e-003  4.28e-001  4.04e-007  4.32e-003  3.84e-004  2.05e-004  4.08e-009  5.90e-006  
3.76194e+016 7.27e-016  2.64e-001  2.61e-001  2.64e-003  4.66e-001  6.07e-007  4.72e-003  5.38e-004  3.03e-004  6.14e-009  8.49e-006  
3.76839e+016 6.07e-016  2.92e-001  2.88e-001  2.92e-003  4.12e-001  2.12e-006  4.15e-003  9.17e-004  5.65e-004  2.14e-008  1.50e-005  
3.76854e+016 6.03e-016  2.93e-001  2.90e-001  2.93e-003  4.08e-001  2.22e-006  4.11e-003  9.35e-004  5.75e-004  2.24e-008  1.53e-005  
3.76877e+016 5.97e-016  2.96e-001  2.93e-001  2.96e-003  4.02e-001  2.39e-006  4.05e-003  9.61e-004  5.93e-004  2.41e-008  1.57e-005  
3.76917e+016 5.85e-016  3.03e-001  2.99e-001  3.03e-003  3.90e-001  2.73e-006  3.95e-003  1.01e-003  6.26e-004  2.75e-008  1.66e-005  
3.76980e+016 5.64e-016  3.12e-001  3.09e-001  3.12e-003  3.71e-001  3.44e-006  3.74e-003  1.11e-003  6.88e-004  3.48e-008  1.83e-005  
3.77083e+016 5.28e-016  3.32e-001  3.28e-001  3.32e-003  3.32e-001  5.29e-006  3.35e-003  1.29e-003  8.07e-004  5.34e-008  2.14e-005  
3.77248e+016 4.53e-016  3.73e-001  3.71e-001  3.73e-003  2.47e-001  1.32e-005  2.49e-003  1.75e-003  1.10e-003  1.34e-007  2.94e-005  
3.77450e+016 2.99e-016  4.41e-001  4.38e-001  4.41e-003  1.11e-001  8.88e-005  1.12e-003  3.09e-003  1.99e-003  8.98e-007  5.24e-005  
3.77655e+016 2.98e-017  4.73e-001  4.67e-001  4.73e-003  9.10e-003  1.32e-002  9.20e-005  1.94e-002  1.29e-002  1.33e-004  3.25e-004  
3.77936e+016 1.14e-018  4.76e-001  4.71e-001  4.76e-003  1.12e-004  8.11e-004  1.13e-006  2.77e-002  1.88e-002  8.20e-006  4.49e-004  
3.78016e+016 7.31e-019  4.73e-001  4.69e-001  4.73e-003  6.98e-005  5.23e-004  7.04e-007  3.06e-002  2.11e-002  5.28e-006  4.95e-004  
3.78111e+016 5.18e-019  4.71e-001  4.65e-001  4.71e-003  4.25e-005  3.72e-004  4.28e-007  3.45e-002  2.39e-002  3.74e-006  5.52e-004  
3.78273e+016 3.87e-019  4.63e-001  4.60e-001  4.63e-003  2.14e-005  2.82e-004  2.17e-007  4.19e-002  2.92e-002  2.84e-006  6.57e-004  
3.78530e+016 3.27e-019  4.52e-001  4.46e-001  4.52e-003  1.74e-005  2.50e-004  1.76e-007  5.62e-002  3.97e-002  2.52e-006  8.59e-004  
3.78818e+016 3.13e-019  4.34e-001  4.31e-001  4.34e-003  2.62e-005  2.52e-004  2.64e-007  7.53e-002  5.45e-002  2.55e-006  1.12e-003  
3.79076e+016 3.09e-019  4.15e-001  4.11e-001  4.15e-003  3.89e-005  2.74e-004  3.92e-007  9.62e-002  7.19e-002  2.77e-006  1.41e-003  
3.79253e+016 3.14e-019  4.04e-001  4.01e-001  4.04e-003  4.80e-005  2.90e-004  4.83e-007  1.08e-001  8.17e-002  2.94e-006  1.56e-003  
3.79502e+016 3.28e-019  3.87e-001  3.84e-001  3.87e-003  6.39e-005  3.26e-004  6.46e-007  1.26e-001  9.71e-002  3.29e-006  1.79e-003  
3.79755e+016 3.52e-019  3.69e-001  3.66e-001  3.69e-003  8.43e-005  3.78e-004  8.52e-007  1.46e-001  1.13e-001  3.80e-006  2.02e-003  
3.79897e+016 3.71e-019  3.59e-001  3.56e-001  3.59e-003  9.80e-005  4.18e-004  9.90e-007  1.56e-001  1.22e-001  4.21e-006  2.15e-003  
3.79918e+016 3.75e-019  3.58e-001  3.55e-001  3.58e-003  1.00e-004  4.25e-004  1.01e-006  1.58e-001  1.23e-001  4.27e-006  2.17e-003  
3.79956e+016 3.80e-019  3.55e-001  3.52e-001  3.55e-003  1.04e-004  4.36e-004  1.05e-006  1.60e-001  1.26e-001  4.39e-006  2.20e-003  
3.80017e+016 3.90e-019  3.51e-001  3.46e-001  3.51e-003  1.11e-004  4.59e-004  1.12e-006  1.65e-001  1.31e-001  4.64e-006  2.26e-003  
3.80129e+016 4.10e-019  3.42e-001  3.39e-001  3.42e-003  1.25e-004  5.05e-004  1.26e-006  1.74e-001  1.39e-001  5.10e-006  2.36e-003  
3.80319e+016 4.52e-019  3.27e-001  3.25e-001  3.27e-003  1.53e-004  6.10e-004  1.55e-006  1.88e-001  1.53e-001  6.17e-006  2.54e-003  
3.80578e+016 5.28e-019  3.09e-001  3.05e-001  3.09e-003  2.01e-004  8.22e-004  2.03e-006  2.08e-001  1.72e-001  8.29e-006  2.76e-003  
3.80629e+016 5.47e-019  3.05e-001  3.01e-001  3.05e-003  2.10e-004  8.73e-004  2.12e-006  2.12e-001  1.75e-001  8.82e-006  2.80e-003  
3.80713e+016 5.79e-019  2.99e-001  2.95e-001  2.99e-003  2.30e-004  9.77e-004  2.33e-006  2.18e-001  1.81e-001  9.86e-006  2.87e-003  
3.80859e+016 6.44e-019  2.89e-001  2.86e-001  2.89e-003  2.67e-004  1.20e-003  2.70e-006  2.28e-001  1.90e-001  1.21e-005  2.98e-003  
3.81083e+016 7.72e-019  2.73e-001  2.69e-001  2.73e-003  3.38e-004  1.70e-003  3.41e-006  2.43e-001  2.06e-001  1.71e-005  3.13e-003  
3.81265e+016 9.15e-019  2.60e-001  2.58e-001  2.60e-003  4.11e-004  2.35e-003  4.15e-006  2.55e-001  2.19e-001  2.37e-005  3.27e-003  
3.81480e+016 1.16e-018  2.46e-001  2.44e-001  2.46e-003  5.19e-004  3.66e-003  5.24e-006  2.67e-001  2.33e-001  3.70e-005  3.40e-003  
3.81769e+016 1.76e-018  2.29e-001  2.26e-001  2.29e-003  7.09e-004  7.66e-003  7.15e-006  2.83e-001  2.48e-001  7.77e-005  3.55e-003  
3.81836e+016 1.98e-018  2.25e-001  2.23e-001  2.25e-003  7.62e-004  9.39e-003  7.67e-006  2.86e-001  2.51e-001  9.49e-005  3.58e-003  
3.81952e+016 2.48e-018  2.18e-001  2.16e-001  2.18e-003  8.60e-004  1.37e-002  8.68e-006  2.91e-001  2.55e-001  1.38e-004  3.62e-003  
3.82149e+016 3.77e-018  2.05e-001  2.02e-001  2.05e-003  1.04e-003  2.79e-002  1.05e-005  2.95e-001  2.64e-001  2.81e-004  3.64e-003  
3.82433e+016 7.21e-018  1.79e-001  1.78e-001  1.79e-003  1.28e-003  8.53e-002  1.29e-005  2.89e-001  2.62e-001  8.61e-004  3.54e-003  
3.82740e+016 1.26e-017  1.33e-001  1.31e-001  1.33e-003  1.22e-003  2.65e-001  1.23e-005  2.41e-001  2.22e-001  2.68e-003  2.93e-003  
3.83054e+016 1.46e-017  6.89e-002  6.83e-002  6.89e-004  6.05e-004  5.82e-001  6.12e-006  1.41e-001  1.30e-001  5.88e-003  1.69e-003  
3.83376e+016 7.27e-018  3.38e-002  3.34e-002  3.38e-004  2.26e-004  7.73e-001  2.27e-006  7.74e-002  7.30e-002  7.80e-003  9.22e-004  
3.83751e+016 1.48e-018  2.25e-002  2.23e-002  2.25e-004  1.39e-004  8.31e-001  1.40e-006  5.85e-002  5.62e-002  8.38e-003  6.89e-004  
3.84132e+016 2.90e-019  1.92e-002  1.90e-002  1.92e-004  1.38e-004  8.41e-001  1.39e-006  5.65e-002  5.45e-002  8.48e-003  6.59e-004  
3.84531e+016 1.37e-019  1.70e-002  1.69e-002  1.70e-004  1.63e-004  8.45e-001  1.65e-006  5.65e-002  5.53e-002  8.52e-003  6.54e-004  
3.84962e+016 9.70e-020  1.42e-002  1.41e-002  1.42e-004  1.98e-004  8.58e-001  2.00e-006  5.23e-002  5.21e-002  8.66e-003  6.04e-004  
3.85449e+016 8.11e-020  1.13e-002  1.12e-002  1.13e-004  2.63e-004  8.75e-001  2.66e-006  4.62e-002  4.65e-002  8.84e-003  5.28e-004  
3.85990e+016 8.09e-020  9.17e-003  9.08e-003  9.17e-005  3.78e-004  8.88e-001  3.82e-006  4.18e-002  4.23e-002  8.96e-003  4.72e-004  
3.86597e+016 1.08e-019  7.44e-003  7.37e-003  7.44e-005  4.46e-004  8.99e-001  4.51e-006  3.73e-002  3.86e-002  9.09e-003  4.21e-004  
3.87288e+016 1.92e-019  5.89e-003  5.79e-003  5.89e-005  3.44e-004  9.13e-001  3.47e-006  3.20e-002  3.35e-002  9.23e-003  3.60e-004  
3.88139e+016 3.73e-019  4.79e-003  4.77e-003  4.79e-005  1.46e-004  9.24e-001  1.48e-006  2.76e-002  2.89e-002  9.35e-003  3.08e-004  
3.89093e+016 6.95e-019  4.50e-003  4.44e-003  4.50e-005  2.85e-005  9.29e-001  2.88e-007  2.54e-002  2.70e-002  9.39e-003  2.82e-004  
3.90068e+016 1.16e-018  4.90e-003  4.85e-003  4.90e-005  2.45e-006  9.28e-001  2.47e-008  2.54e-002  2.75e-002  9.36e-003  2.82e-004  
3.91088e+016 1.79e-018  6.04e-003  5.98e-003  6.04e-005  4.49e-007  9.22e-001  4.54e-009  2.68e-002  2.91e-002  9.34e-003  2.96e-004  
3.92181e+016 2.56e-018  8.20e-003  8.12e-003  8.20e-005  5.50e-007  9.13e-001  5.58e-009  2.90e-002  3.17e-002  9.25e-003  3.21e-004  
3.93325e+016 3.42e-018  1.17e-002  1.16e-002  1.17e-004  7.08e-007  9.01e-001  7.14e-009  3.16e-002  3.45e-002  9.10e-003  3.48e-004  
3.94519e+016 4.25e-018  1.70e-002  1.68e-002  1.70e-004  8.34e-007  8.86e-001  8.43e-009  3.42e-002  3.70e-002  8.95e-003  3.77e-004  
3.95803e+016 4.98e-018  2.43e-002  2.41e-002  2.43e-004  8.94e-007  8.68e-001  9.04e-009  3.58e-002  3.88e-002  8.76e-003  3.96e-004  
3.97190e+016 5.50e-018  3.36e-002  3.33e-002  3.36e-004  8.60e-007  8.49e-001  8.69e-009  3.60e-002  3.91e-002  8.58e-003  4.02e-004  
3.98699e+016 5.77e-018  4.45e-002  4.40e-002  4.45e-004  7.35e-007  8.30e-001  7.42e-009  3.47e-002  3.74e-002  8.39e-003  3.90e-004  
4.00514e+016 5.72e-018  5.74e-002  5.68e-002  5.74e-004  5.42e-007  8.11e-001  5.49e-009  3.15e-002  3.38e-002  8.20e-003  3.60e-004  
4.02549e+016 5.35e-018  7.06e-002  7.01e-002  7.06e-004  3.51e-007  7.94e-001  3.55e-009  2.73e-002  2.88e-002  8.02e-003  3.18e-004  
4.04761e+016 4.74e-018  8.44e-002  8.36e-002  8.44e-004  2.07e-007  7.77e-001  2.10e-009  2.28e-002  2.34e-002  7.85e-003  2.70e-004  
4.07070e+016 4.04e-018  9.91e-002  9.81e-002  9.91e-004  1.17e-007  7.57e-001  1.18e-009  1.87e-002  1.86e-002  7.64e-003  2.28e-004  
4.09451e+016 3.34e-018  1.18e-001  1.17e-001  1.18e-003  6.43e-008  7.27e-001  6.49e-010  1.53e-002  1.48e-002  7.36e-003  1.91e-004  
4.11988e+016 2.69e-018  1.43e-001  1.41e-001  1.43e-003  3.43e-008  6.84e-001  3.46e-010  1.23e-002  1.16e-002  6.87e-003  1.60e-004  
4.14624e+016 2.12e-018  1.78e-001  1.76e-001  1.78e-003  1.84e-008  6.19e-001  1.86e-010  9.88e-003  8.98e-003  6.24e-003  1.34e-004  
4.17462e+016 1.60e-018  2.29e-001  2.27e-001  2.29e-003  9.66e-009  5.22e-001  9.72e-011  7.73e-003  6.67e-003  5.27e-003  1.10e-004  
4.20512e+016 1.12e-018  3.01e-001  2.98e-001  3.01e-003  5.02e-009  3.83e-001  5.08e-011  5.71e-003  4.72e-003  3.88e-003  8.69e-005  
4.23867e+016 6.34e-019  3.86e-001  3.83e-001  3.86e-003  2.63e-009  2.18e-001  2.67e-011  3.75e-003  2.92e-003  2.19e-003  6.15e-005  
4.27356e+016 2.73e-019  4.54e-001  4.51e-001  4.54e-003  1.46e-009  8.58e-002  1.48e-011  2.08e-003  1.51e-003  8.69e-004  3.74e-005  
4.30994e+016 1.04e-019  4.88e-001  4.83e-001  4.88e-003  8.45e-010  2.30e-002  8.54e-012  9.56e-004  6.50e-004  2.33e-004  1.93e-005  
4.34671e+016 2.81e-020  4.99e-001  4.92e-001  4.99e-003  3.60e-010  3.64e-003  3.64e-012  3.31e-004  2.08e-004  3.67e-005  7.56e-006  
4.38104e+016 5.41e-021  4.99e-001  4.95e-001  4.99e-003  1.39e-010  4.95e-004  1.40e-012  1.05e-004  6.21e-005  5.01e-006  2.75e-006  
4.41007e+016 1.29e-021  5.00e-001  4.95e-001  5.00e-003  6.00e-011  8.59e-005  6.06e-013  3.78e-005  2.09e-005  8.66e-007  1.12e-006  
4.42181e+016 1.02e-021  5.00e-001  4.95e-001  5.00e-003  4.26e-011  4.21e-005  4.30e-013  2.46e-005  1.33e-005  4.25e-007  7.72e-007  
4.42811e+016 1.14e-021  5.00e-001  4.95e-001  5.00e-003  3.55e-011  2.88e-005  3.58e-013  1.96e-005  1.05e-005  2.90e-007  6.35e-007  
4.43809e+016 1.83e-021  5.00e-001  4.95e-001  5.00e-003  2.62e-011  1.54e-005  2.64e-013  1.34e-005  7.10e-006  1.56e-007  4.59e-007  
4.45030e+016 4.30e-021  5.00e-001  4.95e-001  5.00e-003  1.83e-011  7.32e-006  1.85e-013  8.60e-006  4.39e-006  7.39e-008  3.12e-007  
4.45401e+016 5.76e-021  5.00e-001  4.95e-001  5.00e-003  1.64e-011  5.80e-006  1.65e-013  7.47e-006  3.79e-006  5.85e-008  2.76e-007  
4.45998e+016 9.15e-021  5.00e-001  4.95e-001  5.00e-003  1.38e-011  4.06e-006  1.40e-013  6.02e-006  3.00e-006  4.09e-008  2.30e-007  
4.46779e+016 1.67e-020  5.00e-001  4.95e-001  5.00e-003  1.11e-011  2.57e-006  1.12e-013  4.57e-006  2.22e-006  2.60e-008  1.80e-007  
4.48006e+016 4.18e-020  5.00e-001  4.95e-001  5.00e-003  8.11e-012  1.31e-006  8.20e-014  2.99e-006  1.43e-006  1.33e-008  1.27e-007  
4.48529e+016 6.21e-020  5.01e-001  4.94e-001  5.01e-003  7.08e-012  9.82e-007  7.16e-014  2.51e-006  1.16e-006  9.92e-009  1.09e-007  
4.48834e+016 7.73e-020  4.99e-001  4.96e-001  4.99e-003  6.59e-012  8.40e-007  6.65e-014  2.26e-006  1.05e-006  8.49e-009  1.01e-007  
4.49346e+016 1.09e-019  5.00e-001  4.95e-001  5.00e-003  5.89e-012  6.61e-007  5.94e-014  1.93e-006  8.94e-007  6.68e-009  8.84e-008  
4.49870e+016 1.52e-019  5.00e-001  4.95e-001  5.00e-003  5.31e-012  5.26e-007  5.36e-014  1.66e-006  7.62e-007  5.31e-009  7.82e-008  
4.50684e+016 2.50e-019  4.99e-001  4.96e-001  4.99e-003  4.60e-012  3.79e-007  4.64e-014  1.32e-006  5.99e-007  3.82e-009  6.55e-008  
4.51867e+016 4.84e-019  5.00e-001  4.95e-001  5.00e-003  3.84e-012  2.48e-007  3.88e-014  9.89e-007  4.29e-007  2.52e-009  5.22e-008  
4.51946e+016 5.20e-019  5.00e-001  4.95e-001  5.00e-003  3.73e-012  2.35e-007  3.75e-014  9.49e-007  4.12e-007  2.37e-009  5.12e-008  
4.52061e+016 5.62e-019  5.00e-001  4.95e-001  5.00e-003  3.65e-012  2.24e-007  3.68e-014  9.17e-007  3.97e-007  2.26e-009  4.98e-008  
4.52265e+016 6.20e-019  5.00e-001  4.95e-001  5.00e-003  3.56e-012  2.11e-007  3.60e-014  8.81e-007  3.77e-007  2.13e-009  4.84e-008  
4.52632e+016 7.42e-019  5.00e-001  4.95e-001  5.00e-003  3.40e-012  1.90e-007  3.44e-014  8.14e-007  3.45e-007  1.91e-009  4.54e-008  
4.53239e+016 9.92e-019  5.00e-001  4.95e-001  5.00e-003  3.20e-012  1.61e-007  3.23e-014  7.18e-007  2.96e-007  1.62e-009  4.13e-008  
4.54167e+016 1.51e-018  5.00e-001  4.95e-001  5.00e-003  2.93e-012  1.29e-007  2.96e-014  5.96e-007  2.42e-007  1.30e-009  3.62e-008  
4.55446e+016 2.64e-018  4.99e-001  4.96e-001  4.99e-003  2.61e-012  9.46e-008  2.63e-014  4.62e-007  1.83e-007  9.57e-010  3.05e-008  
4.55658e+016 2.89e-018  5.01e-001  4.94e-001  5.01e-003  2.56e-012  8.98e-008  2.58e-014  4.42e-007  1.74e-007  9.09e-010  2.97e-008  
4.55697e+016 2.98e-018  4.99e-001  4.96e-001  4.99e-003  2.52e-012  8.74e-008  2.54e-014  4.36e-007  1.67e-007  8.81e-010  2.95e-008  
4.55761e+016 3.10e-018  5.01e-001  4.94e-001  5.01e-003  2.50e-012  8.59e-008  2.53e-014  4.33e-007  1.63e-007  8.66e-010  2.93e-008  
4.55871e+016 3.24e-018  5.01e-001  4.94e-001  5.01e-003  2.48e-012  8.40e-008  2.51e-014  4.23e-007  1.60e-007  8.50e-010  2.89e-008  
4.56066e+016 3.50e-018  5.00e-001  4.95e-001  5.00e-003  2.45e-012  8.09e-008  2.48e-014  4.09e-007  1.54e-007  8.18e-010  2.82e-008  
4.56410e+016 4.00e-018  5.00e-001  4.95e-001  5.00e-003  2.40e-012  7.62e-008  2.43e-014  3.82e-007  1.45e-007  7.70e-010  2.70e-008  
4.56849e+016 4.75e-018  5.01e-001  4.94e-001  5.01e-003  2.36e-012  7.07e-008  2.40e-014  3.51e-007  1.34e-007  7.13e-010  2.59e-008  
4.57241e+016 5.53e-018  4.99e-001  4.96e-001  4.99e-003  2.32e-012  6.57e-008  2.33e-014  3.29e-007  1.24e-007  6.64e-010  2.48e-008  
4.57850e+016 6.94e-018  5.00e-001  4.95e-001  5.00e-003  2.22e-012  5.86e-008  2.25e-014  2.98e-007  1.09e-007  5.92e-010  2.32e-008  
4.58802e+016 9.96e-018  5.00e-001  4.95e-001  5.00e-003  2.12e-012  4.95e-008  2.14e-014  2.53e-007  8.86e-008  5.00e-010  2.09e-008  
4.59720e+016 1.40e-017  5.00e-001  4.95e-001  5.00e-003  2.04e-012  4.24e-008  2.06e-014  2.15e-007  7.30e-008  4.28e-010  1.90e-008  
4.59734e+016 1.41e-017  5.00e-001  4.95e-001  5.00e-003  2.03e-012  4.20e-008  2.05e-014  2.15e-007  7.18e-008  4.24e-010  1.90e-008  
4.59759e+016 1.43e-017  5.00e-001  4.95e-001  5.00e-003  1.99e-012  4.10e-008  2.01e-014  2.10e-007  7.05e-008  4.14e-010  1.89e-008  
4.59802e+016 1.48e-017  5.00e-001  4.95e-001  5.00e-003  1.99e-012  4.04e-008  2.01e-014  2.07e-007  6.91e-008  4.08e-010  1.88e-008  
4.59873e+016 1.52e-017  5.00e-001  4.95e-001  5.00e-003  1.98e-012  3.99e-008  2.00e-014  2.05e-007  6.83e-008  4.04e-010  1.87e-008  
4.59993e+016 1.59e-017  5.00e-001  4.95e-001  5.00e-003  1.97e-012  3.92e-008  1.99e-014  2.01e-007  6.67e-008  3.96e-010  1.85e-008  
4.60196e+016 1.71e-017  5.00e-001  4.95e-001  5.00e-003  1.95e-012  3.80e-008  1.98e-014  1.95e-007  6.39e-008  3.83e-010  1.81e-008  
4.60580e+016 1.95e-017  5.00e-001  4.95e-001  5.00e-003  1.93e-012  3.58e-008  1.95e-014  1.83e-007  5.90e-008  3.62e-010  1.74e-008  
4.61139e+016 2.36e-017  5.00e-001  4.95e-001  5.00e-003  1.89e-012  3.29e-008  1.91e-014  1.66e-007  5.29e-008  3.32e-010  1.64e-008  
4.61801e+016 2.95e-017  5.01e-001  4.94e-001  5.01e-003  1.85e-012  2.98e-008  1.87e-014  1.49e-007  4.70e-008  3.01e-010  1.54e-008  
4.62829e+016 4.22e-017  5.00e-001  4.95e-001  5.00e-003  1.78e-012  2.51e-008  1.80e-014  1.23e-007  3.81e-008  2.53e-010  1.39e-008  
4.63958e+016 6.16e-017  5.00e-001  4.95e-001  5.00e-003  1.70e-012  2.09e-008  1.72e-014  1.01e-007  2.94e-008  2.11e-010  1.24e-008  
4.64165e+016 6.60e-017  5.00e-001  4.95e-001  5.00e-003  1.68e-012  2.03e-008  1.70e-014  9.74e-008  2.79e-008  2.04e-010  1.21e-008  
4.64187e+016 6.68e-017  5.00e-001  4.95e-001  5.00e-003  1.66e-012  1.98e-008  1.68e-014  9.55e-008  2.72e-008  2.00e-010  1.21e-008  
4.64224e+016 6.83e-017  5.00e-001  4.95e-001  5.00e-003  1.65e-012  1.93e-008  1.67e-014  9.47e-008  2.62e-008  1.96e-010  1.20e-008  
4.64286e+016 7.05e-017  5.00e-001  4.95e-001  5.00e-003  1.65e-012  1.92e-008  1.66e-014  9.35e-008  2.55e-008  1.93e-010  1.20e-008  
4.64396e+016 7.34e-017  5.00e-001  4.95e-001  5.00e-003  1.65e-012  1.88e-008  1.66e-014  9.16e-008  2.49e-008  1.91e-010  1.18e-008  
4.64596e+016 7.84e-017  5.00e-001  4.95e-001  5.00e-003  1.65e-012  1.84e-008  1.66e-014  8.81e-008  2.41e-008  1.85e-010  1.16e-008  
4.64933e+016 8.75e-017  5.00e-001  4.95e-001  5.00e-003  1.63e-012  1.75e-008  1.64e-014  8.28e-008  2.24e-008  1.76e-010  1.12e-008  
4.65501e+016 1.04e-016  5.00e-001  4.95e-001  5.00e-003  1.59e-012  1.61e-008  1.61e-014  7.57e-008  1.98e-008  1.62e-010  1.06e-008  
4.66259e+016 1.32e-016  5.00e-001  4.95e-001  5.00e-003  1.55e-012  1.43e-008  1.57e-014  6.63e-008  1.65e-008  1.44e-010  9.78e-009  
4.67450e+016 1.90e-016  5.00e-001  4.95e-001  5.00e-003  1.49e-012  1.19e-008  1.50e-014  5.32e-008  1.28e-008  1.20e-010  8.64e-009  
4.68726e+016 2.82e-016  4.99e-001  4.96e-001  4.99e-003  1.41e-012  9.56e-009  1.42e-014  4.07e-008  9.35e-009  9.67e-011  7.54e-009  
4.69009e+016 3.08e-016  5.01e-001  4.94e-001  5.01e-003  1.39e-012  9.14e-009  1.40e-014  3.84e-008  8.65e-009  9.23e-011  7.32e-009  
4.69024e+016 3.10e-016  5.01e-001  4.94e-001  5.01e-003  1.38e-012  9.05e-009  1.40e-014  3.81e-008  8.50e-009  9.14e-011  7.30e-009  
4.69048e+016 3.13e-016  4.99e-001  4.96e-001  4.99e-003  1.36e-012  8.89e-009  1.38e-014  3.81e-008  8.25e-009  8.99e-011  7.26e-009  
4.69090e+016 3.18e-016  5.01e-001  4.94e-001  5.01e-003  1.34e-012  8.69e-009  1.36e-014  3.78e-008  7.81e-009  8.78e-011  7.24e-009  
4.69160e+016 3.27e-016  4.99e-001  4.96e-001  4.99e-003  1.33e-012  8.51e-009  1.35e-014  3.70e-008  7.29e-009  8.57e-011  7.19e-009  
4.69279e+016 3.42e-016  5.00e-001  4.95e-001  5.00e-003  1.33e-012  8.31e-009  1.34e-014  3.60e-008  7.05e-009  8.40e-011  7.11e-009  
4.69476e+016 3.62e-016  5.00e-001  4.95e-001  5.00e-003  1.32e-012  8.10e-009  1.33e-014  3.45e-008  6.80e-009  8.18e-011  6.96e-009  
4.69806e+016 3.98e-016  5.00e-001  4.95e-001  5.00e-003  1.31e-012  7.71e-009  1.32e-014  3.24e-008  6.36e-009  7.79e-011  6.68e-009  
4.70337e+016 4.62e-016  5.00e-001  4.95e-001  5.00e-003  1.29e-012  7.14e-009  1.30e-014  2.90e-008  5.69e-009  7.20e-011  6.34e-009  
4.70622e+016 5.03e-016  4.99e-001  4.96e-001  4.99e-003  1.27e-012  6.83e-009  1.29e-014  2.73e-008  5.33e-009  6.89e-011  6.15e-009  
4.71061e+016 5.66e-016  5.00e-001  4.95e-001  5.00e-003  1.25e-012  6.38e-009  1.26e-014  2.53e-008  4.77e-009  6.43e-011  5.85e-009  
4.71746e+016 6.82e-016  5.00e-001  4.95e-001  5.00e-003  1.27e-012  5.96e-009  1.29e-014  2.21e-008  3.96e-009  6.02e-011  5.42e-009  
4.72860e+016 9.32e-016  5.00e-001  4.95e-001  5.00e-003  1.32e-012  5.31e-009  1.33e-014  1.75e-008  2.86e-009  5.36e-011  4.77e-009  
4.74240e+016 1.36e-015  5.00e-001  4.95e-001  5.00e-003  1.37e-012  4.56e-009  1.38e-014  1.28e-008  1.91e-009  4.60e-011  4.07e-009  
4.74305e+016 1.39e-015  5.00e-001  4.95e-001  5.00e-003  1.37e-012  4.52e-009  1.38e-014  1.26e-008  1.88e-009  4.56e-011  4.04e-009  
4.74313e+016 1.39e-015  5.00e-001  4.95e-001  5.00e-003  1.37e-012  4.52e-009  1.38e-014  1.26e-008  1.88e-009  4.56e-011  4.03e-009  
4.74348e+016 1.41e-015  5.00e-001  4.95e-001  5.00e-003  1.37e-012  4.48e-009  1.38e-014  1.24e-008  1.84e-009  4.53e-011  4.01e-009  
4.74406e+016 1.43e-015  5.00e-001  4.95e-001  5.00e-003  1.36e-012  4.41e-009  1.37e-014  1.22e-008  1.76e-009  4.46e-011  3.99e-009  
4.74503e+016 1.48e-015  5.00e-001  4.95e-001  5.00e-003  1.34e-012  4.29e-009  1.36e-014  1.18e-008  1.57e-009  4.34e-011  3.94e-009  
4.74676e+016 1.57e-015  5.00e-001  4.95e-001  5.00e-003  1.34e-012  4.13e-009  1.36e-014  1.12e-008  1.45e-009  4.17e-011  3.88e-009  
4.74972e+016 1.71e-015  5.00e-001  4.95e-001  5.00e-003  1.34e-012  3.96e-009  1.36e-014  1.04e-008  1.30e-009  4.00e-011  3.75e-009  
4.75283e+016 1.86e-015  5.00e-001  4.95e-001  5.00e-003  1.35e-012  3.83e-009  1.36e-014  9.72e-009  1.16e-009  3.87e-011  3.61e-009  
4.75365e+016 1.90e-015  5.00e-001  4.95e-001  5.00e-003  1.36e-012  3.80e-009  1.37e-014  9.51e-009  1.13e-009  3.84e-011  3.57e-009  
4.75556e+016 2.00e-015  5.00e-001  4.95e-001  5.00e-003  1.36e-012  3.73e-009  1.38e-014  9.15e-009  1.07e-009  3.76e-011  3.49e-009  
4.75856e+016 2.16e-015  5.00e-001  4.95e-001  5.00e-003  1.37e-012  3.62e-009  1.39e-014  8.52e-009  1.00e-009  3.66e-011  3.36e-009  
4.76342e+016 2.45e-015  5.02e-001  4.93e-001  5.02e-003  1.40e-012  3.45e-009  1.41e-014  7.58e-009  8.85e-010  3.49e-011  3.17e-009  
4.77120e+016 3.04e-015  5.01e-001  4.94e-001  5.01e-003  1.44e-012  3.18e-009  1.45e-014  6.10e-009  6.89e-010  3.21e-011  2.89e-009  
4.78339e+016 4.16e-015  5.00e-001  4.95e-001  5.00e-003  1.45e-012  2.74e-009  1.46e-014  4.61e-009  4.57e-010  2.76e-011  2.48e-009  
4.79819e+016 6.20e-015  5.00e-001  4.95e-001  5.00e-003  1.48e-012  2.27e-009  1.49e-014  3.10e-009  2.45e-010  2.29e-011  2.05e-009  
4.80101e+016 6.68e-015  5.00e-001  4.95e-001  5.00e-003  1.48e-012  2.18e-009  1.50e-014  2.87e-009  2.20e-010  2.21e-011  1.98e-009  
4.80156e+016 6.77e-015  5.00e-001  4.95e-001  5.00e-003  1.49e-012  2.18e-009  1.51e-014  2.83e-009  2.16e-010  2.20e-011  1.96e-009  
4.80288e+016 7.03e-015  5.00e-001  4.95e-001  5.00e-003  1.48e-012  2.14e-009  1.49e-014  2.73e-009  2.04e-010  2.16e-011  1.94e-009  
4.80511e+016 7.46e-015  5.00e-001  4.95e-001  5.00e-003  1.49e-012  2.08e-009  1.50e-014  2.56e-009  1.85e-010  2.09e-011  1.88e-009  
4.80875e+016 8.24e-015  5.00e-001  4.95e-001  5.00e-003  1.49e-012  1.98e-009  1.50e-014  2.29e-009  1.54e-010  1.99e-011  1.80e-009  
4.81463e+016 9.72e-015  5.00e-001  4.95e-001  5.00e-003  1.49e-012  1.81e-009  1.51e-014  1.90e-009  1.15e-010  1.83e-011  1.66e-009  
4.82445e+016 1.26e-014  5.00e-001  4.95e-001  5.00e-003  1.49e-012  1.58e-009  1.51e-014  1.42e-009  7.72e-011  1.59e-011  1.45e-009  
4.83636e+016 1.75e-014  5.00e-001  4.95e-001  5.00e-003  1.51e-012  1.34e-009  1.53e-014  9.57e-010  4.50e-011  1.35e-011  1.23e-009  
4.84912e+016 2.48e-014  5.00e-001  4.95e-001  5.00e-003  1.53e-012  1.12e-009  1.55e-014  6.04e-010  2.36e-011  1.13e-011  1.03e-009  
4.86294e+016 3.64e-014  5.00e-001  4.95e-001  5.00e-003  1.54e-012  9.10e-010  1.55e-014  3.60e-010  1.16e-011  9.18e-012  8.52e-010  
4.87591e+016 5.24e-014  5.00e-001  4.95e-001  5.00e-003  1.55e-012  7.49e-010  1.57e-014  2.14e-010  5.44e-012  7.56e-012  7.07e-010  
4.88968e+016 7.72e-014  5.00e-001  4.95e-001  5.00e-003  1.54e-012  6.00e-010  1.55e-014  1.19e-010  2.22e-012  6.06e-012  5.77e-010  
4.90444e+016 1.17e-013  5.00e-001  4.95e-001  5.00e-003  1.55e-012  4.74e-010  1.56e-014  5.97e-011  7.71e-013  4.78e-012  4.62e-010  
4.91980e+016 1.82e-013  5.00e-001  4.95e-001  5.00e-003  1.53e-012  3.65e-010  1.55e-014  2.68e-011  2.30e-013  3.68e-012  3.63e-010  
4.93317e+016 2.68e-013  4.99e-001  4.96e-001  4.99e-003  1.52e-012  2.90e-010  1.53e-014  1.22e-011  7.01e-014  2.93e-012  2.94e-010  
4.94239e+016 3.50e-013  5.00e-001  4.95e-001  5.00e-003  1.52e-012  2.48e-010  1.54e-014  6.46e-012  2.62e-014  2.50e-012  2.53e-010  
4.95192e+016 4.59e-013  5.01e-001  4.94e-001  5.01e-003  1.48e-012  2.08e-010  1.50e-014  3.31e-012  9.06e-015  2.10e-012  2.16e-010  
4.96202e+016 6.08e-013  5.00e-001  4.95e-001  5.00e-003  1.45e-012  1.73e-010  1.46e-014  1.76e-012  3.27e-015  1.74e-012  1.83e-010  
4.97297e+016 8.20e-013  5.00e-001  4.95e-001  5.00e-003  1.40e-012  1.43e-010  1.43e-014  8.00e-013  8.62e-016  1.44e-012  1.51e-010  
4.98461e+016 1.12e-012  5.00e-001  4.95e-001  5.00e-003  1.33e-012  1.14e-010  1.35e-014  3.09e-013  1.71e-016  1.15e-012  1.23e-010  
4.99670e+016 1.53e-012  5.00e-001  4.95e-001  5.00e-003  1.27e-012  9.11e-011  1.28e-014  9.96e-014  2.60e-017  9.24e-013  9.96e-011  
5.00936e+016 2.08e-012  5.00e-001  4.95e-001  5.00e-003  1.17e-012  7.16e-011  1.18e-014  2.40e-014  2.98e-018  7.26e-013  7.98e-011  
5.02240e+016 2.83e-012  5.01e-001  4.94e-001  5.01e-003  1.06e-012  5.57e-011  1.07e-014  3.81e-015  2.09e-019  5.61e-013  6.28e-011  
5.03584e+016 3.80e-012  5.00e-001  4.95e-001  5.00e-003  9.42e-013  4.29e-011  9.50e-015  6.00e-016  1.76e-020  4.34e-013  4.87e-011  
5.05026e+016 5.10e-012  5.00e-001  4.95e-001  5.00e-003  8.03e-013  3.22e-011  8.12e-015  1.08e-016  6.97e-022  3.26e-013  3.61e-011  
5.05959e+016 6.06e-012  5.00e-001  4.95e-001  5.00e-003  7.33e-013  2.74e-011  7.41e-015  2.64e-017  5.53e-023  2.77e-013  2.97e-011  
5.06957e+016 7.22e-012  5.00e-001  4.95e-001  5.00e-003  6.47e-013  2.27e-011  6.53e-015  4.32e-018  2.79e-024  2.29e-013  2.47e-011  
5.07988e+016 8.54e-012  5.00e-001  4.95e-001  5.00e-003  5.69e-013  1.88e-011  5.75e-015  5.12e-019  1.98e-025  1.91e-013  2.01e-011  
5.09058e+016 1.01e-011  5.00e-001  4.95e-001  5.00e-003  5.03e-013  1.58e-011  5.08e-015  4.45e-020  8.00e-027  1.60e-013  1.62e-011  
5.10237e+016 1.20e-011  5.00e-001  4.95e-001  5.00e-003  4.27e-013  1.27e-011  4.31e-015  2.57e-021  1.77e-028  1.29e-013  1.24e-011  
5.11496e+016 1.43e-011  5.00e-001  4.95e-001  5.00e-003  3.61e-013  1.04e-011  3.64e-015  1.02e-022  2.32e-030  1.04e-013  9.17e-012  
5.12843e+016 1.71e-011  5.00e-001  4.95e-001  5.00e-003  3.04e-013  8.36e-012  3.07e-015  5.41e-024  1.61e-032  8.42e-014  5.78e-012  
5.14296e+016 2.08e-011  5.00e-001  4.95e-001  5.00e-003  2.49e-013  6.54e-012  2.51e-015  3.11e-025  2.71e-034  6.63e-014  3.40e-012  
5.15425e+016 2.38e-011  5.00e-001  4.95e-001  5.00e-003  2.18e-013  5.58e-012  2.20e-015  6.68e-026  1.94e-035  5.63e-014  2.28e-012  
5.16792e+016 2.81e-011  5.01e-001  4.94e-001  5.01e-003  1.83e-013  4.55e-012  1.85e-015  1.30e-027  6.79e-038  4.58e-014  1.33e-012  
5.18319e+016 3.36e-011  5.00e-001  4.95e-001  5.00e-003  1.50e-013  3.60e-012  1.51e-015  1.20e-029  1.01e-040  3.63e-014  6.79e-013  
5.19950e+016 4.00e-011  5.00e-001  4.95e-001  5.00e-003  1.21e-013  2.85e-012  1.22e-015  6.45e-032  7.10e-044  2.90e-014  3.00e-013  
5.21655e+016 4.72e-011  5.00e-001  4.95e-001  5.00e-003  9.57e-014  2.24e-012  9.67e-016  1.57e-034  2.60e-047  2.27e-014  1.16e-013  
5.23457e+016 5.56e-011  5.00e-001  4.95e-001  5.00e-003  7.54e-014  1.76e-012  7.63e-016  2.61e-036  5.61e-049  1.78e-014  3.65e-014  
5.25384e+016 6.54e-011  5.00e-001  4.95e-001  5.00e-003  5.76e-014  1.36e-012  5.82e-016  1.91e-039  6.92e-052  1.37e-014  1.13e-014  
5.27451e+016 7.66e-011  5.00e-001  4.95e-001  5.00e-003  4.35e-014  1.05e-012  4.40e-016  1.46e-042  6.02e-056  1.06e-014  2.42e-015  
5.29668e+016 8.93e-011  5.00e-001  4.95e-001  5.00e-003  3.20e-014  7.94e-013  3.23e-016  4.49e-046  1.11e-060  8.01e-015  3.21e-016  
5.31993e+016 1.03e-010  5.00e-001  4.95e-001  5.00e-003  2.34e-014  6.01e-013  2.36e-016  4.41e-050  7.92e-067  6.08e-015  1.45e-017  
5.34440e+016 1.19e-010  5.00e-001  4.95e-001  5.00e-003  1.67e-014  4.52e-013  1.69e-016  3.44e-051  1.39e-067  4.56e-015  3.39e-019  
5.36995e+016 1.36e-010  5.00e-001  4.95e-001  5.00e-003  1.19e-014  3.41e-013  1.21e-016  4.67e-057  5.14e-073  3.45e-015  1.24e-020  
5.39765e+016 1.54e-010  5.00e-001  4.95e-001  5.00e-003  8.30e-015  2.53e-013  8.37e-017  5.64e-062  1.47e-080  2.56e-015  8.37e-023  
5.42627e+016 1.74e-010  5.00e-001  4.95e-001  5.00e-003  5.82e-015  1.91e-013  5.88e-017  2.97e-063  2.90e-081  1.92e-015  1.76e-025  
5.45738e+016 1.95e-010  5.00e-001  4.95e-001  5.00e-003  3.90e-015  1.39e-013  3.95e-017  3.63e-070  0.00e+000  1.40e-015  4.86e-028  
5.49079e+016 2.16e-010  5.00e-001  4.95e-001  5.00e-003  2.68e-015  1.04e-013  2.70e-017  1.93e-071  0.00e+000  1.05e-015  8.89e-032  
5.52575e+016 2.39e-010  5.02e-001  4.93e-001  5.02e-003  1.80e-015  7.61e-014  1.82e-017  4.35e-079  0.00e+000  7.69e-016  6.10e-035  
5.56155e+016 2.60e-010  4.99e-001  4.96e-001  4.99e-003  1.23e-015  5.69e-014  1.24e-017  7.84e-081  0.00e+000  5.76e-016  1.71e-039  
5.59918e+016 2.81e-010  5.01e-001  4.94e-001  5.01e-003  8.53e-016  4.30e-014  8.64e-018  0.00e+000  0.00e+000  4.37e-016  3.19e-043  
5.63913e+016 3.02e-010  5.01e-001  4.94e-001  5.01e-003  5.94e-016  3.28e-014  6.00e-018  0.00e+000  0.00e+000  3.32e-016  8.69e-048  
5.68226e+016 3.20e-010  5.01e-001  4.94e-001  5.01e-003  4.16e-016  2.51e-014  4.19e-018  0.00e+000  0.00e+000  2.53e-016  2.00e-056  
5.72780e+016 3.36e-010  5.00e-001  4.95e-001  5.00e-003  2.93e-016  1.93e-014  2.96e-018  0.00e+000  0.00e+000  1.95e-016  8.16e-058  
5.77650e+016 3.49e-010  4.99e-001  4.96e-001  4.99e-003  2.12e-016  1.51e-014  2.14e-018  0.00e+000  0.00e+000  1.53e-016  2.52e-067  
5.82707e+016 3.58e-010  5.00e-001  4.95e-001  5.00e-003  1.58e-016  1.21e-014  1.60e-018  0.00e+000  0.00e+000  1.22e-016  2.33e-072  
5.88124e+016 3.63e-010  4.99e-001  4.96e-001  4.99e-003  1.19e-016  9.76e-015  1.20e-018  0.00e+000  0.00e+000  9.84e-017  1.52e-083  
5.93801e+016 3.64e-010  5.00e-001  4.95e-001  5.00e-003  9.37e-017  8.08e-015  9.48e-019  0.00e+000  0.00e+000  8.16e-017  0.00e+000  
5.99878e+016 3.60e-010  5.00e-001  4.95e-001  5.00e-003  7.48e-017  6.75e-015  7.56e-019  0.00e+000  0.00e+000  6.81e-017  0.00e+000  
6.06254e+016 3.54e-010  5.00e-001  4.95e-001  5.00e-003  6.16e-017  5.77e-015  6.22e-019  0.00e+000  0.00e+000  5.82e-017  0.00e+000  
6.12860e+016 3.43e-010  4.99e-001  4.96e-001  4.99e-003  5.31e-017  5.08e-015  5.37e-019  0.00e+000  0.00e+000  5.14e-017  0.00e+000  
6.19772e+016 3.30e-010  5.01e-001  4.94e-001  5.01e-003  4.64e-017  4.52e-015  4.70e-019  0.00e+000  0.00e+000  4.58e-017  0.00e+000  
6.27006e+016 3.14e-010  5.01e-001  4.94e-001  5.01e-003  4.18e-017  4.11e-015  4.24e-019  0.00e+000  0.00e+000  4.15e-017  0.00e+000  
6.34752e+016 2.95e-010  5.01e-001  4.94e-001  5.01e-003  3.89e-017  3.79e-015  3.93e-019  0.00e+000  0.00e+000  3.86e-017  0.00e+000  
6.43223e+016 2.74e-010  4.99e-001  4.96e-001  4.99e-003  3.72e-017  3.62e-015  3.75e-019  0.00e+000  0.00e+000  3.64e-017  0.00e+000  
6.52408e+016 2.52e-010  4.99e-001  4.96e-001  4.99e-003  3.65e-017  3.52e-015  3.69e-019  0.00e+000  0.00e+000  3.56e-017  0.00e+000  
6.62440e+016 2.30e-010  5.00e-001  4.95e-001  5.00e-003  3.64e-017  3.47e-015  3.67e-019  0.00e+000  0.00e+000  3.51e-017  0.00e+000  
6.73219e+016 2.06e-010  5.00e-001  4.95e-001  5.00e-003  3.73e-017  3.53e-015  3.77e-019  0.00e+000  0.00e+000  3.57e-017  0.00e+000  
6.84641e+016 1.82e-010  5.00e-001  4.95e-001  5.00e-003  3.93e-017  3.72e-015  3.97e-019  0.00e+000  0.00e+000  3.75e-017  0.00e+000  
6.96945e+016 1.59e-010  5.00e-001  4.95e-001  5.00e-003  4.26e-017  4.03e-015  4.30e-019  0.00e+000  0.00e+000  4.07e-017  0.00e+000  
7.10391e+016 1.37e-010  5.00e-001  4.95e-001  5.00e-003  4.75e-017  4.56e-015  4.80e-019  0.00e+000  0.00e+000  4.60e-017  0.00e+000  
7.25155e+016 1.16e-010  5.00e-001  4.95e-001  5.00e-003  5.47e-017  5.38e-015  5.52e-019  0.00e+000  0.00e+000  5.44e-017  0.00e+000  
7.42223e+016 9.49e-011  5.00e-001  4.95e-001  5.00e-003  6.55e-017  6.78e-015  6.61e-019  0.00e+000  0.00e+000  6.84e-017  0.00e+000  
7.63108e+016 7.40e-011  5.00e-001  4.95e-001  5.00e-003  8.33e-017  9.38e-015  8.41e-019  0.00e+000  0.00e+000  9.48e-017  0.00e+000  
7.86896e+016 5.56e-011  5.00e-001  4.95e-001  5.00e-003  1.12e-016  1.43e-014  1.13e-018  0.00e+000  0.00e+000  1.44e-016  0.00e+000  
8.18150e+016 3.80e-011  5.00e-001  4.95e-001  5.00e-003  1.68e-016  2.61e-014  1.70e-018  0.00e+000  0.00e+000  2.63e-016  0.00e+000  
8.55776e+016 2.40e-011  5.00e-001  4.95e-001  5.00e-003  2.81e-016  5.70e-014  2.84e-018  0.00e+000  0.00e+000  5.75e-016  0.00e+000  
9.00548e+016 1.40e-011  5.00e-001  4.95e-001  5.00e-003  5.27e-016  1.51e-013  5.32e-018  0.00e+000  0.00e+000  1.53e-015  0.00e+000  
9.53916e+016 7.42e-012  5.00e-001  4.95e-001  5.00e-003  1.12e-015  5.00e-013  1.13e-017  0.00e+000  0.00e+000  5.06e-015  0.00e+000  
1.01535e+017 3.72e-012  5.00e-001  4.95e-001  5.00e-003  2.63e-015  1.98e-012  2.65e-017  0.00e+000  0.00e+000  2.00e-014  0.00e+000  
1.09249e+017 1.70e-012  5.00e-001  4.95e-001  5.00e-003  7.22e-015  1.00e-011  7.28e-017  0.00e+000  0.00e+000  1.02e-013  0.00e+000  
1.19176e+017 7.74e-013  5.00e-001  4.95e-001  5.00e-003  2.05e-014  5.47e-011  2.08e-016  0.00e+000  0.00e+000  5.52e-013  0.00e+000  
1.32448e+017 4.22e-013  5.00e-001  4.95e-001  5.00e-003  4.43e-014  1.81e-010  4.48e-016  0.00e+000  0.00e+000  1.83e-012  0.00e+000  
