! 0       CH2OH + H2 -> H2CO + H + H2
! 1       CH2OH + H2 -> CH3OH + H
! 2       CH2OH + H -> H2CO + H2
! 3       CH2OH + H -> CH3 + OH
! 4       CH2OH + O2 -> H2CO + O2H
! 5       CH2OH + H3O+ -> H2O + CH3OH+
! 6       CH2OH + HCO+ -> CO + CH3OH+
! 7       CH2OH + OH -> H2CO + H2O
! 8       CH2OH + H3+ -> H2 + CH3OH+
! 9       CH2OH + CRPhoton -> CH2 + OH
! 10      CH2OH + O -> H2CO + OH
!            tot_rate   0          1          2          3          4          5          6          7          8          9          10         
1.58188e+013 2.28e-019  0.00e+000  0.00e+000  5.84e-001  2.51e-001  4.97e-003  6.50e-003  1.54e-002  1.01e-003  1.89e-002  8.92e-004  8.96e-002  
3.50727e+014 2.28e-019  0.00e+000  0.00e+000  5.84e-001  2.51e-001  4.97e-003  6.50e-003  1.54e-002  1.01e-003  1.89e-002  8.92e-004  8.96e-002  
5.21628e+015 2.28e-019  0.00e+000  0.00e+000  5.84e-001  2.51e-001  4.97e-003  6.50e-003  1.54e-002  1.02e-003  1.89e-002  8.92e-004  8.96e-002  
2.67137e+016 2.22e-019  0.00e+000  0.00e+000  6.03e-001  2.59e-001  5.08e-003  3.11e-003  7.06e-003  1.04e-003  1.40e-002  9.17e-004  9.17e-002  
3.33598e+016 2.19e-019  0.00e+000  0.00e+000  6.17e-001  2.65e-001  5.21e-003  1.04e-003  3.05e-003  1.07e-003  5.21e-003  9.42e-004  9.42e-002  
3.42055e+016 2.18e-019  0.00e+000  0.00e+000  6.18e-001  2.66e-001  5.27e-003  1.10e-003  3.32e-003  1.07e-003  3.98e-003  9.43e-004  9.43e-002  
3.44017e+016 2.19e-019  0.00e+000  0.00e+000  6.20e-001  2.65e-001  5.24e-003  1.11e-003  3.37e-003  1.07e-003  3.70e-003  9.39e-004  9.39e-002  
3.46353e+016 2.19e-019  0.00e+000  0.00e+000  6.20e-001  2.65e-001  5.24e-003  1.13e-003  3.46e-003  1.07e-003  3.42e-003  9.39e-004  9.44e-002  
3.48860e+016 2.19e-019  0.00e+000  0.00e+000  6.20e-001  2.65e-001  5.24e-003  1.15e-003  3.56e-003  1.07e-003  3.45e-003  9.39e-004  9.44e-002  
3.51370e+016 2.19e-019  0.00e+000  0.00e+000  6.20e-001  2.65e-001  5.24e-003  1.18e-003  3.67e-003  1.07e-003  3.49e-003  9.44e-004  9.44e-002  
3.53250e+016 2.19e-019  0.00e+000  0.00e+000  6.20e-001  2.65e-001  5.25e-003  1.20e-003  3.76e-003  1.07e-003  3.53e-003  9.44e-004  9.44e-002  
3.55515e+016 2.19e-019  0.00e+000  0.00e+000  6.21e-001  2.66e-001  5.25e-003  1.23e-003  3.89e-003  1.07e-003  3.57e-003  9.45e-004  9.45e-002  
3.57182e+016 2.19e-019  0.00e+000  0.00e+000  6.22e-001  2.66e-001  5.26e-003  1.26e-003  4.00e-003  1.07e-003  3.61e-003  9.46e-004  9.46e-002  
3.58524e+016 2.19e-019  0.00e+000  0.00e+000  6.22e-001  2.66e-001  5.26e-003  1.28e-003  4.09e-003  1.07e-003  3.64e-003  9.46e-004  9.46e-002  
3.60047e+016 2.19e-019  0.00e+000  0.00e+000  6.21e-001  2.66e-001  5.25e-003  1.31e-003  4.20e-003  1.07e-003  3.69e-003  9.46e-004  9.46e-002  
3.61718e+016 2.19e-019  0.00e+000  0.00e+000  6.21e-001  2.66e-001  5.25e-003  1.34e-003  4.34e-003  1.07e-003  3.74e-003  9.46e-004  9.46e-002  
3.62899e+016 2.19e-019  0.00e+000  0.00e+000  6.21e-001  2.66e-001  5.25e-003  1.37e-003  4.44e-003  1.07e-003  3.79e-003  9.46e-004  9.46e-002  
3.63893e+016 2.19e-019  0.00e+000  0.00e+000  6.21e-001  2.66e-001  5.25e-003  1.41e-003  4.55e-003  1.07e-003  3.83e-003  9.45e-004  9.45e-002  
3.64972e+016 2.19e-019  0.00e+000  0.00e+000  6.21e-001  2.66e-001  5.25e-003  1.44e-003  4.66e-003  1.07e-003  3.89e-003  9.45e-004  9.45e-002  
3.66124e+016 2.19e-019  0.00e+000  0.00e+000  6.21e-001  2.66e-001  5.25e-003  1.49e-003  4.84e-003  1.07e-003  3.96e-003  9.45e-004  9.45e-002  
3.67348e+016 2.19e-019  0.00e+000  0.00e+000  6.20e-001  2.66e-001  5.25e-003  1.55e-003  5.02e-003  1.07e-003  4.05e-003  9.44e-004  9.44e-002  
3.68621e+016 2.20e-019  0.00e+000  2.45e-068  6.20e-001  2.66e-001  5.24e-003  1.62e-003  5.28e-003  1.07e-003  4.16e-003  9.43e-004  9.48e-002  
3.69700e+016 2.21e-019  0.00e+000  1.54e-053  6.21e-001  2.65e-001  5.26e-003  1.70e-003  5.53e-003  1.07e-003  4.25e-003  9.42e-004  9.42e-002  
3.70376e+016 2.21e-019  0.00e+000  5.29e-045  6.19e-001  2.66e-001  5.24e-003  1.76e-003  5.74e-003  1.07e-003  4.32e-003  9.45e-004  9.45e-002  
3.71087e+016 2.23e-019  0.00e+000  8.12e-037  6.19e-001  2.66e-001  5.25e-003  1.83e-003  5.97e-003  1.07e-003  4.39e-003  9.42e-004  9.46e-002  
3.71826e+016 2.27e-019  2.16e-064  2.57e-029  6.20e-001  2.65e-001  5.24e-003  1.90e-003  6.20e-003  1.06e-003  4.44e-003  9.37e-004  9.41e-002  
3.72589e+016 2.34e-019  6.71e-048  8.55e-023  6.20e-001  2.65e-001  5.22e-003  2.00e-003  6.54e-003  1.06e-003  4.45e-003  9.40e-004  9.40e-002  
3.73370e+016 2.47e-019  1.16e-034  1.88e-017  6.19e-001  2.65e-001  5.22e-003  2.13e-003  6.96e-003  1.07e-003  4.41e-003  9.39e-004  9.43e-002  
3.74165e+016 2.73e-019  1.11e-024  2.59e-013  6.18e-001  2.65e-001  5.23e-003  2.29e-003  7.50e-003  1.07e-003  4.31e-003  9.40e-004  9.43e-002  
3.74829e+016 3.32e-019  1.67e-018  1.13e-010  6.18e-001  2.65e-001  5.22e-003  2.45e-003  7.99e-003  1.06e-003  4.16e-003  9.35e-004  9.41e-002  
3.75505e+016 6.04e-019  1.08e-013  1.52e-008  6.21e-001  2.66e-001  3.18e-004  2.68e-003  8.59e-003  1.07e-003  3.94e-003  9.40e-004  9.45e-002  
3.76194e+016 2.32e-018  7.53e-010  8.95e-007  6.20e-001  2.66e-001  8.48e-004  2.99e-003  9.21e-003  1.07e-003  3.66e-003  9.38e-004  9.46e-002  
3.76839e+016 1.14e-017  6.88e-007  2.43e-005  6.19e-001  2.65e-001  1.85e-003  3.37e-003  9.75e-003  1.06e-003  3.35e-003  9.40e-004  9.40e-002  
3.76854e+016 1.18e-017  7.89e-007  2.60e-005  6.19e-001  2.65e-001  1.87e-003  3.39e-003  9.83e-003  1.06e-003  3.34e-003  9.32e-004  9.41e-002  
3.76877e+016 1.25e-017  9.90e-007  2.91e-005  6.19e-001  2.65e-001  1.92e-003  3.40e-003  9.82e-003  1.06e-003  3.33e-003  9.34e-004  9.42e-002  
3.76917e+016 1.38e-017  1.44e-006  3.51e-005  6.19e-001  2.66e-001  2.00e-003  3.43e-003  9.84e-003  1.06e-003  3.31e-003  9.34e-004  9.41e-002  
3.76980e+016 1.62e-017  2.61e-006  4.74e-005  6.18e-001  2.65e-001  2.15e-003  3.48e-003  9.96e-003  1.06e-003  3.28e-003  9.34e-004  9.46e-002  
3.77083e+016 2.09e-017  6.66e-006  7.61e-005  6.18e-001  2.66e-001  2.40e-003  3.56e-003  1.00e-002  1.06e-003  3.23e-003  9.34e-004  9.43e-002  
3.77248e+016 3.15e-017  2.83e-005  1.60e-004  6.18e-001  2.65e-001  2.85e-003  3.68e-003  1.01e-002  1.06e-003  3.14e-003  9.32e-004  9.42e-002  
3.77450e+016 5.18e-017  1.49e-004  3.84e-004  6.18e-001  2.64e-001  3.47e-003  3.86e-003  1.03e-002  1.07e-003  3.03e-003  9.30e-004  9.38e-002  
3.77655e+016 8.56e-017  6.71e-004  8.63e-004  6.16e-001  2.64e-001  4.16e-003  4.04e-003  1.05e-002  1.08e-003  2.93e-003  9.31e-004  9.38e-002  
3.77936e+016 1.54e-016  2.53e-003  1.79e-003  6.14e-001  2.63e-001  4.88e-003  4.29e-003  1.07e-002  1.12e-003  2.77e-003  9.25e-004  9.31e-002  
3.78016e+016 1.76e-016  3.66e-003  2.20e-003  6.12e-001  2.64e-001  5.11e-003  4.37e-003  1.07e-002  1.14e-003  2.74e-003  9.24e-004  9.29e-002  
3.78111e+016 2.08e-016  5.58e-003  2.80e-003  6.11e-001  2.62e-001  5.34e-003  4.43e-003  1.07e-002  1.16e-003  2.67e-003  9.19e-004  9.24e-002  
3.78273e+016 2.67e-016  1.15e-002  4.23e-003  6.06e-001  2.60e-001  5.84e-003  4.56e-003  1.08e-002  1.20e-003  2.58e-003  9.13e-004  9.17e-002  
3.78530e+016 3.92e-016  3.42e-002  7.88e-003  5.89e-001  2.53e-001  6.53e-003  4.67e-003  1.07e-002  1.28e-003  2.39e-003  8.87e-004  8.90e-002  
3.78818e+016 6.13e-016  1.02e-001  1.48e-002  5.43e-001  2.33e-001  6.99e-003  4.55e-003  1.00e-002  1.36e-003  2.09e-003  8.15e-004  8.12e-002  
3.79076e+016 9.78e-016  2.28e-001  2.30e-002  4.60e-001  1.97e-001  6.75e-003  4.05e-003  8.63e-003  1.38e-003  1.69e-003  6.90e-004  6.82e-002  
3.79253e+016 1.44e-015  3.52e-001  2.85e-002  3.80e-001  1.63e-001  6.07e-003  3.46e-003  7.22e-003  1.30e-003  1.35e-003  5.70e-004  5.59e-002  
3.79502e+016 2.75e-015  5.42e-001  3.36e-002  2.60e-001  1.11e-001  4.66e-003  2.47e-003  4.99e-003  1.11e-003  8.85e-004  3.90e-004  3.75e-002  
3.79755e+016 5.86e-015  7.08e-001  3.46e-002  1.58e-001  6.76e-002  3.14e-003  1.56e-003  3.07e-003  8.51e-004  5.12e-004  2.35e-004  2.24e-002  
3.79897e+016 9.10e-015  7.76e-001  3.40e-002  1.17e-001  5.00e-002  2.45e-003  1.19e-003  2.29e-003  7.20e-004  3.68e-004  1.74e-004  1.62e-002  
3.79918e+016 9.74e-015  7.85e-001  3.39e-002  1.11e-001  4.77e-002  2.36e-003  1.13e-003  2.19e-003  7.01e-004  3.50e-004  1.65e-004  1.54e-002  
3.79956e+016 1.09e-014  7.99e-001  3.36e-002  1.02e-001  4.41e-002  2.20e-003  1.05e-003  2.02e-003  6.69e-004  3.21e-004  1.53e-004  1.42e-002  
3.80017e+016 1.32e-014  8.20e-001  3.32e-002  9.03e-002  3.87e-002  1.99e-003  9.34e-004  1.78e-003  6.24e-004  2.79e-004  1.34e-004  1.23e-002  
3.80129e+016 1.86e-014  8.53e-001  3.20e-002  7.08e-002  3.04e-002  1.62e-003  7.45e-004  1.40e-003  5.42e-004  2.14e-004  1.05e-004  9.49e-003  
3.80319e+016 3.31e-014  8.93e-001  3.03e-002  4.75e-002  2.04e-002  1.13e-003  5.11e-004  9.44e-004  4.30e-004  1.38e-004  7.02e-005  6.11e-003  
3.80578e+016 6.98e-014  9.26e-001  2.82e-002  2.81e-002  1.21e-002  6.66e-004  3.14e-004  5.61e-004  3.14e-004  7.77e-005  4.12e-005  3.36e-003  
3.80629e+016 8.01e-014  9.31e-001  2.78e-002  2.56e-002  1.10e-002  6.04e-004  2.87e-004  5.10e-004  2.96e-004  7.00e-005  3.74e-005  3.01e-003  
3.80713e+016 9.98e-014  9.37e-001  2.74e-002  2.20e-002  9.43e-003  5.18e-004  2.50e-004  4.40e-004  2.71e-004  5.92e-005  3.21e-005  2.51e-003  
3.80859e+016 1.44e-013  9.46e-001  2.66e-002  1.71e-002  7.37e-003  4.01e-004  1.98e-004  3.43e-004  2.32e-004  4.48e-005  2.48e-005  1.84e-003  
3.81083e+016 2.45e-013  9.55e-001  2.60e-002  1.19e-002  5.10e-003  2.76e-004  1.41e-004  2.37e-004  1.80e-004  2.97e-005  1.71e-005  1.14e-003  
3.81265e+016 3.66e-013  9.60e-001  2.58e-002  9.05e-003  3.88e-003  2.08e-004  1.09e-004  1.80e-004  1.47e-004  2.17e-005  1.28e-005  7.71e-004  
3.81480e+016 5.51e-013  9.63e-001  2.59e-002  6.89e-003  2.96e-003  1.56e-004  8.45e-005  1.36e-004  1.17e-004  1.58e-005  9.63e-006  4.95e-004  
3.81769e+016 9.25e-013  9.66e-001  2.66e-002  4.86e-003  2.08e-003  1.08e-004  6.09e-005  9.47e-005  8.13e-005  1.05e-005  6.66e-006  2.61e-004  
3.81836e+016 1.03e-012  9.66e-001  2.69e-002  4.52e-003  1.94e-003  1.00e-004  5.70e-005  8.80e-005  7.46e-005  9.60e-006  6.18e-006  2.24e-004  
3.81952e+016 1.23e-012  9.66e-001  2.74e-002  4.03e-003  1.73e-003  8.85e-005  5.12e-005  7.80e-005  6.39e-005  8.36e-006  5.45e-006  1.72e-004  
3.82149e+016 1.66e-012  9.66e-001  2.86e-002  3.35e-003  1.44e-003  7.25e-005  4.32e-005  6.40e-005  4.79e-005  6.64e-006  4.47e-006  1.07e-004  
3.82433e+016 2.56e-012  9.65e-001  3.09e-002  2.65e-003  1.14e-003  5.63e-005  3.49e-005  5.00e-005  2.97e-005  5.00e-006  3.47e-006  5.00e-005  
3.82740e+016 4.42e-012  9.62e-001  3.44e-002  2.14e-003  9.17e-004  4.48e-005  2.90e-005  3.99e-005  1.59e-005  3.83e-006  2.76e-006  1.95e-005  
3.83054e+016 8.80e-012  9.59e-001  3.87e-002  1.78e-003  7.63e-004  3.69e-005  2.48e-005  3.28e-005  7.29e-006  3.04e-006  2.27e-006  6.25e-006  
3.83376e+016 1.94e-011  9.53e-001  4.43e-002  1.53e-003  6.55e-004  3.13e-005  2.20e-005  2.79e-005  2.90e-006  2.50e-006  1.93e-006  1.54e-006  
3.83751e+016 4.85e-011  9.46e-001  5.23e-002  1.32e-003  5.65e-004  2.68e-005  1.97e-005  2.39e-005  1.08e-006  2.06e-006  1.66e-006  2.10e-007  
3.84132e+016 1.09e-010  9.51e-001  4.74e-002  1.20e-003  5.14e-004  2.42e-005  1.86e-005  2.15e-005  8.15e-007  1.81e-006  1.50e-006  2.40e-008  
3.84531e+016 2.19e-010  9.54e-001  4.41e-002  1.12e-003  4.79e-004  2.24e-005  1.80e-005  1.97e-005  1.10e-006  1.63e-006  1.39e-006  7.99e-009  
3.84962e+016 3.63e-010  9.56e-001  4.19e-002  1.08e-003  4.63e-004  2.12e-005  1.78e-005  1.85e-005  1.52e-006  1.49e-006  1.32e-006  6.92e-009  
3.85449e+016 4.29e-010  9.58e-001  4.08e-002  1.06e-003  4.54e-004  2.04e-005  1.80e-005  1.75e-005  1.55e-006  1.40e-006  1.28e-006  6.76e-009  
3.85990e+016 2.73e-010  9.58e-001  4.02e-002  1.08e-003  4.61e-004  2.02e-005  1.87e-005  1.69e-005  9.07e-007  1.35e-006  1.27e-006  7.20e-009  
3.86597e+016 7.54e-011  9.58e-001  4.05e-002  1.10e-003  4.72e-004  2.00e-005  1.95e-005  1.63e-005  4.07e-007  1.31e-006  1.26e-006  9.18e-009  
3.87288e+016 1.08e-011  9.58e-001  4.03e-002  1.14e-003  4.90e-004  1.97e-005  2.02e-005  1.53e-005  4.28e-007  1.26e-006  1.26e-006  1.50e-008  
3.88139e+016 8.91e-013  9.58e-001  4.04e-002  1.24e-003  5.29e-004  1.95e-005  2.10e-005  1.44e-005  6.62e-007  1.24e-006  1.26e-006  2.66e-008  
3.89093e+016 5.34e-014  9.58e-001  4.03e-002  1.40e-003  5.98e-004  1.91e-005  2.16e-005  1.30e-005  1.09e-006  1.21e-006  1.25e-006  4.61e-008  
3.90068e+016 3.21e-015  9.57e-001  4.02e-002  1.66e-003  7.11e-004  1.87e-005  2.18e-005  1.16e-005  1.71e-006  1.20e-006  1.24e-006  7.33e-008  
3.91088e+016 3.49e-016  9.57e-001  4.04e-002  2.08e-003  8.94e-004  1.81e-005  2.17e-005  1.01e-005  2.53e-006  1.18e-006  1.23e-006  1.08e-007  
3.92181e+016 1.48e-016  9.56e-001  4.01e-002  2.75e-003  1.18e-003  1.73e-005  2.11e-005  8.61e-006  3.53e-006  1.17e-006  1.22e-006  1.48e-007  
3.93325e+016 9.76e-017  9.54e-001  4.03e-002  3.73e-003  1.60e-003  1.64e-005  2.03e-005  7.25e-006  4.66e-006  1.16e-006  1.21e-006  1.92e-007  
3.94519e+016 7.18e-017  9.52e-001  4.02e-002  5.08e-003  2.17e-003  1.52e-005  1.91e-005  5.97e-006  5.79e-006  1.14e-006  1.20e-006  2.28e-007  
3.95803e+016 5.78e-017  9.50e-001  4.01e-002  6.87e-003  2.94e-003  1.37e-005  1.77e-005  4.85e-006  6.85e-006  1.12e-006  1.19e-006  2.54e-007  
3.97190e+016 5.12e-017  9.47e-001  3.98e-002  9.14e-003  3.91e-003  1.21e-005  1.59e-005  3.91e-006  7.69e-006  1.09e-006  1.17e-006  2.66e-007  
3.98699e+016 4.94e-017  9.43e-001  3.97e-002  1.18e-002  5.06e-003  1.03e-005  1.40e-005  3.18e-006  8.22e-006  1.07e-006  1.15e-006  2.57e-007  
4.00514e+016 5.08e-017  9.39e-001  3.96e-002  1.51e-002  6.49e-003  8.36e-006  1.20e-005  2.60e-006  8.42e-006  1.04e-006  1.12e-006  2.28e-007  
4.02549e+016 5.43e-017  9.34e-001  3.94e-002  1.86e-002  8.01e-003  6.47e-006  1.02e-005  2.21e-006  8.23e-006  1.00e-006  1.09e-006  1.88e-007  
4.04761e+016 5.85e-017  9.29e-001  3.91e-002  2.22e-002  9.48e-003  4.77e-006  8.59e-006  2.00e-006  7.77e-006  9.65e-007  1.06e-006  1.43e-007  
4.07070e+016 6.28e-017  9.25e-001  3.90e-002  2.52e-002  1.08e-002  3.39e-006  7.40e-006  1.86e-006  7.15e-006  9.27e-007  1.03e-006  1.04e-007  
4.09451e+016 6.65e-017  9.21e-001  3.89e-002  2.78e-002  1.19e-002  2.34e-006  6.58e-006  1.79e-006  6.52e-006  8.90e-007  9.92e-007  7.41e-008  
4.11988e+016 7.02e-017  9.19e-001  3.87e-002  2.99e-002  1.28e-002  1.54e-006  6.02e-006  1.74e-006  5.87e-006  8.50e-007  9.53e-007  5.11e-008  
4.14624e+016 7.30e-017  9.16e-001  3.86e-002  3.16e-002  1.36e-002  9.70e-007  5.72e-006  1.70e-006  5.31e-006  8.13e-007  9.15e-007  3.52e-008  
4.17462e+016 7.43e-017  9.14e-001  3.85e-002  3.31e-002  1.41e-002  5.65e-007  5.56e-006  1.66e-006  4.86e-006  7.71e-007  8.71e-007  2.45e-008  
4.20512e+016 7.18e-017  9.13e-001  3.85e-002  3.41e-002  1.46e-002  3.01e-007  5.50e-006  1.62e-006  4.54e-006  7.29e-007  8.26e-007  1.80e-008  
4.23867e+016 6.45e-017  9.11e-001  3.84e-002  3.50e-002  1.50e-002  1.40e-007  5.50e-006  1.55e-006  4.36e-006  6.84e-007  7.77e-007  1.42e-008  
4.27356e+016 5.59e-017  9.11e-001  3.85e-002  3.56e-002  1.52e-002  6.17e-008  5.46e-006  1.48e-006  4.28e-006  6.37e-007  7.26e-007  1.25e-008  
4.30994e+016 5.02e-017  9.10e-001  3.84e-002  3.60e-002  1.54e-002  2.63e-008  5.38e-006  1.40e-006  4.24e-006  5.93e-007  6.75e-007  1.43e-008  
4.34671e+016 4.97e-017  9.08e-001  3.91e-002  3.69e-002  1.58e-002  1.14e-008  5.36e-006  1.34e-006  4.33e-006  5.62e-007  6.36e-007  1.94e-008  
4.38104e+016 5.39e-017  9.03e-001  4.13e-002  3.91e-002  1.67e-002  5.58e-009  5.52e-006  1.33e-006  3.69e-006  5.52e-007  6.25e-007  2.24e-008  
4.41007e+016 6.27e-017  8.95e-001  4.47e-002  4.23e-002  1.82e-002  3.21e-009  5.84e-006  1.36e-006  2.86e-006  5.61e-007  6.33e-007  2.28e-008  
4.42181e+016 6.56e-017  8.90e-001  4.68e-002  4.42e-002  1.89e-002  2.61e-009  6.05e-006  1.39e-006  2.58e-006  5.72e-007  6.46e-007  2.33e-008  
4.42811e+016 6.81e-017  8.86e-001  4.85e-002  4.58e-002  1.97e-002  2.37e-009  6.23e-006  1.42e-006  2.50e-006  5.83e-007  6.60e-007  2.47e-008  
4.43809e+016 7.64e-017  8.85e-001  4.74e-002  4.73e-002  2.03e-002  1.99e-009  6.38e-006  1.44e-006  2.46e-006  5.89e-007  6.65e-007  2.50e-008  
4.45030e+016 8.13e-017  8.84e-001  4.39e-002  5.02e-002  2.15e-002  1.67e-009  6.70e-006  1.50e-006  2.40e-006  6.09e-007  6.86e-007  2.47e-008  
4.45401e+016 7.79e-017  8.83e-001  4.09e-002  5.31e-002  2.28e-002  1.66e-009  7.07e-006  1.57e-006  2.37e-006  6.39e-007  7.21e-007  2.49e-008  
4.45998e+016 8.28e-017  8.82e-001  3.92e-002  5.54e-002  2.38e-002  1.57e-009  7.33e-006  1.62e-006  2.32e-006  6.58e-007  7.41e-007  2.44e-008  
4.46779e+016 9.30e-017  8.81e-001  3.85e-002  5.66e-002  2.42e-002  1.41e-009  7.42e-006  1.62e-006  2.31e-006  6.59e-007  7.42e-007  2.44e-008  
4.48006e+016 1.00e-016  8.77e-001  3.60e-002  6.06e-002  2.59e-002  1.26e-009  7.86e-006  1.70e-006  2.27e-006  6.87e-007  7.73e-007  2.43e-008  
4.48529e+016 9.28e-017  8.69e-001  3.23e-002  6.89e-002  2.95e-002  1.32e-009  8.91e-006  1.92e-006  2.29e-006  7.72e-007  8.69e-007  2.59e-008  
4.48834e+016 9.52e-017  8.67e-001  3.16e-002  7.09e-002  3.04e-002  1.31e-009  9.13e-006  1.95e-006  2.21e-006  7.89e-007  8.87e-007  2.43e-008  
4.49346e+016 1.05e-016  8.67e-001  3.16e-002  7.11e-002  3.05e-002  1.24e-009  9.10e-006  1.94e-006  2.21e-006  7.81e-007  8.77e-007  2.42e-008  
4.49870e+016 1.12e-016  8.66e-001  3.14e-002  7.18e-002  3.08e-002  1.17e-009  9.17e-006  1.94e-006  2.21e-006  7.81e-007  8.77e-007  2.43e-008  
4.50684e+016 1.18e-016  8.62e-001  3.04e-002  7.55e-002  3.24e-002  1.12e-009  9.55e-006  2.01e-006  2.20e-006  8.05e-007  9.04e-007  2.45e-008  
4.51867e+016 1.25e-016  8.53e-001  2.84e-002  8.29e-002  3.54e-002  1.08e-009  1.03e-005  2.15e-006  2.17e-006  8.53e-007  9.57e-007  2.46e-008  
4.51946e+016 1.09e-016  8.37e-001  2.61e-002  9.59e-002  4.12e-002  1.24e-009  1.20e-005  2.49e-006  2.32e-006  9.96e-007  1.11e-006  2.80e-008  
4.52061e+016 1.10e-016  8.33e-001  2.58e-002  9.89e-002  4.24e-002  1.26e-009  1.23e-005  2.56e-006  2.17e-006  1.03e-006  1.14e-006  2.62e-008  
4.52265e+016 1.15e-016  8.33e-001  2.57e-002  9.91e-002  4.24e-002  1.24e-009  1.23e-005  2.55e-006  2.15e-006  1.02e-006  1.14e-006  2.50e-008  
4.52632e+016 1.22e-016  8.33e-001  2.57e-002  9.88e-002  4.24e-002  1.20e-009  1.23e-005  2.52e-006  2.14e-006  1.00e-006  1.13e-006  2.49e-008  
4.53239e+016 1.32e-016  8.33e-001  2.57e-002  9.91e-002  4.26e-002  1.15e-009  1.23e-005  2.50e-006  2.14e-006  9.91e-007  1.12e-006  2.50e-008  
4.54167e+016 1.40e-016  8.24e-001  2.50e-002  1.05e-001  4.53e-002  1.12e-009  1.29e-005  2.59e-006  2.15e-006  1.02e-006  1.16e-006  2.54e-008  
4.55446e+016 1.46e-016  8.07e-001  2.34e-002  1.19e-001  5.09e-002  1.13e-009  1.44e-005  2.81e-006  2.13e-006  1.11e-006  1.26e-006  2.58e-008  
4.55658e+016 1.41e-016  7.96e-001  2.29e-002  1.27e-001  5.44e-002  1.19e-009  1.53e-005  2.99e-006  2.22e-006  1.18e-006  1.35e-006  2.71e-008  
4.55697e+016 1.23e-016  7.69e-001  2.14e-002  1.47e-001  6.30e-002  1.38e-009  1.77e-005  3.46e-006  2.38e-006  1.36e-006  1.56e-006  3.10e-008  
4.55761e+016 1.23e-016  7.60e-001  2.10e-002  1.53e-001  6.56e-002  1.43e-009  1.84e-005  3.60e-006  2.21e-006  1.42e-006  1.62e-006  3.07e-008  
4.55871e+016 1.27e-016  7.60e-001  2.10e-002  1.53e-001  6.57e-002  1.42e-009  1.85e-005  3.60e-006  2.13e-006  1.41e-006  1.63e-006  2.82e-008  
4.56066e+016 1.33e-016  7.60e-001  2.11e-002  1.53e-001  6.59e-002  1.41e-009  1.85e-005  3.58e-006  2.12e-006  1.41e-006  1.62e-006  2.69e-008  
4.56410e+016 1.41e-016  7.60e-001  2.10e-002  1.53e-001  6.56e-002  1.37e-009  1.83e-005  3.54e-006  2.11e-006  1.39e-006  1.60e-006  2.67e-008  
4.56849e+016 1.49e-016  7.60e-001  2.10e-002  1.53e-001  6.58e-002  1.34e-009  1.83e-005  3.50e-006  2.11e-006  1.38e-006  1.58e-006  2.67e-008  
4.57241e+016 1.54e-016  7.58e-001  2.09e-002  1.55e-001  6.61e-002  1.32e-009  1.84e-005  3.49e-006  2.11e-006  1.37e-006  1.58e-006  2.68e-008  
4.57850e+016 1.59e-016  7.49e-001  2.05e-002  1.62e-001  6.92e-002  1.33e-009  1.91e-005  3.59e-006  2.12e-006  1.41e-006  1.63e-006  2.72e-008  
4.58802e+016 1.64e-016  7.26e-001  1.96e-002  1.78e-001  7.63e-002  1.38e-009  2.08e-005  3.84e-006  2.11e-006  1.51e-006  1.75e-006  2.78e-008  
4.59720e+016 1.68e-016  6.98e-001  1.87e-002  1.98e-001  8.48e-002  1.46e-009  2.29e-005  4.17e-006  2.09e-006  1.63e-006  1.90e-006  2.84e-008  
4.59734e+016 1.56e-016  6.77e-001  1.82e-002  2.13e-001  9.14e-002  1.57e-009  2.46e-005  4.48e-006  2.22e-006  1.74e-006  2.05e-006  3.04e-008  
4.59759e+016 1.37e-016  6.32e-001  1.70e-002  2.46e-001  1.05e-001  1.81e-009  2.85e-005  5.17e-006  2.41e-006  2.02e-006  2.36e-006  3.50e-008  
4.59802e+016 1.32e-016  6.11e-001  1.65e-002  2.61e-001  1.12e-001  1.92e-009  3.02e-005  5.49e-006  2.29e-006  2.14e-006  2.51e-006  3.64e-008  
4.59873e+016 1.36e-016  6.10e-001  1.64e-002  2.62e-001  1.12e-001  1.92e-009  3.03e-005  5.49e-006  2.10e-006  2.14e-006  2.50e-006  3.43e-008  
4.59993e+016 1.41e-016  6.10e-001  1.64e-002  2.62e-001  1.12e-001  1.90e-009  3.02e-005  5.48e-006  2.03e-006  2.14e-006  2.50e-006  3.17e-008  
4.60196e+016 1.48e-016  6.10e-001  1.64e-002  2.62e-001  1.12e-001  1.89e-009  3.02e-005  5.45e-006  2.03e-006  2.12e-006  2.49e-006  3.00e-008  
4.60580e+016 1.58e-016  6.10e-001  1.64e-002  2.62e-001  1.12e-001  1.86e-009  3.00e-005  5.39e-006  2.02e-006  2.10e-006  2.47e-006  2.95e-008  
4.61139e+016 1.69e-016  6.08e-001  1.65e-002  2.63e-001  1.13e-001  1.84e-009  3.00e-005  5.32e-006  2.03e-006  2.07e-006  2.44e-006  2.96e-008  
4.61801e+016 1.78e-016  5.96e-001  1.61e-002  2.72e-001  1.16e-001  1.84e-009  3.08e-005  5.40e-006  2.02e-006  2.10e-006  2.48e-006  3.00e-008  
4.62829e+016 1.85e-016  5.57e-001  1.53e-002  2.99e-001  1.28e-001  1.95e-009  3.35e-005  5.79e-006  1.99e-006  2.23e-006  2.67e-006  3.07e-008  
4.63958e+016 1.91e-016  5.03e-001  1.40e-002  3.38e-001  1.45e-001  2.13e-009  3.74e-005  6.34e-006  1.92e-006  2.44e-006  2.93e-006  3.13e-008  
4.64165e+016 1.89e-016  4.84e-001  1.35e-002  3.52e-001  1.51e-001  2.19e-009  3.89e-005  6.51e-006  1.93e-006  2.52e-006  3.03e-006  3.19e-008  
4.64187e+016 1.68e-016  4.22e-001  1.22e-002  3.96e-001  1.70e-001  2.47e-009  4.38e-005  7.36e-006  2.09e-006  2.84e-006  3.42e-006  3.59e-008  
4.64224e+016 1.54e-016  3.65e-001  1.09e-002  4.37e-001  1.87e-001  2.72e-009  4.83e-005  8.12e-006  2.05e-006  3.13e-006  3.77e-006  3.96e-008  
4.64286e+016 1.52e-016  3.50e-001  1.06e-002  4.47e-001  1.92e-001  2.79e-009  4.95e-005  8.27e-006  1.82e-006  3.20e-006  3.86e-006  3.97e-008  
4.64396e+016 1.56e-016  3.49e-001  1.06e-002  4.48e-001  1.92e-001  2.79e-009  4.94e-005  8.26e-006  1.66e-006  3.20e-006  3.85e-006  3.74e-008  
4.64596e+016 1.63e-016  3.49e-001  1.06e-002  4.48e-001  1.92e-001  2.78e-009  4.93e-005  8.23e-006  1.62e-006  3.18e-006  3.83e-006  3.45e-008  
4.64933e+016 1.73e-016  3.49e-001  1.06e-002  4.48e-001  1.92e-001  2.76e-009  4.92e-005  8.16e-006  1.63e-006  3.14e-006  3.80e-006  3.29e-008  
4.65501e+016 1.89e-016  3.49e-001  1.06e-002  4.48e-001  1.92e-001  2.73e-009  4.89e-005  7.99e-006  1.63e-006  3.09e-006  3.75e-006  3.24e-008  
4.66259e+016 2.05e-016  3.35e-001  1.03e-002  4.59e-001  1.96e-001  2.75e-009  4.93e-005  8.01e-006  1.60e-006  3.08e-006  3.76e-006  3.27e-008  
4.67450e+016 2.20e-016  2.84e-001  9.09e-003  4.96e-001  2.11e-001  2.88e-009  5.27e-005  8.32e-006  1.48e-006  3.19e-006  3.92e-006  3.33e-008  
4.68726e+016 2.31e-016  2.20e-001  7.56e-003  5.40e-001  2.32e-001  3.10e-009  5.66e-005  8.82e-006  1.30e-006  3.36e-006  4.18e-006  3.44e-008  
4.69009e+016 2.34e-016  2.05e-001  7.18e-003  5.51e-001  2.37e-001  3.14e-009  5.77e-005  8.88e-006  1.26e-006  3.40e-006  4.23e-006  3.46e-008  
4.69024e+016 2.30e-016  1.92e-001  6.86e-003  5.60e-001  2.41e-001  3.16e-009  5.86e-005  9.03e-006  1.27e-006  3.45e-006  4.30e-006  3.52e-008  
4.69048e+016 2.22e-016  1.62e-001  6.05e-003  5.82e-001  2.50e-001  3.17e-009  6.09e-005  9.39e-006  1.27e-006  3.59e-006  4.47e-006  3.66e-008  
4.69090e+016 2.12e-016  1.27e-001  5.09e-003  6.08e-001  2.60e-001  3.16e-009  6.32e-005  9.76e-006  1.19e-006  3.72e-006  4.64e-006  3.84e-008  
4.69160e+016 2.03e-016  1.01e-001  4.34e-003  6.26e-001  2.68e-001  3.14e-009  6.51e-005  1.01e-005  1.03e-006  3.84e-006  4.79e-006  4.02e-008  
4.69279e+016 1.98e-016  9.49e-002  4.17e-003  6.31e-001  2.70e-001  3.12e-009  6.56e-005  1.01e-005  8.68e-007  3.84e-006  4.80e-006  4.08e-008  
4.69476e+016 1.97e-016  9.50e-002  4.16e-003  6.30e-001  2.70e-001  3.12e-009  6.56e-005  1.00e-005  8.18e-007  3.83e-006  4.79e-006  4.08e-008  
4.69806e+016 2.03e-016  9.49e-002  4.16e-003  6.30e-001  2.71e-001  3.12e-009  6.49e-005  9.94e-006  8.12e-007  3.79e-006  4.76e-006  4.04e-008  
4.70337e+016 2.22e-016  9.46e-002  4.16e-003  6.30e-001  2.71e-001  3.10e-009  6.44e-005  9.77e-006  8.11e-007  3.73e-006  4.68e-006  3.99e-008  
4.70622e+016 2.33e-016  9.40e-002  4.13e-003  6.31e-001  2.71e-001  3.09e-009  6.44e-005  9.70e-006  8.07e-007  3.69e-006  4.68e-006  3.98e-008  
4.71061e+016 2.49e-016  8.92e-002  3.99e-003  6.35e-001  2.72e-001  3.07e-009  6.39e-005  9.56e-006  7.87e-007  3.65e-006  4.62e-006  3.97e-008  
4.71746e+016 2.69e-016  7.77e-002  3.63e-003  6.43e-001  2.75e-001  3.02e-009  6.40e-005  9.33e-006  7.33e-007  3.61e-006  4.61e-006  4.05e-008  
4.72860e+016 2.93e-016  5.63e-002  2.90e-003  6.58e-001  2.83e-001  2.93e-009  6.48e-005  9.04e-006  6.17e-007  3.58e-006  4.60e-006  4.33e-008  
4.74240e+016 3.21e-016  3.33e-002  2.03e-003  6.75e-001  2.89e-001  2.75e-009  6.47e-005  8.59e-006  4.61e-007  3.52e-006  4.54e-006  4.89e-008  
4.74305e+016 3.22e-016  3.22e-002  1.99e-003  6.76e-001  2.90e-001  2.74e-009  6.48e-005  8.59e-006  4.56e-007  3.50e-006  4.56e-006  4.90e-008  
4.74313e+016 3.23e-016  3.22e-002  1.98e-003  6.76e-001  2.90e-001  2.74e-009  6.48e-005  8.59e-006  4.53e-007  3.50e-006  4.56e-006  4.93e-008  
4.74348e+016 3.22e-016  3.02e-002  1.90e-003  6.77e-001  2.91e-001  2.72e-009  6.49e-005  8.60e-006  4.50e-007  3.51e-006  4.57e-006  4.94e-008  
4.74406e+016 3.20e-016  2.50e-002  1.68e-003  6.81e-001  2.92e-001  2.66e-009  6.53e-005  8.60e-006  4.31e-007  3.50e-006  4.56e-006  5.03e-008  
4.74503e+016 3.10e-016  1.78e-002  1.34e-003  6.86e-001  2.94e-001  2.56e-009  6.57e-005  8.63e-006  3.80e-007  3.54e-006  4.61e-006  5.22e-008  
4.74676e+016 2.92e-016  1.16e-002  1.01e-003  6.91e-001  2.96e-001  2.42e-009  6.57e-005  8.59e-006  2.98e-007  3.53e-006  4.62e-006  5.58e-008  
4.74972e+016 2.71e-016  8.52e-003  8.30e-004  6.93e-001  2.97e-001  2.33e-009  6.60e-005  8.52e-006  2.33e-007  3.53e-006  4.61e-006  6.27e-008  
4.75283e+016 2.71e-016  7.89e-003  7.93e-004  6.93e-001  2.98e-001  2.31e-009  6.57e-005  8.41e-006  2.15e-007  3.49e-006  4.57e-006  6.86e-008  
4.75365e+016 2.74e-016  7.85e-003  7.89e-004  6.94e-001  2.97e-001  2.30e-009  6.54e-005  8.36e-006  2.14e-007  3.48e-006  4.57e-006  7.01e-008  
4.75556e+016 2.82e-016  7.76e-003  7.83e-004  6.94e-001  2.97e-001  2.29e-009  6.52e-005  8.25e-006  2.11e-007  3.45e-006  4.53e-006  7.26e-008  
4.75856e+016 2.98e-016  7.68e-003  7.81e-004  6.94e-001  2.98e-001  2.30e-009  6.50e-005  8.14e-006  2.10e-007  3.42e-006  4.52e-006  7.61e-008  
4.76342e+016 3.27e-016  7.16e-003  7.46e-004  6.94e-001  2.98e-001  2.27e-009  6.45e-005  7.92e-006  2.05e-007  3.36e-006  4.46e-006  7.98e-008  
4.77120e+016 3.66e-016  5.73e-003  6.47e-004  6.96e-001  2.97e-001  2.21e-009  6.36e-005  7.61e-006  1.85e-007  3.30e-006  4.39e-006  8.52e-008  
4.78339e+016 4.16e-016  3.34e-003  4.62e-004  6.98e-001  2.98e-001  2.05e-009  6.23e-005  7.15e-006  1.45e-007  3.18e-006  4.28e-006  9.67e-008  
4.79819e+016 4.65e-016  1.40e-003  2.73e-004  6.99e-001  2.99e-001  1.83e-009  6.07e-005  6.58e-006  1.02e-007  3.01e-006  4.13e-006  1.19e-007  
4.80101e+016 4.73e-016  1.17e-003  2.43e-004  6.98e-001  3.00e-001  1.79e-009  6.03e-005  6.49e-006  9.60e-008  3.00e-006  4.10e-006  1.24e-007  
4.80156e+016 4.75e-016  1.12e-003  2.38e-004  6.99e-001  2.99e-001  1.78e-009  6.02e-005  6.47e-006  9.46e-008  2.99e-006  4.09e-006  1.25e-007  
4.80288e+016 4.78e-016  1.00e-003  2.22e-004  6.99e-001  2.99e-001  1.75e-009  6.01e-005  6.43e-006  9.15e-008  2.97e-006  4.08e-006  1.28e-007  
4.80511e+016 4.80e-016  8.15e-004  1.97e-004  6.99e-001  3.00e-001  1.71e-009  5.98e-005  6.36e-006  8.61e-008  2.96e-006  4.07e-006  1.33e-007  
4.80875e+016 4.79e-016  5.69e-004  1.59e-004  6.99e-001  3.00e-001  1.63e-009  5.94e-005  6.24e-006  7.76e-008  2.92e-006  4.05e-006  1.42e-007  
4.81463e+016 4.81e-016  3.30e-004  1.16e-004  7.00e-001  2.99e-001  1.53e-009  5.88e-005  6.05e-006  6.75e-008  2.87e-006  3.99e-006  1.60e-007  
4.82445e+016 5.03e-016  1.52e-004  7.43e-005  7.00e-001  3.00e-001  1.38e-009  5.76e-005  5.72e-006  5.88e-008  2.78e-006  3.90e-006  1.94e-007  
4.83636e+016 5.42e-016  6.01e-005  4.41e-005  6.99e-001  3.01e-001  1.23e-009  5.61e-005  5.35e-006  5.46e-008  2.67e-006  3.78e-006  2.40e-007  
4.84912e+016 5.73e-016  1.90e-005  2.34e-005  7.00e-001  3.00e-001  1.07e-009  5.46e-005  4.99e-006  5.46e-008  2.56e-006  3.68e-006  2.98e-007  
4.86294e+016 5.92e-016  4.53e-006  1.08e-005  6.99e-001  3.01e-001  8.97e-010  5.30e-005  4.63e-006  5.96e-008  2.45e-006  3.56e-006  3.73e-007  
4.87591e+016 5.93e-016  9.63e-007  4.75e-006  7.00e-001  3.00e-001  7.45e-010  5.14e-005  4.30e-006  6.93e-008  2.34e-006  3.47e-006  4.57e-007  
4.88968e+016 5.76e-016  1.52e-007  1.84e-006  7.00e-001  3.00e-001  5.99e-010  4.95e-005  3.99e-006  8.58e-008  2.24e-006  3.37e-006  5.62e-007  
4.90444e+016 5.34e-016  1.54e-008  5.80e-007  7.00e-001  3.00e-001  4.59e-010  4.74e-005  3.69e-006  1.12e-007  2.13e-006  3.26e-006  6.89e-007  
4.91980e+016 4.67e-016  1.00e-009  1.51e-007  7.00e-001  3.00e-001  3.34e-010  4.52e-005  3.38e-006  1.53e-007  2.03e-006  3.17e-006  8.33e-007  
4.93317e+016 3.92e-016  6.43e-011  4.06e-008  6.99e-001  3.01e-001  2.45e-010  4.34e-005  3.16e-006  2.05e-007  1.95e-006  3.09e-006  9.67e-007  
4.94239e+016 3.36e-016  7.71e-012  1.48e-008  6.99e-001  3.01e-001  1.93e-010  4.20e-005  3.01e-006  2.52e-007  1.89e-006  3.01e-006  1.06e-006  
4.95192e+016 2.76e-016  6.96e-013  4.86e-009  7.00e-001  3.00e-001  1.48e-010  4.06e-005  2.85e-006  3.15e-007  1.84e-006  2.97e-006  1.16e-006  
4.96202e+016 2.17e-016  4.33e-014  1.35e-009  7.01e-001  2.99e-001  1.08e-010  3.93e-005  2.70e-006  3.96e-007  1.78e-006  2.90e-006  1.27e-006  
4.97297e+016 1.60e-016  1.61e-015  3.04e-010  7.01e-001  2.99e-001  7.57e-011  3.79e-005  2.55e-006  5.06e-007  1.72e-006  2.85e-006  1.39e-006  
4.98461e+016 1.08e-016  3.17e-017  5.26e-011  7.00e-001  3.00e-001  4.93e-011  3.66e-005  2.41e-006  6.52e-007  1.66e-006  2.79e-006  1.51e-006  
4.99670e+016 6.69e-017  3.41e-019  7.16e-012  6.99e-001  3.00e-001  1.33e-009  3.51e-005  2.27e-006  8.31e-007  1.60e-006  2.74e-006  1.64e-006  
5.00936e+016 3.71e-017  1.58e-021  6.95e-013  7.01e-001  2.99e-001  1.33e-009  3.37e-005  2.13e-006  1.05e-006  1.55e-006  2.67e-006  1.78e-006  
5.02240e+016 1.82e-017  2.99e-024  4.75e-014  7.00e-001  3.00e-001  1.34e-009  3.21e-005  2.00e-006  1.31e-006  1.49e-006  2.61e-006  1.92e-006  
5.03584e+016 7.87e-018  2.15e-027  2.24e-015  7.00e-001  3.00e-001  1.35e-009  3.06e-005  1.87e-006  1.59e-006  1.44e-006  2.55e-006  2.06e-006  
5.05026e+016 2.83e-018  2.69e-031  5.30e-017  7.00e-001  3.00e-001  1.35e-009  2.93e-005  1.75e-006  1.92e-006  1.38e-006  2.50e-006  2.21e-006  
5.05959e+016 1.54e-018  6.67e-034  4.46e-018  6.99e-001  3.00e-001  1.36e-009  2.87e-005  1.68e-006  2.14e-006  1.35e-006  2.47e-006  2.31e-006  
5.06957e+016 9.36e-019  7.92e-037  2.82e-019  7.00e-001  3.00e-001  1.37e-009  2.79e-005  1.61e-006  2.38e-006  1.31e-006  2.42e-006  2.40e-006  
5.07988e+016 7.21e-019  5.30e-040  1.44e-020  7.00e-001  3.00e-001  1.38e-009  2.72e-005  1.54e-006  2.63e-006  1.28e-006  2.39e-006  2.51e-006  
5.09058e+016 7.18e-019  2.95e-043  6.98e-022  7.00e-001  2.99e-001  1.41e-009  2.66e-005  1.48e-006  2.90e-006  1.24e-006  2.35e-006  2.62e-006  
5.10237e+016 8.29e-019  4.91e-047  2.11e-023  7.00e-001  3.00e-001  1.42e-009  2.58e-005  1.41e-006  3.20e-006  1.20e-006  2.32e-006  2.74e-006  
5.11496e+016 1.02e-018  3.74e-051  4.80e-025  7.00e-001  3.00e-001  1.45e-009  2.52e-005  1.35e-006  3.53e-006  1.17e-006  2.27e-006  2.85e-006  
5.12843e+016 1.29e-018  1.44e-055  8.47e-027  7.00e-001  3.00e-001  1.48e-009  2.44e-005  1.29e-006  3.87e-006  1.13e-006  2.24e-006  2.98e-006  
5.14296e+016 1.64e-018  1.39e-060  8.83e-029  7.00e-001  3.00e-001  1.53e-009  2.36e-005  1.23e-006  4.26e-006  1.09e-006  2.19e-006  3.11e-006  
5.15425e+016 1.97e-018  2.57e-064  3.01e-030  6.99e-001  3.01e-001  1.58e-009  2.32e-005  1.19e-006  4.58e-006  1.06e-006  2.17e-006  3.21e-006  
5.16792e+016 2.47e-018  8.09e-069  5.18e-032  7.00e-001  3.00e-001  1.63e-009  2.25e-005  1.14e-006  4.93e-006  1.03e-006  2.13e-006  3.32e-006  
5.18319e+016 3.17e-018  4.57e-074  4.60e-034  7.00e-001  3.00e-001  1.71e-009  2.18e-005  1.08e-006  5.36e-006  9.93e-007  2.09e-006  3.44e-006  
5.19950e+016 4.13e-018  0.00e+000  1.64e-036  7.00e-001  3.00e-001  1.81e-009  2.11e-005  1.03e-006  5.83e-006  9.59e-007  2.05e-006  3.58e-006  
5.21655e+016 5.42e-018  0.00e+000  7.34e-039  6.99e-001  3.01e-001  1.94e-009  2.05e-005  9.72e-007  6.33e-006  9.24e-007  2.01e-006  3.71e-006  
5.23457e+016 7.19e-018  0.00e+000  2.06e-041  6.99e-001  3.00e-001  2.09e-009  1.97e-005  9.14e-007  6.87e-006  8.90e-007  1.97e-006  3.82e-006  
5.25384e+016 9.64e-018  0.00e+000  7.37e-044  7.00e-001  3.00e-001  2.27e-009  1.90e-005  8.57e-007  7.46e-006  8.58e-007  1.94e-006  3.95e-006  
5.27451e+016 1.31e-017  0.00e+000  1.32e-046  7.00e-001  3.00e-001  2.51e-009  1.82e-005  7.94e-007  8.10e-006  8.25e-007  1.89e-006  4.07e-006  
5.29668e+016 1.79e-017  0.00e+000  3.70e-049  6.99e-001  3.00e-001  2.83e-009  1.75e-005  7.39e-007  8.78e-006  8.17e-007  1.86e-006  4.20e-006  
5.31993e+016 2.44e-017  0.00e+000  4.75e-052  7.00e-001  3.00e-001  3.19e-009  1.67e-005  6.83e-007  9.49e-006  8.18e-007  1.82e-006  4.30e-006  
5.34440e+016 3.34e-017  0.00e+000  1.49e-054  7.00e-001  2.99e-001  3.65e-009  1.60e-005  6.32e-007  1.02e-005  8.20e-007  1.79e-006  4.40e-006  
5.36995e+016 4.53e-017  0.00e+000  1.73e-057  7.00e-001  3.00e-001  4.19e-009  1.53e-005  5.83e-007  1.10e-005  8.23e-007  1.75e-006  4.48e-006  
5.39765e+016 6.17e-017  0.00e+000  5.30e-060  7.00e-001  3.00e-001  4.89e-009  1.46e-005  5.36e-007  1.18e-005  8.28e-007  1.72e-006  4.55e-006  
5.42627e+016 8.27e-017  0.00e+000  9.09e-063  7.00e-001  3.00e-001  5.72e-009  1.39e-005  4.94e-007  1.27e-005  8.37e-007  1.69e-006  4.63e-006  
5.45738e+016 1.11e-016  0.00e+000  9.82e-066  7.00e-001  3.00e-001  6.74e-009  1.32e-005  4.55e-007  1.35e-005  8.47e-007  1.67e-006  4.67e-006  
5.49079e+016 1.48e-016  0.00e+000  2.04e-068  7.01e-001  2.99e-001  7.95e-009  1.26e-005  4.16e-007  1.44e-005  8.56e-007  1.64e-006  4.70e-006  
5.52575e+016 1.94e-016  0.00e+000  2.83e-071  7.00e-001  3.00e-001  9.42e-009  1.20e-005  3.83e-007  1.51e-005  8.75e-007  1.62e-006  4.73e-006  
5.56155e+016 2.48e-016  0.00e+000  2.26e-074  7.00e-001  2.99e-001  1.11e-008  1.15e-005  3.55e-007  1.59e-005  8.98e-007  1.61e-006  4.75e-006  
5.59918e+016 3.12e-016  0.00e+000  5.90e-077  6.99e-001  3.00e-001  1.30e-008  1.16e-005  3.30e-007  1.65e-005  9.24e-007  1.60e-006  4.75e-006  
5.63913e+016 3.86e-016  0.00e+000  1.12e-079  6.99e-001  3.00e-001  1.51e-008  1.18e-005  3.08e-007  1.70e-005  9.51e-007  1.59e-006  4.74e-006  
5.68226e+016 4.67e-016  0.00e+000  0.00e+000  7.00e-001  3.00e-001  1.77e-008  1.21e-005  3.08e-007  1.73e-005  9.93e-007  1.59e-006  4.77e-006  
5.72780e+016 5.54e-016  0.00e+000  0.00e+000  7.00e-001  3.00e-001  2.06e-008  1.25e-005  3.10e-007  1.75e-005  1.04e-006  1.59e-006  4.78e-006  
5.77650e+016 6.43e-016  0.00e+000  0.00e+000  7.00e-001  3.00e-001  2.36e-008  1.29e-005  3.13e-007  1.74e-005  1.09e-006  1.60e-006  4.80e-006  
5.82707e+016 7.23e-016  0.00e+000  0.00e+000  7.00e-001  3.00e-001  2.72e-008  1.35e-005  3.18e-007  1.71e-005  1.16e-006  1.62e-006  4.87e-006  
5.88124e+016 7.94e-016  0.00e+000  0.00e+000  7.00e-001  3.00e-001  3.11e-008  1.41e-005  3.25e-007  1.66e-005  1.25e-006  1.65e-006  4.95e-006  
5.93801e+016 8.51e-016  0.00e+000  0.00e+000  7.00e-001  3.00e-001  3.52e-008  1.48e-005  3.36e-007  1.61e-005  1.34e-006  1.69e-006  5.08e-006  
5.99878e+016 8.93e-016  0.00e+000  0.00e+000  7.00e-001  3.00e-001  4.00e-008  1.58e-005  3.49e-007  1.53e-005  1.47e-006  1.74e-006  5.24e-006  
6.06254e+016 9.19e-016  0.00e+000  0.00e+000  6.99e-001  3.00e-001  4.53e-008  1.68e-005  3.68e-007  1.47e-005  1.61e-006  1.79e-006  5.46e-006  
6.12860e+016 9.33e-016  0.00e+000  0.00e+000  7.00e-001  3.00e-001  5.10e-008  1.80e-005  3.90e-007  1.40e-005  1.77e-006  1.86e-006  5.74e-006  
6.19772e+016 9.38e-016  0.00e+000  0.00e+000  7.00e-001  2.99e-001  5.74e-008  1.94e-005  4.18e-007  1.35e-005  1.96e-006  1.95e-006  6.10e-006  
6.27006e+016 9.40e-016  0.00e+000  0.00e+000  7.00e-001  3.00e-001  6.49e-008  2.11e-005  4.51e-007  1.32e-005  2.19e-006  2.05e-006  6.53e-006  
6.34752e+016 9.41e-016  0.00e+000  0.00e+000  7.00e-001  3.00e-001  7.38e-008  2.31e-005  4.93e-007  1.30e-005  2.48e-006  2.19e-006  7.09e-006  
6.43223e+016 9.46e-016  0.00e+000  0.00e+000  7.00e-001  3.00e-001  8.48e-008  2.55e-005  5.45e-007  1.31e-005  2.82e-006  2.34e-006  7.78e-006  
6.52408e+016 9.56e-016  0.00e+000  0.00e+000  7.00e-001  3.00e-001  9.85e-008  2.84e-005  6.13e-007  1.35e-005  3.25e-006  2.53e-006  8.68e-006  
6.62440e+016 9.74e-016  0.00e+000  0.00e+000  7.00e-001  3.00e-001  1.16e-007  3.22e-005  6.99e-007  1.42e-005  3.79e-006  2.77e-006  9.82e-006  
6.73219e+016 1.00e-015  0.00e+000  0.00e+000  7.00e-001  3.00e-001  1.39e-007  3.68e-005  8.10e-007  1.54e-005  4.47e-006  3.07e-006  1.13e-005  
6.84641e+016 1.03e-015  0.00e+000  0.00e+000  6.99e-001  3.00e-001  1.69e-007  4.25e-005  9.51e-007  1.70e-005  5.32e-006  3.44e-006  1.32e-005  
6.96945e+016 1.07e-015  0.00e+000  0.00e+000  7.00e-001  3.00e-001  2.08e-007  4.98e-005  1.14e-006  1.94e-005  6.41e-006  3.90e-006  1.56e-005  
7.10391e+016 1.12e-015  0.00e+000  0.00e+000  6.99e-001  3.00e-001  2.62e-007  5.93e-005  1.38e-006  2.28e-005  7.84e-006  4.48e-006  1.88e-005  
7.25155e+016 1.17e-015  0.00e+000  0.00e+000  7.00e-001  3.00e-001  3.37e-007  7.20e-005  1.73e-006  2.77e-005  9.79e-006  5.26e-006  2.32e-005  
7.42223e+016 1.24e-015  0.00e+000  0.00e+000  7.00e-001  3.00e-001  4.53e-007  9.00e-005  2.23e-006  3.52e-005  1.26e-005  6.35e-006  2.96e-005  
7.63108e+016 1.33e-015  0.00e+000  0.00e+000  6.99e-001  3.00e-001  6.50e-007  1.20e-004  3.06e-006  4.79e-005  1.72e-005  8.07e-006  4.01e-005  
7.86896e+016 1.40e-015  0.00e+000  0.00e+000  7.00e-001  3.00e-001  9.75e-007  1.65e-004  4.38e-006  6.84e-005  2.45e-005  1.05e-005  5.65e-005  
8.18150e+016 1.47e-015  0.00e+000  0.00e+000  6.99e-001  3.00e-001  1.66e-006  2.54e-004  6.99e-006  1.09e-004  3.88e-005  1.51e-005  8.82e-005  
8.55776e+016 1.50e-015  0.00e+000  0.00e+000  6.99e-001  3.00e-001  3.10e-006  4.27e-004  1.23e-005  1.90e-004  6.72e-005  2.34e-005  1.50e-004  
9.00548e+016 1.48e-015  0.00e+000  0.00e+000  6.98e-001  2.99e-001  6.31e-006  7.93e-004  2.38e-005  3.62e-004  1.29e-004  3.92e-005  2.76e-004  
9.53916e+016 1.39e-015  0.00e+000  0.00e+000  6.96e-001  2.99e-001  1.41e-005  1.63e-003  5.09e-005  7.50e-004  2.73e-004  7.08e-005  5.52e-004  
1.01535e+017 1.24e-015  0.00e+000  0.00e+000  6.93e-001  2.97e-001  3.39e-005  3.65e-003  1.18e-004  1.68e-003  6.25e-004  1.35e-004  1.17e-003  
1.09249e+017 1.05e-015  0.00e+000  0.00e+000  6.82e-001  2.92e-001  9.06e-005  9.26e-003  3.09e-004  4.18e-003  1.60e-003  2.78e-004  2.69e-003  
