! 0       C2H5OH2+ + e- -> C2H5 + OH + H
! 1       C2H5OH2+ + e- -> C2H5 + H2O
! 2       C2H5OH2+ + e- -> C2H4 + H2O + H
! 3       NH3 + C2H5OH2+ -> C2H5OH + NH4+
! 4       C2H5OH2+ + e- -> C2H5OH + H
! 5       C2H5OH2+ + GRAIN -> C2H5OH + H + GRAIN
! 6       H2CO + C2H5OH2+ -> H2O + CH3COCH4+
!            tot_rate   0          1          2          3          4          5          6          
1.58188e+013 2.48e-019  3.25e-001  3.25e-001  3.25e-001  6.01e-004  2.39e-002  5.57e-005  1.11e-006  
3.50727e+014 2.47e-019  3.25e-001  3.25e-001  3.25e-001  6.03e-004  2.39e-002  5.54e-005  1.11e-006  
5.21628e+015 2.45e-019  3.25e-001  3.25e-001  3.25e-001  6.00e-004  2.39e-002  5.56e-005  1.10e-006  
2.67137e+016 4.15e-021  3.25e-001  3.25e-001  3.25e-001  3.47e-004  2.39e-002  5.32e-005  5.49e-007  
3.33598e+016 3.57e-022  3.25e-001  3.25e-001  3.25e-001  2.38e-004  2.38e-002  1.67e-004  8.52e-007  
3.42055e+016 2.97e-022  3.25e-001  3.25e-001  3.25e-001  2.05e-004  2.39e-002  2.17e-004  1.00e-006  
3.44017e+016 2.83e-022  3.25e-001  3.25e-001  3.25e-001  1.97e-004  2.39e-002  2.35e-004  1.05e-006  
3.46353e+016 2.66e-022  3.25e-001  3.25e-001  3.25e-001  1.87e-004  2.39e-002  2.61e-004  1.11e-006  
3.48860e+016 2.48e-022  3.25e-001  3.25e-001  3.25e-001  1.78e-004  2.39e-002  2.98e-004  1.19e-006  
3.51370e+016 2.29e-022  3.25e-001  3.25e-001  3.25e-001  1.70e-004  2.39e-002  3.48e-004  1.29e-006  
3.53250e+016 2.14e-022  3.25e-001  3.25e-001  3.25e-001  1.64e-004  2.39e-002  3.99e-004  1.38e-006  
3.55515e+016 1.95e-022  3.25e-001  3.25e-001  3.25e-001  1.60e-004  2.39e-002  4.81e-004  1.53e-006  
3.57182e+016 1.80e-022  3.25e-001  3.25e-001  3.25e-001  1.58e-004  2.39e-002  5.66e-004  1.69e-006  
3.58524e+016 1.67e-022  3.25e-001  3.25e-001  3.25e-001  1.58e-004  2.38e-002  6.57e-004  1.85e-006  
3.60047e+016 1.51e-022  3.25e-001  3.25e-001  3.25e-001  1.61e-004  2.39e-002  7.99e-004  2.09e-006  
3.61718e+016 1.34e-022  3.25e-001  3.25e-001  3.25e-001  1.67e-004  2.39e-002  1.03e-003  2.46e-006  
3.62899e+016 1.22e-022  3.25e-001  3.25e-001  3.25e-001  1.71e-004  2.39e-002  1.25e-003  2.79e-006  
3.63893e+016 1.14e-022  3.25e-001  3.25e-001  3.25e-001  1.74e-004  2.39e-002  1.47e-003  3.09e-006  
3.64972e+016 1.18e-022  3.25e-001  3.25e-001  3.25e-001  1.60e-004  2.39e-002  1.57e-003  3.10e-006  
3.66124e+016 1.26e-022  3.25e-001  3.25e-001  3.25e-001  1.44e-004  2.39e-002  1.68e-003  3.02e-006  
3.67348e+016 1.36e-022  3.25e-001  3.25e-001  3.25e-001  1.58e-004  2.39e-002  1.81e-003  2.95e-006  
3.68621e+016 1.49e-022  3.25e-001  3.25e-001  3.25e-001  2.10e-004  2.38e-002  1.96e-003  2.87e-006  
3.69700e+016 1.62e-022  3.25e-001  3.25e-001  3.25e-001  3.31e-004  2.38e-002  2.11e-003  2.86e-006  
3.70376e+016 1.72e-022  3.24e-001  3.24e-001  3.24e-001  4.78e-004  2.39e-002  2.21e-003  2.90e-006  
3.71087e+016 1.85e-022  3.24e-001  3.24e-001  3.24e-001  7.31e-004  2.38e-002  2.32e-003  3.03e-006  
3.71826e+016 2.00e-022  3.24e-001  3.24e-001  3.24e-001  1.16e-003  2.38e-002  2.45e-003  3.31e-006  
3.72589e+016 2.18e-022  3.24e-001  3.24e-001  3.24e-001  1.88e-003  2.38e-002  2.58e-003  3.88e-006  
3.73370e+016 2.41e-022  3.23e-001  3.23e-001  3.23e-001  3.04e-003  2.38e-002  2.74e-003  4.94e-006  
3.74165e+016 2.69e-022  3.23e-001  3.23e-001  3.23e-001  4.83e-003  2.37e-002  2.89e-003  6.87e-006  
3.74829e+016 2.98e-022  3.22e-001  3.22e-001  3.22e-001  6.89e-003  2.36e-002  3.01e-003  9.51e-006  
3.75505e+016 3.33e-022  3.21e-001  3.21e-001  3.21e-001  9.34e-003  2.36e-002  3.15e-003  1.36e-005  
3.76194e+016 3.78e-022  3.20e-001  3.20e-001  3.20e-001  1.17e-002  2.36e-002  3.28e-003  1.97e-005  
3.76839e+016 4.34e-022  3.20e-001  3.20e-001  3.20e-001  1.30e-002  2.35e-002  3.41e-003  2.72e-005  
3.76854e+016 4.34e-022  3.20e-001  3.20e-001  3.20e-001  1.31e-002  2.35e-002  3.43e-003  2.74e-005  
3.76877e+016 4.38e-022  3.20e-001  3.20e-001  3.20e-001  1.31e-002  2.35e-002  3.43e-003  2.77e-005  
3.76917e+016 4.41e-022  3.20e-001  3.20e-001  3.20e-001  1.31e-002  2.36e-002  3.45e-003  2.84e-005  
3.76980e+016 4.47e-022  3.20e-001  3.20e-001  3.20e-001  1.32e-002  2.35e-002  3.47e-003  2.91e-005  
3.77083e+016 4.59e-022  3.20e-001  3.20e-001  3.20e-001  1.32e-002  2.35e-002  3.48e-003  3.05e-005  
3.77248e+016 4.78e-022  3.20e-001  3.20e-001  3.20e-001  1.32e-002  2.36e-002  3.51e-003  3.28e-005  
3.77450e+016 5.09e-022  3.20e-001  3.20e-001  3.20e-001  1.30e-002  2.34e-002  3.55e-003  3.55e-005  
3.77655e+016 5.44e-022  3.20e-001  3.20e-001  3.20e-001  1.28e-002  2.34e-002  3.61e-003  3.75e-005  
3.77936e+016 5.97e-022  3.20e-001  3.20e-001  3.20e-001  1.26e-002  2.35e-002  3.69e-003  3.69e-005  
3.78016e+016 6.12e-022  3.20e-001  3.20e-001  3.20e-001  1.25e-002  2.35e-002  3.71e-003  3.67e-005  
3.78111e+016 6.34e-022  3.20e-001  3.20e-001  3.20e-001  1.24e-002  2.35e-002  3.72e-003  3.64e-005  
3.78273e+016 6.68e-022  3.20e-001  3.20e-001  3.20e-001  1.22e-002  2.35e-002  3.77e-003  3.59e-005  
3.78530e+016 7.28e-022  3.20e-001  3.20e-001  3.20e-001  1.20e-002  2.35e-002  3.82e-003  3.52e-005  
3.78818e+016 7.96e-022  3.20e-001  3.20e-001  3.20e-001  1.17e-002  2.35e-002  3.89e-003  3.43e-005  
3.79076e+016 8.58e-022  3.20e-001  3.20e-001  3.20e-001  1.15e-002  2.35e-002  3.97e-003  3.37e-005  
3.79253e+016 9.02e-022  3.20e-001  3.20e-001  3.20e-001  1.13e-002  2.35e-002  4.02e-003  3.33e-005  
3.79502e+016 9.67e-022  3.20e-001  3.20e-001  3.20e-001  1.11e-002  2.36e-002  4.08e-003  3.26e-005  
3.79755e+016 1.04e-021  3.20e-001  3.20e-001  3.20e-001  1.09e-002  2.36e-002  4.15e-003  3.19e-005  
3.79897e+016 1.07e-021  3.20e-001  3.20e-001  3.20e-001  1.08e-002  2.36e-002  4.19e-003  3.17e-005  
3.79918e+016 1.08e-021  3.20e-001  3.20e-001  3.20e-001  1.07e-002  2.35e-002  4.20e-003  3.16e-005  
3.79956e+016 1.09e-021  3.20e-001  3.20e-001  3.20e-001  1.07e-002  2.35e-002  4.22e-003  3.15e-005  
3.80017e+016 1.10e-021  3.21e-001  3.21e-001  3.21e-001  1.07e-002  2.35e-002  4.24e-003  3.14e-005  
3.80129e+016 1.14e-021  3.21e-001  3.21e-001  3.21e-001  1.07e-002  2.35e-002  4.27e-003  3.12e-005  
3.80319e+016 1.19e-021  3.21e-001  3.21e-001  3.21e-001  1.05e-002  2.36e-002  4.32e-003  3.08e-005  
3.80578e+016 1.26e-021  3.21e-001  3.21e-001  3.21e-001  1.03e-002  2.35e-002  4.41e-003  3.02e-005  
3.80629e+016 1.28e-021  3.21e-001  3.21e-001  3.21e-001  1.03e-002  2.36e-002  4.43e-003  3.01e-005  
3.80713e+016 1.30e-021  3.21e-001  3.21e-001  3.21e-001  1.02e-002  2.35e-002  4.45e-003  2.99e-005  
3.80859e+016 1.34e-021  3.21e-001  3.21e-001  3.21e-001  1.01e-002  2.35e-002  4.50e-003  2.96e-005  
3.81083e+016 1.40e-021  3.21e-001  3.21e-001  3.21e-001  1.00e-002  2.36e-002  4.58e-003  2.92e-005  
3.81265e+016 1.45e-021  3.21e-001  3.21e-001  3.21e-001  9.88e-003  2.36e-002  4.65e-003  2.90e-005  
3.81480e+016 1.50e-021  3.21e-001  3.21e-001  3.21e-001  9.75e-003  2.36e-002  4.74e-003  2.86e-005  
3.81769e+016 1.56e-021  3.21e-001  3.21e-001  3.21e-001  9.58e-003  2.35e-002  4.85e-003  2.81e-005  
3.81836e+016 1.57e-021  3.21e-001  3.21e-001  3.21e-001  9.58e-003  2.36e-002  4.88e-003  2.80e-005  
3.81952e+016 1.58e-021  3.21e-001  3.21e-001  3.21e-001  9.47e-003  2.35e-002  4.91e-003  2.78e-005  
3.82149e+016 1.60e-021  3.21e-001  3.21e-001  3.21e-001  9.38e-003  2.36e-002  4.98e-003  2.76e-005  
3.82433e+016 1.60e-021  3.21e-001  3.21e-001  3.21e-001  9.25e-003  2.36e-002  5.08e-003  2.73e-005  
3.82740e+016 1.55e-021  3.21e-001  3.21e-001  3.21e-001  9.14e-003  2.36e-002  5.19e-003  2.69e-005  
3.83054e+016 1.44e-021  3.21e-001  3.21e-001  3.21e-001  9.00e-003  2.36e-002  5.32e-003  2.67e-005  
3.83376e+016 1.29e-021  3.21e-001  3.21e-001  3.21e-001  8.89e-003  2.36e-002  5.44e-003  2.67e-005  
3.83751e+016 1.11e-021  3.21e-001  3.21e-001  3.21e-001  8.81e-003  2.35e-002  5.60e-003  2.69e-005  
3.84132e+016 9.33e-022  3.21e-001  3.21e-001  3.21e-001  8.74e-003  2.36e-002  5.78e-003  2.80e-005  
3.84531e+016 7.67e-022  3.21e-001  3.21e-001  3.21e-001  8.67e-003  2.36e-002  5.97e-003  3.05e-005  
3.84962e+016 6.15e-022  3.21e-001  3.21e-001  3.21e-001  8.62e-003  2.36e-002  6.20e-003  3.53e-005  
3.85449e+016 4.74e-022  3.20e-001  3.20e-001  3.20e-001  8.62e-003  2.36e-002  6.49e-003  4.22e-005  
3.85990e+016 3.56e-022  3.20e-001  3.20e-001  3.20e-001  8.57e-003  2.35e-002  6.80e-003  4.52e-005  
3.86597e+016 2.50e-022  3.20e-001  3.20e-001  3.20e-001  8.53e-003  2.35e-002  7.24e-003  3.83e-005  
3.87288e+016 1.57e-022  3.20e-001  3.20e-001  3.20e-001  8.35e-003  2.35e-002  7.72e-003  2.31e-005  
3.88139e+016 8.34e-023  3.20e-001  3.20e-001  3.20e-001  7.90e-003  2.35e-002  8.34e-003  7.62e-006  
3.89093e+016 3.78e-023  3.20e-001  3.20e-001  3.20e-001  7.04e-003  2.36e-002  9.20e-003  1.03e-006  
3.90068e+016 1.61e-023  3.20e-001  3.20e-001  3.20e-001  5.83e-003  2.35e-002  1.01e-002  4.99e-008  
3.91088e+016 6.34e-024  3.20e-001  3.20e-001  3.20e-001  4.61e-003  2.35e-002  1.12e-002  1.08e-009  
3.92181e+016 2.29e-024  3.20e-001  3.20e-001  3.20e-001  3.56e-003  2.35e-002  1.25e-002  5.73e-010  
3.93325e+016 8.28e-025  3.20e-001  3.20e-001  3.20e-001  2.80e-003  2.35e-002  1.40e-002  7.32e-010  
3.94519e+016 3.72e-025  3.19e-001  3.19e-001  3.19e-001  2.33e-003  2.34e-002  1.57e-002  8.94e-010  
3.95803e+016 2.60e-025  3.19e-001  3.19e-001  3.19e-001  2.05e-003  2.34e-002  1.79e-002  1.06e-009  
3.97190e+016 2.53e-025  3.18e-001  3.18e-001  3.18e-001  1.93e-003  2.34e-002  2.03e-002  1.23e-009  
3.98699e+016 2.63e-025  3.17e-001  3.17e-001  3.17e-001  1.96e-003  2.33e-002  2.32e-002  1.39e-009  
4.00514e+016 2.65e-025  3.16e-001  3.16e-001  3.16e-001  2.16e-003  2.32e-002  2.69e-002  1.55e-009  
4.02549e+016 2.53e-025  3.14e-001  3.14e-001  3.14e-001  2.58e-003  2.31e-002  3.12e-002  1.71e-009  
4.04761e+016 2.33e-025  3.13e-001  3.13e-001  3.13e-001  3.29e-003  2.30e-002  3.59e-002  1.85e-009  
4.07070e+016 2.12e-025  3.11e-001  3.11e-001  3.11e-001  4.34e-003  2.28e-002  4.05e-002  1.96e-009  
4.09451e+016 1.95e-025  3.09e-001  3.09e-001  3.09e-001  5.80e-003  2.27e-002  4.47e-002  2.02e-009  
4.11988e+016 1.80e-025  3.07e-001  3.07e-001  3.07e-001  7.94e-003  2.25e-002  4.85e-002  2.03e-009  
4.14624e+016 1.65e-025  3.05e-001  3.05e-001  3.05e-001  1.09e-002  2.24e-002  5.14e-002  1.98e-009  
4.17462e+016 1.45e-025  3.03e-001  3.03e-001  3.03e-001  1.48e-002  2.23e-002  5.33e-002  1.85e-009  
4.20512e+016 1.14e-025  3.01e-001  3.01e-001  3.01e-001  1.97e-002  2.22e-002  5.44e-002  1.65e-009  
4.23867e+016 2.28e-026  3.00e-001  3.00e-001  3.00e-001  2.48e-002  2.20e-002  5.43e-002  1.38e-009  
4.27356e+016 3.65e-026  2.98e-001  2.98e-001  2.98e-001  2.93e-002  2.20e-002  5.34e-002  1.14e-009  
4.30994e+016 3.35e-026  2.98e-001  2.98e-001  2.98e-001  3.22e-002  2.19e-002  5.13e-002  9.99e-010  
4.34671e+016 6.67e-026  2.98e-001  2.98e-001  2.98e-001  3.43e-002  2.19e-002  4.84e-002  9.97e-010  
4.38104e+016 1.91e-025  2.99e-001  2.99e-001  2.99e-001  3.58e-002  2.19e-002  4.59e-002  9.58e-010  
4.41007e+016 5.28e-025  2.99e-001  2.99e-001  2.99e-001  3.69e-002  2.20e-002  4.36e-002  8.50e-010  
4.42181e+016 7.52e-025  2.99e-001  2.99e-001  2.99e-001  3.73e-002  2.20e-002  4.26e-002  8.22e-010  
4.42811e+016 9.48e-025  2.99e-001  2.99e-001  2.99e-001  3.75e-002  2.20e-002  4.21e-002  8.23e-010  
4.43809e+016 1.48e-024  3.00e-001  3.00e-001  3.00e-001  3.79e-002  2.21e-002  4.11e-002  8.32e-010  
4.45030e+016 1.76e-024  3.00e-001  3.00e-001  3.00e-001  3.83e-002  2.20e-002  3.99e-002  8.42e-010  
4.45401e+016 2.04e-024  3.00e-001  3.00e-001  3.00e-001  3.84e-002  2.20e-002  3.96e-002  8.45e-010  
4.45998e+016 2.86e-024  3.00e-001  3.00e-001  3.00e-001  3.85e-002  2.21e-002  3.92e-002  8.40e-010  
4.46779e+016 3.43e-024  3.00e-001  3.00e-001  3.00e-001  3.90e-002  2.21e-002  3.85e-002  8.42e-010  
4.48006e+016 4.76e-024  3.00e-001  3.00e-001  3.00e-001  3.93e-002  2.21e-002  3.76e-002  8.46e-010  
4.48529e+016 5.89e-024  3.00e-001  3.00e-001  3.00e-001  3.94e-002  2.21e-002  3.72e-002  8.45e-010  
4.48834e+016 8.25e-024  3.00e-001  3.00e-001  3.00e-001  3.96e-002  2.21e-002  3.68e-002  8.42e-010  
4.49346e+016 1.05e-023  3.01e-001  3.01e-001  3.01e-001  3.98e-002  2.20e-002  3.64e-002  8.34e-010  
4.49870e+016 1.16e-023  3.01e-001  3.01e-001  3.01e-001  4.00e-002  2.21e-002  3.59e-002  8.35e-010  
4.50684e+016 1.39e-023  3.01e-001  3.01e-001  3.01e-001  4.02e-002  2.21e-002  3.53e-002  8.35e-010  
4.51867e+016 2.07e-023  3.01e-001  3.01e-001  3.01e-001  4.07e-002  2.21e-002  3.45e-002  8.37e-010  
4.51946e+016 2.15e-023  3.01e-001  3.01e-001  3.01e-001  4.07e-002  2.21e-002  3.45e-002  8.38e-010  
4.52061e+016 2.39e-023  3.01e-001  3.01e-001  3.01e-001  4.07e-002  2.21e-002  3.44e-002  8.41e-010  
4.52265e+016 3.02e-023  3.01e-001  3.01e-001  3.01e-001  4.07e-002  2.21e-002  3.41e-002  8.30e-010  
4.52632e+016 4.12e-023  3.01e-001  3.01e-001  3.01e-001  4.08e-002  2.21e-002  3.38e-002  8.18e-010  
4.53239e+016 5.12e-023  3.01e-001  3.01e-001  3.01e-001  4.13e-002  2.21e-002  3.34e-002  8.21e-010  
4.54167e+016 6.18e-023  3.01e-001  3.01e-001  3.01e-001  4.16e-002  2.22e-002  3.27e-002  8.24e-010  
4.55446e+016 9.26e-023  3.01e-001  3.01e-001  3.01e-001  4.20e-002  2.21e-002  3.15e-002  8.22e-010  
4.55658e+016 9.99e-023  3.01e-001  3.01e-001  3.01e-001  4.21e-002  2.21e-002  3.14e-002  8.21e-010  
4.55697e+016 1.01e-022  3.01e-001  3.01e-001  3.01e-001  4.21e-002  2.21e-002  3.15e-002  8.24e-010  
4.55761e+016 1.04e-022  3.01e-001  3.01e-001  3.01e-001  4.22e-002  2.21e-002  3.15e-002  8.27e-010  
4.55871e+016 1.10e-022  3.01e-001  3.01e-001  3.01e-001  4.22e-002  2.21e-002  3.13e-002  8.22e-010  
4.56066e+016 1.22e-022  3.01e-001  3.01e-001  3.01e-001  4.23e-002  2.21e-002  3.11e-002  8.14e-010  
4.56410e+016 1.47e-022  3.02e-001  3.02e-001  3.02e-001  4.24e-002  2.21e-002  3.09e-002  8.01e-010  
4.56849e+016 1.81e-022  3.02e-001  3.02e-001  3.02e-001  4.26e-002  2.22e-002  3.06e-002  7.99e-010  
4.57241e+016 2.11e-022  3.02e-001  3.02e-001  3.02e-001  4.28e-002  2.22e-002  3.04e-002  8.00e-010  
4.57850e+016 2.57e-022  3.02e-001  3.02e-001  3.02e-001  4.28e-002  2.21e-002  3.00e-002  8.02e-010  
4.58802e+016 3.32e-022  3.02e-001  3.02e-001  3.02e-001  4.37e-002  2.23e-002  2.94e-002  8.11e-010  
4.59720e+016 4.18e-022  3.02e-001  3.02e-001  3.02e-001  4.38e-002  2.22e-002  2.87e-002  8.12e-010  
4.59734e+016 4.21e-022  3.02e-001  3.02e-001  3.02e-001  4.37e-002  2.21e-002  2.85e-002  8.08e-010  
4.59759e+016 4.21e-022  3.02e-001  3.02e-001  3.02e-001  4.39e-002  2.22e-002  2.87e-002  8.15e-010  
4.59802e+016 4.27e-022  3.02e-001  3.02e-001  3.02e-001  4.38e-002  2.21e-002  2.85e-002  8.12e-010  
4.59873e+016 4.34e-022  3.02e-001  3.02e-001  3.02e-001  4.38e-002  2.21e-002  2.86e-002  8.16e-010  
4.59993e+016 4.44e-022  3.02e-001  3.02e-001  3.02e-001  4.39e-002  2.22e-002  2.86e-002  8.17e-010  
4.60196e+016 4.67e-022  3.02e-001  3.02e-001  3.02e-001  4.39e-002  2.21e-002  2.83e-002  8.05e-010  
4.60580e+016 5.07e-022  3.02e-001  3.02e-001  3.02e-001  4.40e-002  2.21e-002  2.80e-002  7.97e-010  
4.61139e+016 5.67e-022  3.02e-001  3.02e-001  3.02e-001  4.45e-002  2.22e-002  2.79e-002  7.98e-010  
4.61801e+016 6.46e-022  3.02e-001  3.02e-001  3.02e-001  4.46e-002  2.21e-002  2.73e-002  8.04e-010  
4.62829e+016 7.72e-022  3.02e-001  3.02e-001  3.02e-001  4.51e-002  2.22e-002  2.67e-002  8.23e-010  
4.63958e+016 9.20e-022  3.02e-001  3.02e-001  3.02e-001  4.56e-002  2.22e-002  2.59e-002  8.41e-010  
4.64165e+016 9.47e-022  3.02e-001  3.02e-001  3.02e-001  4.57e-002  2.22e-002  2.58e-002  8.46e-010  
4.64187e+016 9.50e-022  3.02e-001  3.02e-001  3.02e-001  4.58e-002  2.22e-002  2.58e-002  8.47e-010  
4.64224e+016 9.54e-022  3.02e-001  3.02e-001  3.02e-001  4.57e-002  2.22e-002  2.59e-002  8.52e-010  
4.64286e+016 9.63e-022  3.02e-001  3.02e-001  3.02e-001  4.57e-002  2.22e-002  2.57e-002  8.57e-010  
4.64396e+016 9.76e-022  3.02e-001  3.02e-001  3.02e-001  4.58e-002  2.22e-002  2.56e-002  8.62e-010  
4.64596e+016 1.00e-021  3.02e-001  3.02e-001  3.02e-001  4.59e-002  2.22e-002  2.55e-002  8.68e-010  
4.64933e+016 1.04e-021  3.02e-001  3.02e-001  3.02e-001  4.61e-002  2.22e-002  2.53e-002  8.73e-010  
4.65501e+016 1.11e-021  3.02e-001  3.02e-001  3.02e-001  4.64e-002  2.22e-002  2.51e-002  8.83e-010  
4.66259e+016 1.21e-021  3.02e-001  3.02e-001  3.02e-001  4.68e-002  2.22e-002  2.47e-002  9.02e-010  
4.67450e+016 1.37e-021  3.02e-001  3.02e-001  3.02e-001  4.74e-002  2.22e-002  2.40e-002  9.54e-010  
4.68726e+016 1.56e-021  3.02e-001  3.02e-001  3.02e-001  4.80e-002  2.22e-002  2.33e-002  1.02e-009  
4.69009e+016 1.60e-021  3.02e-001  3.02e-001  3.02e-001  4.82e-002  2.22e-002  2.31e-002  1.04e-009  
4.69024e+016 1.60e-021  3.02e-001  3.02e-001  3.02e-001  4.82e-002  2.22e-002  2.32e-002  1.04e-009  
4.69048e+016 1.61e-021  3.02e-001  3.02e-001  3.02e-001  4.82e-002  2.22e-002  2.32e-002  1.05e-009  
4.69090e+016 1.61e-021  3.02e-001  3.02e-001  3.02e-001  4.81e-002  2.22e-002  2.32e-002  1.05e-009  
4.69160e+016 1.62e-021  3.02e-001  3.02e-001  3.02e-001  4.82e-002  2.22e-002  2.32e-002  1.06e-009  
4.69279e+016 1.63e-021  3.02e-001  3.02e-001  3.02e-001  4.82e-002  2.22e-002  2.30e-002  1.09e-009  
4.69476e+016 1.66e-021  3.02e-001  3.02e-001  3.02e-001  4.84e-002  2.22e-002  2.29e-002  1.12e-009  
4.69806e+016 1.70e-021  3.02e-001  3.02e-001  3.02e-001  4.86e-002  2.22e-002  2.27e-002  1.17e-009  
4.70337e+016 1.77e-021  3.02e-001  3.02e-001  3.02e-001  4.89e-002  2.22e-002  2.25e-002  1.23e-009  
4.70622e+016 1.81e-021  3.02e-001  3.02e-001  3.02e-001  4.91e-002  2.22e-002  2.24e-002  1.26e-009  
4.71061e+016 1.88e-021  3.02e-001  3.02e-001  3.02e-001  4.94e-002  2.22e-002  2.22e-002  1.30e-009  
4.71746e+016 1.98e-021  3.02e-001  3.02e-001  3.02e-001  4.99e-002  2.22e-002  2.19e-002  1.37e-009  
4.72860e+016 2.16e-021  3.02e-001  3.02e-001  3.02e-001  5.14e-002  2.22e-002  2.12e-002  1.50e-009  
4.74240e+016 2.38e-021  3.01e-001  3.01e-001  3.01e-001  5.42e-002  2.21e-002  2.07e-002  1.74e-009  
4.74305e+016 2.39e-021  3.01e-001  3.01e-001  3.01e-001  5.44e-002  2.21e-002  2.07e-002  1.75e-009  
4.74313e+016 2.39e-021  3.01e-001  3.01e-001  3.01e-001  5.44e-002  2.21e-002  2.07e-002  1.75e-009  
4.74348e+016 2.40e-021  3.01e-001  3.01e-001  3.01e-001  5.43e-002  2.21e-002  2.07e-002  1.76e-009  
4.74406e+016 2.41e-021  3.01e-001  3.01e-001  3.01e-001  5.45e-002  2.21e-002  2.07e-002  1.77e-009  
4.74503e+016 2.42e-021  3.01e-001  3.01e-001  3.01e-001  5.46e-002  2.21e-002  2.06e-002  1.81e-009  
4.74676e+016 2.44e-021  3.01e-001  3.01e-001  3.01e-001  5.48e-002  2.21e-002  2.05e-002  1.87e-009  
4.74972e+016 2.49e-021  3.01e-001  3.01e-001  3.01e-001  5.55e-002  2.21e-002  2.03e-002  2.02e-009  
4.75283e+016 2.53e-021  3.00e-001  3.00e-001  3.00e-001  5.65e-002  2.21e-002  2.02e-002  2.18e-009  
4.75365e+016 2.55e-021  3.00e-001  3.00e-001  3.00e-001  5.66e-002  2.21e-002  2.01e-002  2.23e-009  
4.75556e+016 2.57e-021  3.00e-001  3.00e-001  3.00e-001  5.71e-002  2.21e-002  2.00e-002  2.33e-009  
4.75856e+016 2.62e-021  3.00e-001  3.00e-001  3.00e-001  5.76e-002  2.20e-002  1.99e-002  2.47e-009  
4.76342e+016 2.70e-021  3.00e-001  3.00e-001  3.00e-001  5.89e-002  2.20e-002  1.97e-002  2.70e-009  
4.77120e+016 2.83e-021  2.99e-001  2.99e-001  2.99e-001  6.08e-002  2.20e-002  1.93e-002  3.05e-009  
4.78339e+016 3.03e-021  2.98e-001  2.98e-001  2.98e-001  6.38e-002  2.19e-002  1.88e-002  3.67e-009  
4.79819e+016 3.27e-021  2.97e-001  2.97e-001  2.97e-001  6.75e-002  2.18e-002  1.82e-002  4.76e-009  
4.80101e+016 3.32e-021  2.97e-001  2.97e-001  2.97e-001  6.83e-002  2.18e-002  1.81e-002  5.05e-009  
4.80156e+016 3.33e-021  2.97e-001  2.97e-001  2.97e-001  6.84e-002  2.18e-002  1.81e-002  5.10e-009  
4.80288e+016 3.36e-021  2.97e-001  2.97e-001  2.97e-001  6.88e-002  2.18e-002  1.80e-002  5.24e-009  
4.80511e+016 3.40e-021  2.97e-001  2.97e-001  2.97e-001  6.91e-002  2.18e-002  1.79e-002  5.47e-009  
4.80875e+016 3.47e-021  2.97e-001  2.97e-001  2.97e-001  7.00e-002  2.17e-002  1.77e-002  5.94e-009  
4.81463e+016 3.55e-021  2.96e-001  2.96e-001  2.96e-001  7.22e-002  2.18e-002  1.75e-002  6.88e-009  
4.82445e+016 3.72e-021  2.95e-001  2.95e-001  2.95e-001  7.49e-002  2.17e-002  1.71e-002  8.78e-009  
4.83636e+016 3.94e-021  2.94e-001  2.94e-001  2.94e-001  7.84e-002  2.16e-002  1.66e-002  1.19e-008  
4.84912e+016 4.16e-021  2.93e-001  2.93e-001  2.93e-001  8.29e-002  2.16e-002  1.61e-002  1.67e-008  
4.86294e+016 4.45e-021  2.92e-001  2.92e-001  2.92e-001  8.70e-002  2.14e-002  1.53e-002  2.40e-008  
4.87591e+016 4.71e-021  2.91e-001  2.91e-001  2.91e-001  9.07e-002  2.15e-002  1.47e-002  3.42e-008  
4.88968e+016 4.98e-021  2.91e-001  2.91e-001  2.91e-001  9.12e-002  2.13e-002  1.35e-002  4.80e-008  
4.90444e+016 5.25e-021  2.92e-001  2.92e-001  2.92e-001  9.15e-002  2.14e-002  1.21e-002  6.90e-008  
4.91980e+016 5.51e-021  2.92e-001  2.92e-001  2.92e-001  9.16e-002  2.14e-002  1.08e-002  1.00e-007  
4.93317e+016 5.74e-021  2.93e-001  2.93e-001  2.93e-001  9.11e-002  2.14e-002  9.84e-003  1.37e-007  
4.94239e+016 5.90e-021  2.93e-001  2.93e-001  2.93e-001  9.04e-002  2.15e-002  9.09e-003  1.69e-007  
4.95192e+016 6.07e-021  2.93e-001  2.93e-001  2.93e-001  8.97e-002  2.16e-002  8.34e-003  2.09e-007  
4.96202e+016 6.26e-021  2.94e-001  2.94e-001  2.94e-001  8.85e-002  2.16e-002  7.58e-003  2.61e-007  
4.97297e+016 6.45e-021  2.95e-001  2.95e-001  2.95e-001  8.72e-002  2.17e-002  6.84e-003  3.29e-007  
4.98461e+016 6.66e-021  2.96e-001  2.96e-001  2.96e-001  8.51e-002  2.16e-002  6.09e-003  4.16e-007  
4.99670e+016 6.88e-021  2.97e-001  2.97e-001  2.97e-001  8.30e-002  2.17e-002  5.39e-003  5.26e-007  
5.00936e+016 7.09e-021  2.98e-001  2.98e-001  2.98e-001  8.03e-002  2.19e-002  4.70e-003  6.65e-007  
5.02240e+016 7.27e-021  2.99e-001  2.99e-001  2.99e-001  7.80e-002  2.20e-002  4.11e-003  8.44e-007  
5.03584e+016 7.51e-021  3.00e-001  3.00e-001  3.00e-001  7.51e-002  2.20e-002  3.57e-003  1.06e-006  
5.05026e+016 7.69e-021  3.00e-001  3.00e-001  3.00e-001  7.36e-002  2.21e-002  3.16e-003  1.37e-006  
5.05959e+016 7.90e-021  3.00e-001  3.00e-001  3.00e-001  7.45e-002  2.20e-002  3.05e-003  1.63e-006  
5.06957e+016 8.13e-021  3.00e-001  3.00e-001  3.00e-001  7.49e-002  2.20e-002  2.91e-003  1.96e-006  
5.07988e+016 8.34e-021  3.00e-001  3.00e-001  3.00e-001  7.57e-002  2.21e-002  2.79e-003  2.35e-006  
5.09058e+016 8.58e-021  3.00e-001  3.00e-001  3.00e-001  7.67e-002  2.20e-002  2.69e-003  2.83e-006  
5.10237e+016 8.85e-021  2.99e-001  2.99e-001  2.99e-001  7.74e-002  2.20e-002  2.58e-003  3.42e-006  
5.11496e+016 9.13e-021  2.99e-001  2.99e-001  2.99e-001  7.87e-002  2.20e-002  2.47e-003  4.18e-006  
5.12843e+016 9.44e-021  2.99e-001  2.99e-001  2.99e-001  7.97e-002  2.19e-002  2.35e-003  5.10e-006  
5.14296e+016 9.72e-021  2.98e-001  2.98e-001  2.98e-001  8.12e-002  2.19e-002  2.24e-003  6.30e-006  
5.15425e+016 9.97e-021  2.98e-001  2.98e-001  2.98e-001  8.26e-002  2.19e-002  2.18e-003  7.40e-006  
5.16792e+016 1.03e-020  2.97e-001  2.97e-001  2.97e-001  8.39e-002  2.18e-002  2.09e-003  8.89e-006  
5.18319e+016 1.05e-020  2.97e-001  2.97e-001  2.97e-001  8.60e-002  2.18e-002  2.01e-003  1.09e-005  
5.19950e+016 1.08e-020  2.96e-001  2.96e-001  2.96e-001  8.77e-002  2.18e-002  1.93e-003  1.33e-005  
5.21655e+016 1.11e-020  2.96e-001  2.96e-001  2.96e-001  8.99e-002  2.17e-002  1.85e-003  1.64e-005  
5.23457e+016 1.13e-020  2.95e-001  2.95e-001  2.95e-001  9.18e-002  2.16e-002  1.76e-003  2.00e-005  
5.25384e+016 1.16e-020  2.94e-001  2.94e-001  2.94e-001  9.43e-002  2.16e-002  1.70e-003  2.48e-005  
5.27451e+016 1.18e-020  2.93e-001  2.93e-001  2.93e-001  9.72e-002  2.15e-002  1.61e-003  3.04e-005  
5.29668e+016 1.21e-020  2.92e-001  2.92e-001  2.92e-001  9.99e-002  2.15e-002  1.54e-003  3.76e-005  
5.31993e+016 1.24e-020  2.91e-001  2.91e-001  2.91e-001  1.03e-001  2.14e-002  1.46e-003  4.59e-005  
5.34440e+016 1.27e-020  2.90e-001  2.90e-001  2.90e-001  1.06e-001  2.13e-002  1.39e-003  5.62e-005  
5.36995e+016 1.30e-020  2.89e-001  2.89e-001  2.89e-001  1.09e-001  2.13e-002  1.33e-003  6.79e-005  
5.39765e+016 1.34e-020  2.88e-001  2.88e-001  2.88e-001  1.13e-001  2.12e-002  1.27e-003  8.21e-005  
5.42627e+016 1.38e-020  2.87e-001  2.87e-001  2.87e-001  1.17e-001  2.11e-002  1.21e-003  9.86e-005  
5.45738e+016 1.42e-020  2.86e-001  2.86e-001  2.86e-001  1.20e-001  2.10e-002  1.15e-003  1.18e-004  
5.49079e+016 1.46e-020  2.84e-001  2.84e-001  2.84e-001  1.24e-001  2.09e-002  1.09e-003  1.42e-004  
5.52575e+016 1.51e-020  2.83e-001  2.83e-001  2.83e-001  1.29e-001  2.08e-002  1.04e-003  1.68e-004  
5.56155e+016 1.56e-020  2.82e-001  2.82e-001  2.82e-001  1.33e-001  2.07e-002  9.95e-004  1.96e-004  
5.59918e+016 1.61e-020  2.80e-001  2.80e-001  2.80e-001  1.37e-001  2.06e-002  9.58e-004  2.28e-004  
5.63913e+016 1.66e-020  2.79e-001  2.79e-001  2.79e-001  1.42e-001  2.05e-002  9.16e-004  2.63e-004  
5.68226e+016 1.71e-020  2.77e-001  2.77e-001  2.77e-001  1.46e-001  2.04e-002  8.82e-004  3.02e-004  
5.72780e+016 1.77e-020  2.76e-001  2.76e-001  2.76e-001  1.50e-001  2.03e-002  8.49e-004  3.43e-004  
5.77650e+016 1.82e-020  2.75e-001  2.75e-001  2.75e-001  1.54e-001  2.02e-002  8.13e-004  3.88e-004  
5.82707e+016 1.87e-020  2.73e-001  2.73e-001  2.73e-001  1.59e-001  2.01e-002  7.90e-004  4.34e-004  
5.88124e+016 1.92e-020  2.72e-001  2.72e-001  2.72e-001  1.63e-001  2.00e-002  7.69e-004  4.82e-004  
5.93801e+016 1.97e-020  2.71e-001  2.71e-001  2.71e-001  1.67e-001  1.99e-002  7.41e-004  5.28e-004  
5.99878e+016 2.34e-020  2.69e-001  2.69e-001  2.69e-001  1.71e-001  1.97e-002  7.26e-004  5.77e-004  
6.06254e+016 3.73e-020  2.68e-001  2.68e-001  2.68e-001  1.75e-001  1.97e-002  7.11e-004  6.23e-004  
6.12860e+016 5.92e-020  2.67e-001  2.67e-001  2.67e-001  1.79e-001  1.96e-002  6.97e-004  6.67e-004  
6.19772e+016 9.46e-020  2.65e-001  2.65e-001  2.65e-001  1.83e-001  1.95e-002  6.86e-004  7.70e-004  
6.27006e+016 1.51e-019  2.64e-001  2.64e-001  2.64e-001  1.87e-001  1.94e-002  6.75e-004  8.80e-004  
6.34752e+016 2.45e-019  2.63e-001  2.63e-001  2.63e-001  1.91e-001  1.93e-002  6.69e-004  1.01e-003  
6.43223e+016 4.06e-019  2.61e-001  2.61e-001  2.61e-001  1.95e-001  1.92e-002  6.63e-004  1.15e-003  
6.52408e+016 6.84e-019  2.60e-001  2.60e-001  2.60e-001  1.99e-001  1.91e-002  6.53e-004  1.31e-003  
6.62440e+016 1.17e-018  2.59e-001  2.59e-001  2.59e-001  2.02e-001  1.90e-002  6.53e-004  1.49e-003  
6.73219e+016 2.01e-018  2.57e-001  2.57e-001  2.57e-001  2.07e-001  1.89e-002  6.56e-004  1.68e-003  
6.84641e+016 3.43e-018  2.56e-001  2.56e-001  2.56e-001  2.10e-001  1.88e-002  6.55e-004  1.88e-003  
6.96945e+016 5.84e-018  2.55e-001  2.55e-001  2.55e-001  2.13e-001  1.87e-002  6.58e-004  2.09e-003  
7.10391e+016 9.86e-018  2.54e-001  2.54e-001  2.54e-001  2.15e-001  1.88e-002  6.62e-004  2.32e-003  
7.25155e+016 1.65e-017  2.55e-001  2.55e-001  2.55e-001  2.15e-001  1.87e-002  6.65e-004  2.54e-003  
7.42223e+016 2.78e-017  2.55e-001  2.55e-001  2.55e-001  2.14e-001  1.87e-002  6.72e-004  2.76e-003  
7.63108e+016 4.80e-017  2.56e-001  2.56e-001  2.56e-001  2.08e-001  1.88e-002  6.75e-004  2.96e-003  
7.86896e+016 7.98e-017  2.58e-001  2.58e-001  2.58e-001  2.03e-001  1.89e-002  6.84e-004  3.12e-003  
8.18150e+016 1.37e-016  2.62e-001  2.62e-001  2.62e-001  1.91e-001  1.92e-002  6.94e-004  3.21e-003  
8.55776e+016 2.27e-016  2.67e-001  2.67e-001  2.67e-001  1.75e-001  1.97e-002  6.99e-004  3.17e-003  
9.00548e+016 3.69e-016  2.74e-001  2.74e-001  2.74e-001  1.55e-001  2.01e-002  7.15e-004  3.01e-003  
9.53916e+016 5.88e-016  2.81e-001  2.81e-001  2.81e-001  1.34e-001  2.08e-002  7.33e-004  2.72e-003  
1.01535e+017 9.25e-016  2.89e-001  2.89e-001  2.89e-001  1.10e-001  2.12e-002  7.38e-004  2.32e-003  
1.09249e+017 1.50e-015  2.96e-001  2.96e-001  2.96e-001  8.68e-002  2.18e-002  7.41e-004  1.83e-003  
1.19176e+017 2.57e-015  3.05e-001  3.05e-001  3.05e-001  6.18e-002  2.24e-002  7.50e-004  1.24e-003  
1.32448e+017 4.92e-015  3.13e-001  3.13e-001  3.13e-001  3.68e-002  2.30e-002  7.17e-004  5.89e-004  
