! 0       *CH3OCH3 + He -> CH3OCH3 + He
! 1       *CH3OCH3 + H2 -> CH3OCH3 + H2
! 2       *CH3OCH3 + CO -> CH3OCH3 + CO
! 3       *CH3OCH3 + CRPhoton -> *H2CO + *CH4
! 4       *CH3OCH3 + CRPhoton -> *O + *CH3 + *CH3
! 5       *CH3OCH3 + CRPhoton -> *CH3OH + *CH2
! 6       *CH3OCH3 + ISPhoton -> *H2CO + *CH4
! 7       *CH3OCH3 + CRPhoton -> CH3OCH3
! 8       *CH3OCH3 + ISPhoton -> *O + *CH3 + *CH3
! 9       *CH3OCH3 + ISPhoton -> *CH3OH + *CH2
!            tot_rate   0          1          2          3          4          5          6          7          8          9          
1.58188e+013 1.50e-018  0.00e+000  0.00e+000  0.00e+000  6.03e-001  1.97e-001  1.97e-001  1.98e-003  1.48e-004  2.77e-007  2.77e-007  
3.50727e+014 1.50e-018  0.00e+000  0.00e+000  0.00e+000  6.03e-001  1.97e-001  1.97e-001  1.98e-003  1.48e-004  2.77e-007  2.77e-007  
5.21628e+015 1.50e-018  0.00e+000  0.00e+000  0.00e+000  6.04e-001  1.97e-001  1.97e-001  1.98e-003  1.48e-004  2.77e-007  2.77e-007  
2.67137e+016 1.50e-018  0.00e+000  0.00e+000  0.00e+000  6.04e-001  1.97e-001  1.97e-001  1.98e-003  1.48e-004  2.77e-007  2.77e-007  
3.33598e+016 1.53e-018  0.00e+000  0.00e+000  0.00e+000  6.04e-001  1.97e-001  1.97e-001  1.98e-003  1.49e-004  2.77e-007  2.77e-007  
3.42055e+016 1.54e-018  0.00e+000  0.00e+000  9.54e-035  6.03e-001  1.97e-001  1.97e-001  1.98e-003  1.49e-004  2.77e-007  2.77e-007  
3.44017e+016 1.54e-018  0.00e+000  0.00e+000  1.06e-023  6.04e-001  1.97e-001  1.97e-001  1.98e-003  1.48e-004  2.77e-007  2.77e-007  
3.46353e+016 1.55e-018  0.00e+000  0.00e+000  2.63e-007  6.04e-001  1.97e-001  1.97e-001  1.98e-003  1.48e-004  2.77e-007  2.77e-007  
3.48860e+016 1.56e-018  0.00e+000  0.00e+000  1.27e-003  6.03e-001  1.97e-001  1.97e-001  1.98e-003  1.49e-004  2.76e-007  2.76e-007  
3.51370e+016 1.66e-018  0.00e+000  0.00e+000  5.66e-002  5.69e-001  1.86e-001  1.86e-001  1.87e-003  1.40e-004  2.61e-007  2.61e-007  
3.53250e+016 2.02e-018  0.00e+000  0.00e+000  2.22e-001  4.70e-001  1.53e-001  1.53e-001  1.54e-003  1.16e-004  2.16e-007  2.16e-007  
3.55515e+016 3.33e-018  3.22e-063  0.00e+000  5.23e-001  2.88e-001  9.41e-002  9.41e-002  9.44e-004  7.12e-005  1.32e-007  1.32e-007  
3.57182e+016 5.64e-018  7.40e-043  0.00e+000  7.17e-001  1.71e-001  5.59e-002  5.59e-002  5.62e-004  4.24e-005  7.86e-008  7.86e-008  
3.58524e+016 9.38e-018  4.51e-032  0.00e+000  8.28e-001  1.04e-001  3.38e-002  3.38e-002  3.40e-004  2.57e-005  4.76e-008  4.76e-008  
3.60047e+016 1.15e-017  1.81e-017  0.00e+000  8.58e-001  8.56e-002  2.79e-002  2.79e-002  2.81e-004  2.13e-005  3.93e-008  3.93e-008  
3.61718e+016 1.48e-017  2.37e-007  0.00e+000  8.89e-001  6.69e-002  2.18e-002  2.18e-002  2.20e-004  1.67e-005  3.07e-008  3.07e-008  
3.62899e+016 1.90e-017  1.66e-002  0.00e+000  8.96e-001  5.27e-002  1.73e-002  1.73e-002  1.74e-004  1.33e-005  2.43e-008  2.43e-008  
3.63893e+016 3.10e-017  2.38e-001  4.81e-059  7.07e-001  3.29e-002  1.07e-002  1.07e-002  1.08e-004  8.27e-006  1.51e-008  1.51e-008  
3.64972e+016 1.54e-016  7.93e-001  2.35e-032  1.96e-001  6.69e-003  2.20e-003  2.20e-003  2.21e-005  1.70e-006  3.09e-009  3.09e-009  
3.66124e+016 5.84e-016  9.20e-001  3.73e-020  7.71e-002  1.82e-003  5.91e-004  5.91e-004  5.94e-006  4.57e-007  8.33e-010  8.33e-010  
3.67348e+016 1.99e-015  9.62e-001  6.70e-012  3.73e-002  5.49e-004  1.79e-004  1.79e-004  1.80e-006  1.38e-007  2.52e-010  2.52e-010  
3.68621e+016 5.79e-015  9.76e-001  5.04e-004  2.35e-002  1.95e-004  6.35e-005  6.35e-005  6.39e-007  4.96e-008  8.95e-011  8.95e-011  
3.69700e+016 1.37e-014  9.67e-001  1.46e-002  1.80e-002  8.51e-005  2.78e-005  2.78e-005  2.79e-007  2.20e-008  3.91e-011  3.91e-011  
3.70376e+016 2.36e-014  9.42e-001  4.23e-002  1.59e-002  5.09e-005  1.66e-005  1.66e-005  1.67e-007  1.34e-008  2.34e-011  2.34e-011  
3.71087e+016 4.13e-014  9.03e-001  8.21e-002  1.48e-002  3.00e-005  9.76e-006  9.76e-006  9.83e-008  8.01e-009  1.37e-011  1.37e-011  
3.71826e+016 7.40e-014  8.66e-001  1.20e-001  1.43e-002  1.73e-005  5.63e-006  5.63e-006  5.66e-008  4.80e-009  7.92e-012  7.92e-012  
3.72589e+016 1.35e-013  8.30e-001  1.56e-001  1.47e-002  9.78e-006  3.19e-006  3.19e-006  3.22e-008  2.89e-009  4.50e-012  4.50e-012  
3.73370e+016 2.48e-013  7.99e-001  1.86e-001  1.57e-002  5.53e-006  1.80e-006  1.80e-006  1.81e-008  1.78e-009  2.53e-012  2.53e-012  
3.74165e+016 4.57e-013  7.64e-001  2.19e-001  1.72e-002  3.07e-006  9.99e-007  9.99e-007  1.01e-008  1.13e-009  1.40e-012  1.40e-012  
3.74829e+016 7.66e-013  7.48e-001  2.34e-001  1.80e-002  1.83e-006  5.95e-007  5.95e-007  5.99e-009  7.94e-010  8.38e-013  8.38e-013  
3.75505e+016 1.27e-012  7.22e-001  2.60e-001  1.86e-002  1.06e-006  3.46e-007  3.46e-007  3.48e-009  5.69e-010  4.86e-013  4.86e-013  
3.76194e+016 2.07e-012  7.09e-001  2.73e-001  1.84e-002  5.79e-007  1.88e-007  1.88e-007  1.90e-009  4.17e-010  2.65e-013  2.65e-013  
3.76839e+016 3.27e-012  6.88e-001  2.94e-001  1.82e-002  2.74e-007  8.96e-008  8.96e-008  8.99e-010  3.21e-010  1.26e-013  1.26e-013  
3.76854e+016 3.30e-012  6.87e-001  2.94e-001  1.82e-002  2.69e-007  8.75e-008  8.75e-008  8.81e-010  3.18e-010  1.23e-013  1.23e-013  
3.76877e+016 3.36e-012  6.87e-001  2.95e-001  1.82e-002  2.59e-007  8.45e-008  8.45e-008  8.51e-010  3.15e-010  1.19e-013  1.19e-013  
3.76917e+016 3.46e-012  6.87e-001  2.95e-001  1.82e-002  2.44e-007  7.97e-008  7.97e-008  8.00e-010  3.12e-010  1.12e-013  1.12e-013  
3.76980e+016 3.65e-012  6.86e-001  2.96e-001  1.82e-002  2.19e-007  7.16e-008  7.16e-008  7.19e-010  3.02e-010  1.01e-013  1.01e-013  
3.77083e+016 3.96e-012  6.84e-001  2.98e-001  1.82e-002  1.81e-007  5.93e-008  5.93e-008  5.96e-010  2.90e-010  8.33e-014  8.33e-014  
3.77248e+016 4.58e-012  6.83e-001  2.99e-001  1.83e-002  1.24e-007  4.04e-008  4.04e-008  4.06e-010  2.75e-010  5.69e-014  5.69e-014  
3.77450e+016 5.77e-012  6.76e-001  3.05e-001  1.84e-002  5.84e-008  1.91e-008  1.91e-008  1.91e-010  2.55e-010  2.67e-014  2.67e-014  
3.77655e+016 2.96e-012  6.70e-001  3.12e-001  1.78e-002  1.42e-008  4.64e-009  4.64e-009  4.64e-011  2.38e-010  6.50e-015  6.50e-015  
3.77936e+016 2.12e-014  6.64e-001  3.19e-001  1.70e-002  1.29e-008  4.20e-009  4.20e-009  4.23e-011  2.17e-010  5.89e-015  5.89e-015  
3.78016e+016 4.62e-015  6.63e-001  3.21e-001  1.68e-002  1.26e-008  4.09e-009  4.09e-009  4.11e-011  2.11e-010  5.76e-015  5.76e-015  
3.78111e+016 6.97e-016  6.62e-001  3.22e-001  1.65e-002  1.22e-008  3.98e-009  3.98e-009  3.99e-011  2.05e-010  5.59e-015  5.59e-015  
3.78273e+016 2.44e-017  6.60e-001  3.24e-001  1.61e-002  1.15e-008  3.76e-009  3.76e-009  3.79e-011  1.94e-010  5.29e-015  5.29e-015  
3.78530e+016 1.13e-018  6.57e-001  3.27e-001  1.56e-002  1.07e-008  3.49e-009  3.49e-009  3.51e-011  1.80e-010  4.91e-015  4.91e-015  
3.78818e+016 1.05e-018  6.51e-001  3.34e-001  1.50e-002  9.87e-009  3.22e-009  3.22e-009  3.23e-011  1.66e-010  4.52e-015  4.52e-015  
3.79076e+016 1.05e-018  6.45e-001  3.41e-001  1.45e-002  9.17e-009  2.99e-009  2.99e-009  3.01e-011  1.55e-010  4.21e-015  4.21e-015  
3.79253e+016 1.04e-018  6.41e-001  3.45e-001  1.42e-002  8.77e-009  2.87e-009  2.87e-009  2.88e-011  1.48e-010  4.03e-015  4.03e-015  
3.79502e+016 1.04e-018  6.38e-001  3.49e-001  1.37e-002  8.20e-009  2.68e-009  2.68e-009  2.70e-011  1.38e-010  3.76e-015  3.76e-015  
3.79755e+016 1.04e-018  6.36e-001  3.50e-001  1.34e-002  7.73e-009  2.52e-009  2.52e-009  2.54e-011  1.30e-010  3.55e-015  3.55e-015  
3.79897e+016 1.04e-018  6.33e-001  3.53e-001  1.32e-002  7.48e-009  2.45e-009  2.45e-009  2.45e-011  1.26e-010  3.44e-015  3.44e-015  
3.79918e+016 1.04e-018  6.33e-001  3.53e-001  1.32e-002  7.44e-009  2.43e-009  2.43e-009  2.45e-011  1.25e-010  3.42e-015  3.42e-015  
3.79956e+016 1.04e-018  6.33e-001  3.54e-001  1.31e-002  7.38e-009  2.41e-009  2.41e-009  2.43e-011  1.24e-010  3.39e-015  3.39e-015  
3.80017e+016 1.04e-018  6.31e-001  3.56e-001  1.30e-002  7.27e-009  2.37e-009  2.37e-009  2.39e-011  1.22e-010  3.34e-015  3.34e-015  
3.80129e+016 1.04e-018  6.28e-001  3.59e-001  1.28e-002  7.09e-009  2.31e-009  2.31e-009  2.33e-011  1.19e-010  3.26e-015  3.26e-015  
3.80319e+016 1.04e-018  6.24e-001  3.64e-001  1.26e-002  6.81e-009  2.22e-009  2.22e-009  2.23e-011  1.15e-010  3.13e-015  3.13e-015  
3.80578e+016 1.04e-018  6.21e-001  3.67e-001  1.24e-002  6.45e-009  2.10e-009  2.10e-009  2.12e-011  1.08e-010  2.96e-015  2.96e-015  
3.80629e+016 1.04e-018  6.21e-001  3.67e-001  1.23e-002  6.38e-009  2.08e-009  2.08e-009  2.09e-011  1.08e-010  2.93e-015  2.93e-015  
3.80713e+016 1.04e-018  6.21e-001  3.67e-001  1.22e-002  6.27e-009  2.05e-009  2.05e-009  2.06e-011  1.05e-010  2.88e-015  2.88e-015  
3.80859e+016 1.04e-018  6.20e-001  3.68e-001  1.21e-002  6.12e-009  1.99e-009  1.99e-009  2.01e-011  1.02e-010  2.80e-015  2.80e-015  
3.81083e+016 1.05e-018  6.15e-001  3.73e-001  1.17e-002  5.85e-009  1.91e-009  1.91e-009  1.92e-011  9.83e-011  2.68e-015  2.68e-015  
3.81265e+016 1.05e-018  6.11e-001  3.77e-001  1.16e-002  5.65e-009  1.84e-009  1.84e-009  1.86e-011  9.50e-011  2.59e-015  2.59e-015  
3.81480e+016 1.06e-018  6.07e-001  3.81e-001  1.14e-002  5.45e-009  1.78e-009  1.78e-009  1.79e-011  9.18e-011  2.51e-015  2.51e-015  
3.81769e+016 1.07e-018  6.07e-001  3.82e-001  1.12e-002  5.20e-009  1.69e-009  1.69e-009  1.70e-011  8.75e-011  2.39e-015  2.39e-015  
3.81836e+016 1.07e-018  6.06e-001  3.82e-001  1.12e-002  5.15e-009  1.68e-009  1.68e-009  1.69e-011  8.67e-011  2.36e-015  2.36e-015  
3.81952e+016 1.09e-018  6.06e-001  3.83e-001  1.10e-002  5.06e-009  1.66e-009  1.66e-009  1.67e-011  8.52e-011  2.33e-015  2.33e-015  
3.82149e+016 1.15e-018  6.02e-001  3.87e-001  1.09e-002  4.90e-009  1.60e-009  1.60e-009  1.61e-011  8.25e-011  2.25e-015  2.25e-015  
3.82433e+016 1.61e-018  5.96e-001  3.93e-001  1.07e-002  4.70e-009  1.53e-009  1.53e-009  1.55e-011  7.88e-011  2.16e-015  2.16e-015  
3.82740e+016 4.18e-018  5.95e-001  3.94e-001  1.05e-002  4.52e-009  1.47e-009  1.47e-009  1.48e-011  7.58e-011  2.07e-015  2.07e-015  
3.83054e+016 9.40e-018  5.94e-001  3.96e-001  1.03e-002  4.33e-009  1.42e-009  1.42e-009  1.43e-011  7.30e-011  1.99e-015  1.99e-015  
3.83376e+016 6.62e-018  5.88e-001  4.02e-001  1.01e-002  4.16e-009  1.36e-009  1.36e-009  1.36e-011  7.00e-011  1.90e-015  1.90e-015  
3.83751e+016 1.87e-018  5.84e-001  4.06e-001  9.91e-003  3.98e-009  1.30e-009  1.30e-009  1.31e-011  6.70e-011  1.83e-015  1.83e-015  
3.84132e+016 5.70e-019  5.83e-001  4.07e-001  9.80e-003  3.83e-009  1.25e-009  1.25e-009  1.26e-011  6.44e-011  1.76e-015  1.76e-015  
3.84531e+016 2.55e-019  5.79e-001  4.11e-001  9.59e-003  3.68e-009  1.20e-009  1.20e-009  1.21e-011  6.19e-011  1.69e-015  1.69e-015  
3.84962e+016 1.70e-019  5.74e-001  4.17e-001  9.45e-003  3.55e-009  1.16e-009  1.16e-009  1.16e-011  5.99e-011  1.63e-015  1.63e-015  
3.85449e+016 1.89e-019  5.71e-001  4.20e-001  9.30e-003  3.41e-009  1.11e-009  1.11e-009  1.12e-011  5.71e-011  1.56e-015  1.56e-015  
3.85990e+016 2.59e-019  5.71e-001  4.20e-001  9.18e-003  3.27e-009  1.07e-009  1.07e-009  1.08e-011  5.51e-011  1.50e-015  1.50e-015  
3.86597e+016 3.44e-019  5.64e-001  4.27e-001  9.01e-003  3.14e-009  1.03e-009  1.03e-009  1.03e-011  5.29e-011  1.44e-015  1.44e-015  
3.87288e+016 4.14e-019  5.61e-001  4.30e-001  8.90e-003  3.02e-009  9.84e-010  9.84e-010  9.91e-012  5.08e-011  1.39e-015  1.39e-015  
3.88139e+016 4.80e-019  5.60e-001  4.31e-001  8.81e-003  2.92e-009  9.50e-010  9.50e-010  9.54e-012  4.89e-011  1.33e-015  1.33e-015  
3.89093e+016 6.78e-019  5.56e-001  4.35e-001  8.67e-003  2.80e-009  9.13e-010  9.13e-010  9.18e-012  4.71e-011  1.28e-015  1.28e-015  
3.90068e+016 1.08e-018  5.51e-001  4.40e-001  8.60e-003  2.71e-009  8.85e-010  8.85e-010  8.90e-012  4.57e-011  1.25e-015  1.25e-015  
3.91088e+016 1.65e-018  5.50e-001  4.42e-001  8.52e-003  2.65e-009  8.65e-010  8.65e-010  8.71e-012  4.46e-011  1.22e-015  1.22e-015  
3.92181e+016 2.35e-018  5.49e-001  4.43e-001  8.47e-003  2.60e-009  8.47e-010  8.47e-010  8.51e-012  4.38e-011  1.19e-015  1.19e-015  
3.93325e+016 3.08e-018  5.49e-001  4.42e-001  8.48e-003  2.57e-009  8.39e-010  8.39e-010  8.45e-012  4.32e-011  1.18e-015  1.18e-015  
3.94519e+016 3.76e-018  5.50e-001  4.41e-001  8.51e-003  2.55e-009  8.35e-010  8.35e-010  8.40e-012  4.31e-011  1.17e-015  1.17e-015  
3.95803e+016 4.33e-018  5.50e-001  4.41e-001  8.53e-003  2.54e-009  8.32e-010  8.32e-010  8.39e-012  4.30e-011  1.17e-015  1.17e-015  
3.97190e+016 4.67e-018  5.50e-001  4.41e-001  8.63e-003  2.57e-009  8.41e-010  8.41e-010  8.46e-012  4.33e-011  1.18e-015  1.18e-015  
3.98699e+016 4.79e-018  5.51e-001  4.40e-001  8.74e-003  2.61e-009  8.51e-010  8.51e-010  8.58e-012  4.38e-011  1.20e-015  1.20e-015  
4.00514e+016 4.64e-018  5.54e-001  4.37e-001  8.96e-003  2.69e-009  8.75e-010  8.75e-010  8.83e-012  4.52e-011  1.23e-015  1.23e-015  
4.02549e+016 4.26e-018  5.59e-001  4.32e-001  9.20e-003  2.77e-009  9.06e-010  9.06e-010  9.16e-012  4.67e-011  1.28e-015  1.28e-015  
4.04761e+016 3.69e-018  5.64e-001  4.26e-001  9.55e-003  2.93e-009  9.61e-010  9.61e-010  9.69e-012  4.94e-011  1.35e-015  1.35e-015  
4.07070e+016 3.06e-018  5.72e-001  4.18e-001  1.00e-002  3.15e-009  1.03e-009  1.03e-009  1.04e-011  5.29e-011  1.45e-015  1.45e-015  
4.09451e+016 2.44e-018  5.79e-001  4.11e-001  1.05e-002  3.41e-009  1.11e-009  1.11e-009  1.12e-011  5.75e-011  1.57e-015  1.57e-015  
4.11988e+016 1.84e-018  5.85e-001  4.03e-001  1.12e-002  3.76e-009  1.23e-009  1.23e-009  1.24e-011  6.34e-011  1.73e-015  1.73e-015  
4.14624e+016 1.31e-018  5.95e-001  3.93e-001  1.20e-002  4.22e-009  1.38e-009  1.38e-009  1.39e-011  7.10e-011  1.95e-015  1.95e-015  
4.17462e+016 8.40e-019  6.08e-001  3.79e-001  1.30e-002  4.86e-009  1.58e-009  1.58e-009  1.61e-011  8.18e-011  2.24e-015  2.24e-015  
4.20512e+016 4.31e-019  6.17e-001  3.69e-001  1.43e-002  5.73e-009  1.87e-009  1.87e-009  1.89e-011  9.65e-011  2.64e-015  2.64e-015  
4.23867e+016 1.40e-019  6.32e-001  3.52e-001  1.61e-002  7.01e-009  2.29e-009  2.29e-009  2.32e-011  1.18e-010  3.24e-015  3.24e-015  
4.27356e+016 2.49e-020  6.47e-001  3.35e-001  1.84e-002  8.84e-009  2.88e-009  2.88e-009  2.92e-011  1.49e-010  4.06e-015  4.06e-015  
4.30994e+016 3.45e-021  6.60e-001  3.18e-001  2.16e-002  1.15e-008  3.76e-009  3.76e-009  3.82e-011  1.94e-010  5.33e-015  5.33e-015  
4.34671e+016 7.24e-022  6.77e-001  2.97e-001  2.57e-002  1.55e-008  5.06e-009  5.06e-009  5.13e-011  2.61e-010  7.16e-015  7.16e-015  
4.38104e+016 3.55e-022  6.91e-001  2.79e-001  3.07e-002  2.09e-008  6.82e-009  6.82e-009  6.91e-011  3.52e-010  9.67e-015  9.67e-015  
4.41007e+016 2.95e-022  7.05e-001  2.59e-001  3.59e-002  2.74e-008  8.92e-009  8.92e-009  9.05e-011  4.61e-010  1.26e-014  1.26e-014  
4.42181e+016 3.33e-022  7.08e-001  2.53e-001  3.87e-002  3.06e-008  1.00e-008  1.00e-008  1.01e-010  5.16e-010  1.42e-014  1.42e-014  
4.42811e+016 3.76e-022  7.11e-001  2.49e-001  4.02e-002  3.27e-008  1.07e-008  1.07e-008  1.08e-010  5.51e-010  1.51e-014  1.51e-014  
4.43809e+016 4.94e-022  7.12e-001  2.45e-001  4.27e-002  3.60e-008  1.18e-008  1.18e-008  1.19e-010  6.07e-010  1.67e-014  1.67e-014  
4.45030e+016 7.46e-022  7.20e-001  2.34e-001  4.60e-002  4.09e-008  1.33e-008  1.33e-008  1.35e-010  6.87e-010  1.89e-014  1.89e-014  
4.45401e+016 8.60e-022  7.21e-001  2.32e-001  4.71e-002  4.26e-008  1.38e-008  1.38e-008  1.41e-010  7.17e-010  1.97e-014  1.97e-014  
4.45998e+016 1.07e-021  7.25e-001  2.26e-001  4.89e-002  4.52e-008  1.48e-008  1.48e-008  1.50e-010  7.62e-010  2.09e-014  2.09e-014  
4.46779e+016 1.45e-021  7.30e-001  2.18e-001  5.12e-002  4.91e-008  1.60e-008  1.60e-008  1.62e-010  8.27e-010  2.27e-014  2.27e-014  
4.48006e+016 2.31e-021  7.33e-001  2.11e-001  5.55e-002  5.60e-008  1.83e-008  1.83e-008  1.85e-010  9.46e-010  2.59e-014  2.59e-014  
4.48529e+016 2.81e-021  7.38e-001  2.04e-001  5.78e-002  5.99e-008  1.95e-008  1.95e-008  1.98e-010  1.01e-009  2.76e-014  2.76e-014  
4.48834e+016 3.14e-021  7.40e-001  2.02e-001  5.87e-002  6.15e-008  2.01e-008  2.01e-008  2.04e-010  1.04e-009  2.85e-014  2.85e-014  
4.49346e+016 3.71e-021  7.39e-001  2.00e-001  6.07e-002  6.53e-008  2.13e-008  2.13e-008  2.15e-010  1.09e-009  3.02e-014  3.02e-014  
4.49870e+016 4.39e-021  7.38e-001  1.99e-001  6.31e-002  6.92e-008  2.26e-008  2.26e-008  2.28e-010  1.17e-009  3.21e-014  3.21e-014  
4.50684e+016 5.66e-021  7.41e-001  1.93e-001  6.65e-002  7.58e-008  2.48e-008  2.48e-008  2.51e-010  1.28e-009  3.50e-014  3.50e-014  
4.51867e+016 7.87e-021  7.48e-001  1.81e-001  7.18e-002  8.66e-008  2.82e-008  2.82e-008  2.86e-010  1.46e-009  4.01e-014  4.01e-014  
4.51946e+016 8.04e-021  7.47e-001  1.79e-001  7.35e-002  8.88e-008  2.90e-008  2.90e-008  2.93e-010  1.49e-009  4.10e-014  4.10e-014  
4.52061e+016 8.45e-021  7.48e-001  1.78e-001  7.42e-002  9.02e-008  2.95e-008  2.95e-008  2.98e-010  1.52e-009  4.17e-014  4.17e-014  
4.52265e+016 8.88e-021  7.49e-001  1.76e-001  7.50e-002  9.22e-008  3.01e-008  3.01e-008  3.04e-010  1.55e-009  4.26e-014  4.26e-014  
4.52632e+016 9.67e-021  7.51e-001  1.73e-001  7.65e-002  9.57e-008  3.12e-008  3.12e-008  3.16e-010  1.61e-009  4.42e-014  4.42e-014  
4.53239e+016 1.11e-020  7.55e-001  1.66e-001  7.95e-002  1.03e-007  3.35e-008  3.35e-008  3.39e-010  1.73e-009  4.74e-014  4.74e-014  
4.54167e+016 1.38e-020  7.56e-001  1.59e-001  8.44e-002  1.14e-007  3.72e-008  3.72e-008  3.77e-010  1.92e-009  5.27e-014  5.27e-014  
4.55446e+016 1.81e-020  7.56e-001  1.51e-001  9.27e-002  1.34e-007  4.38e-008  4.38e-008  4.43e-010  2.26e-009  6.18e-014  6.18e-014  
4.55658e+016 1.90e-020  7.58e-001  1.47e-001  9.43e-002  1.37e-007  4.49e-008  4.49e-008  4.54e-010  2.32e-009  6.37e-014  6.37e-014  
4.55697e+016 1.91e-020  7.63e-001  1.42e-001  9.51e-002  1.39e-007  4.54e-008  4.54e-008  4.59e-010  2.34e-009  6.43e-014  6.43e-014  
4.55761e+016 1.95e-020  7.64e-001  1.40e-001  9.58e-002  1.40e-007  4.58e-008  4.58e-008  4.63e-010  2.36e-009  6.46e-014  6.46e-014  
4.55871e+016 2.00e-020  7.64e-001  1.40e-001  9.64e-002  1.42e-007  4.63e-008  4.63e-008  4.69e-010  2.39e-009  6.54e-014  6.54e-014  
4.56066e+016 2.07e-020  7.62e-001  1.40e-001  9.79e-002  1.46e-007  4.75e-008  4.75e-008  4.81e-010  2.45e-009  6.71e-014  6.71e-014  
4.56410e+016 2.22e-020  7.62e-001  1.38e-001  1.00e-001  1.51e-007  4.96e-008  4.96e-008  5.00e-010  2.55e-009  6.99e-014  6.99e-014  
4.56849e+016 2.41e-020  7.59e-001  1.37e-001  1.04e-001  1.61e-007  5.27e-008  5.27e-008  5.31e-010  2.71e-009  7.43e-014  7.43e-014  
4.57241e+016 2.61e-020  7.60e-001  1.34e-001  1.06e-001  1.69e-007  5.49e-008  5.49e-008  5.57e-010  2.83e-009  7.79e-014  7.79e-014  
4.57850e+016 2.91e-020  7.62e-001  1.27e-001  1.11e-001  1.81e-007  5.90e-008  5.90e-008  5.97e-010  3.04e-009  8.34e-014  8.34e-014  
4.58802e+016 3.46e-020  7.65e-001  1.17e-001  1.18e-001  2.05e-007  6.67e-008  6.67e-008  6.76e-010  3.44e-009  9.47e-014  9.47e-014  
4.59720e+016 4.08e-020  7.65e-001  1.08e-001  1.27e-001  2.31e-007  7.53e-008  7.53e-008  7.63e-010  3.88e-009  1.07e-013  1.07e-013  
4.59734e+016 4.08e-020  7.67e-001  1.06e-001  1.27e-001  2.32e-007  7.57e-008  7.57e-008  7.64e-010  3.90e-009  1.07e-013  1.07e-013  
4.59759e+016 4.06e-020  7.65e-001  1.05e-001  1.29e-001  2.35e-007  7.68e-008  7.68e-008  7.78e-010  3.96e-009  1.09e-013  1.09e-013  
4.59802e+016 4.10e-020  7.65e-001  1.04e-001  1.31e-001  2.38e-007  7.77e-008  7.77e-008  7.87e-010  4.00e-009  1.10e-013  1.10e-013  
4.59873e+016 4.20e-020  7.65e-001  1.03e-001  1.31e-001  2.41e-007  7.84e-008  7.84e-008  7.94e-010  4.05e-009  1.11e-013  1.11e-013  
4.59993e+016 4.31e-020  7.66e-001  1.02e-001  1.32e-001  2.44e-007  7.94e-008  7.94e-008  8.03e-010  4.08e-009  1.12e-013  1.12e-013  
4.60196e+016 4.45e-020  7.66e-001  1.00e-001  1.34e-001  2.49e-007  8.15e-008  8.15e-008  8.24e-010  4.20e-009  1.15e-013  1.15e-013  
4.60580e+016 4.73e-020  7.67e-001  9.59e-002  1.37e-001  2.62e-007  8.56e-008  8.56e-008  8.66e-010  4.42e-009  1.21e-013  1.21e-013  
4.61139e+016 5.18e-020  7.65e-001  9.31e-002  1.42e-001  2.80e-007  9.18e-008  9.18e-008  9.29e-010  4.73e-009  1.30e-013  1.30e-013  
4.61801e+016 5.76e-020  7.61e-001  9.00e-002  1.49e-001  3.06e-007  1.00e-007  1.00e-007  1.01e-009  5.16e-009  1.42e-013  1.42e-013  
4.62829e+016 6.77e-020  7.56e-001  8.29e-002  1.61e-001  3.53e-007  1.15e-007  1.15e-007  1.17e-009  5.95e-009  1.64e-013  1.64e-013  
4.63958e+016 7.99e-020  7.53e-001  7.16e-002  1.75e-001  4.12e-007  1.34e-007  1.34e-007  1.36e-009  6.92e-009  1.90e-013  1.90e-013  
4.64165e+016 8.22e-020  7.52e-001  6.90e-002  1.79e-001  4.25e-007  1.39e-007  1.39e-007  1.40e-009  7.14e-009  1.96e-013  1.96e-013  
4.64187e+016 8.16e-020  7.50e-001  6.82e-002  1.81e-001  4.30e-007  1.41e-007  1.41e-007  1.42e-009  7.26e-009  1.99e-013  1.99e-013  
4.64224e+016 8.20e-020  7.52e-001  6.46e-002  1.83e-001  4.35e-007  1.43e-007  1.43e-007  1.44e-009  7.33e-009  2.01e-013  2.01e-013  
4.64286e+016 8.32e-020  7.53e-001  6.31e-002  1.84e-001  4.40e-007  1.43e-007  1.43e-007  1.46e-009  7.40e-009  2.03e-013  2.03e-013  
4.64396e+016 8.48e-020  7.52e-001  6.27e-002  1.85e-001  4.47e-007  1.46e-007  1.46e-007  1.47e-009  7.53e-009  2.06e-013  2.06e-013  
4.64596e+016 8.75e-020  7.49e-001  6.20e-002  1.89e-001  4.60e-007  1.51e-007  1.51e-007  1.52e-009  7.76e-009  2.12e-013  2.12e-013  
4.64933e+016 9.22e-020  7.47e-001  6.03e-002  1.93e-001  4.83e-007  1.57e-007  1.57e-007  1.60e-009  8.12e-009  2.22e-013  2.22e-013  
4.65501e+016 9.95e-020  7.45e-001  5.60e-002  1.99e-001  5.17e-007  1.69e-007  1.69e-007  1.71e-009  8.69e-009  2.38e-013  2.38e-013  
4.66259e+016 1.10e-019  7.41e-001  4.94e-002  2.10e-001  5.73e-007  1.87e-007  1.87e-007  1.90e-009  9.67e-009  2.65e-013  2.65e-013  
4.67450e+016 1.27e-019  7.28e-001  4.43e-002  2.28e-001  6.78e-007  2.22e-007  2.22e-007  2.24e-009  1.14e-008  3.14e-013  3.14e-013  
4.68726e+016 1.48e-019  7.09e-001  3.67e-002  2.54e-001  8.24e-007  2.69e-007  2.69e-007  2.73e-009  1.39e-008  3.81e-013  3.81e-013  
4.69009e+016 1.53e-019  7.05e-001  3.47e-002  2.60e-001  8.62e-007  2.81e-007  2.81e-007  2.85e-009  1.45e-008  3.98e-013  3.98e-013  
4.69024e+016 1.53e-019  7.05e-001  3.39e-002  2.61e-001  8.68e-007  2.83e-007  2.83e-007  2.86e-009  1.46e-008  4.00e-013  4.00e-013  
4.69048e+016 1.54e-019  7.07e-001  3.26e-002  2.61e-001  8.62e-007  2.83e-007  2.83e-007  2.86e-009  1.46e-008  4.00e-013  4.00e-013  
4.69090e+016 1.54e-019  7.07e-001  3.01e-002  2.63e-001  8.76e-007  2.86e-007  2.86e-007  2.89e-009  1.47e-008  4.05e-013  4.05e-013  
4.69160e+016 1.54e-019  7.06e-001  2.70e-002  2.67e-001  8.94e-007  2.91e-007  2.91e-007  2.95e-009  1.50e-008  4.12e-013  4.12e-013  
4.69279e+016 1.56e-019  7.03e-001  2.65e-002  2.70e-001  9.08e-007  2.97e-007  2.97e-007  3.00e-009  1.53e-008  4.21e-013  4.21e-013  
4.69476e+016 1.60e-019  7.00e-001  2.62e-002  2.74e-001  9.37e-007  3.06e-007  3.06e-007  3.10e-009  1.57e-008  4.33e-013  4.33e-013  
4.69806e+016 1.67e-019  6.95e-001  2.55e-002  2.79e-001  9.77e-007  3.19e-007  3.19e-007  3.24e-009  1.65e-008  4.52e-013  4.52e-013  
4.70337e+016 1.76e-019  6.83e-001  2.46e-002  2.93e-001  1.07e-006  3.49e-007  3.49e-007  3.53e-009  1.80e-008  4.93e-013  4.93e-013  
4.70622e+016 1.82e-019  6.77e-001  2.38e-002  2.99e-001  1.11e-006  3.63e-007  3.63e-007  3.68e-009  1.88e-008  5.15e-013  5.15e-013  
4.71061e+016 1.92e-019  6.73e-001  2.20e-002  3.05e-001  1.17e-006  3.83e-007  3.83e-007  3.88e-009  1.98e-008  5.42e-013  5.42e-013  
4.71746e+016 2.05e-019  6.63e-001  1.91e-002  3.18e-001  1.29e-006  4.22e-007  4.22e-007  4.27e-009  2.17e-008  5.95e-013  5.95e-013  
4.72860e+016 2.26e-019  6.41e-001  1.49e-002  3.44e-001  1.53e-006  4.99e-007  4.99e-007  5.08e-009  2.58e-008  7.07e-013  7.07e-013  
4.74240e+016 2.55e-019  6.05e-001  1.10e-002  3.84e-001  1.92e-006  6.24e-007  6.24e-007  6.32e-009  3.23e-008  8.88e-013  8.88e-013  
4.74305e+016 2.57e-019  6.04e-001  1.09e-002  3.85e-001  1.93e-006  6.31e-007  6.31e-007  6.39e-009  3.25e-008  8.92e-013  8.92e-013  
4.74313e+016 2.57e-019  6.04e-001  1.09e-002  3.86e-001  1.94e-006  6.31e-007  6.31e-007  6.39e-009  3.26e-008  8.96e-013  8.96e-013  
4.74348e+016 2.57e-019  6.02e-001  1.06e-002  3.87e-001  1.95e-006  6.37e-007  6.37e-007  6.45e-009  3.28e-008  9.02e-013  9.02e-013  
4.74406e+016 2.58e-019  6.02e-001  9.98e-003  3.88e-001  1.97e-006  6.44e-007  6.44e-007  6.52e-009  3.32e-008  9.12e-013  9.12e-013  
4.74503e+016 2.58e-019  5.96e-001  8.44e-003  3.95e-001  2.02e-006  6.58e-007  6.58e-007  6.66e-009  3.39e-008  9.33e-013  9.33e-013  
4.74676e+016 2.61e-019  5.86e-001  7.74e-003  4.06e-001  2.08e-006  6.82e-007  6.82e-007  6.90e-009  3.51e-008  9.62e-013  9.62e-013  
4.74972e+016 2.68e-019  5.75e-001  6.98e-003  4.18e-001  2.18e-006  7.13e-007  7.13e-007  7.20e-009  3.68e-008  1.01e-012  1.01e-012  
4.75283e+016 2.75e-019  5.68e-001  6.30e-003  4.26e-001  2.30e-006  7.50e-007  7.50e-007  7.61e-009  3.86e-008  1.06e-012  1.06e-012  
4.75365e+016 2.77e-019  5.67e-001  6.11e-003  4.26e-001  2.33e-006  7.59e-007  7.59e-007  7.70e-009  3.90e-008  1.07e-012  1.07e-012  
4.75556e+016 2.82e-019  5.61e-001  5.89e-003  4.33e-001  2.39e-006  7.81e-007  7.81e-007  7.92e-009  4.01e-008  1.10e-012  1.10e-012  
4.75856e+016 2.89e-019  5.54e-001  5.75e-003  4.40e-001  2.50e-006  8.18e-007  8.18e-007  8.28e-009  4.23e-008  1.16e-012  1.16e-012  
4.76342e+016 2.99e-019  5.39e-001  5.33e-003  4.55e-001  2.72e-006  8.88e-007  8.88e-007  8.98e-009  4.59e-008  1.26e-012  1.26e-012  
4.77120e+016 3.13e-019  5.07e-001  4.34e-003  4.88e-001  3.12e-006  1.02e-006  1.02e-006  1.03e-008  5.23e-008  1.44e-012  1.44e-012  
4.78339e+016 3.46e-019  4.74e-001  3.03e-003  5.23e-001  3.73e-006  1.22e-006  1.22e-006  1.23e-008  6.27e-008  1.72e-012  1.72e-012  
4.79819e+016 3.77e-019  4.20e-001  1.56e-003  5.79e-001  4.73e-006  1.55e-006  1.55e-006  1.56e-008  7.97e-008  2.19e-012  2.19e-012  
4.80101e+016 3.83e-019  4.10e-001  1.41e-003  5.88e-001  4.97e-006  1.62e-006  1.62e-006  1.64e-008  8.34e-008  2.29e-012  2.29e-012  
4.80156e+016 3.85e-019  4.08e-001  1.37e-003  5.90e-001  4.99e-006  1.63e-006  1.63e-006  1.65e-008  8.40e-008  2.31e-012  2.31e-012  
4.80288e+016 3.87e-019  4.04e-001  1.31e-003  5.95e-001  5.10e-006  1.67e-006  1.67e-006  1.69e-008  8.59e-008  2.36e-012  2.36e-012  
4.80511e+016 3.90e-019  3.94e-001  1.19e-003  6.04e-001  5.30e-006  1.73e-006  1.73e-006  1.75e-008  8.94e-008  2.45e-012  2.45e-012  
4.80875e+016 3.97e-019  3.77e-001  9.66e-004  6.22e-001  5.64e-006  1.84e-006  1.84e-006  1.86e-008  9.49e-008  2.59e-012  2.59e-012  
4.81463e+016 4.07e-019  3.51e-001  6.78e-004  6.48e-001  6.24e-006  2.04e-006  2.04e-006  2.06e-008  1.05e-007  2.87e-012  2.87e-012  
4.82445e+016 4.26e-019  3.12e-001  4.67e-004  6.87e-001  7.32e-006  2.39e-006  2.39e-006  2.42e-008  1.23e-007  3.38e-012  3.38e-012  
4.83636e+016 4.49e-019  2.63e-001  2.54e-004  7.37e-001  8.88e-006  2.89e-006  2.89e-006  2.94e-008  1.50e-007  4.12e-012  4.12e-012  
4.84912e+016 4.69e-019  2.07e-001  1.23e-004  7.92e-001  1.09e-005  3.58e-006  3.58e-006  3.62e-008  1.84e-007  5.07e-012  5.07e-012  
4.86294e+016 4.95e-019  1.55e-001  5.54e-005  8.45e-001  1.35e-005  4.43e-006  4.43e-006  4.47e-008  2.28e-007  6.27e-012  6.27e-012  
4.87591e+016 5.17e-019  1.13e-001  2.17e-005  8.87e-001  1.65e-005  5.38e-006  5.38e-006  5.44e-008  2.77e-007  7.61e-012  7.61e-012  
4.88968e+016 5.39e-019  7.79e-002  6.64e-006  9.22e-001  2.00e-005  6.57e-006  6.57e-006  6.64e-008  3.38e-007  9.29e-012  9.29e-012  
4.90444e+016 5.60e-019  4.82e-002  1.62e-006  9.52e-001  2.48e-005  8.11e-006  8.11e-006  8.20e-008  4.18e-007  1.15e-011  1.15e-011  
4.91980e+016 5.79e-019  2.66e-002  3.12e-007  9.73e-001  3.07e-005  1.00e-005  1.00e-005  1.01e-007  5.18e-007  1.42e-011  1.42e-011  
4.93317e+016 5.92e-019  1.44e-002  5.87e-008  9.86e-001  3.70e-005  1.21e-005  1.21e-005  1.22e-007  6.24e-007  1.71e-011  1.71e-011  
4.94239e+016 5.98e-019  8.46e-003  1.26e-008  9.91e-001  4.21e-005  1.37e-005  1.37e-005  1.39e-007  7.09e-007  1.94e-011  1.94e-011  
4.95192e+016 6.01e-019  4.88e-003  2.80e-009  9.95e-001  4.83e-005  1.58e-005  1.58e-005  1.60e-007  8.12e-007  2.23e-011  2.23e-011  
4.96202e+016 6.04e-019  2.96e-003  7.22e-010  9.97e-001  5.56e-005  1.82e-005  1.82e-005  1.84e-007  9.36e-007  2.57e-011  2.57e-011  
4.97297e+016 6.00e-019  1.54e-003  9.90e-011  9.98e-001  6.53e-005  2.13e-005  2.13e-005  2.17e-007  1.10e-006  3.02e-011  3.02e-011  
4.98461e+016 5.89e-019  6.84e-004  8.74e-012  9.99e-001  7.82e-005  2.56e-005  2.56e-005  2.58e-007  1.32e-006  3.61e-011  3.61e-011  
4.99670e+016 5.79e-019  2.49e-004  5.14e-013  1.00e+000  9.37e-005  3.06e-005  3.06e-005  3.09e-007  1.58e-006  4.33e-011  4.33e-011  
5.00936e+016 5.64e-019  6.63e-005  2.14e-014  1.00e+000  1.14e-004  3.70e-005  3.70e-005  3.76e-007  1.91e-006  5.25e-011  5.25e-011  
5.02240e+016 5.38e-019  1.13e-005  2.06e-016  1.00e+000  1.41e-004  4.59e-005  4.59e-005  4.65e-007  2.36e-006  6.50e-011  6.50e-011  
5.03584e+016 5.04e-019  1.98e-006  4.86e-018  1.00e+000  1.77e-004  5.79e-005  5.79e-005  5.85e-007  2.98e-006  8.19e-011  8.19e-011  
5.05026e+016 4.54e-019  4.36e-007  4.45e-020  1.00e+000  2.33e-004  7.62e-005  7.62e-005  7.73e-007  3.94e-006  1.08e-010  1.08e-010  
5.05959e+016 4.21e-019  1.14e-007  6.81e-022  1.00e+000  2.80e-004  9.16e-005  9.16e-005  9.28e-007  4.72e-006  1.30e-010  1.30e-010  
5.06957e+016 3.98e-019  1.91e-008  5.27e-024  9.99e-001  3.34e-004  1.09e-004  1.09e-004  1.10e-006  5.60e-006  1.54e-010  1.54e-010  
5.07988e+016 3.69e-019  2.28e-009  8.88e-026  9.99e-001  4.04e-004  1.32e-004  1.32e-004  1.34e-006  6.80e-006  1.87e-010  1.87e-010  
5.09058e+016 3.35e-019  2.00e-010  4.53e-028  9.99e-001  5.01e-004  1.64e-004  1.64e-004  1.66e-006  8.44e-006  2.32e-010  2.32e-010  
5.10237e+016 2.94e-019  1.19e-011  9.85e-031  9.99e-001  6.52e-004  2.13e-004  2.13e-004  2.15e-006  1.10e-005  3.01e-010  3.01e-010  
5.11496e+016 2.50e-019  4.95e-013  1.01e-033  9.99e-001  8.83e-004  2.88e-004  2.88e-004  2.91e-006  1.48e-005  4.07e-010  4.07e-010  
5.12843e+016 1.81e-019  3.53e-014  4.98e-037  9.98e-001  1.42e-003  4.61e-004  4.61e-004  4.67e-006  2.12e-005  6.56e-010  6.56e-010  
5.14296e+016 1.24e-019  3.13e-015  1.17e-038  9.96e-001  2.45e-003  7.99e-004  7.99e-004  8.09e-006  3.25e-005  1.13e-009  1.13e-009  
5.15425e+016 9.20e-020  8.92e-016  5.34e-041  9.94e-001  3.74e-003  1.22e-003  1.22e-003  1.24e-005  4.53e-005  1.73e-009  1.73e-009  
5.16792e+016 6.06e-020  2.21e-017  8.22e-045  9.89e-001  6.69e-003  2.18e-003  2.18e-003  2.21e-005  7.25e-005  3.09e-009  3.09e-009  
5.18319e+016 3.55e-020  2.90e-019  4.48e-049  9.77e-001  1.37e-002  4.48e-003  4.48e-003  4.53e-005  1.33e-004  6.34e-009  6.34e-009  
5.19950e+016 1.81e-020  2.49e-021  9.50e-054  9.45e-001  3.33e-002  1.09e-002  1.09e-002  1.10e-004  2.84e-004  1.54e-008  1.54e-008  
5.21655e+016 8.51e-021  1.03e-023  7.99e-059  8.51e-001  8.97e-002  2.93e-002  2.93e-002  2.96e-004  6.78e-004  4.14e-008  4.14e-008  
5.23457e+016 4.14e-021  4.49e-025  4.61e-060  5.99e-001  2.41e-001  7.88e-002  7.88e-002  7.95e-004  1.61e-003  1.11e-007  1.11e-007  
5.25384e+016 3.18e-021  2.87e-028  5.72e-065  2.90e-001  4.27e-001  1.39e-001  1.39e-001  1.41e-003  2.51e-003  1.97e-007  1.97e-007  
5.27451e+016 3.45e-021  1.64e-031  2.35e-071  6.60e-002  5.62e-001  1.84e-001  1.84e-001  1.86e-003  2.89e-003  2.60e-007  2.60e-007  
5.29668e+016 4.88e-021  2.87e-035  0.00e+000  6.99e-003  5.98e-001  1.95e-001  1.95e-001  1.97e-003  2.70e-003  2.77e-007  2.77e-007  
5.31993e+016 7.52e-021  1.44e-039  0.00e+000  2.14e-004  6.02e-001  1.97e-001  1.97e-001  1.99e-003  2.38e-003  2.78e-007  2.78e-007  
5.34440e+016 1.20e-020  1.11e-040  0.00e+000  2.77e-006  6.02e-001  1.97e-001  1.97e-001  1.99e-003  2.08e-003  2.78e-007  2.78e-007  
5.36995e+016 1.96e-020  5.52e-047  0.00e+000  6.28e-008  6.03e-001  1.97e-001  1.97e-001  1.99e-003  1.82e-003  2.78e-007  2.78e-007  
5.39765e+016 3.27e-020  2.92e-052  0.00e+000  2.41e-010  6.02e-001  1.97e-001  1.97e-001  1.99e-003  1.60e-003  2.79e-007  2.79e-007  
5.42627e+016 5.44e-020  1.51e-053  0.00e+000  2.59e-013  6.03e-001  1.97e-001  1.97e-001  1.99e-003  1.40e-003  2.79e-007  2.79e-007  
5.45738e+016 9.20e-020  5.74e-061  0.00e+000  3.63e-016  6.03e-001  1.97e-001  1.97e-001  1.99e-003  1.23e-003  2.78e-007  2.78e-007  
5.49079e+016 1.56e-019  2.95e-062  0.00e+000  3.38e-020  6.03e-001  1.97e-001  1.97e-001  1.99e-003  1.07e-003  2.79e-007  2.79e-007  
5.52575e+016 2.62e-019  1.90e-070  0.00e+000  1.06e-023  6.03e-001  1.97e-001  1.97e-001  1.99e-003  9.39e-004  2.79e-007  2.79e-007  
5.56155e+016 4.28e-019  3.30e-072  0.00e+000  1.52e-028  6.03e-001  1.97e-001  1.97e-001  1.99e-003  8.30e-004  2.78e-007  2.78e-007  
5.59918e+016 6.89e-019  0.00e+000  0.00e+000  1.14e-032  6.02e-001  1.97e-001  1.97e-001  1.99e-003  7.33e-004  2.79e-007  2.79e-007  
5.63913e+016 1.09e-018  0.00e+000  0.00e+000  1.61e-037  6.04e-001  1.97e-001  1.97e-001  2.00e-003  6.52e-004  2.78e-007  2.78e-007  
5.68226e+016 1.72e-018  0.00e+000  0.00e+000  7.26e-047  6.04e-001  1.97e-001  1.97e-001  1.99e-003  5.78e-004  2.78e-007  2.78e-007  
5.72780e+016 2.65e-018  0.00e+000  0.00e+000  2.80e-048  6.03e-001  1.97e-001  1.97e-001  1.99e-003  5.16e-004  2.79e-007  2.79e-007  
5.77650e+016 4.04e-018  0.00e+000  0.00e+000  1.53e-058  6.04e-001  1.97e-001  1.97e-001  1.99e-003  4.63e-004  2.77e-007  2.77e-007  
5.82707e+016 5.95e-018  0.00e+000  0.00e+000  7.74e-064  6.05e-001  1.96e-001  1.96e-001  2.00e-003  4.18e-004  2.79e-007  2.79e-007  
5.88124e+016 8.63e-018  0.00e+000  0.00e+000  8.11e-076  6.04e-001  1.97e-001  1.97e-001  1.99e-003  3.79e-004  2.78e-007  2.78e-007  
5.93801e+016 1.22e-017  0.00e+000  0.00e+000  0.00e+000  6.04e-001  1.97e-001  1.97e-001  1.99e-003  3.45e-004  2.78e-007  2.78e-007  
5.99878e+016 1.69e-017  0.00e+000  0.00e+000  0.00e+000  6.04e-001  1.97e-001  1.97e-001  1.98e-003  3.17e-004  2.78e-007  2.78e-007  
6.06254e+016 2.27e-017  0.00e+000  0.00e+000  0.00e+000  6.03e-001  1.97e-001  1.97e-001  1.99e-003  2.93e-004  2.78e-007  2.78e-007  
6.12860e+016 2.98e-017  0.00e+000  0.00e+000  0.00e+000  6.04e-001  1.97e-001  1.97e-001  1.99e-003  2.73e-004  2.78e-007  2.78e-007  
6.19772e+016 3.81e-017  0.00e+000  0.00e+000  0.00e+000  6.04e-001  1.97e-001  1.97e-001  1.99e-003  2.56e-004  2.78e-007  2.78e-007  
6.27006e+016 4.77e-017  0.00e+000  0.00e+000  0.00e+000  6.04e-001  1.97e-001  1.97e-001  1.99e-003  2.41e-004  2.77e-007  2.77e-007  
6.34752e+016 5.87e-017  0.00e+000  0.00e+000  0.00e+000  6.03e-001  1.98e-001  1.98e-001  1.99e-003  2.28e-004  2.78e-007  2.78e-007  
6.43223e+016 7.15e-017  0.00e+000  0.00e+000  0.00e+000  6.03e-001  1.97e-001  1.97e-001  1.99e-003  2.18e-004  2.77e-007  2.77e-007  
6.52408e+016 8.57e-017  0.00e+000  0.00e+000  0.00e+000  6.03e-001  1.97e-001  1.97e-001  1.98e-003  2.08e-004  2.78e-007  2.78e-007  
6.62440e+016 1.02e-016  0.00e+000  0.00e+000  0.00e+000  6.04e-001  1.97e-001  1.97e-001  1.99e-003  1.99e-004  2.78e-007  2.78e-007  
6.73219e+016 1.18e-016  0.00e+000  0.00e+000  0.00e+000  6.04e-001  1.97e-001  1.97e-001  1.99e-003  1.92e-004  2.78e-007  2.78e-007  
6.84641e+016 1.36e-016  0.00e+000  0.00e+000  0.00e+000  6.04e-001  1.97e-001  1.97e-001  1.99e-003  1.85e-004  2.77e-007  2.77e-007  
6.96945e+016 1.54e-016  0.00e+000  0.00e+000  0.00e+000  6.04e-001  1.97e-001  1.97e-001  1.98e-003  1.80e-004  2.78e-007  2.78e-007  
7.10391e+016 1.74e-016  0.00e+000  0.00e+000  0.00e+000  6.05e-001  1.96e-001  1.96e-001  1.98e-003  1.75e-004  2.77e-007  2.77e-007  
7.25155e+016 1.92e-016  0.00e+000  0.00e+000  0.00e+000  6.03e-001  1.97e-001  1.97e-001  1.99e-003  1.70e-004  2.78e-007  2.78e-007  
7.42223e+016 2.14e-016  0.00e+000  0.00e+000  0.00e+000  6.04e-001  1.97e-001  1.97e-001  1.98e-003  1.66e-004  2.77e-007  2.77e-007  
7.63108e+016 2.37e-016  0.00e+000  0.00e+000  0.00e+000  6.04e-001  1.97e-001  1.97e-001  1.98e-003  1.61e-004  2.77e-007  2.77e-007  
7.86896e+016 2.60e-016  0.00e+000  0.00e+000  0.00e+000  6.03e-001  1.97e-001  1.97e-001  1.99e-003  1.57e-004  2.78e-007  2.78e-007  
8.18150e+016 2.88e-016  0.00e+000  0.00e+000  0.00e+000  6.04e-001  1.97e-001  1.97e-001  1.98e-003  1.52e-004  2.77e-007  2.77e-007  
8.55776e+016 3.18e-016  0.00e+000  0.00e+000  0.00e+000  6.04e-001  1.97e-001  1.97e-001  1.98e-003  1.48e-004  2.77e-007  2.77e-007  
9.00548e+016 3.48e-016  0.00e+000  0.00e+000  0.00e+000  6.04e-001  1.97e-001  1.97e-001  1.98e-003  1.43e-004  2.77e-007  2.77e-007  
9.53916e+016 3.78e-016  0.00e+000  0.00e+000  0.00e+000  6.03e-001  1.97e-001  1.97e-001  1.98e-003  1.39e-004  2.78e-007  2.78e-007  
1.01535e+017 4.07e-016  0.00e+000  0.00e+000  0.00e+000  6.04e-001  1.97e-001  1.97e-001  1.98e-003  1.35e-004  2.77e-007  2.77e-007  
1.09249e+017 4.35e-016  0.00e+000  0.00e+000  0.00e+000  6.04e-001  1.97e-001  1.97e-001  1.98e-003  1.31e-004  2.78e-007  2.78e-007  
1.19176e+017 4.60e-016  0.00e+000  0.00e+000  0.00e+000  6.04e-001  1.97e-001  1.97e-001  1.98e-003  1.27e-004  2.76e-007  2.76e-007  
1.32448e+017 4.79e-016  0.00e+000  0.00e+000  0.00e+000  6.04e-001  1.97e-001  1.97e-001  1.98e-003  1.24e-004  2.78e-007  2.78e-007  
