! 0       H5C2O2+ + e- -> HCOOCH3 + H
! 1       H5C2O2+ + e- -> CH3OH + HCO
! 2       H5C2O2+ + GRAIN -> HCOOCH3 + H + GRAIN
!            tot_rate   0          1          2          
1.58188e+013 1.20e-021  4.99e-001  4.99e-001  1.81e-003  
3.50727e+014 1.20e-021  4.99e-001  4.99e-001  1.81e-003  
5.21628e+015 1.20e-021  4.99e-001  4.99e-001  1.81e-003  
2.67137e+016 7.53e-022  4.99e-001  4.99e-001  1.50e-003  
3.33598e+016 3.17e-022  4.98e-001  4.98e-001  3.31e-003  
3.42055e+016 2.83e-022  4.98e-001  4.98e-001  4.10e-003  
3.44017e+016 2.75e-022  4.98e-001  4.98e-001  4.36e-003  
3.46353e+016 2.65e-022  4.98e-001  4.98e-001  4.79e-003  
3.48860e+016 2.53e-022  4.97e-001  4.97e-001  5.33e-003  
3.51370e+016 2.41e-022  4.97e-001  4.97e-001  6.05e-003  
3.53250e+016 2.32e-022  4.97e-001  4.97e-001  6.78e-003  
3.55515e+016 2.26e-022  4.96e-001  4.96e-001  7.58e-003  
3.57182e+016 2.30e-022  4.96e-001  4.96e-001  8.01e-003  
3.58524e+016 2.34e-022  4.96e-001  4.96e-001  8.34e-003  
3.60047e+016 2.38e-022  4.96e-001  4.96e-001  8.86e-003  
3.61718e+016 2.46e-022  4.95e-001  4.95e-001  9.34e-003  
3.62899e+016 2.52e-022  4.95e-001  4.95e-001  9.78e-003  
3.63893e+016 2.59e-022  4.95e-001  4.95e-001  1.02e-002  
3.64972e+016 2.67e-022  4.95e-001  4.95e-001  1.07e-002  
3.66124e+016 2.77e-022  4.94e-001  4.94e-001  1.14e-002  
3.67348e+016 2.92e-022  4.94e-001  4.94e-001  1.23e-002  
3.68621e+016 3.12e-022  4.93e-001  4.93e-001  1.33e-002  
3.69700e+016 3.35e-022  4.93e-001  4.93e-001  1.43e-002  
3.70376e+016 3.53e-022  4.93e-001  4.93e-001  1.49e-002  
3.71087e+016 3.74e-022  4.92e-001  4.92e-001  1.57e-002  
3.71826e+016 4.01e-022  4.92e-001  4.92e-001  1.65e-002  
3.72589e+016 4.34e-022  4.91e-001  4.91e-001  1.74e-002  
3.73370e+016 4.75e-022  4.91e-001  4.91e-001  1.85e-002  
3.74165e+016 5.26e-022  4.90e-001  4.90e-001  1.94e-002  
3.74829e+016 5.80e-022  4.90e-001  4.90e-001  2.02e-002  
3.75505e+016 6.48e-022  4.89e-001  4.89e-001  2.12e-002  
3.76194e+016 7.46e-022  4.89e-001  4.89e-001  2.20e-002  
3.76839e+016 8.99e-022  4.89e-001  4.89e-001  2.28e-002  
3.76854e+016 9.03e-022  4.89e-001  4.89e-001  2.28e-002  
3.76877e+016 9.11e-022  4.89e-001  4.89e-001  2.28e-002  
3.76917e+016 9.23e-022  4.89e-001  4.89e-001  2.30e-002  
3.76980e+016 9.46e-022  4.88e-001  4.88e-001  2.30e-002  
3.77083e+016 9.87e-022  4.88e-001  4.88e-001  2.32e-002  
3.77248e+016 1.06e-021  4.88e-001  4.88e-001  2.34e-002  
3.77450e+016 1.18e-021  4.88e-001  4.88e-001  2.37e-002  
3.77655e+016 1.34e-021  4.88e-001  4.88e-001  2.40e-002  
3.77936e+016 1.65e-021  4.88e-001  4.88e-001  2.44e-002  
3.78016e+016 1.76e-021  4.88e-001  4.88e-001  2.46e-002  
3.78111e+016 1.89e-021  4.88e-001  4.88e-001  2.47e-002  
3.78273e+016 2.13e-021  4.87e-001  4.87e-001  2.51e-002  
3.78530e+016 2.61e-021  4.87e-001  4.87e-001  2.53e-002  
3.78818e+016 3.20e-021  4.87e-001  4.87e-001  2.59e-002  
3.79076e+016 3.84e-021  4.87e-001  4.87e-001  2.63e-002  
3.79253e+016 4.36e-021  4.87e-001  4.87e-001  2.64e-002  
3.79502e+016 5.14e-021  4.87e-001  4.87e-001  2.69e-002  
3.79755e+016 6.07e-021  4.86e-001  4.86e-001  2.74e-002  
3.79897e+016 6.62e-021  4.86e-001  4.86e-001  2.76e-002  
3.79918e+016 6.73e-021  4.86e-001  4.86e-001  2.77e-002  
3.79956e+016 6.87e-021  4.86e-001  4.86e-001  2.78e-002  
3.80017e+016 7.14e-021  4.86e-001  4.86e-001  2.79e-002  
3.80129e+016 7.66e-021  4.86e-001  4.86e-001  2.81e-002  
3.80319e+016 8.58e-021  4.86e-001  4.86e-001  2.84e-002  
3.80578e+016 9.97e-021  4.86e-001  4.86e-001  2.90e-002  
3.80629e+016 1.03e-020  4.86e-001  4.86e-001  2.90e-002  
3.80713e+016 1.08e-020  4.85e-001  4.85e-001  2.92e-002  
3.80859e+016 1.17e-020  4.85e-001  4.85e-001  2.95e-002  
3.81083e+016 1.32e-020  4.85e-001  4.85e-001  3.00e-002  
3.81265e+016 1.45e-020  4.85e-001  4.85e-001  3.04e-002  
3.81480e+016 1.62e-020  4.85e-001  4.85e-001  3.09e-002  
3.81769e+016 1.87e-020  4.84e-001  4.84e-001  3.17e-002  
3.81836e+016 1.94e-020  4.84e-001  4.84e-001  3.18e-002  
3.81952e+016 2.05e-020  4.84e-001  4.84e-001  3.20e-002  
3.82149e+016 2.23e-020  4.84e-001  4.84e-001  3.26e-002  
3.82433e+016 2.54e-020  4.83e-001  4.83e-001  3.31e-002  
3.82740e+016 2.92e-020  4.83e-001  4.83e-001  3.37e-002  
3.83054e+016 3.31e-020  4.83e-001  4.83e-001  3.44e-002  
3.83376e+016 3.77e-020  4.82e-001  4.82e-001  3.53e-002  
3.83751e+016 4.34e-020  4.82e-001  4.82e-001  3.64e-002  
3.84132e+016 4.99e-020  4.81e-001  4.81e-001  3.73e-002  
3.84531e+016 5.74e-020  4.81e-001  4.81e-001  3.87e-002  
3.84962e+016 6.69e-020  4.80e-001  4.80e-001  4.01e-002  
3.85449e+016 7.95e-020  4.79e-001  4.79e-001  4.18e-002  
3.85990e+016 9.46e-020  4.78e-001  4.78e-001  4.39e-002  
3.86597e+016 1.09e-019  4.77e-001  4.77e-001  4.64e-002  
3.87288e+016 1.19e-019  4.75e-001  4.75e-001  4.93e-002  
3.88139e+016 1.22e-019  4.73e-001  4.73e-001  5.32e-002  
3.89093e+016 1.18e-019  4.71e-001  4.71e-001  5.80e-002  
3.90068e+016 1.11e-019  4.68e-001  4.68e-001  6.35e-002  
3.91088e+016 1.03e-019  4.65e-001  4.65e-001  6.99e-002  
3.92181e+016 9.43e-020  4.61e-001  4.61e-001  7.74e-002  
3.93325e+016 8.45e-020  4.57e-001  4.57e-001  8.62e-002  
3.94519e+016 7.48e-020  4.52e-001  4.52e-001  9.60e-002  
3.95803e+016 6.50e-020  4.46e-001  4.46e-001  1.08e-001  
3.97190e+016 5.57e-020  4.40e-001  4.40e-001  1.21e-001  
3.98699e+016 4.67e-020  4.32e-001  4.32e-001  1.36e-001  
4.00514e+016 3.79e-020  4.23e-001  4.23e-001  1.55e-001  
4.02549e+016 2.98e-020  4.12e-001  4.12e-001  1.76e-001  
4.04761e+016 2.30e-020  4.01e-001  4.01e-001  1.98e-001  
4.07070e+016 1.75e-020  3.91e-001  3.91e-001  2.19e-001  
4.09451e+016 1.32e-020  3.81e-001  3.81e-001  2.38e-001  
4.11988e+016 9.67e-021  3.73e-001  3.73e-001  2.53e-001  
4.14624e+016 6.92e-021  3.67e-001  3.67e-001  2.66e-001  
4.17462e+016 4.77e-021  3.63e-001  3.63e-001  2.75e-001  
4.20512e+016 3.11e-021  3.60e-001  3.60e-001  2.79e-001  
4.23867e+016 1.86e-021  3.60e-001  3.60e-001  2.80e-001  
4.27356e+016 1.03e-021  3.61e-001  3.61e-001  2.78e-001  
4.30994e+016 5.23e-022  3.65e-001  3.65e-001  2.70e-001  
4.34671e+016 2.43e-022  3.70e-001  3.70e-001  2.59e-001  
4.38104e+016 1.11e-022  3.76e-001  3.76e-001  2.49e-001  
4.41007e+016 5.41e-023  3.81e-001  3.81e-001  2.38e-001  
4.42181e+016 3.97e-023  3.83e-001  3.83e-001  2.34e-001  
4.42811e+016 3.36e-023  3.84e-001  3.84e-001  2.32e-001  
4.43809e+016 2.56e-023  3.86e-001  3.86e-001  2.28e-001  
4.45030e+016 1.82e-023  3.89e-001  3.89e-001  2.23e-001  
4.45401e+016 1.64e-023  3.90e-001  3.90e-001  2.21e-001  
4.45998e+016 1.39e-023  3.90e-001  3.90e-001  2.19e-001  
4.46779e+016 1.11e-023  3.92e-001  3.92e-001  2.17e-001  
4.48006e+016 7.74e-024  3.94e-001  3.94e-001  2.12e-001  
4.48529e+016 6.63e-024  3.95e-001  3.95e-001  2.10e-001  
4.48834e+016 6.04e-024  3.96e-001  3.96e-001  2.09e-001  
4.49346e+016 5.19e-024  3.97e-001  3.97e-001  2.06e-001  
4.49870e+016 4.42e-024  3.98e-001  3.98e-001  2.05e-001  
4.50684e+016 3.46e-024  3.99e-001  3.99e-001  2.01e-001  
4.51867e+016 2.40e-024  4.01e-001  4.01e-001  1.98e-001  
4.51946e+016 2.34e-024  4.01e-001  4.01e-001  1.98e-001  
4.52061e+016 2.26e-024  4.02e-001  4.02e-001  1.97e-001  
4.52265e+016 2.12e-024  4.02e-001  4.02e-001  1.96e-001  
4.52632e+016 1.89e-024  4.03e-001  4.03e-001  1.95e-001  
4.53239e+016 1.57e-024  4.04e-001  4.04e-001  1.93e-001  
4.54167e+016 1.18e-024  4.06e-001  4.06e-001  1.89e-001  
4.55446e+016 8.63e-025  4.08e-001  4.08e-001  1.84e-001  
4.55658e+016 8.08e-025  4.08e-001  4.08e-001  1.83e-001  
4.55697e+016 8.01e-025  4.08e-001  4.08e-001  1.84e-001  
4.55761e+016 7.86e-025  4.08e-001  4.08e-001  1.83e-001  
4.55871e+016 7.61e-025  4.09e-001  4.09e-001  1.83e-001  
4.56066e+016 7.16e-025  4.09e-001  4.09e-001  1.82e-001  
4.56410e+016 6.47e-025  4.10e-001  4.10e-001  1.81e-001  
4.56849e+016 5.70e-025  4.11e-001  4.11e-001  1.79e-001  
4.57241e+016 5.09e-025  4.11e-001  4.11e-001  1.78e-001  
4.57850e+016 4.30e-025  4.12e-001  4.12e-001  1.76e-001  
4.58802e+016 3.36e-025  4.14e-001  4.14e-001  1.73e-001  
4.59720e+016 2.70e-025  4.15e-001  4.15e-001  1.70e-001  
4.59734e+016 2.82e-025  4.15e-001  4.15e-001  1.69e-001  
4.59759e+016 2.87e-025  4.15e-001  4.15e-001  1.70e-001  
4.59802e+016 2.87e-025  4.15e-001  4.15e-001  1.70e-001  
4.59873e+016 2.82e-025  4.15e-001  4.15e-001  1.70e-001  
4.59993e+016 2.74e-025  4.15e-001  4.15e-001  1.69e-001  
4.60196e+016 2.64e-025  4.16e-001  4.16e-001  1.67e-001  
4.60580e+016 2.43e-025  4.16e-001  4.16e-001  1.67e-001  
4.61139e+016 2.18e-025  4.17e-001  4.17e-001  1.65e-001  
4.61801e+016 1.95e-025  4.18e-001  4.18e-001  1.63e-001  
4.62829e+016 1.69e-025  4.20e-001  4.20e-001  1.60e-001  
4.63958e+016 1.53e-025  4.22e-001  4.22e-001  1.56e-001  
4.64165e+016 1.51e-025  4.23e-001  4.23e-001  1.55e-001  
4.64187e+016 3.17e-025  4.22e-001  4.22e-001  1.55e-001  
4.64224e+016 4.05e-025  4.22e-001  4.22e-001  1.56e-001  
4.64286e+016 3.93e-025  4.22e-001  4.22e-001  1.55e-001  
4.64396e+016 3.88e-025  4.23e-001  4.23e-001  1.54e-001  
4.64596e+016 3.69e-025  4.23e-001  4.23e-001  1.54e-001  
4.64933e+016 3.40e-025  4.24e-001  4.24e-001  1.52e-001  
4.65501e+016 2.99e-025  4.25e-001  4.25e-001  1.51e-001  
4.66259e+016 2.56e-025  4.25e-001  4.25e-001  1.49e-001  
4.67450e+016 2.14e-025  4.27e-001  4.27e-001  1.46e-001  
4.68726e+016 1.92e-025  4.29e-001  4.29e-001  1.42e-001  
4.69009e+016 1.90e-025  4.29e-001  4.29e-001  1.41e-001  
4.69024e+016 1.45e-025  4.29e-001  4.29e-001  1.41e-001  
4.69048e+016 1.45e-025  4.29e-001  4.29e-001  1.42e-001  
4.69090e+016 1.46e-025  4.29e-001  4.29e-001  1.42e-001  
4.69160e+016 1.46e-025  4.29e-001  4.29e-001  1.42e-001  
4.69279e+016 1.48e-025  4.30e-001  4.30e-001  1.41e-001  
4.69476e+016 1.53e-025  4.30e-001  4.30e-001  1.40e-001  
4.69806e+016 1.64e-025  4.30e-001  4.30e-001  1.39e-001  
4.70337e+016 3.83e-025  4.31e-001  4.31e-001  1.38e-001  
4.70622e+016 3.62e-025  4.31e-001  4.31e-001  1.38e-001  
4.71061e+016 3.36e-025  4.32e-001  4.32e-001  1.37e-001  
4.71746e+016 3.10e-025  4.33e-001  4.33e-001  1.34e-001  
4.72860e+016 2.88e-025  4.34e-001  4.34e-001  1.31e-001  
4.74240e+016 2.92e-025  4.36e-001  4.36e-001  1.29e-001  
4.74305e+016 2.94e-025  4.36e-001  4.36e-001  1.28e-001  
4.74313e+016 2.94e-025  4.36e-001  4.36e-001  1.28e-001  
4.74348e+016 2.94e-025  4.36e-001  4.36e-001  1.28e-001  
4.74406e+016 2.96e-025  4.36e-001  4.36e-001  1.28e-001  
4.74503e+016 2.96e-025  4.36e-001  4.36e-001  1.28e-001  
4.74676e+016 3.00e-025  4.36e-001  4.36e-001  1.28e-001  
4.74972e+016 3.07e-025  4.36e-001  4.36e-001  1.27e-001  
4.75283e+016 3.18e-025  4.37e-001  4.37e-001  1.26e-001  
4.75365e+016 3.23e-025  4.37e-001  4.37e-001  1.26e-001  
4.75556e+016 3.41e-025  4.37e-001  4.37e-001  1.25e-001  
4.75856e+016 3.54e-025  4.37e-001  4.37e-001  1.25e-001  
4.76342e+016 3.84e-025  4.38e-001  4.38e-001  1.24e-001  
4.77120e+016 4.40e-025  4.39e-001  4.39e-001  1.22e-001  
4.78339e+016 5.52e-025  4.40e-001  4.40e-001  1.19e-001  
4.79819e+016 7.47e-025  4.42e-001  4.42e-001  1.16e-001  
4.80101e+016 7.94e-025  4.42e-001  4.42e-001  1.16e-001  
4.80156e+016 8.03e-025  4.42e-001  4.42e-001  1.16e-001  
4.80288e+016 8.28e-025  4.42e-001  4.42e-001  1.15e-001  
4.80511e+016 8.70e-025  4.43e-001  4.43e-001  1.15e-001  
4.80875e+016 9.48e-025  4.43e-001  4.43e-001  1.14e-001  
4.81463e+016 1.10e-024  4.44e-001  4.44e-001  1.12e-001  
4.82445e+016 1.43e-024  4.45e-001  4.45e-001  1.10e-001  
4.83636e+016 2.02e-024  4.46e-001  4.46e-001  1.08e-001  
4.84912e+016 2.97e-024  4.47e-001  4.47e-001  1.05e-001  
4.86294e+016 4.56e-024  4.49e-001  4.49e-001  1.02e-001  
4.87591e+016 6.86e-024  4.50e-001  4.50e-001  9.93e-002  
4.88968e+016 1.07e-023  4.52e-001  4.52e-001  9.65e-002  
4.90444e+016 1.72e-023  4.53e-001  4.53e-001  9.31e-002  
4.91980e+016 2.81e-023  4.55e-001  4.55e-001  9.03e-002  
4.93317e+016 4.32e-023  4.56e-001  4.56e-001  8.84e-002  
4.94239e+016 5.80e-023  4.57e-001  4.57e-001  8.65e-002  
4.95192e+016 7.82e-023  4.58e-001  4.58e-001  8.44e-002  
4.96202e+016 1.07e-022  4.59e-001  4.59e-001  8.20e-002  
4.97297e+016 1.49e-022  4.60e-001  4.60e-001  7.97e-002  
4.98461e+016 2.11e-022  4.61e-001  4.61e-001  7.77e-002  
4.99670e+016 3.01e-022  4.62e-001  4.62e-001  7.58e-002  
5.00936e+016 4.30e-022  4.63e-001  4.63e-001  7.36e-002  
5.02240e+016 6.38e-022  4.66e-001  4.66e-001  6.82e-002  
5.03584e+016 9.23e-022  4.69e-001  4.69e-001  6.22e-002  
5.05026e+016 1.31e-021  4.71e-001  4.71e-001  5.75e-002  
5.05959e+016 1.61e-021  4.72e-001  4.72e-001  5.62e-002  
5.06957e+016 2.00e-021  4.73e-001  4.73e-001  5.44e-002  
5.07988e+016 2.49e-021  4.74e-001  4.74e-001  5.30e-002  
5.09058e+016 3.08e-021  4.74e-001  4.74e-001  5.16e-002  
5.10237e+016 3.83e-021  4.75e-001  4.75e-001  5.01e-002  
5.11496e+016 4.75e-021  4.76e-001  4.76e-001  4.86e-002  
5.12843e+016 5.84e-021  4.76e-001  4.76e-001  4.71e-002  
5.14296e+016 7.08e-021  4.77e-001  4.77e-001  4.56e-002  
5.15425e+016 8.08e-021  4.78e-001  4.78e-001  4.47e-002  
5.16792e+016 9.37e-021  4.78e-001  4.78e-001  4.33e-002  
5.18319e+016 1.09e-020  4.79e-001  4.79e-001  4.24e-002  
5.19950e+016 1.28e-020  4.80e-001  4.80e-001  4.10e-002  
5.21655e+016 1.53e-020  4.80e-001  4.80e-001  3.98e-002  
5.23457e+016 1.92e-020  4.81e-001  4.81e-001  3.86e-002  
5.25384e+016 2.54e-020  4.81e-001  4.81e-001  3.76e-002  
5.27451e+016 3.57e-020  4.82e-001  4.82e-001  3.61e-002  
5.29668e+016 5.25e-020  4.82e-001  4.82e-001  3.53e-002  
5.31993e+016 7.91e-020  4.83e-001  4.83e-001  3.39e-002  
5.34440e+016 1.22e-019  4.84e-001  4.84e-001  3.30e-002  
5.36995e+016 1.89e-019  4.84e-001  4.84e-001  3.18e-002  
5.39765e+016 2.97e-019  4.84e-001  4.84e-001  3.10e-002  
5.42627e+016 4.68e-019  4.85e-001  4.85e-001  2.99e-002  
5.45738e+016 7.50e-019  4.86e-001  4.86e-001  2.89e-002  
5.49079e+016 1.20e-018  4.86e-001  4.86e-001  2.80e-002  
5.52575e+016 1.92e-018  4.86e-001  4.86e-001  2.72e-002  
5.56155e+016 3.00e-018  4.87e-001  4.87e-001  2.64e-002  
5.59918e+016 4.68e-018  4.87e-001  4.87e-001  2.56e-002  
5.63913e+016 7.24e-018  4.88e-001  4.88e-001  2.50e-002  
5.68226e+016 1.12e-017  4.88e-001  4.88e-001  2.43e-002  
5.72780e+016 1.72e-017  4.88e-001  4.88e-001  2.37e-002  
5.77650e+016 2.62e-017  4.88e-001  4.88e-001  2.33e-002  
5.82707e+016 3.93e-017  4.89e-001  4.89e-001  2.28e-002  
5.88124e+016 5.81e-017  4.89e-001  4.89e-001  2.25e-002  
5.93801e+016 8.51e-017  4.89e-001  4.89e-001  2.22e-002  
5.99878e+016 1.23e-016  4.89e-001  4.89e-001  2.20e-002  
6.06254e+016 1.76e-016  4.89e-001  4.89e-001  2.16e-002  
6.12860e+016 2.45e-016  4.89e-001  4.89e-001  2.17e-002  
6.19772e+016 3.39e-016  4.89e-001  4.89e-001  2.15e-002  
6.27006e+016 4.60e-016  4.89e-001  4.89e-001  2.15e-002  
6.34752e+016 6.19e-016  4.89e-001  4.89e-001  2.15e-002  
6.43223e+016 8.30e-016  4.89e-001  4.89e-001  2.16e-002  
6.52408e+016 1.10e-015  4.89e-001  4.89e-001  2.18e-002  
6.62440e+016 1.46e-015  4.89e-001  4.89e-001  2.21e-002  
6.73219e+016 1.91e-015  4.89e-001  4.89e-001  2.23e-002  
6.84641e+016 2.44e-015  4.89e-001  4.89e-001  2.28e-002  
6.96945e+016 3.07e-015  4.88e-001  4.88e-001  2.33e-002  
7.10391e+016 3.81e-015  4.88e-001  4.88e-001  2.36e-002  
7.25155e+016 4.65e-015  4.88e-001  4.88e-001  2.41e-002  
7.42223e+016 5.56e-015  4.88e-001  4.88e-001  2.47e-002  
7.63108e+016 6.57e-015  4.87e-001  4.87e-001  2.51e-002  
7.86896e+016 7.45e-015  4.87e-001  4.87e-001  2.55e-002  
8.18150e+016 8.15e-015  4.87e-001  4.87e-001  2.59e-002  
8.55776e+016 8.42e-015  4.87e-001  4.87e-001  2.60e-002  
9.00548e+016 8.18e-015  4.87e-001  4.87e-001  2.63e-002  
9.53916e+016 7.40e-015  4.87e-001  4.87e-001  2.65e-002  
1.01535e+017 6.27e-015  4.87e-001  4.87e-001  2.66e-002  
1.09249e+017 4.95e-015  4.87e-001  4.87e-001  2.63e-002  
1.19176e+017 3.68e-015  4.87e-001  4.87e-001  2.62e-002  
1.32448e+017 2.71e-015  4.88e-001  4.88e-001  2.47e-002  
