! 0       *HNCO + He -> HNCO + He
! 1       *HNCO + H2 -> HNCO + H2
! 2       *HNCO + CO -> HNCO + CO
! 3       *HNCO + CRPhoton -> *NH + *CO
! 4       *HNCO + ISPhoton -> *NH + *CO
! 5       *HNCO + CRPhoton -> HNCO
! 6       *HNCO + ISPhoton -> HNCO
! 7       *HNCO + GRAIN -> HNCO + GRAIN
! 8       *HNCO + CRP -> HNCO
!            tot_rate   0          1          2          3          4          5          6          7          8          
1.58188e+013 8.66e-017  0.00e+000  0.00e+000  0.00e+000  9.99e-001  4.60e-004  1.40e-004  8.32e-009  0.00e+000  0.00e+000  
3.50727e+014 8.66e-017  0.00e+000  0.00e+000  0.00e+000  9.99e-001  4.60e-004  1.40e-004  8.32e-009  0.00e+000  0.00e+000  
5.21628e+015 8.66e-017  0.00e+000  0.00e+000  0.00e+000  9.99e-001  4.60e-004  1.40e-004  8.32e-009  0.00e+000  0.00e+000  
2.67137e+016 8.70e-017  0.00e+000  0.00e+000  0.00e+000  9.99e-001  4.60e-004  1.39e-004  8.31e-009  0.00e+000  0.00e+000  
3.33598e+016 8.85e-017  0.00e+000  0.00e+000  9.03e-057  9.99e-001  4.60e-004  1.40e-004  8.34e-009  0.00e+000  0.00e+000  
3.42055e+016 8.92e-017  0.00e+000  0.00e+000  5.71e-017  9.99e-001  4.60e-004  1.40e-004  8.37e-009  7.55e-080  0.00e+000  
3.44017e+016 8.94e-017  0.00e+000  0.00e+000  2.90e-010  9.99e-001  4.60e-004  1.41e-004  8.37e-009  2.93e-079  0.00e+000  
3.46353e+016 8.97e-017  0.00e+000  0.00e+000  9.62e-004  9.98e-001  4.59e-004  1.40e-004  8.37e-009  2.45e-078  0.00e+000  
3.48860e+016 9.35e-017  0.00e+000  0.00e+000  3.58e-002  9.64e-001  4.43e-004  1.36e-004  8.09e-009  5.09e-077  0.00e+000  
3.51370e+016 1.14e-016  1.81e-077  0.00e+000  2.05e-001  7.94e-001  3.66e-004  1.12e-004  6.67e-009  2.57e-075  0.00e+000  
3.53250e+016 1.60e-016  5.62e-059  0.00e+000  4.30e-001  5.69e-001  2.62e-004  8.07e-005  4.79e-009  8.82e-074  0.00e+000  
3.55515e+016 2.96e-016  3.08e-038  0.00e+000  6.90e-001  3.10e-001  1.43e-004  4.40e-005  2.61e-009  1.90e-071  0.00e+000  
3.57182e+016 5.15e-016  5.12e-024  0.00e+000  8.21e-001  1.79e-001  8.25e-005  2.54e-005  1.51e-009  2.44e-069  0.00e+000  
3.58524e+016 8.47e-016  2.35e-016  0.00e+000  8.90e-001  1.10e-001  5.05e-005  1.56e-005  9.29e-010  2.30e-067  0.00e+000  
3.60047e+016 1.03e-015  1.52e-007  0.00e+000  9.09e-001  9.13e-002  4.20e-005  1.30e-005  7.75e-010  1.20e-064  0.00e+000  
3.61718e+016 1.34e-015  1.55e-002  3.14e-056  9.13e-001  7.12e-002  3.28e-005  1.02e-005  6.06e-010  3.08e-061  0.00e+000  
3.62899e+016 2.81e-015  4.17e-001  1.08e-045  5.49e-001  3.43e-002  1.58e-005  4.92e-006  2.93e-010  7.38e-059  0.00e+000  
3.63893e+016 8.53e-015  7.61e-001  2.02e-029  2.28e-001  1.14e-002  5.25e-006  1.64e-006  9.78e-011  6.25e-057  0.00e+000  
3.64972e+016 3.11e-014  9.13e-001  2.08e-014  8.36e-002  3.19e-003  1.47e-006  4.60e-007  2.73e-011  7.97e-055  0.00e+000  
3.66124e+016 8.94e-014  9.57e-001  3.79e-008  4.21e-002  1.13e-003  5.21e-007  1.63e-007  9.74e-012  2.33e-052  0.00e+000  
3.67348e+016 2.51e-013  9.76e-001  1.52e-004  2.37e-002  4.14e-004  1.91e-007  6.01e-008  3.57e-012  1.73e-049  0.00e+000  
3.68621e+016 6.71e-013  9.61e-001  2.30e-002  1.56e-002  1.61e-004  7.41e-008  2.34e-008  1.39e-012  1.22e-045  0.00e+000  
3.69700e+016 1.54e-012  9.13e-001  7.51e-002  1.18e-002  7.25e-005  3.33e-008  1.07e-008  6.36e-013  2.07e-042  0.00e+000  
3.70376e+016 2.60e-012  8.79e-001  1.10e-001  1.04e-002  4.42e-005  2.02e-008  6.60e-009  3.92e-013  2.05e-040  0.00e+000  
3.71087e+016 4.42e-012  8.42e-001  1.49e-001  9.75e-003  2.67e-005  1.22e-008  4.07e-009  2.42e-013  2.21e-038  0.00e+000  
3.71826e+016 7.65e-012  8.09e-001  1.82e-001  9.55e-003  1.58e-005  7.28e-009  2.51e-009  1.50e-013  2.51e-036  0.00e+000  
3.72589e+016 1.34e-011  7.78e-001  2.12e-001  9.88e-003  9.28e-006  4.27e-009  1.56e-009  9.35e-014  2.71e-034  0.00e+000  
3.73370e+016 2.37e-011  7.53e-001  2.37e-001  1.07e-002  5.37e-006  2.46e-009  9.89e-010  5.88e-014  2.46e-032  0.00e+000  
3.74165e+016 4.14e-011  7.22e-001  2.66e-001  1.18e-002  3.04e-006  1.40e-009  6.45e-010  3.84e-014  1.72e-030  0.00e+000  
3.74829e+016 6.55e-011  7.07e-001  2.81e-001  1.26e-002  1.85e-006  8.53e-010  4.61e-010  2.75e-014  4.65e-029  0.00e+000  
3.75505e+016 1.00e-010  6.82e-001  3.05e-001  1.31e-002  1.10e-006  5.04e-010  3.36e-010  2.00e-014  1.01e-027  0.00e+000  
3.76194e+016 1.42e-010  6.69e-001  3.18e-001  1.31e-002  6.08e-007  2.79e-010  2.51e-010  1.49e-014  1.82e-026  0.00e+000  
3.76839e+016 1.76e-010  6.48e-001  3.39e-001  1.31e-002  2.92e-007  1.35e-010  1.95e-010  1.17e-014  2.11e-025  0.00e+000  
3.76854e+016 1.76e-010  6.47e-001  3.40e-001  1.31e-002  2.87e-007  1.32e-010  1.95e-010  1.16e-014  2.21e-025  0.00e+000  
3.76877e+016 1.77e-010  6.48e-001  3.39e-001  1.31e-002  2.76e-007  1.27e-010  1.92e-010  1.14e-014  2.40e-025  0.00e+000  
3.76917e+016 1.78e-010  6.46e-001  3.41e-001  1.32e-002  2.61e-007  1.20e-010  1.91e-010  1.14e-014  2.75e-025  0.00e+000  
3.76980e+016 1.80e-010  6.45e-001  3.42e-001  1.32e-002  2.35e-007  1.08e-010  1.86e-010  1.11e-014  3.40e-025  0.00e+000  
3.77083e+016 1.81e-010  6.45e-001  3.42e-001  1.32e-002  1.95e-007  8.93e-011  1.79e-010  1.06e-014  4.82e-025  0.00e+000  
3.77248e+016 1.79e-010  6.43e-001  3.43e-001  1.33e-002  1.33e-007  6.15e-011  1.68e-010  1.01e-014  8.50e-025  0.00e+000  
3.77450e+016 1.60e-010  6.37e-001  3.50e-001  1.33e-002  6.30e-008  2.89e-011  1.57e-010  9.36e-015  1.68e-024  0.00e+000  
3.77655e+016 2.22e-011  6.30e-001  3.57e-001  1.30e-002  1.53e-008  7.06e-012  1.47e-010  8.77e-015  3.17e-024  0.00e+000  
3.77936e+016 7.25e-015  6.23e-001  3.64e-001  1.25e-002  1.41e-008  6.44e-012  1.35e-010  8.03e-015  7.59e-024  0.00e+000  
3.78016e+016 6.71e-016  6.23e-001  3.65e-001  1.23e-002  1.37e-008  6.29e-012  1.32e-010  7.84e-015  9.77e-024  0.00e+000  
3.78111e+016 9.34e-017  6.21e-001  3.67e-001  1.22e-002  1.33e-008  6.10e-012  1.27e-010  7.59e-015  1.29e-023  0.00e+000  
3.78273e+016 6.46e-017  6.18e-001  3.70e-001  1.19e-002  1.26e-008  5.82e-012  1.22e-010  7.23e-015  2.03e-023  0.00e+000  
3.78530e+016 6.35e-017  6.15e-001  3.73e-001  1.15e-002  1.18e-008  5.41e-012  1.13e-010  6.74e-015  4.12e-023  0.00e+000  
3.78818e+016 6.26e-017  6.09e-001  3.80e-001  1.11e-002  1.08e-008  4.98e-012  1.04e-010  6.21e-015  9.06e-023  0.00e+000  
3.79076e+016 6.18e-017  6.02e-001  3.87e-001  1.08e-002  1.01e-008  4.66e-012  9.75e-011  5.80e-015  1.68e-022  0.00e+000  
3.79253e+016 6.10e-017  5.98e-001  3.92e-001  1.06e-002  9.73e-009  4.47e-012  9.35e-011  5.57e-015  2.59e-022  0.00e+000  
3.79502e+016 6.03e-017  5.95e-001  3.95e-001  1.03e-002  9.15e-009  4.21e-012  8.79e-011  5.24e-015  4.71e-022  0.00e+000  
3.79755e+016 5.98e-017  5.94e-001  3.96e-001  1.01e-002  8.63e-009  3.98e-012  8.31e-011  4.95e-015  8.14e-022  0.00e+000  
3.79897e+016 5.96e-017  5.91e-001  3.99e-001  9.92e-003  8.37e-009  3.84e-012  8.04e-011  4.80e-015  1.09e-021  0.00e+000  
3.79918e+016 5.95e-017  5.90e-001  4.00e-001  9.90e-003  8.34e-009  3.83e-012  8.02e-011  4.77e-015  1.14e-021  0.00e+000  
3.79956e+016 5.94e-017  5.89e-001  4.01e-001  9.87e-003  8.27e-009  3.81e-012  7.95e-011  4.73e-015  1.24e-021  0.00e+000  
3.80017e+016 5.94e-017  5.88e-001  4.02e-001  9.78e-003  8.13e-009  3.74e-012  7.83e-011  4.66e-015  1.40e-021  0.00e+000  
3.80129e+016 5.92e-017  5.85e-001  4.06e-001  9.68e-003  7.96e-009  3.65e-012  7.64e-011  4.55e-015  1.76e-021  0.00e+000  
3.80319e+016 5.91e-017  5.81e-001  4.10e-001  9.53e-003  7.64e-009  3.52e-012  7.35e-011  4.39e-015  2.59e-021  0.00e+000  
3.80578e+016 5.89e-017  5.78e-001  4.13e-001  9.35e-003  7.27e-009  3.35e-012  6.98e-011  4.16e-015  4.25e-021  0.00e+000  
3.80629e+016 5.88e-017  5.78e-001  4.13e-001  9.30e-003  7.19e-009  3.31e-012  6.92e-011  4.13e-015  4.62e-021  0.00e+000  
3.80713e+016 5.88e-017  5.78e-001  4.13e-001  9.23e-003  7.09e-009  3.26e-012  6.81e-011  4.06e-015  5.37e-021  0.00e+000  
3.80859e+016 5.88e-017  5.76e-001  4.15e-001  9.14e-003  6.92e-009  3.18e-012  6.65e-011  3.96e-015  6.92e-021  0.00e+000  
3.81083e+016 5.89e-017  5.72e-001  4.19e-001  8.94e-003  6.62e-009  3.04e-012  6.36e-011  3.78e-015  1.01e-020  0.00e+000  
3.81265e+016 5.90e-017  5.68e-001  4.24e-001  8.84e-003  6.42e-009  2.95e-012  6.17e-011  3.68e-015  1.37e-020  0.00e+000  
3.81480e+016 5.92e-017  5.64e-001  4.27e-001  8.71e-003  6.18e-009  2.85e-012  5.94e-011  3.55e-015  1.96e-020  0.00e+000  
3.81769e+016 5.94e-017  5.62e-001  4.29e-001  8.55e-003  5.91e-009  2.73e-012  5.69e-011  3.38e-015  2.98e-020  0.00e+000  
3.81836e+016 5.94e-017  5.62e-001  4.29e-001  8.53e-003  5.87e-009  2.69e-012  5.64e-011  3.37e-015  3.27e-020  0.00e+000  
3.81952e+016 5.96e-017  5.62e-001  4.29e-001  8.47e-003  5.77e-009  2.65e-012  5.55e-011  3.31e-015  3.84e-020  0.00e+000  
3.82149e+016 5.98e-017  5.59e-001  4.33e-001  8.33e-003  5.59e-009  2.58e-012  5.38e-011  3.19e-015  5.02e-020  0.00e+000  
3.82433e+016 6.02e-017  5.53e-001  4.39e-001  8.21e-003  5.37e-009  2.48e-012  5.17e-011  3.07e-015  7.31e-020  0.00e+000  
3.82740e+016 6.07e-017  5.50e-001  4.42e-001  8.07e-003  5.16e-009  2.37e-012  4.96e-011  2.95e-015  1.09e-019  0.00e+000  
3.83054e+016 6.13e-017  5.50e-001  4.42e-001  7.96e-003  4.98e-009  2.28e-012  4.80e-011  2.86e-015  1.57e-019  0.00e+000  
3.83376e+016 6.20e-017  5.44e-001  4.48e-001  7.82e-003  4.79e-009  2.21e-012  4.60e-011  2.74e-015  2.19e-019  0.00e+000  
3.83751e+016 6.30e-017  5.40e-001  4.52e-001  7.70e-003  4.60e-009  2.11e-012  4.41e-011  2.64e-015  3.21e-019  0.00e+000  
3.84132e+016 6.41e-017  5.38e-001  4.54e-001  7.58e-003  4.43e-009  2.04e-012  4.26e-011  2.54e-015  4.65e-019  0.00e+000  
3.84531e+016 6.54e-017  5.35e-001  4.57e-001  7.45e-003  4.27e-009  1.96e-012  4.10e-011  2.45e-015  6.70e-019  0.00e+000  
3.84962e+016 6.67e-017  5.29e-001  4.63e-001  7.36e-003  4.11e-009  1.89e-012  3.96e-011  2.35e-015  9.37e-019  0.00e+000  
3.85449e+016 6.81e-017  5.27e-001  4.66e-001  7.25e-003  3.95e-009  1.82e-012  3.80e-011  2.26e-015  1.32e-018  0.00e+000  
3.85990e+016 6.92e-017  5.26e-001  4.67e-001  7.15e-003  3.82e-009  1.75e-012  3.66e-011  2.18e-015  1.89e-018  0.00e+000  
3.86597e+016 6.92e-017  5.20e-001  4.73e-001  7.05e-003  3.67e-009  1.69e-012  3.53e-011  2.10e-015  2.73e-018  0.00e+000  
3.87288e+016 6.70e-017  5.17e-001  4.76e-001  6.97e-003  3.52e-009  1.63e-012  3.39e-011  2.02e-015  3.97e-018  0.00e+000  
3.88139e+016 5.89e-017  5.16e-001  4.77e-001  6.91e-003  3.40e-009  1.57e-012  3.28e-011  1.95e-015  5.62e-018  0.00e+000  
3.89093e+016 4.32e-017  5.12e-001  4.82e-001  6.83e-003  3.29e-009  1.51e-012  3.15e-011  1.88e-015  7.82e-018  0.00e+000  
3.90068e+016 2.50e-017  5.09e-001  4.85e-001  6.73e-003  3.18e-009  1.46e-012  3.05e-011  1.82e-015  1.03e-017  0.00e+000  
3.91088e+016 1.03e-017  5.07e-001  4.86e-001  6.73e-003  3.11e-009  1.43e-012  3.00e-011  1.78e-015  1.30e-017  0.00e+000  
3.92181e+016 2.73e-018  5.06e-001  4.88e-001  6.67e-003  3.05e-009  1.40e-012  2.93e-011  1.75e-015  1.57e-017  0.00e+000  
3.93325e+016 4.60e-019  5.06e-001  4.87e-001  6.69e-003  3.02e-009  1.39e-012  2.91e-011  1.73e-015  1.80e-017  0.00e+000  
3.94519e+016 9.35e-020  5.07e-001  4.86e-001  6.71e-003  3.00e-009  1.39e-012  2.90e-011  1.72e-015  1.97e-017  0.00e+000  
3.95803e+016 8.89e-020  5.07e-001  4.86e-001  6.73e-003  3.00e-009  1.38e-012  2.89e-011  1.72e-015  2.02e-017  0.00e+000  
3.97190e+016 1.25e-019  5.07e-001  4.86e-001  6.78e-003  3.02e-009  1.39e-012  2.90e-011  1.73e-015  1.98e-017  0.00e+000  
3.98699e+016 1.59e-019  5.08e-001  4.85e-001  6.87e-003  3.06e-009  1.41e-012  2.94e-011  1.75e-015  1.82e-017  0.00e+000  
4.00514e+016 1.84e-019  5.11e-001  4.82e-001  7.03e-003  3.13e-009  1.44e-012  3.01e-011  1.80e-015  1.53e-017  0.00e+000  
4.02549e+016 1.93e-019  5.16e-001  4.77e-001  7.19e-003  3.25e-009  1.50e-012  3.12e-011  1.87e-015  1.15e-017  0.00e+000  
4.04761e+016 1.92e-019  5.22e-001  4.70e-001  7.47e-003  3.41e-009  1.58e-012  3.28e-011  1.96e-015  7.83e-018  0.00e+000  
4.07070e+016 1.85e-019  5.30e-001  4.63e-001  7.77e-003  3.64e-009  1.68e-012  3.50e-011  2.09e-015  4.89e-018  0.00e+000  
4.09451e+016 1.82e-019  5.36e-001  4.56e-001  8.07e-003  3.92e-009  1.81e-012  3.77e-011  2.26e-015  2.67e-018  0.00e+000  
4.11988e+016 1.83e-019  5.43e-001  4.49e-001  8.58e-003  4.30e-009  1.99e-012  4.14e-011  2.48e-015  1.30e-018  0.00e+000  
4.14624e+016 1.84e-019  5.53e-001  4.38e-001  9.11e-003  4.79e-009  2.21e-012  4.60e-011  2.76e-015  5.59e-019  0.00e+000  
4.17462e+016 1.76e-019  5.67e-001  4.24e-001  9.79e-003  5.47e-009  2.53e-012  5.26e-011  3.15e-015  2.03e-019  0.00e+000  
4.20512e+016 1.41e-019  5.77e-001  4.13e-001  1.07e-002  6.38e-009  2.95e-012  6.13e-011  3.67e-015  6.02e-020  0.00e+000  
4.23867e+016 8.13e-020  5.92e-001  3.96e-001  1.19e-002  7.70e-009  3.57e-012  7.41e-011  4.43e-015  1.40e-020  0.00e+000  
4.27356e+016 3.13e-020  6.07e-001  3.80e-001  1.34e-002  9.58e-009  4.44e-012  9.20e-011  5.52e-015  2.68e-021  0.00e+000  
4.30994e+016 9.69e-021  6.23e-001  3.61e-001  1.56e-002  1.23e-008  5.69e-012  1.18e-010  7.08e-015  4.08e-022  0.00e+000  
4.34671e+016 4.04e-021  6.41e-001  3.41e-001  1.82e-002  1.62e-008  7.49e-012  1.55e-010  9.32e-015  5.17e-023  0.00e+000  
4.38104e+016 3.28e-021  6.55e-001  3.23e-001  2.15e-002  2.14e-008  9.91e-012  2.06e-010  1.23e-014  6.58e-024  0.00e+000  
4.41007e+016 3.26e-021  6.69e-001  3.06e-001  2.48e-002  2.76e-008  1.28e-011  2.65e-010  1.59e-014  1.04e-024  0.00e+000  
4.42181e+016 3.35e-021  6.72e-001  3.02e-001  2.65e-002  3.08e-008  1.42e-011  2.96e-010  1.77e-014  4.84e-025  0.00e+000  
4.42811e+016 3.42e-021  6.75e-001  2.98e-001  2.75e-002  3.27e-008  1.51e-011  3.12e-010  1.88e-014  3.21e-025  0.00e+000  
4.43809e+016 3.60e-021  6.79e-001  2.92e-001  2.92e-002  3.59e-008  1.66e-011  3.45e-010  2.07e-014  1.61e-025  0.00e+000  
4.45030e+016 3.86e-021  6.84e-001  2.85e-001  3.11e-002  4.04e-008  1.87e-011  3.89e-010  2.32e-014  6.99e-026  0.00e+000  
4.45401e+016 3.95e-021  6.87e-001  2.81e-001  3.19e-002  4.18e-008  1.94e-011  4.03e-010  2.42e-014  5.35e-026  0.00e+000  
4.45998e+016 4.12e-021  6.90e-001  2.77e-001  3.30e-002  4.45e-008  2.06e-011  4.28e-010  2.55e-014  3.52e-026  0.00e+000  
4.46779e+016 4.40e-021  6.95e-001  2.70e-001  3.45e-002  4.79e-008  2.22e-011  4.61e-010  2.77e-014  2.01e-026  0.00e+000  
4.48006e+016 4.92e-021  6.99e-001  2.64e-001  3.70e-002  5.42e-008  2.52e-011  5.22e-010  3.13e-014  8.41e-027  0.00e+000  
4.48529e+016 5.16e-021  7.04e-001  2.58e-001  3.86e-002  5.76e-008  2.67e-011  5.54e-010  3.31e-014  5.62e-027  0.00e+000  
4.48834e+016 5.32e-021  7.05e-001  2.56e-001  3.93e-002  5.94e-008  2.74e-011  5.72e-010  3.42e-014  4.46e-027  0.00e+000  
4.49346e+016 5.64e-021  7.04e-001  2.55e-001  4.04e-002  6.26e-008  2.89e-011  6.03e-010  3.60e-014  3.05e-027  0.00e+000  
4.49870e+016 5.99e-021  7.04e-001  2.54e-001  4.19e-002  6.63e-008  3.07e-011  6.38e-010  3.82e-014  2.09e-027  0.00e+000  
4.50684e+016 6.59e-021  7.07e-001  2.49e-001  4.40e-002  7.22e-008  3.34e-011  6.95e-010  4.16e-014  1.15e-027  0.00e+000  
4.51867e+016 7.56e-021  7.14e-001  2.38e-001  4.74e-002  8.20e-008  3.80e-011  7.89e-010  4.72e-014  4.71e-028  0.00e+000  
4.51946e+016 7.59e-021  7.14e-001  2.37e-001  4.84e-002  8.38e-008  3.88e-011  8.05e-010  4.82e-014  4.18e-028  0.00e+000  
4.52061e+016 7.72e-021  7.15e-001  2.36e-001  4.89e-002  8.51e-008  3.94e-011  8.18e-010  4.90e-014  3.80e-028  0.00e+000  
4.52265e+016 7.92e-021  7.16e-001  2.35e-001  4.94e-002  8.69e-008  4.01e-011  8.34e-010  5.00e-014  3.24e-028  0.00e+000  
4.52632e+016 8.33e-021  7.18e-001  2.32e-001  5.03e-002  9.00e-008  4.17e-011  8.66e-010  5.19e-014  2.46e-028  0.00e+000  
4.53239e+016 9.05e-021  7.22e-001  2.25e-001  5.21e-002  9.60e-008  4.45e-011  9.24e-010  5.53e-014  1.57e-028  0.00e+000  
4.54167e+016 1.02e-020  7.24e-001  2.21e-001  5.51e-002  1.07e-007  4.92e-011  1.03e-009  6.13e-014  7.86e-029  0.00e+000  
4.55446e+016 1.21e-020  7.26e-001  2.14e-001  6.02e-002  1.24e-007  5.72e-011  1.19e-009  7.11e-014  2.76e-029  0.00e+000  
4.55658e+016 1.24e-020  7.28e-001  2.11e-001  6.13e-002  1.27e-007  5.87e-011  1.22e-009  7.31e-014  2.28e-029  0.00e+000  
4.55697e+016 1.25e-020  7.33e-001  2.05e-001  6.19e-002  1.28e-007  5.95e-011  1.24e-009  7.40e-014  2.09e-029  0.00e+000  
4.55761e+016 1.26e-020  7.34e-001  2.03e-001  6.23e-002  1.29e-007  5.99e-011  1.25e-009  7.46e-014  1.96e-029  0.00e+000  
4.55871e+016 1.28e-020  7.34e-001  2.03e-001  6.27e-002  1.31e-007  6.06e-011  1.26e-009  7.55e-014  1.80e-029  0.00e+000  
4.56066e+016 1.32e-020  7.34e-001  2.03e-001  6.34e-002  1.34e-007  6.20e-011  1.29e-009  7.74e-014  1.56e-029  0.00e+000  
4.56410e+016 1.39e-020  7.34e-001  2.01e-001  6.47e-002  1.39e-007  6.43e-011  1.34e-009  7.99e-014  1.20e-029  0.00e+000  
4.56849e+016 1.48e-020  7.32e-001  2.01e-001  6.72e-002  1.48e-007  6.84e-011  1.42e-009  8.47e-014  8.81e-030  0.00e+000  
4.57241e+016 1.57e-020  7.33e-001  1.98e-001  6.89e-002  1.54e-007  7.14e-011  1.48e-009  8.86e-014  6.36e-030  0.00e+000  
4.57850e+016 1.71e-020  7.37e-001  1.92e-001  7.13e-002  1.64e-007  7.60e-011  1.58e-009  9.47e-014  3.80e-030  0.00e+000  
4.58802e+016 1.95e-020  7.42e-001  1.82e-001  7.63e-002  1.85e-007  8.55e-011  1.78e-009  1.06e-013  1.73e-030  0.00e+000  
4.59720e+016 2.22e-020  7.44e-001  1.74e-001  8.16e-002  2.08e-007  9.65e-011  2.00e-009  1.20e-013  8.25e-031  0.00e+000  
4.59734e+016 2.21e-020  7.46e-001  1.72e-001  8.22e-002  2.09e-007  9.67e-011  2.01e-009  1.21e-013  7.91e-031  0.00e+000  
4.59759e+016 2.21e-020  7.46e-001  1.71e-001  8.32e-002  2.11e-007  9.76e-011  2.03e-009  1.22e-013  7.23e-031  0.00e+000  
4.59802e+016 2.23e-020  7.46e-001  1.70e-001  8.40e-002  2.14e-007  9.93e-011  2.06e-009  1.24e-013  6.83e-031  0.00e+000  
4.59873e+016 2.25e-020  7.45e-001  1.70e-001  8.47e-002  2.17e-007  1.00e-010  2.08e-009  1.25e-013  6.43e-031  0.00e+000  
4.59993e+016 2.30e-020  7.47e-001  1.68e-001  8.51e-002  2.19e-007  1.01e-010  2.11e-009  1.26e-013  5.77e-031  0.00e+000  
4.60196e+016 2.38e-020  7.48e-001  1.66e-001  8.61e-002  2.24e-007  1.04e-010  2.15e-009  1.29e-013  4.87e-031  0.00e+000  
4.60580e+016 2.52e-020  7.50e-001  1.62e-001  8.81e-002  2.35e-007  1.09e-010  2.26e-009  1.35e-013  3.55e-031  0.00e+000  
4.61139e+016 2.74e-020  7.49e-001  1.59e-001  9.14e-002  2.51e-007  1.17e-010  2.42e-009  1.45e-013  2.25e-031  0.00e+000  
4.61801e+016 3.02e-020  7.48e-001  1.56e-001  9.57e-002  2.73e-007  1.26e-010  2.62e-009  1.57e-013  1.31e-031  0.00e+000  
4.62829e+016 3.51e-020  7.48e-001  1.49e-001  1.04e-001  3.14e-007  1.45e-010  3.00e-009  1.80e-013  5.39e-032  0.00e+000  
4.63958e+016 4.11e-020  7.51e-001  1.36e-001  1.12e-001  3.62e-007  1.68e-010  3.48e-009  2.09e-013  1.95e-032  0.00e+000  
4.64165e+016 4.23e-020  7.52e-001  1.34e-001  1.14e-001  3.74e-007  1.73e-010  3.59e-009  2.15e-013  1.62e-032  0.00e+000  
4.64187e+016 4.20e-020  7.51e-001  1.33e-001  1.16e-001  3.79e-007  1.75e-010  3.65e-009  2.19e-013  1.49e-032  0.00e+000  
4.64224e+016 4.22e-020  7.54e-001  1.29e-001  1.17e-001  3.82e-007  1.77e-010  3.68e-009  2.21e-013  1.36e-032  0.00e+000  
4.64286e+016 4.27e-020  7.55e-001  1.27e-001  1.18e-001  3.87e-007  1.79e-010  3.73e-009  2.23e-013  1.28e-032  0.00e+000  
4.64396e+016 4.35e-020  7.54e-001  1.26e-001  1.19e-001  3.93e-007  1.82e-010  3.77e-009  2.26e-013  1.17e-032  0.00e+000  
4.64596e+016 4.49e-020  7.53e-001  1.26e-001  1.21e-001  4.06e-007  1.87e-010  3.90e-009  2.34e-013  1.00e-032  0.00e+000  
4.64933e+016 4.74e-020  7.53e-001  1.23e-001  1.24e-001  4.22e-007  1.95e-010  4.05e-009  2.42e-013  7.57e-033  0.00e+000  
4.65501e+016 5.16e-020  7.54e-001  1.18e-001  1.28e-001  4.52e-007  2.09e-010  4.34e-009  2.60e-013  4.55e-033  0.00e+000  
4.66259e+016 5.75e-020  7.55e-001  1.10e-001  1.35e-001  4.99e-007  2.31e-010  4.80e-009  2.89e-013  2.33e-033  0.00e+000  
4.67450e+016 6.80e-020  7.50e-001  1.03e-001  1.47e-001  5.88e-007  2.72e-010  5.65e-009  3.38e-013  8.15e-034  0.00e+000  
4.68726e+016 8.10e-020  7.43e-001  9.24e-002  1.64e-001  7.13e-007  3.30e-010  6.85e-009  4.11e-013  2.42e-034  0.00e+000  
4.69009e+016 8.43e-020  7.42e-001  8.92e-002  1.68e-001  7.42e-007  3.44e-010  7.14e-009  4.28e-013  1.85e-034  0.00e+000  
4.69024e+016 8.41e-020  7.43e-001  8.83e-002  1.69e-001  7.48e-007  3.46e-010  7.19e-009  4.30e-013  1.79e-034  0.00e+000  
4.69048e+016 8.47e-020  7.45e-001  8.58e-002  1.69e-001  7.48e-007  3.46e-010  7.19e-009  4.31e-013  1.65e-034  0.00e+000  
4.69090e+016 8.47e-020  7.48e-001  8.16e-002  1.70e-001  7.56e-007  3.51e-010  7.27e-009  4.36e-013  1.49e-034  0.00e+000  
4.69160e+016 8.48e-020  7.50e-001  7.68e-002  1.73e-001  7.72e-007  3.57e-010  7.43e-009  4.45e-013  1.33e-034  0.00e+000  
4.69279e+016 8.67e-020  7.49e-001  7.57e-002  1.75e-001  7.85e-007  3.63e-010  7.55e-009  4.52e-013  1.19e-034  0.00e+000  
4.69476e+016 8.94e-020  7.47e-001  7.52e-002  1.78e-001  8.06e-007  3.74e-010  7.75e-009  4.64e-013  1.00e-034  0.00e+000  
4.69806e+016 9.38e-020  7.44e-001  7.42e-002  1.81e-001  8.45e-007  3.91e-010  8.13e-009  4.87e-013  7.60e-035  0.00e+000  
4.70337e+016 1.01e-019  7.37e-001  7.25e-002  1.90e-001  9.14e-007  4.23e-010  8.79e-009  5.26e-013  4.78e-035  0.00e+000  
4.70622e+016 1.05e-019  7.35e-001  7.11e-002  1.94e-001  9.52e-007  4.41e-010  9.16e-009  5.49e-013  3.67e-035  0.00e+000  
4.71061e+016 1.12e-019  7.33e-001  6.78e-002  1.99e-001  1.00e-006  4.66e-010  9.68e-009  5.81e-013  2.46e-035  0.00e+000  
4.71746e+016 1.22e-019  7.30e-001  6.20e-002  2.08e-001  1.11e-006  5.13e-010  1.07e-008  6.37e-013  1.68e-035  0.00e+000  
4.72860e+016 1.40e-019  7.21e-001  5.30e-002  2.26e-001  1.31e-006  6.03e-010  1.26e-008  7.50e-013  8.93e-036  0.00e+000  
4.74240e+016 1.65e-019  7.02e-001  4.44e-002  2.53e-001  1.62e-006  7.51e-010  1.56e-008  9.33e-013  3.93e-036  0.00e+000  
4.74305e+016 1.67e-019  7.02e-001  4.39e-002  2.54e-001  1.63e-006  7.56e-010  1.57e-008  9.42e-013  3.76e-036  0.00e+000  
4.74313e+016 1.67e-019  7.02e-001  4.39e-002  2.54e-001  1.64e-006  7.56e-010  1.57e-008  9.42e-013  3.74e-036  0.00e+000  
4.74348e+016 1.67e-019  7.01e-001  4.34e-002  2.56e-001  1.65e-006  7.67e-010  1.59e-008  9.52e-013  3.62e-036  0.00e+000  
4.74406e+016 1.68e-019  7.02e-001  4.14e-002  2.57e-001  1.66e-006  7.73e-010  1.60e-008  9.57e-013  3.36e-036  0.00e+000  
4.74503e+016 1.69e-019  7.00e-001  3.76e-002  2.62e-001  1.71e-006  7.89e-010  1.64e-008  9.85e-013  2.98e-036  0.00e+000  
4.74676e+016 1.71e-019  6.95e-001  3.57e-002  2.69e-001  1.77e-006  8.18e-010  1.70e-008  1.02e-012  2.50e-036  0.00e+000  
4.74972e+016 1.77e-019  6.89e-001  3.35e-002  2.78e-001  1.86e-006  8.64e-010  1.79e-008  1.07e-012  2.01e-036  0.00e+000  
4.75283e+016 1.84e-019  6.84e-001  3.14e-002  2.84e-001  1.95e-006  9.02e-010  1.88e-008  1.12e-012  1.67e-036  0.00e+000  
4.75365e+016 1.87e-019  6.85e-001  3.07e-002  2.84e-001  1.96e-006  9.10e-010  1.89e-008  1.13e-012  1.60e-036  0.00e+000  
4.75556e+016 1.91e-019  6.82e-001  3.01e-002  2.88e-001  2.03e-006  9.39e-010  1.95e-008  1.17e-012  1.44e-036  0.00e+000  
4.75856e+016 1.97e-019  6.76e-001  2.97e-002  2.94e-001  2.12e-006  9.86e-010  2.04e-008  1.22e-012  1.22e-036  0.00e+000  
4.76342e+016 2.07e-019  6.66e-001  2.83e-002  3.06e-001  2.29e-006  1.06e-009  2.21e-008  1.32e-012  9.36e-037  0.00e+000  
4.77120e+016 2.23e-019  6.47e-001  2.51e-002  3.28e-001  2.62e-006  1.21e-009  2.52e-008  1.51e-012  6.06e-037  0.00e+000  
4.78339e+016 2.51e-019  6.25e-001  1.99e-002  3.55e-001  3.14e-006  1.45e-009  3.02e-008  1.81e-012  2.69e-037  0.00e+000  
4.79819e+016 2.82e-019  5.89e-001  1.31e-002  3.98e-001  4.01e-006  1.85e-009  3.83e-008  2.31e-012  9.90e-038  0.00e+000  
4.80101e+016 2.89e-019  5.82e-001  1.23e-002  4.05e-001  4.19e-006  1.93e-009  4.02e-008  2.41e-012  8.18e-038  0.00e+000  
4.80156e+016 2.90e-019  5.80e-001  1.21e-002  4.08e-001  4.21e-006  1.96e-009  4.08e-008  2.43e-012  7.88e-038  0.00e+000  
4.80288e+016 2.91e-019  5.77e-001  1.17e-002  4.12e-001  4.32e-006  2.00e-009  4.15e-008  2.49e-012  7.21e-038  0.00e+000  
4.80511e+016 2.97e-019  5.69e-001  1.09e-002  4.21e-001  4.47e-006  2.07e-009  4.31e-008  2.58e-012  6.12e-038  0.00e+000  
4.80875e+016 3.03e-019  5.58e-001  9.64e-003  4.32e-001  4.79e-006  2.21e-009  4.59e-008  2.75e-012  4.75e-038  0.00e+000  
4.81463e+016 3.13e-019  5.36e-001  7.78e-003  4.56e-001  5.30e-006  2.46e-009  5.10e-008  3.06e-012  3.04e-038  0.00e+000  
4.82445e+016 3.34e-019  5.03e-001  6.05e-003  4.91e-001  6.23e-006  2.89e-009  5.99e-008  3.59e-012  1.46e-038  0.00e+000  
4.83636e+016 3.54e-019  4.57e-001  4.18e-003  5.39e-001  7.67e-006  3.55e-009  7.36e-008  4.43e-012  6.29e-039  0.00e+000  
4.84912e+016 3.73e-019  4.02e-001  2.61e-003  5.95e-001  9.57e-006  4.42e-009  9.20e-008  5.52e-012  2.46e-039  0.00e+000  
4.86294e+016 3.93e-019  3.41e-001  1.55e-003  6.57e-001  1.21e-005  5.60e-009  1.17e-007  6.98e-012  8.25e-040  0.00e+000  
4.87591e+016 4.10e-019  2.85e-001  8.38e-004  7.14e-001  1.50e-005  6.97e-009  1.45e-007  8.65e-012  3.02e-040  0.00e+000  
4.88968e+016 4.27e-019  2.26e-001  3.87e-004  7.73e-001  1.88e-005  8.69e-009  1.81e-007  1.08e-011  9.23e-041  0.00e+000  
4.90444e+016 4.41e-019  1.68e-001  1.51e-004  8.32e-001  2.38e-005  1.10e-008  2.29e-007  1.37e-011  2.63e-041  0.00e+000  
4.91980e+016 4.55e-019  1.14e-001  4.95e-005  8.86e-001  3.01e-005  1.39e-008  2.88e-007  1.73e-011  6.53e-042  0.00e+000  
4.93317e+016 4.64e-019  7.58e-002  1.59e-005  9.24e-001  3.66e-005  1.70e-008  3.51e-007  2.11e-011  1.90e-042  0.00e+000  
4.94239e+016 4.70e-019  5.34e-002  5.79e-006  9.47e-001  4.19e-005  1.94e-008  4.02e-007  2.40e-011  8.13e-043  0.00e+000  
4.95192e+016 4.75e-019  3.64e-002  1.97e-006  9.64e-001  4.80e-005  2.21e-008  4.61e-007  2.76e-011  3.09e-043  0.00e+000  
4.96202e+016 4.82e-019  2.53e-002  7.28e-007  9.75e-001  5.50e-005  2.55e-008  5.27e-007  3.17e-011  1.14e-043  0.00e+000  
4.97297e+016 4.85e-019  1.59e-002  1.84e-007  9.84e-001  6.40e-005  2.95e-008  6.15e-007  3.67e-011  3.92e-044  0.00e+000  
4.98461e+016 4.83e-019  8.92e-003  3.35e-008  9.91e-001  7.53e-005  3.48e-008  7.24e-007  4.34e-011  1.14e-044  0.00e+000  
4.99670e+016 4.83e-019  4.35e-003  4.49e-009  9.96e-001  8.84e-005  4.10e-008  8.51e-007  5.09e-011  3.31e-045  0.00e+000  
5.00936e+016 4.79e-019  1.71e-003  4.41e-010  9.98e-001  1.05e-004  4.87e-008  1.01e-006  6.06e-011  8.39e-046  0.00e+000  
5.02240e+016 4.67e-019  5.07e-004  2.16e-011  9.99e-001  1.26e-004  5.84e-008  1.21e-006  7.28e-011  2.05e-046  0.00e+000  
5.03584e+016 4.49e-019  1.43e-004  1.49e-012  1.00e+000  1.54e-004  7.12e-008  1.48e-006  8.86e-011  4.70e-047  0.00e+000  
5.05026e+016 4.19e-019  4.39e-005  4.68e-014  1.00e+000  1.94e-004  8.97e-008  1.87e-006  1.12e-010  9.54e-048  0.00e+000  
5.05959e+016 3.99e-019  1.73e-005  2.66e-015  1.00e+000  2.26e-004  1.04e-007  2.17e-006  1.30e-010  3.86e-048  0.00e+000  
5.06957e+016 3.85e-019  4.93e-006  9.01e-017  1.00e+000  2.60e-004  1.20e-007  2.50e-006  1.50e-010  1.29e-048  0.00e+000  
5.07988e+016 3.66e-019  1.10e-006  4.83e-018  1.00e+000  3.03e-004  1.41e-007  2.92e-006  1.75e-010  4.48e-049  0.00e+000  
5.09058e+016 3.43e-019  1.95e-007  1.25e-019  1.00e+000  3.61e-004  1.68e-007  3.47e-006  2.09e-010  1.62e-049  0.00e+000  
5.10237e+016 3.14e-019  2.52e-008  1.69e-021  1.00e+000  4.46e-004  2.06e-007  4.27e-006  2.56e-010  4.93e-050  0.00e+000  
5.11496e+016 2.81e-019  2.45e-009  1.28e-023  9.99e-001  5.58e-004  2.59e-007  5.37e-006  3.22e-010  1.50e-050  0.00e+000  
5.12843e+016 2.18e-019  3.09e-010  5.50e-026  9.99e-001  8.16e-004  3.79e-007  7.01e-006  4.19e-010  4.42e-051  0.00e+000  
5.14296e+016 1.62e-019  4.12e-011  1.26e-027  9.99e-001  1.25e-003  5.81e-007  9.49e-006  5.70e-010  1.14e-051  0.00e+000  
5.15425e+016 1.29e-019  1.59e-011  5.59e-029  9.98e-001  1.74e-003  8.05e-007  1.20e-005  7.21e-010  4.34e-052  0.00e+000  
5.16792e+016 9.50e-020  1.06e-012  1.07e-031  9.97e-001  2.66e-003  1.23e-006  1.65e-005  9.89e-010  1.36e-052  0.00e+000  
5.18319e+016 6.49e-020  4.01e-014  8.71e-035  9.96e-001  4.41e-003  2.05e-006  2.43e-005  1.46e-009  3.87e-053  0.00e+000  
5.19950e+016 4.08e-020  1.05e-015  3.26e-038  9.92e-001  7.98e-003  3.70e-006  3.89e-005  2.33e-009  1.12e-053  0.00e+000  
5.21655e+016 2.38e-020  1.51e-017  6.18e-042  9.84e-001  1.56e-002  7.24e-006  6.73e-005  4.04e-009  3.10e-054  0.00e+000  
5.23457e+016 1.24e-020  6.37e-019  2.90e-043  9.66e-001  3.40e-002  1.58e-005  1.30e-004  7.77e-009  9.50e-055  0.00e+000  
5.25384e+016 6.19e-021  5.42e-021  1.94e-046  9.22e-001  7.80e-002  3.62e-005  2.62e-004  1.57e-008  2.65e-055  0.00e+000  
5.27451e+016 2.72e-021  4.05e-023  9.06e-051  7.95e-001  2.04e-001  9.43e-005  6.00e-004  3.60e-008  7.81e-056  0.00e+000  
5.29668e+016 1.23e-021  1.34e-025  7.52e-056  4.79e-001  5.19e-001  2.40e-004  1.33e-003  8.01e-008  1.97e-056  0.00e+000  
5.31993e+016 8.09e-022  1.11e-028  9.39e-063  9.02e-002  9.07e-001  4.20e-004  2.04e-003  1.22e-007  3.30e-057  0.00e+000  
5.34440e+016 8.54e-022  9.54e-030  1.79e-063  8.07e-003  9.90e-001  4.58e-004  1.96e-003  1.17e-007  3.17e-058  0.00e+000  
5.36995e+016 9.75e-022  1.34e-034  8.57e-070  7.83e-004  9.97e-001  4.62e-004  1.72e-003  1.04e-007  2.83e-059  0.00e+000  
5.39765e+016 1.12e-021  1.07e-038  0.00e+000  1.78e-005  9.98e-001  4.62e-004  1.51e-003  9.09e-008  2.12e-060  0.00e+000  
5.42627e+016 1.29e-021  5.69e-040  0.00e+000  1.76e-007  9.98e-001  4.64e-004  1.33e-003  7.97e-008  1.73e-061  0.00e+000  
5.45738e+016 1.50e-021  9.92e-046  0.00e+000  2.08e-009  9.98e-001  4.61e-004  1.16e-003  6.92e-008  1.09e-062  0.00e+000  
5.49079e+016 1.74e-021  5.16e-047  0.00e+000  1.78e-012  9.99e-001  4.61e-004  1.01e-003  6.03e-008  7.40e-064  0.00e+000  
5.52575e+016 2.01e-021  2.01e-053  0.00e+000  6.71e-015  9.99e-001  4.62e-004  8.89e-004  5.32e-008  4.71e-065  0.00e+000  
5.56155e+016 2.31e-021  3.57e-055  0.00e+000  8.56e-019  9.99e-001  4.63e-004  7.83e-004  4.71e-008  3.23e-066  0.00e+000  
5.59918e+016 2.65e-021  1.01e-061  0.00e+000  1.10e-021  9.99e-001  4.64e-004  6.94e-004  4.15e-008  2.39e-067  0.00e+000  
5.63913e+016 3.04e-021  1.53e-064  0.00e+000  1.29e-025  9.99e-001  4.60e-004  6.14e-004  3.68e-008  1.77e-068  0.00e+000  
5.68226e+016 3.48e-021  7.46e-071  0.00e+000  1.12e-032  9.99e-001  4.62e-004  5.45e-004  3.27e-008  1.30e-069  0.00e+000  
5.72780e+016 3.97e-021  1.33e-073  0.00e+000  4.33e-034  9.99e-001  4.61e-004  4.88e-004  2.92e-008  9.86e-071  0.00e+000  
5.77650e+016 4.51e-021  0.00e+000  0.00e+000  6.29e-042  9.99e-001  4.61e-004  4.36e-004  2.61e-008  8.46e-072  0.00e+000  
5.82707e+016 5.09e-021  0.00e+000  0.00e+000  2.00e-046  9.99e-001  4.61e-004  3.95e-004  2.36e-008  8.60e-073  0.00e+000  
5.88124e+016 5.73e-021  0.00e+000  0.00e+000  7.36e-056  9.99e-001  4.62e-004  3.57e-004  2.14e-008  8.89e-074  0.00e+000  
5.93801e+016 6.41e-021  0.00e+000  0.00e+000  2.12e-060  9.99e-001  4.62e-004  3.26e-004  1.95e-008  1.16e-074  0.00e+000  
5.99878e+016 7.13e-021  0.00e+000  0.00e+000  3.10e-068  9.99e-001  4.62e-004  3.00e-004  1.80e-008  1.60e-075  0.00e+000  
6.06254e+016 7.88e-021  0.00e+000  0.00e+000  1.87e-072  9.99e-001  4.61e-004  2.77e-004  1.65e-008  2.70e-076  0.00e+000  
6.12860e+016 8.64e-021  0.00e+000  0.00e+000  0.00e+000  9.99e-001  4.61e-004  2.58e-004  1.54e-008  0.00e+000  0.00e+000  
6.19772e+016 9.42e-021  0.00e+000  0.00e+000  0.00e+000  9.99e-001  4.61e-004  2.42e-004  1.44e-008  0.00e+000  0.00e+000  
6.27006e+016 1.02e-020  0.00e+000  0.00e+000  0.00e+000  9.99e-001  4.60e-004  2.28e-004  1.36e-008  0.00e+000  0.00e+000  
6.34752e+016 1.10e-020  0.00e+000  0.00e+000  0.00e+000  9.99e-001  4.62e-004  2.17e-004  1.29e-008  0.00e+000  0.00e+000  
6.43223e+016 1.19e-020  0.00e+000  0.00e+000  0.00e+000  9.99e-001  4.59e-004  2.05e-004  1.23e-008  0.00e+000  0.00e+000  
6.52408e+016 1.27e-020  0.00e+000  0.00e+000  0.00e+000  9.99e-001  4.62e-004  1.98e-004  1.18e-008  0.00e+000  0.00e+000  
6.62440e+016 1.36e-020  0.00e+000  0.00e+000  0.00e+000  9.99e-001  4.62e-004  1.89e-004  1.13e-008  0.00e+000  0.00e+000  
6.73219e+016 1.46e-020  0.00e+000  0.00e+000  0.00e+000  9.99e-001  4.59e-004  1.81e-004  1.08e-008  0.00e+000  0.00e+000  
6.84641e+016 1.55e-020  0.00e+000  0.00e+000  0.00e+000  9.99e-001  4.60e-004  1.75e-004  1.04e-008  0.00e+000  0.00e+000  
6.96945e+016 1.64e-020  0.00e+000  0.00e+000  0.00e+000  9.99e-001  4.61e-004  1.71e-004  1.02e-008  0.00e+000  0.00e+000  
7.10391e+016 1.74e-020  0.00e+000  0.00e+000  0.00e+000  9.99e-001  4.60e-004  1.65e-004  9.82e-009  0.00e+000  0.00e+000  
7.25155e+016 1.84e-020  0.00e+000  0.00e+000  0.00e+000  9.99e-001  4.61e-004  1.61e-004  9.61e-009  0.00e+000  0.00e+000  
7.42223e+016 1.95e-020  0.00e+000  0.00e+000  0.00e+000  9.99e-001  4.61e-004  1.57e-004  9.33e-009  0.00e+000  0.00e+000  
7.63108e+016 2.08e-020  0.00e+000  0.00e+000  0.00e+000  9.99e-001  4.61e-004  1.53e-004  9.08e-009  0.00e+000  0.00e+000  
7.86896e+016 2.23e-020  0.00e+000  0.00e+000  0.00e+000  9.99e-001  4.62e-004  1.48e-004  8.83e-009  0.00e+000  0.00e+000  
8.18150e+016 2.41e-020  0.00e+000  0.00e+000  0.00e+000  9.99e-001  4.60e-004  1.44e-004  8.58e-009  0.00e+000  0.00e+000  
8.55776e+016 2.65e-020  0.00e+000  0.00e+000  0.00e+000  9.99e-001  4.60e-004  1.39e-004  8.30e-009  0.00e+000  0.00e+000  
9.00548e+016 2.94e-020  0.00e+000  0.00e+000  0.00e+000  9.99e-001  4.59e-004  1.35e-004  8.06e-009  0.00e+000  0.00e+000  
9.53916e+016 3.33e-020  0.00e+000  0.00e+000  0.00e+000  9.99e-001  4.59e-004  1.31e-004  7.83e-009  0.00e+000  0.00e+000  
1.01535e+017 3.89e-020  0.00e+000  0.00e+000  0.00e+000  9.99e-001  4.60e-004  1.28e-004  7.60e-009  0.00e+000  0.00e+000  
1.09249e+017 4.93e-020  0.00e+000  0.00e+000  0.00e+000  9.99e-001  4.60e-004  1.24e-004  7.38e-009  0.00e+000  0.00e+000  
1.19176e+017 7.53e-020  0.00e+000  0.00e+000  0.00e+000  9.99e-001  4.59e-004  1.21e-004  7.18e-009  0.00e+000  0.00e+000  
1.32448e+017 1.58e-019  0.00e+000  0.00e+000  0.00e+000  9.99e-001  4.59e-004  1.17e-004  6.96e-009  0.00e+000  0.00e+000  
