! 0       HNCO + H2 -> CO + NH + H2
! 1       HNCO + H -> NH2 + CO
! 2       HNCO + H -> OCN + H2
! 3       HNCO + O -> CO2 + NH
! 4       HNCO + H3+ -> H2 + HNCOH+
! 5       HNCO + H3+ -> H2 + H2NCO+
! 6       HNCO + He+ -> H + He + OCN+
! 7       HNCO + He+ -> He + HNCO+
! 8       HNCO + H+ -> CO + NH2+
! 9       HNCO + CRPhoton -> NH + CO
! 10      HNCO + GRAIN -> *HNCO + GRAIN
!            tot_rate   0          1          2          3          4          5          6          7          8          9          10         
1.58188e+013 8.24e-017  0.00e+000  6.29e-048  0.00e+000  0.00e+000  2.77e-001  2.77e-001  1.51e-001  1.51e-001  1.16e-001  1.59e-002  1.32e-002  
3.50727e+014 8.24e-017  0.00e+000  6.29e-048  0.00e+000  0.00e+000  2.77e-001  2.77e-001  1.51e-001  1.51e-001  1.16e-001  1.59e-002  1.32e-002  
5.21628e+015 8.22e-017  0.00e+000  6.32e-048  0.00e+000  0.00e+000  2.77e-001  2.77e-001  1.50e-001  1.50e-001  1.16e-001  1.59e-002  1.34e-002  
2.67137e+016 6.04e-017  0.00e+000  9.69e-048  0.00e+000  0.00e+000  2.70e-001  2.70e-001  1.24e-001  1.24e-001  1.22e-001  2.17e-002  6.87e-002  
3.33598e+016 3.06e-017  0.00e+000  2.04e-046  0.00e+000  0.00e+000  2.21e-001  2.21e-001  8.04e-002  8.04e-002  1.05e-001  4.32e-002  2.48e-001  
3.42055e+016 2.91e-017  0.00e+000  1.92e-045  0.00e+000  0.00e+000  2.41e-001  2.41e-001  8.39e-002  8.39e-002  1.07e-001  4.54e-002  1.97e-001  
3.44017e+016 2.87e-017  0.00e+000  4.46e-045  0.00e+000  0.00e+000  2.47e-001  2.47e-001  8.46e-002  8.46e-002  1.10e-001  4.60e-002  1.82e-001  
3.46353e+016 2.82e-017  0.00e+000  1.58e-044  0.00e+000  0.00e+000  2.53e-001  2.53e-001  8.60e-002  8.60e-002  1.13e-001  4.67e-002  1.62e-001  
3.48860e+016 2.77e-017  0.00e+000  9.41e-044  0.00e+000  0.00e+000  2.60e-001  2.60e-001  8.76e-002  8.76e-002  1.17e-001  4.76e-002  1.40e-001  
3.51370e+016 2.73e-017  0.00e+000  1.03e-042  0.00e+000  0.00e+000  2.67e-001  2.67e-001  8.94e-002  8.94e-002  1.20e-001  4.84e-002  1.18e-001  
3.53250e+016 2.70e-017  0.00e+000  1.08e-041  0.00e+000  0.00e+000  2.73e-001  2.73e-001  9.04e-002  9.04e-002  1.23e-001  4.89e-002  1.01e-001  
3.55515e+016 2.67e-017  0.00e+000  4.35e-040  0.00e+000  0.00e+000  2.80e-001  2.80e-001  9.18e-002  9.18e-002  1.26e-001  4.95e-002  8.17e-002  
3.57182e+016 2.66e-017  0.00e+000  1.44e-038  0.00e+000  0.00e+000  2.84e-001  2.84e-001  9.30e-002  9.30e-002  1.28e-001  4.97e-002  6.85e-002  
3.58524e+016 2.65e-017  0.00e+000  4.49e-037  0.00e+000  0.00e+000  2.87e-001  2.87e-001  9.36e-002  9.36e-002  1.30e-001  4.98e-002  5.85e-002  
3.60047e+016 2.65e-017  0.00e+000  4.98e-035  0.00e+000  0.00e+000  2.91e-001  2.91e-001  9.43e-002  9.43e-002  1.32e-001  4.98e-002  4.79e-002  
3.61718e+016 2.66e-017  0.00e+000  2.84e-032  0.00e+000  0.00e+000  2.95e-001  2.95e-001  9.49e-002  9.49e-002  1.33e-001  4.95e-002  3.79e-002  
3.62899e+016 2.68e-017  0.00e+000  5.74e-030  0.00e+000  0.00e+000  2.97e-001  2.97e-001  9.54e-002  9.54e-002  1.34e-001  4.96e-002  3.14e-002  
3.63893e+016 2.72e-017  0.00e+000  8.68e-028  0.00e+000  0.00e+000  2.99e-001  2.99e-001  9.60e-002  9.60e-002  1.35e-001  4.93e-002  2.66e-002  
3.64972e+016 2.81e-017  0.00e+000  3.45e-025  0.00e+000  2.17e-077  3.00e-001  3.00e-001  9.63e-002  9.63e-002  1.36e-001  4.87e-002  2.20e-002  
3.66124e+016 3.09e-017  0.00e+000  3.40e-022  0.00e+000  5.63e-067  3.02e-001  3.02e-001  9.65e-002  9.65e-002  1.37e-001  4.82e-002  1.78e-002  
3.67348e+016 3.88e-017  0.00e+000  7.29e-019  0.00e+000  1.75e-055  3.04e-001  3.04e-001  9.66e-002  9.66e-002  1.37e-001  4.74e-002  1.41e-002  
3.68621e+016 6.09e-017  0.00e+000  2.13e-015  4.10e-071  1.19e-043  3.05e-001  3.05e-001  9.69e-002  9.69e-002  1.38e-001  4.63e-002  1.10e-002  
3.69700e+016 1.07e-016  0.00e+000  1.41e-012  9.30e-056  3.34e-034  3.06e-001  3.06e-001  9.71e-002  9.71e-002  1.39e-001  4.54e-002  8.82e-003  
3.70376e+016 1.64e-016  0.00e+000  6.33e-011  6.58e-047  9.44e-029  3.06e-001  3.06e-001  9.74e-002  9.74e-002  1.40e-001  4.46e-002  7.67e-003  
3.71087e+016 2.67e-016  0.00e+000  2.64e-009  1.97e-038  1.59e-023  3.07e-001  3.07e-001  9.75e-002  9.75e-002  1.41e-001  4.39e-002  6.68e-003  
3.71826e+016 4.51e-016  0.00e+000  8.81e-008  1.14e-030  9.94e-019  3.06e-001  3.06e-001  9.79e-002  9.79e-002  1.42e-001  4.35e-002  5.82e-003  
3.72589e+016 7.82e-016  0.00e+000  2.08e-006  6.29e-024  1.48e-014  3.05e-001  3.05e-001  9.82e-002  9.82e-002  1.44e-001  4.31e-002  5.09e-003  
3.73370e+016 1.37e-015  0.00e+000  3.18e-005  2.05e-018  3.92e-011  3.04e-001  3.04e-001  9.86e-002  9.86e-002  1.46e-001  4.32e-002  4.52e-003  
3.74165e+016 2.39e-015  3.87e-076  3.00e-004  3.78e-014  1.80e-008  3.02e-001  3.02e-001  9.96e-002  9.96e-002  1.48e-001  4.40e-002  4.12e-003  
3.74829e+016 3.73e-015  2.15e-060  1.40e-003  2.00e-011  9.22e-007  3.00e-001  3.00e-001  1.00e-001  1.00e-001  1.48e-001  4.50e-002  3.91e-003  
3.75505e+016 5.69e-015  6.66e-048  5.34e-003  3.14e-009  2.25e-005  2.97e-001  2.97e-001  1.02e-001  1.02e-001  1.45e-001  4.72e-002  3.81e-003  
3.76194e+016 8.36e-015  1.09e-037  1.79e-002  2.13e-007  3.31e-004  2.92e-001  2.92e-001  1.04e-001  1.04e-001  1.35e-001  5.01e-002  3.80e-003  
3.76839e+016 1.15e-014  1.36e-029  5.12e-002  6.40e-006  2.94e-003  2.82e-001  2.82e-001  1.05e-001  1.05e-001  1.14e-001  5.28e-002  3.82e-003  
3.76854e+016 1.16e-014  1.99e-029  5.24e-002  6.88e-006  3.08e-003  2.83e-001  2.83e-001  1.05e-001  1.05e-001  1.13e-001  5.29e-002  3.83e-003  
3.76877e+016 1.17e-014  3.76e-029  5.43e-002  7.73e-006  3.31e-003  2.82e-001  2.82e-001  1.05e-001  1.05e-001  1.12e-001  5.29e-002  3.82e-003  
3.76917e+016 1.19e-014  1.06e-028  5.78e-002  9.39e-006  3.75e-003  2.81e-001  2.81e-001  1.05e-001  1.05e-001  1.10e-001  5.30e-002  3.82e-003  
3.76980e+016 1.23e-014  5.57e-028  6.37e-002  1.27e-005  4.56e-003  2.80e-001  2.80e-001  1.04e-001  1.04e-001  1.07e-001  5.32e-002  3.82e-003  
3.77083e+016 1.29e-014  7.75e-027  7.45e-002  2.07e-005  6.23e-003  2.76e-001  2.76e-001  1.04e-001  1.04e-001  1.02e-001  5.34e-002  3.81e-003  
3.77248e+016 1.39e-014  4.65e-025  9.51e-002  4.40e-005  1.01e-002  2.69e-001  2.69e-001  1.03e-001  1.03e-001  9.22e-002  5.34e-002  3.78e-003  
3.77450e+016 1.52e-014  5.34e-023  1.27e-001  1.06e-004  1.77e-002  2.59e-001  2.59e-001  1.00e-001  1.00e-001  8.05e-002  5.31e-002  3.71e-003  
3.77655e+016 1.63e-014  4.09e-021  1.64e-001  2.34e-004  2.93e-002  2.45e-001  2.45e-001  9.69e-002  9.69e-002  6.75e-002  5.20e-002  3.61e-003  
3.77936e+016 1.67e-014  2.01e-019  2.07e-001  4.77e-004  4.59e-002  2.28e-001  2.28e-001  9.20e-002  9.20e-002  5.24e-002  5.08e-002  3.48e-003  
3.78016e+016 1.69e-014  5.89e-019  2.21e-001  5.79e-004  5.18e-002  2.22e-001  2.22e-001  9.03e-002  9.03e-002  4.86e-002  5.01e-002  3.43e-003  
3.78111e+016 1.73e-014  2.12e-018  2.37e-001  7.30e-004  5.97e-002  2.14e-001  2.14e-001  8.81e-002  8.81e-002  4.41e-002  4.93e-002  3.36e-003  
3.78273e+016 1.79e-014  1.83e-017  2.67e-001  1.07e-003  7.55e-002  2.01e-001  2.01e-001  8.33e-002  8.33e-002  3.73e-002  4.75e-002  3.22e-003  
3.78530e+016 1.94e-014  5.03e-016  3.14e-001  1.89e-003  1.06e-001  1.77e-001  1.77e-001  7.52e-002  7.52e-002  2.79e-002  4.38e-002  2.94e-003  
3.78818e+016 2.21e-014  1.73e-014  3.63e-001  3.40e-003  1.47e-001  1.48e-001  1.48e-001  6.43e-002  6.43e-002  1.94e-002  3.85e-002  2.57e-003  
3.79076e+016 2.54e-014  3.32e-013  4.01e-001  5.42e-003  1.89e-001  1.23e-001  1.23e-001  5.42e-002  5.42e-002  1.37e-002  3.34e-002  2.22e-003  
3.79253e+016 2.85e-014  2.24e-012  4.24e-001  7.25e-003  2.17e-001  1.06e-001  1.06e-001  4.76e-002  4.76e-002  1.07e-002  2.98e-002  1.98e-003  
3.79502e+016 3.39e-014  2.82e-011  4.46e-001  1.05e-002  2.58e-001  8.53e-002  8.53e-002  3.90e-002  3.90e-002  7.44e-003  2.51e-002  1.67e-003  
3.79755e+016 4.12e-014  3.13e-010  4.64e-001  1.47e-002  2.94e-001  6.72e-002  6.72e-002  3.13e-002  3.13e-002  5.10e-003  2.07e-002  1.37e-003  
3.79897e+016 4.59e-014  1.11e-009  4.70e-001  1.75e-002  3.11e-001  5.88e-002  5.88e-002  2.76e-002  2.76e-002  4.14e-003  1.85e-002  1.23e-003  
3.79918e+016 4.68e-014  1.34e-009  4.71e-001  1.79e-002  3.14e-001  5.75e-002  5.75e-002  2.72e-002  2.72e-002  4.00e-003  1.82e-002  1.21e-003  
3.79956e+016 4.83e-014  1.84e-009  4.72e-001  1.86e-002  3.19e-001  5.55e-002  5.55e-002  2.61e-002  2.61e-002  3.79e-003  1.76e-002  1.17e-003  
3.80017e+016 5.05e-014  3.07e-009  4.75e-001  2.00e-002  3.25e-001  5.24e-002  5.24e-002  2.47e-002  2.47e-002  3.48e-003  1.69e-002  1.12e-003  
3.80129e+016 5.52e-014  7.59e-009  4.78e-001  2.27e-002  3.35e-001  4.71e-002  4.71e-002  2.25e-002  2.25e-002  2.95e-003  1.54e-002  1.02e-003  
3.80319e+016 6.43e-014  3.41e-008  4.84e-001  2.75e-002  3.50e-001  3.92e-002  3.92e-002  1.88e-002  1.88e-002  2.26e-003  1.33e-002  8.79e-004  
3.80578e+016 7.90e-014  2.34e-007  4.93e-001  3.55e-002  3.61e-001  3.05e-002  3.05e-002  1.49e-002  1.49e-002  1.60e-003  1.08e-002  7.18e-004  
3.80629e+016 8.20e-014  3.34e-007  4.94e-001  3.71e-002  3.62e-001  2.92e-002  2.92e-002  1.43e-002  1.43e-002  1.50e-003  1.04e-002  6.93e-004  
3.80713e+016 8.72e-014  5.84e-007  4.98e-001  4.00e-002  3.62e-001  2.71e-002  2.71e-002  1.33e-002  1.33e-002  1.34e-003  9.78e-003  6.51e-004  
3.80859e+016 9.65e-014  1.48e-006  5.05e-001  4.54e-002  3.60e-001  2.38e-002  2.38e-002  1.18e-002  1.18e-002  1.14e-003  8.84e-003  5.91e-004  
3.81083e+016 1.13e-013  6.20e-006  5.18e-001  5.54e-002  3.49e-001  1.96e-002  1.96e-002  9.82e-003  9.82e-003  8.79e-004  7.56e-003  5.06e-004  
3.81265e+016 1.27e-013  1.84e-005  5.34e-001  6.48e-002  3.34e-001  1.70e-002  1.70e-002  8.48e-003  8.48e-003  7.27e-004  6.70e-003  4.51e-004  
3.81480e+016 1.44e-013  5.78e-005  5.56e-001  7.73e-002  3.06e-001  1.46e-002  1.46e-002  7.38e-003  7.38e-003  5.99e-004  5.95e-003  4.02e-004  
3.81769e+016 1.70e-013  2.70e-004  5.94e-001  9.82e-002  2.57e-001  1.18e-002  1.18e-002  6.00e-003  6.00e-003  4.64e-004  5.03e-003  3.43e-004  
3.81836e+016 1.76e-013  3.74e-004  6.03e-001  1.04e-001  2.44e-001  1.13e-002  1.13e-002  5.75e-003  5.75e-003  4.41e-004  4.87e-003  3.32e-004  
3.81952e+016 1.85e-013  6.36e-004  6.20e-001  1.13e-001  2.20e-001  1.06e-002  1.06e-002  5.38e-003  5.38e-003  4.06e-004  4.61e-003  3.16e-004  
3.82149e+016 2.05e-013  1.58e-003  6.50e-001  1.31e-001  1.77e-001  9.33e-003  9.33e-003  4.75e-003  4.75e-003  3.51e-004  4.18e-003  2.88e-004  
3.82433e+016 2.37e-013  5.27e-003  6.88e-001  1.59e-001  1.15e-001  7.76e-003  7.76e-003  3.96e-003  3.96e-003  2.86e-004  3.61e-003  2.51e-004  
3.82740e+016 2.82e-013  1.67e-002  7.12e-001  1.87e-001  5.91e-002  6.30e-003  6.30e-003  3.20e-003  3.20e-003  2.27e-004  3.03e-003  2.13e-004  
3.83054e+016 3.48e-013  4.60e-002  7.04e-001  2.07e-001  2.29e-002  4.94e-003  4.94e-003  2.50e-003  2.50e-003  1.75e-004  2.47e-003  1.76e-004  
3.83376e+016 4.50e-013  1.10e-001  6.55e-001  2.14e-001  6.27e-003  3.69e-003  3.69e-003  1.86e-003  1.86e-003  1.30e-004  1.91e-003  1.38e-004  
3.83751e+016 6.60e-013  2.44e-001  5.48e-001  1.98e-001  8.40e-004  2.42e-003  2.42e-003  1.21e-003  1.21e-003  8.46e-005  1.30e-003  9.54e-005  
3.84132e+016 1.07e-012  4.26e-001  4.08e-001  1.61e-001  7.88e-005  1.44e-003  1.44e-003  7.12e-004  7.12e-004  5.01e-005  8.01e-004  5.97e-005  
3.84531e+016 1.96e-012  6.12e-001  2.70e-001  1.15e-001  1.86e-005  7.65e-004  7.65e-004  3.72e-004  3.72e-004  2.65e-005  4.39e-004  3.33e-005  
3.84962e+016 3.89e-012  7.59e-001  1.64e-001  7.54e-002  1.01e-005  3.73e-004  3.73e-004  1.79e-004  1.79e-004  1.29e-005  2.21e-004  1.71e-005  
3.85449e+016 8.19e-012  8.59e-001  9.44e-002  4.64e-002  4.82e-006  1.71e-004  1.71e-004  8.02e-005  8.02e-005  5.86e-006  1.04e-004  8.30e-006  
3.85990e+016 1.69e-011  9.24e-001  5.04e-002  2.55e-002  2.48e-006  7.94e-005  7.94e-005  3.64e-005  3.64e-005  2.69e-006  5.00e-005  4.09e-006  
3.86597e+016 3.33e-011  9.61e-001  2.55e-002  1.29e-002  1.56e-006  3.82e-005  3.82e-005  1.70e-005  1.70e-005  1.27e-006  2.46e-005  2.08e-006  
3.87288e+016 6.02e-011  9.79e-001  1.37e-002  6.92e-003  1.32e-006  1.91e-005  1.91e-005  8.30e-006  8.30e-006  6.29e-007  1.27e-005  1.11e-006  
3.88139e+016 9.67e-011  9.88e-001  7.73e-003  3.91e-003  1.23e-006  9.78e-006  9.78e-006  4.12e-006  4.12e-006  3.15e-007  6.62e-006  6.08e-007  
3.89093e+016 1.17e-010  9.92e-001  5.06e-003  2.56e-003  1.23e-006  5.55e-006  5.55e-006  2.29e-006  2.29e-006  1.75e-007  3.82e-006  3.69e-007  
3.90068e+016 9.86e-011  9.94e-001  3.92e-003  1.98e-003  1.28e-006  3.56e-006  3.56e-006  1.44e-006  1.44e-006  1.10e-007  2.46e-006  2.52e-007  
3.91088e+016 5.45e-011  9.95e-001  3.49e-003  1.76e-003  1.33e-006  2.50e-006  2.50e-006  1.00e-006  1.00e-006  7.56e-008  1.73e-006  1.87e-007  
3.92181e+016 1.80e-011  9.95e-001  3.47e-003  1.76e-003  1.39e-006  1.86e-006  1.86e-006  7.45e-007  7.45e-007  5.61e-008  1.30e-006  1.49e-007  
3.93325e+016 3.37e-012  9.94e-001  3.77e-003  1.91e-003  1.43e-006  1.48e-006  1.48e-006  5.88e-007  5.88e-007  4.45e-008  1.03e-006  1.27e-007  
3.94519e+016 3.50e-013  9.93e-001  4.37e-003  2.21e-003  1.45e-006  1.23e-006  1.23e-006  4.88e-007  4.88e-007  3.74e-008  8.68e-007  1.14e-007  
3.95803e+016 2.25e-014  9.92e-001  5.25e-003  2.66e-003  1.44e-006  1.08e-006  1.08e-006  4.28e-007  4.28e-007  3.33e-008  7.61e-007  1.07e-007  
3.97190e+016 5.02e-015  9.90e-001  6.53e-003  3.31e-003  1.40e-006  9.84e-007  9.84e-007  3.92e-007  3.92e-007  3.11e-008  7.01e-007  1.06e-007  
3.98699e+016 4.48e-015  9.88e-001  8.27e-003  4.18e-003  1.32e-006  9.38e-007  9.38e-007  3.75e-007  3.75e-007  3.04e-008  6.75e-007  1.11e-007  
4.00514e+016 4.33e-015  9.84e-001  1.09e-002  5.50e-003  1.21e-006  9.40e-007  9.40e-007  3.74e-007  3.74e-007  3.14e-008  6.79e-007  1.23e-007  
4.02549e+016 4.18e-015  9.78e-001  1.45e-002  7.34e-003  1.07e-006  9.83e-007  9.83e-007  3.92e-007  3.92e-007  3.40e-008  7.15e-007  1.44e-007  
4.04761e+016 4.01e-015  9.71e-001  1.95e-002  9.88e-003  9.28e-007  1.07e-006  1.07e-006  4.29e-007  4.29e-007  3.82e-008  7.88e-007  1.78e-007  
4.07070e+016 3.79e-015  9.60e-001  2.62e-002  1.33e-002  8.02e-007  1.22e-006  1.22e-006  4.86e-007  4.86e-007  4.43e-008  9.00e-007  2.29e-007  
4.09451e+016 3.53e-015  9.47e-001  3.52e-002  1.78e-002  6.95e-007  1.43e-006  1.43e-006  5.67e-007  5.67e-007  5.33e-008  1.06e-006  3.03e-007  
4.11988e+016 3.17e-015  9.27e-001  4.86e-002  2.46e-002  6.12e-007  1.74e-006  1.74e-006  6.94e-007  6.94e-007  6.62e-008  1.30e-006  4.26e-007  
4.14624e+016 2.72e-015  8.97e-001  6.84e-002  3.47e-002  5.62e-007  2.22e-006  2.22e-006  8.79e-007  8.79e-007  8.60e-008  1.67e-006  6.25e-007  
4.17462e+016 2.16e-015  8.47e-001  1.01e-001  5.14e-002  5.56e-007  2.98e-006  2.98e-006  1.19e-006  1.19e-006  1.18e-007  2.25e-006  9.81e-007  
4.20512e+016 1.56e-015  7.64e-001  1.57e-001  7.96e-002  6.07e-007  4.22e-006  4.22e-006  1.68e-006  1.68e-006  1.69e-007  3.19e-006  1.63e-006  
4.23867e+016 1.01e-015  6.24e-001  2.50e-001  1.26e-001  7.46e-007  6.15e-006  6.15e-006  2.44e-006  2.44e-006  2.50e-007  4.67e-006  2.85e-006  
4.27356e+016 6.15e-016  4.28e-001  3.80e-001  1.92e-001  9.85e-007  8.59e-006  8.59e-006  3.41e-006  3.41e-006  3.54e-007  6.54e-006  4.81e-006  
4.30994e+016 3.79e-016  2.25e-001  5.14e-001  2.61e-001  1.51e-006  1.07e-005  1.07e-005  4.27e-006  4.27e-006  4.48e-007  8.15e-006  7.31e-006  
4.34671e+016 2.24e-016  1.06e-001  6.06e-001  2.88e-001  2.84e-006  1.40e-005  1.40e-005  5.62e-006  5.62e-006  5.88e-007  1.07e-005  1.17e-005  
4.38104e+016 1.50e-016  4.53e-002  6.66e-001  2.89e-001  3.70e-006  1.81e-005  1.81e-005  7.26e-006  7.26e-006  7.59e-007  1.36e-005  1.82e-005  
4.41007e+016 1.10e-016  1.92e-002  7.03e-001  2.77e-001  3.66e-006  2.20e-005  2.20e-005  8.81e-006  8.81e-006  9.30e-007  1.66e-005  2.60e-005  
4.42181e+016 9.79e-017  1.28e-002  7.16e-001  2.71e-001  3.63e-006  2.40e-005  2.40e-005  9.62e-006  9.62e-006  1.01e-006  1.81e-005  3.02e-005  
4.42811e+016 9.12e-017  9.40e-003  7.25e-001  2.65e-001  3.75e-006  2.57e-005  2.57e-005  1.03e-005  1.03e-005  1.08e-006  1.93e-005  3.35e-005  
4.43809e+016 8.79e-017  7.40e-003  7.32e-001  2.61e-001  3.70e-006  2.66e-005  2.66e-005  1.07e-005  1.07e-005  1.12e-006  2.00e-005  3.66e-005  
4.45030e+016 8.30e-017  4.94e-003  7.42e-001  2.53e-001  3.48e-006  2.85e-005  2.85e-005  1.15e-005  1.15e-005  1.20e-006  2.16e-005  4.23e-005  
4.45401e+016 7.72e-017  3.37e-003  7.52e-001  2.45e-001  3.33e-006  3.10e-005  3.10e-005  1.24e-005  1.24e-005  1.31e-006  2.33e-005  4.68e-005  
4.45998e+016 7.52e-017  2.59e-003  7.57e-001  2.41e-001  3.12e-006  3.24e-005  3.24e-005  1.30e-005  1.30e-005  1.37e-006  2.45e-005  5.07e-005  
4.46779e+016 7.67e-017  2.29e-003  7.60e-001  2.37e-001  3.08e-006  3.27e-005  3.27e-005  1.32e-005  1.32e-005  1.38e-006  2.46e-005  5.35e-005  
4.48006e+016 7.55e-017  1.50e-003  7.69e-001  2.29e-001  2.87e-006  3.51e-005  3.51e-005  1.40e-005  1.40e-005  1.47e-006  2.63e-005  6.13e-005  
4.48529e+016 6.68e-017  7.04e-004  7.85e-001  2.14e-001  2.70e-006  4.07e-005  4.07e-005  1.63e-005  1.63e-005  1.71e-006  3.06e-005  7.31e-005  
4.48834e+016 6.66e-017  6.03e-004  7.87e-001  2.12e-001  2.45e-006  4.16e-005  4.16e-005  1.67e-005  1.67e-005  1.76e-006  3.13e-005  7.62e-005  
4.49346e+016 6.95e-017  5.97e-004  7.88e-001  2.12e-001  2.45e-006  4.13e-005  4.13e-005  1.66e-005  1.66e-005  1.74e-006  3.10e-005  7.77e-005  
4.49870e+016 7.18e-017  5.60e-004  7.89e-001  2.10e-001  2.42e-006  4.13e-005  4.13e-005  1.66e-005  1.66e-005  1.74e-006  3.09e-005  8.01e-005  
4.50684e+016 7.29e-017  4.30e-004  7.94e-001  2.06e-001  2.33e-006  4.28e-005  4.28e-005  1.71e-005  1.71e-005  1.80e-006  3.21e-005  8.69e-005  
4.51867e+016 7.31e-017  2.54e-004  8.04e-001  1.96e-001  2.13e-006  4.61e-005  4.61e-005  1.85e-005  1.85e-005  1.94e-006  3.46e-005  1.00e-004  
4.51946e+016 6.33e-017  1.15e-004  8.18e-001  1.82e-001  2.08e-006  5.35e-005  5.35e-005  2.15e-005  2.15e-005  2.24e-006  4.01e-005  1.17e-004  
4.52061e+016 6.23e-017  9.92e-005  8.20e-001  1.80e-001  1.89e-006  5.49e-005  5.49e-005  2.20e-005  2.20e-005  2.31e-006  4.11e-005  1.20e-004  
4.52265e+016 6.37e-017  9.84e-005  8.21e-001  1.79e-001  1.80e-006  5.46e-005  5.46e-005  2.20e-005  2.20e-005  2.29e-006  4.10e-005  1.21e-004  
4.52632e+016 6.63e-017  9.81e-005  8.20e-001  1.79e-001  1.79e-006  5.40e-005  5.40e-005  2.17e-005  2.17e-005  2.28e-006  4.06e-005  1.23e-004  
4.53239e+016 7.02e-017  9.57e-005  8.22e-001  1.78e-001  1.79e-006  5.33e-005  5.33e-005  2.15e-005  2.15e-005  2.26e-006  4.02e-005  1.26e-004  
4.54167e+016 7.31e-017  7.11e-005  8.26e-001  1.74e-001  1.71e-006  5.47e-005  5.47e-005  2.23e-005  2.23e-005  2.32e-006  4.14e-005  1.38e-004  
4.55446e+016 7.43e-017  3.77e-005  8.37e-001  1.63e-001  1.53e-006  5.91e-005  5.91e-005  2.42e-005  2.42e-005  2.53e-006  4.51e-005  1.61e-004  
4.55658e+016 7.18e-017  2.73e-005  8.42e-001  1.57e-001  1.50e-006  6.21e-005  6.21e-005  2.55e-005  2.55e-005  2.66e-006  4.73e-005  1.71e-004  
4.55697e+016 6.33e-017  1.27e-005  8.53e-001  1.46e-001  1.47e-006  7.06e-005  7.06e-005  2.89e-005  2.89e-005  3.03e-006  5.39e-005  1.94e-004  
4.55761e+016 6.15e-017  1.02e-005  8.56e-001  1.43e-001  1.39e-006  7.30e-005  7.30e-005  2.99e-005  2.99e-005  3.14e-006  5.57e-005  2.03e-004  
4.55871e+016 6.23e-017  1.02e-005  8.57e-001  1.43e-001  1.28e-006  7.28e-005  7.28e-005  2.98e-005  2.98e-005  3.13e-006  5.57e-005  2.04e-004  
4.56066e+016 6.39e-017  1.02e-005  8.57e-001  1.43e-001  1.22e-006  7.24e-005  7.24e-005  2.98e-005  2.98e-005  3.12e-006  5.54e-005  2.05e-004  
4.56410e+016 6.64e-017  1.02e-005  8.57e-001  1.43e-001  1.21e-006  7.17e-005  7.17e-005  2.95e-005  2.95e-005  3.09e-006  5.49e-005  2.08e-004  
4.56849e+016 6.99e-017  1.01e-005  8.57e-001  1.43e-001  1.21e-006  7.06e-005  7.06e-005  2.92e-005  2.92e-005  3.06e-006  5.43e-005  2.10e-004  
4.57241e+016 7.23e-017  9.53e-006  8.57e-001  1.42e-001  1.20e-006  7.05e-005  7.05e-005  2.92e-005  2.92e-005  3.06e-006  5.43e-005  2.16e-004  
4.57850e+016 7.45e-017  7.66e-006  8.61e-001  1.38e-001  1.16e-006  7.18e-005  7.18e-005  2.98e-005  2.98e-005  3.13e-006  5.55e-005  2.28e-004  
4.58802e+016 7.63e-017  4.62e-006  8.67e-001  1.32e-001  1.06e-006  7.56e-005  7.56e-005  3.14e-005  3.14e-005  3.31e-006  5.87e-005  2.55e-004  
4.59720e+016 7.71e-017  2.59e-006  8.75e-001  1.24e-001  9.65e-007  8.04e-005  8.04e-005  3.37e-005  3.37e-005  3.54e-006  6.28e-005  2.88e-004  
4.59734e+016 7.28e-017  1.77e-006  8.80e-001  1.19e-001  9.56e-007  8.53e-005  8.53e-005  3.57e-005  3.57e-005  3.76e-006  6.66e-005  3.05e-004  
4.59759e+016 6.47e-017  7.88e-007  8.90e-001  1.09e-001  9.33e-007  9.61e-005  9.61e-005  4.02e-005  4.02e-005  4.23e-006  7.51e-005  3.43e-004  
4.59802e+016 6.17e-017  5.57e-007  8.94e-001  1.05e-001  9.07e-007  1.01e-004  1.01e-004  4.23e-005  4.23e-005  4.45e-006  7.90e-005  3.63e-004  
4.59873e+016 6.22e-017  5.47e-007  8.94e-001  1.05e-001  8.54e-007  1.01e-004  1.01e-004  4.23e-005  4.23e-005  4.46e-006  7.90e-005  3.64e-004  
4.59993e+016 6.31e-017  5.45e-007  8.94e-001  1.05e-001  7.86e-007  1.01e-004  1.01e-004  4.22e-005  4.22e-005  4.46e-006  7.88e-005  3.66e-004  
4.60196e+016 6.47e-017  5.45e-007  8.94e-001  1.05e-001  7.45e-007  9.99e-005  9.99e-005  4.20e-005  4.20e-005  4.42e-006  7.83e-005  3.68e-004  
4.60580e+016 6.78e-017  5.45e-007  8.94e-001  1.05e-001  7.32e-007  9.89e-005  9.89e-005  4.16e-005  4.16e-005  4.38e-006  7.76e-005  3.73e-004  
4.61139e+016 7.22e-017  5.37e-007  8.95e-001  1.05e-001  7.30e-007  9.73e-005  9.73e-005  4.10e-005  4.10e-005  4.33e-006  7.67e-005  3.81e-004  
4.61801e+016 7.56e-017  4.38e-007  8.97e-001  1.02e-001  7.12e-007  9.82e-005  9.82e-005  4.15e-005  4.15e-005  4.39e-006  7.76e-005  4.02e-004  
4.62829e+016 7.82e-017  2.42e-007  9.03e-001  9.58e-002  6.50e-007  1.03e-004  1.03e-004  4.40e-005  4.40e-005  4.64e-006  8.23e-005  4.52e-004  
4.63958e+016 7.91e-017  1.06e-007  9.12e-001  8.75e-002  5.73e-007  1.12e-004  1.12e-004  4.79e-005  4.79e-005  5.07e-006  8.96e-005  5.26e-004  
4.64165e+016 7.81e-017  8.07e-008  9.14e-001  8.48e-002  5.57e-007  1.15e-004  1.15e-004  4.93e-005  4.93e-005  5.22e-006  9.23e-005  5.49e-004  
4.64187e+016 6.94e-017  3.29e-008  9.22e-001  7.67e-002  5.40e-007  1.29e-004  1.29e-004  5.56e-005  5.56e-005  5.89e-006  1.04e-004  6.18e-004  
4.64224e+016 6.26e-017  1.42e-008  9.29e-001  6.96e-002  5.24e-007  1.44e-004  1.44e-004  6.18e-005  6.18e-005  6.55e-006  1.16e-004  6.86e-004  
4.64286e+016 6.13e-017  1.13e-008  9.31e-001  6.78e-002  5.09e-007  1.48e-004  1.48e-004  6.34e-005  6.34e-005  6.73e-006  1.19e-004  7.08e-004  
4.64396e+016 6.21e-017  1.12e-008  9.31e-001  6.77e-002  4.78e-007  1.47e-004  1.47e-004  6.35e-005  6.35e-005  6.72e-006  1.19e-004  7.12e-004  
4.64596e+016 6.36e-017  1.11e-008  9.31e-001  6.78e-002  4.42e-007  1.47e-004  1.47e-004  6.31e-005  6.31e-005  6.70e-006  1.18e-004  7.17e-004  
4.64933e+016 6.63e-017  1.11e-008  9.31e-001  6.76e-002  4.21e-007  1.45e-004  1.45e-004  6.25e-005  6.25e-005  6.64e-006  1.17e-004  7.26e-004  
4.65501e+016 7.08e-017  1.11e-008  9.31e-001  6.77e-002  4.14e-007  1.43e-004  1.43e-004  6.16e-005  6.16e-005  6.54e-006  1.15e-004  7.40e-004  
4.66259e+016 7.50e-017  8.90e-009  9.33e-001  6.60e-002  4.05e-007  1.43e-004  1.43e-004  6.20e-005  6.20e-005  6.60e-006  1.16e-004  7.79e-004  
4.67450e+016 7.76e-017  3.98e-009  9.38e-001  6.01e-002  3.73e-007  1.52e-004  1.52e-004  6.64e-005  6.64e-005  7.08e-006  1.25e-004  8.97e-004  
4.68726e+016 7.78e-017  1.25e-009  9.46e-001  5.24e-002  3.34e-007  1.67e-004  1.67e-004  7.36e-005  7.36e-005  7.87e-006  1.39e-004  1.07e-003  
4.69009e+016 7.77e-017  9.35e-010  9.48e-001  5.06e-002  3.27e-007  1.70e-004  1.70e-004  7.55e-005  7.55e-005  8.06e-006  1.42e-004  1.12e-003  
4.69024e+016 7.54e-017  7.16e-010  9.49e-001  4.90e-002  3.22e-007  1.76e-004  1.76e-004  7.78e-005  7.78e-005  8.31e-006  1.46e-004  1.15e-003  
4.69048e+016 6.99e-017  3.59e-010  9.53e-001  4.52e-002  3.15e-007  1.90e-004  1.90e-004  8.40e-005  8.40e-005  8.98e-006  1.57e-004  1.25e-003  
4.69090e+016 6.34e-017  1.45e-010  9.57e-001  4.05e-002  3.04e-007  2.10e-004  2.10e-004  9.29e-005  9.29e-005  9.94e-006  1.75e-004  1.38e-003  
4.69160e+016 5.85e-017  6.31e-011  9.61e-001  3.66e-002  2.98e-007  2.29e-004  2.29e-004  1.01e-004  1.01e-004  1.08e-005  1.90e-004  1.51e-003  
4.69279e+016 5.80e-017  5.15e-011  9.62e-001  3.57e-002  2.98e-007  2.33e-004  2.33e-004  1.03e-004  1.03e-004  1.10e-005  1.95e-004  1.55e-003  
4.69476e+016 5.93e-017  5.06e-011  9.62e-001  3.56e-002  2.97e-007  2.31e-004  2.31e-004  1.03e-004  1.03e-004  1.10e-005  1.94e-004  1.56e-003  
4.69806e+016 6.15e-017  5.02e-011  9.62e-001  3.56e-002  2.94e-007  2.29e-004  2.29e-004  1.02e-004  1.02e-004  1.09e-005  1.92e-004  1.58e-003  
4.70337e+016 6.51e-017  5.02e-011  9.62e-001  3.56e-002  2.90e-007  2.26e-004  2.26e-004  1.01e-004  1.01e-004  1.08e-005  1.89e-004  1.61e-003  
4.70622e+016 6.68e-017  4.86e-011  9.62e-001  3.55e-002  2.89e-007  2.24e-004  2.24e-004  1.00e-004  1.00e-004  1.07e-005  1.89e-004  1.63e-003  
4.71061e+016 6.88e-017  4.10e-011  9.63e-001  3.48e-002  2.85e-007  2.25e-004  2.25e-004  1.01e-004  1.01e-004  1.08e-005  1.91e-004  1.69e-003  
4.71746e+016 7.02e-017  2.58e-011  9.65e-001  3.28e-002  2.81e-007  2.31e-004  2.31e-004  1.04e-004  1.04e-004  1.12e-005  1.97e-004  1.81e-003  
4.72860e+016 7.00e-017  8.60e-012  9.68e-001  2.87e-002  2.77e-007  2.48e-004  2.48e-004  1.13e-004  1.13e-004  1.22e-005  2.13e-004  2.10e-003  
4.74240e+016 6.75e-017  1.57e-012  9.73e-001  2.33e-002  2.81e-007  2.81e-004  2.81e-004  1.29e-004  1.29e-004  1.39e-005  2.44e-004  2.61e-003  
4.74305e+016 6.74e-017  1.43e-012  9.73e-001  2.30e-002  2.82e-007  2.82e-004  2.82e-004  1.30e-004  1.30e-004  1.40e-005  2.45e-004  2.63e-003  
4.74313e+016 6.73e-017  1.40e-012  9.73e-001  2.29e-002  2.82e-007  2.82e-004  2.82e-004  1.30e-004  1.30e-004  1.40e-005  2.45e-004  2.63e-003  
4.74348e+016 6.62e-017  1.15e-012  9.74e-001  2.23e-002  2.81e-007  2.88e-004  2.88e-004  1.32e-004  1.32e-004  1.43e-005  2.51e-004  2.69e-003  
4.74406e+016 6.29e-017  6.43e-013  9.75e-001  2.08e-002  2.75e-007  3.04e-004  3.04e-004  1.40e-004  1.40e-004  1.51e-005  2.64e-004  2.85e-003  
4.74503e+016 5.75e-017  2.24e-013  9.77e-001  1.83e-002  2.68e-007  3.34e-004  3.34e-004  1.54e-004  1.54e-004  1.66e-005  2.90e-004  3.15e-003  
4.74676e+016 5.18e-017  6.11e-014  9.80e-001  1.54e-002  2.69e-007  3.75e-004  3.75e-004  1.73e-004  1.73e-004  1.87e-005  3.27e-004  3.55e-003  
4.74972e+016 4.89e-017  2.39e-014  9.81e-001  1.37e-002  2.86e-007  4.05e-004  4.05e-004  1.87e-004  1.87e-004  2.02e-005  3.54e-004  3.90e-003  
4.75283e+016 4.94e-017  1.92e-014  9.81e-001  1.33e-002  3.07e-007  4.07e-004  4.07e-004  1.88e-004  1.88e-004  2.04e-005  3.56e-004  4.03e-003  
4.75365e+016 4.96e-017  1.89e-014  9.81e-001  1.33e-002  3.14e-007  4.07e-004  4.07e-004  1.89e-004  1.89e-004  2.03e-005  3.57e-004  4.05e-003  
4.75556e+016 5.04e-017  1.83e-014  9.81e-001  1.33e-002  3.26e-007  4.05e-004  4.05e-004  1.88e-004  1.88e-004  2.05e-005  3.57e-004  4.09e-003  
4.75856e+016 5.16e-017  1.77e-014  9.81e-001  1.32e-002  3.39e-007  4.03e-004  4.03e-004  1.87e-004  1.87e-004  2.04e-005  3.55e-004  4.13e-003  
4.76342e+016 5.26e-017  1.43e-014  9.81e-001  1.29e-002  3.52e-007  4.03e-004  4.03e-004  1.88e-004  1.88e-004  2.03e-005  3.58e-004  4.30e-003  
4.77120e+016 5.27e-017  7.35e-015  9.82e-001  1.18e-002  3.63e-007  4.18e-004  4.18e-004  1.96e-004  1.96e-004  2.13e-005  3.72e-004  4.67e-003  
4.78339e+016 5.02e-017  1.50e-015  9.83e-001  9.63e-003  3.75e-007  4.59e-004  4.59e-004  2.17e-004  2.17e-004  2.35e-005  4.13e-004  5.56e-003  
4.79819e+016 4.49e-017  1.23e-016  9.84e-001  6.97e-003  4.01e-007  5.34e-004  5.34e-004  2.56e-004  2.56e-004  2.80e-005  4.87e-004  7.17e-003  
4.80101e+016 4.37e-017  7.23e-017  9.84e-001  6.52e-003  4.07e-007  5.54e-004  5.54e-004  2.65e-004  2.65e-004  2.91e-005  5.08e-004  7.57e-003  
4.80156e+016 4.35e-017  6.41e-017  9.84e-001  6.41e-003  4.07e-007  5.59e-004  5.59e-004  2.67e-004  2.67e-004  2.92e-005  5.10e-004  7.63e-003  
4.80288e+016 4.27e-017  4.68e-017  9.84e-001  6.16e-003  4.10e-007  5.69e-004  5.69e-004  2.74e-004  2.74e-004  3.00e-005  5.22e-004  7.87e-003  
4.80511e+016 4.13e-017  2.57e-017  9.84e-001  5.69e-003  4.12e-007  5.94e-004  5.94e-004  2.86e-004  2.86e-004  3.13e-005  5.45e-004  8.31e-003  
4.80875e+016 3.88e-017  9.27e-018  9.83e-001  4.99e-003  4.14e-007  6.36e-004  6.36e-004  3.06e-004  3.06e-004  3.37e-005  5.84e-004  9.11e-003  
4.81463e+016 3.57e-017  2.01e-018  9.83e-001  4.09e-003  4.26e-007  7.00e-004  7.00e-004  3.39e-004  3.39e-004  3.72e-005  6.50e-004  1.04e-002  
4.82445e+016 3.19e-017  2.25e-019  9.81e-001  3.07e-003  4.54e-007  7.96e-004  7.96e-004  3.89e-004  3.89e-004  4.29e-005  7.46e-004  1.27e-002  
4.83636e+016 2.80e-017  1.72e-020  9.78e-001  2.18e-003  4.82e-007  9.21e-004  9.21e-004  4.53e-004  4.53e-004  5.03e-005  8.75e-004  1.59e-002  
4.84912e+016 2.38e-017  7.30e-022  9.74e-001  1.44e-003  4.95e-007  1.10e-003  1.10e-003  5.45e-004  5.45e-004  6.08e-005  1.05e-003  2.06e-002  
4.86294e+016 1.95e-017  1.45e-023  9.66e-001  8.53e-004  4.86e-007  1.36e-003  1.36e-003  6.88e-004  6.88e-004  7.65e-005  1.33e-003  2.79e-002  
4.87591e+016 1.58e-017  2.25e-025  9.55e-001  4.87e-004  4.56e-007  1.69e-003  1.69e-003  8.66e-004  8.66e-004  9.67e-005  1.68e-003  3.77e-002  
4.88968e+016 1.25e-017  1.63e-027  9.38e-001  2.50e-004  4.06e-007  2.18e-003  2.18e-003  1.12e-003  1.12e-003  1.27e-004  2.19e-003  5.30e-002  
4.90444e+016 9.51e-018  3.89e-030  9.10e-001  1.09e-004  3.30e-007  2.90e-003  2.90e-003  1.51e-003  1.51e-003  1.71e-004  2.95e-003  7.74e-002  
4.91980e+016 7.05e-018  3.03e-033  8.66e-001  4.01e-005  2.41e-007  3.97e-003  3.97e-003  2.11e-003  2.11e-003  2.40e-004  4.13e-003  1.17e-001  
4.93317e+016 5.39e-018  2.45e-036  8.09e-001  1.46e-005  1.66e-007  5.29e-003  5.29e-003  2.84e-003  2.84e-003  3.25e-004  5.57e-003  1.68e-001  
4.94239e+016 4.47e-018  1.02e-038  7.55e-001  6.59e-006  1.20e-007  6.44e-003  6.44e-003  3.49e-003  3.49e-003  4.00e-004  6.84e-003  2.17e-001  
4.95192e+016 3.72e-018  2.07e-041  6.86e-001  2.63e-006  7.96e-008  7.83e-003  7.83e-003  4.28e-003  4.28e-003  4.92e-004  8.42e-003  2.80e-001  
4.96202e+016 3.10e-018  1.68e-044  6.00e-001  8.97e-007  4.81e-008  9.49e-003  9.49e-003  5.23e-003  5.23e-003  6.04e-004  1.03e-002  3.58e-001  
4.97297e+016 2.62e-018  3.62e-048  4.92e-001  2.42e-007  2.48e-008  1.13e-002  1.13e-002  6.33e-003  6.33e-003  7.33e-004  1.26e-002  4.58e-001  
4.98461e+016 2.28e-018  1.55e-052  3.72e-001  4.87e-008  1.05e-008  1.32e-002  1.32e-002  7.45e-003  7.45e-003  8.68e-004  1.48e-002  5.70e-001  
4.99670e+016 2.07e-018  1.45e-057  2.55e-001  7.28e-009  3.66e-009  1.47e-002  1.47e-002  8.39e-003  8.39e-003  9.84e-004  1.67e-002  6.80e-001  
5.00936e+016 1.97e-018  1.63e-063  1.55e-001  7.34e-010  9.77e-010  1.56e-002  1.56e-002  9.01e-003  9.01e-003  1.06e-003  1.80e-002  7.75e-001  
5.02240e+016 1.96e-018  1.98e-070  8.43e-002  4.95e-011  1.99e-010  1.60e-002  1.60e-002  9.30e-003  9.30e-003  1.10e-003  1.87e-002  8.43e-001  
5.03584e+016 2.02e-018  2.27e-078  4.09e-002  2.19e-012  3.06e-011  1.57e-002  1.57e-002  9.27e-003  9.27e-003  1.11e-003  1.87e-002  8.87e-001  
5.05026e+016 2.12e-018  0.00e+000  1.69e-002  4.64e-014  2.97e-012  1.51e-002  1.51e-002  9.04e-003  9.04e-003  1.08e-003  1.83e-002  9.14e-001  
5.05959e+016 2.22e-018  0.00e+000  9.37e-003  3.59e-015  6.26e-013  1.45e-002  1.45e-002  8.78e-003  8.78e-003  1.06e-003  1.78e-002  9.23e-001  
5.06957e+016 2.33e-018  0.00e+000  4.93e-003  2.05e-016  1.10e-013  1.40e-002  1.40e-002  8.49e-003  8.49e-003  1.03e-003  1.73e-002  9.30e-001  
5.07988e+016 2.46e-018  0.00e+000  2.48e-003  9.39e-018  1.67e-014  1.34e-002  1.34e-002  8.21e-003  8.21e-003  9.96e-004  1.67e-002  9.35e-001  
5.09058e+016 2.61e-018  0.00e+000  1.23e-003  4.02e-019  2.45e-015  1.27e-002  1.27e-002  7.89e-003  7.89e-003  9.62e-004  1.61e-002  9.39e-001  
5.10237e+016 2.77e-018  0.00e+000  5.63e-004  1.07e-020  2.66e-016  1.21e-002  1.21e-002  7.58e-003  7.58e-003  9.28e-004  1.55e-002  9.42e-001  
5.11496e+016 2.96e-018  0.00e+000  2.42e-004  2.08e-022  2.39e-017  1.14e-002  1.14e-002  7.23e-003  7.23e-003  8.91e-004  1.49e-002  9.45e-001  
5.12843e+016 3.17e-018  0.00e+000  9.95e-005  3.12e-024  1.83e-018  1.08e-002  1.08e-002  6.90e-003  6.90e-003  8.54e-004  1.42e-002  9.48e-001  
5.14296e+016 3.42e-018  0.00e+000  3.69e-005  2.71e-026  1.00e-019  1.01e-002  1.01e-002  6.56e-003  6.56e-003  8.16e-004  1.36e-002  9.51e-001  
5.15425e+016 3.62e-018  0.00e+000  1.78e-005  7.99e-028  1.15e-020  9.62e-003  9.62e-003  6.27e-003  6.27e-003  7.87e-004  1.31e-002  9.53e-001  
5.16792e+016 3.87e-018  0.00e+000  7.46e-006  1.16e-029  8.65e-022  9.06e-003  9.06e-003  5.99e-003  5.99e-003  7.57e-004  1.25e-002  9.56e-001  
5.18319e+016 4.17e-018  0.00e+000  2.76e-006  8.48e-032  4.25e-023  8.52e-003  8.52e-003  5.69e-003  5.69e-003  7.25e-004  1.20e-002  9.58e-001  
5.19950e+016 4.50e-018  0.00e+000  8.49e-007  2.40e-034  1.16e-024  7.96e-003  7.96e-003  5.40e-003  5.40e-003  6.91e-004  1.14e-002  9.60e-001  
5.21655e+016 4.86e-018  0.00e+000  2.78e-007  8.52e-037  3.64e-026  7.45e-003  7.45e-003  5.12e-003  5.12e-003  6.60e-004  1.08e-002  9.63e-001  
5.23457e+016 5.27e-018  0.00e+000  8.28e-008  1.86e-039  8.49e-028  6.93e-003  6.93e-003  4.84e-003  4.84e-003  6.31e-004  1.03e-002  9.65e-001  
5.25384e+016 5.73e-018  0.00e+000  2.62e-008  5.18e-042  2.30e-029  6.44e-003  6.44e-003  4.57e-003  4.57e-003  6.00e-004  9.72e-003  9.67e-001  
5.27451e+016 6.24e-018  0.00e+000  7.26e-009  7.08e-045  3.99e-031  5.97e-003  5.97e-003  4.31e-003  4.31e-003  5.70e-004  9.19e-003  9.69e-001  
5.29668e+016 6.83e-018  0.00e+000  2.21e-009  1.52e-047  9.18e-033  5.52e-003  5.52e-003  4.04e-003  4.04e-003  5.42e-004  8.69e-003  9.71e-001  
5.31993e+016 7.46e-018  0.00e+000  5.82e-010  1.46e-050  1.28e-034  5.11e-003  5.11e-003  3.81e-003  3.81e-003  5.15e-004  8.20e-003  9.73e-001  
5.34440e+016 8.17e-018  0.00e+000  1.82e-010  3.51e-053  3.15e-036  4.71e-003  4.71e-003  3.58e-003  3.58e-003  4.90e-004  7.74e-003  9.75e-001  
5.36995e+016 8.91e-018  0.00e+000  4.78e-011  3.03e-056  4.10e-038  4.35e-003  4.35e-003  3.38e-003  3.38e-003  4.67e-004  7.32e-003  9.76e-001  
5.39765e+016 9.74e-018  0.00e+000  1.51e-011  7.06e-059  9.84e-040  4.02e-003  4.02e-003  3.17e-003  3.17e-003  4.45e-004  6.91e-003  9.78e-001  
5.42627e+016 1.06e-017  0.00e+000  4.29e-012  9.04e-062  1.63e-041  3.73e-003  3.73e-003  2.99e-003  2.99e-003  4.26e-004  6.54e-003  9.79e-001  
5.45738e+016 1.15e-017  0.00e+000  1.13e-012  7.12e-065  2.00e-043  3.46e-003  3.46e-003  2.85e-003  2.85e-003  4.10e-004  6.22e-003  9.81e-001  
5.49079e+016 1.26e-017  0.00e+000  3.33e-013  1.11e-067  3.70e-045  3.18e-003  3.18e-003  2.67e-003  2.67e-003  3.90e-004  5.86e-003  9.82e-001  
5.52575e+016 1.36e-017  0.00e+000  9.24e-014  1.13e-070  5.29e-047  2.97e-003  2.97e-003  2.55e-003  2.55e-003  3.73e-004  5.60e-003  9.83e-001  
5.56155e+016 1.46e-017  0.00e+000  2.31e-014  6.46e-074  5.31e-049  2.78e-003  2.78e-003  2.44e-003  2.44e-003  3.65e-004  5.36e-003  9.84e-001  
5.59918e+016 1.55e-017  0.00e+000  7.33e-015  1.27e-076  1.14e-050  2.63e-003  2.63e-003  2.35e-003  2.35e-003  3.61e-004  5.17e-003  9.84e-001  
5.63913e+016 1.64e-017  0.00e+000  2.18e-015  1.79e-079  1.99e-052  2.49e-003  2.49e-003  2.28e-003  2.28e-003  3.58e-004  5.01e-003  9.85e-001  
5.68226e+016 1.73e-017  0.00e+000  5.85e-016  0.00e+000  2.36e-054  2.47e-003  2.47e-003  2.23e-003  2.23e-003  3.59e-004  4.89e-003  9.85e-001  
5.72780e+016 1.80e-017  0.00e+000  1.35e-016  0.00e+000  1.70e-056  2.54e-003  2.54e-003  2.26e-003  2.26e-003  3.63e-004  4.79e-003  9.85e-001  
5.77650e+016 1.86e-017  0.00e+000  4.05e-017  0.00e+000  2.86e-058  2.62e-003  2.62e-003  2.38e-003  2.38e-003  3.70e-004  4.73e-003  9.85e-001  
5.82707e+016 1.90e-017  0.00e+000  1.17e-017  0.00e+000  4.27e-060  2.74e-003  2.74e-003  2.55e-003  2.55e-003  3.81e-004  4.72e-003  9.84e-001  
5.88124e+016 1.92e-017  0.00e+000  3.02e-018  0.00e+000  4.19e-062  2.91e-003  2.91e-003  2.75e-003  2.75e-003  3.97e-004  4.75e-003  9.83e-001  
5.93801e+016 1.92e-017  0.00e+000  6.86e-019  0.00e+000  2.66e-064  3.13e-003  3.13e-003  3.01e-003  3.01e-003  4.19e-004  4.83e-003  9.82e-001  
5.99878e+016 1.91e-017  0.00e+000  2.00e-019  0.00e+000  3.89e-066  3.40e-003  3.40e-003  3.33e-003  3.33e-003  4.47e-004  4.97e-003  9.81e-001  
6.06254e+016 1.87e-017  0.00e+000  5.29e-020  0.00e+000  4.02e-068  3.76e-003  3.76e-003  3.72e-003  3.72e-003  4.83e-004  5.17e-003  9.79e-001  
6.12860e+016 1.82e-017  0.00e+000  1.41e-020  0.00e+000  4.22e-070  4.18e-003  4.18e-003  4.18e-003  4.18e-003  5.25e-004  5.42e-003  9.77e-001  
6.19772e+016 1.76e-017  0.00e+000  3.68e-021  0.00e+000  4.21e-072  4.68e-003  4.68e-003  4.73e-003  4.73e-003  5.78e-004  5.72e-003  9.75e-001  
6.27006e+016 1.70e-017  0.00e+000  9.42e-022  0.00e+000  3.90e-074  5.29e-003  5.29e-003  5.38e-003  5.38e-003  6.36e-004  6.12e-003  9.72e-001  
6.34752e+016 1.63e-017  0.00e+000  2.28e-022  0.00e+000  2.95e-076  6.03e-003  6.03e-003  6.13e-003  6.13e-003  7.05e-004  6.56e-003  9.68e-001  
6.43223e+016 1.56e-017  0.00e+000  4.99e-023  0.00e+000  1.60e-078  6.94e-003  6.94e-003  7.13e-003  7.13e-003  7.97e-004  7.07e-003  9.64e-001  
6.52408e+016 1.48e-017  0.00e+000  1.01e-023  0.00e+000  0.00e+000  8.10e-003  8.10e-003  8.30e-003  8.30e-003  8.98e-004  7.76e-003  9.58e-001  
6.62440e+016 1.41e-017  0.00e+000  1.81e-024  0.00e+000  0.00e+000  9.52e-003  9.52e-003  9.66e-003  9.66e-003  1.02e-003  8.52e-003  9.52e-001  
6.73219e+016 1.34e-017  0.00e+000  3.00e-025  0.00e+000  0.00e+000  1.12e-002  1.12e-002  1.13e-002  1.13e-002  1.17e-003  9.37e-003  9.44e-001  
6.84641e+016 1.27e-017  0.00e+000  4.75e-026  0.00e+000  0.00e+000  1.32e-002  1.32e-002  1.34e-002  1.34e-002  1.35e-003  1.04e-002  9.35e-001  
6.96945e+016 1.22e-017  0.00e+000  6.69e-027  0.00e+000  0.00e+000  1.55e-002  1.55e-002  1.55e-002  1.55e-002  1.55e-003  1.15e-002  9.24e-001  
7.10391e+016 1.17e-017  0.00e+000  9.20e-028  0.00e+000  0.00e+000  1.83e-002  1.83e-002  1.82e-002  1.82e-002  1.78e-003  1.29e-002  9.12e-001  
7.25155e+016 1.14e-017  0.00e+000  9.86e-029  0.00e+000  0.00e+000  2.16e-002  2.16e-002  2.13e-002  2.13e-002  2.04e-003  1.43e-002  8.98e-001  
7.42223e+016 1.10e-017  0.00e+000  8.25e-030  0.00e+000  0.00e+000  2.58e-002  2.58e-002  2.50e-002  2.50e-002  2.38e-003  1.59e-002  8.80e-001  
7.63108e+016 1.09e-017  0.00e+000  3.87e-031  0.00e+000  0.00e+000  3.09e-002  3.09e-002  2.96e-002  2.96e-002  2.78e-003  1.77e-002  8.58e-001  
7.86896e+016 1.09e-017  0.00e+000  1.39e-032  0.00e+000  0.00e+000  3.66e-002  3.66e-002  3.47e-002  3.47e-002  3.23e-003  1.93e-002  8.34e-001  
8.18150e+016 1.14e-017  0.00e+000  1.97e-034  0.00e+000  0.00e+000  4.39e-002  4.39e-002  4.09e-002  4.09e-002  3.78e-003  2.09e-002  8.05e-001  
8.55776e+016 1.23e-017  0.00e+000  1.53e-036  0.00e+000  0.00e+000  5.19e-002  5.19e-002  4.76e-002  4.76e-002  4.40e-003  2.20e-002  7.74e-001  
9.00548e+016 1.37e-017  0.00e+000  6.66e-039  0.00e+000  0.00e+000  6.09e-002  6.09e-002  5.54e-002  5.54e-002  5.10e-003  2.26e-002  7.40e-001  
9.53916e+016 1.60e-017  0.00e+000  1.65e-041  0.00e+000  0.00e+000  7.08e-002  7.08e-002  6.39e-002  6.39e-002  5.87e-003  2.24e-002  7.02e-001  
1.01535e+017 1.93e-017  0.00e+000  3.31e-044  0.00e+000  0.00e+000  8.24e-002  8.24e-002  7.41e-002  7.41e-002  6.84e-003  2.18e-002  6.58e-001  
1.09249e+017 2.60e-017  0.00e+000  3.79e-047  0.00e+000  0.00e+000  9.73e-002  9.73e-002  8.81e-002  8.81e-002  8.16e-003  2.06e-002  6.00e-001  
