! 0       *H + *CH3CO -> *CH3CHO
! 1       *H + *CH3CO -> CH3CHO
! 2       *CH3CO + He -> CH3CO + He
! 3       *CH3CO + H2 -> CH3CO + H2
! 4       *CH3 + *CH3CO -> *CH3COCH3
! 5       *CH3CO + CO -> CH3CO + CO
! 6       *CH3 + *CH3CO -> CH3COCH3
! 7       *CH3CO + CRPhoton -> *CH3 + *CO
! 8       *CH3CO + CRPhoton -> CH3CO
! 9       *CH3CO + ISPhoton -> CH3CO
!            tot_rate   0          1          2          3          4          5          6          7          8          9          
1.58188e+013 3.24e-019  9.90e-001  9.99e-003  0.00e+000  0.00e+000  2.24e-011  0.00e+000  2.26e-013  3.03e-011  6.35e-015  3.79e-019  
3.50727e+014 3.24e-019  9.90e-001  9.99e-003  0.00e+000  0.00e+000  2.24e-011  0.00e+000  2.26e-013  3.03e-011  6.35e-015  3.79e-019  
5.21628e+015 3.24e-019  9.90e-001  9.99e-003  0.00e+000  0.00e+000  2.24e-011  0.00e+000  2.26e-013  3.03e-011  6.35e-015  3.79e-019  
2.67137e+016 3.47e-019  9.90e-001  1.00e-002  0.00e+000  0.00e+000  2.18e-011  0.00e+000  2.20e-013  3.02e-011  6.33e-015  3.77e-019  
3.33598e+016 4.00e-019  9.90e-001  1.00e-002  0.00e+000  0.00e+000  3.52e-011  7.20e-070  3.57e-013  3.12e-011  6.57e-015  3.92e-019  
3.42055e+016 3.29e-019  9.90e-001  9.99e-003  0.00e+000  0.00e+000  9.47e-011  1.44e-028  9.57e-013  3.89e-011  8.23e-015  4.89e-019  
3.44017e+016 3.07e-019  9.90e-001  1.00e-002  0.00e+000  0.00e+000  1.35e-010  2.00e-021  1.37e-012  4.20e-011  8.86e-015  5.28e-019  
3.46353e+016 2.79e-019  9.90e-001  1.00e-002  0.00e+000  0.00e+000  2.31e-010  4.05e-014  2.33e-012  4.66e-011  9.83e-015  5.85e-019  
3.48860e+016 2.45e-019  9.90e-001  1.00e-002  0.00e+000  0.00e+000  4.85e-010  2.39e-012  4.89e-012  5.34e-011  1.13e-014  6.72e-019  
3.51370e+016 2.11e-019  9.90e-001  9.99e-003  0.00e+000  0.00e+000  1.26e-009  2.16e-011  1.28e-011  6.25e-011  1.33e-014  7.91e-019  
3.53250e+016 1.84e-019  9.90e-001  1.00e-002  2.51e-071  0.00e+000  3.08e-009  7.51e-011  3.11e-011  7.23e-011  1.53e-014  9.14e-019  
3.55515e+016 1.52e-019  9.90e-001  9.97e-003  1.02e-049  0.00e+000  1.15e-008  2.77e-010  1.16e-010  8.84e-011  1.88e-014  1.12e-018  
3.57182e+016 1.28e-019  9.90e-001  9.98e-003  1.28e-034  0.00e+000  3.46e-008  6.84e-010  3.49e-010  1.05e-010  2.25e-014  1.34e-018  
3.58524e+016 1.10e-019  9.90e-001  9.99e-003  2.22e-026  0.00e+000  8.42e-008  1.44e-009  8.51e-010  1.24e-010  2.64e-014  1.57e-018  
3.60047e+016 9.12e-020  9.90e-001  1.00e-002  6.99e-017  0.00e+000  1.93e-007  2.15e-009  1.95e-009  1.51e-010  3.22e-014  1.92e-018  
3.61718e+016 7.28e-020  9.90e-001  1.00e-002  3.12e-011  2.10e-067  3.43e-007  3.52e-009  3.46e-009  1.92e-010  4.12e-014  2.44e-018  
3.62899e+016 6.14e-020  9.90e-001  1.00e-002  3.18e-009  3.99e-056  4.46e-007  5.28e-009  4.49e-009  2.30e-010  4.95e-014  2.95e-018  
3.63893e+016 5.29e-020  9.90e-001  1.00e-002  2.27e-008  1.06e-038  5.37e-007  7.73e-009  5.40e-009  2.70e-010  5.84e-014  3.48e-018  
3.64972e+016 4.49e-020  9.90e-001  9.99e-003  1.25e-007  2.96e-022  6.47e-007  1.23e-008  6.54e-009  3.25e-010  6.99e-014  4.16e-018  
3.66124e+016 3.77e-020  9.90e-001  1.00e-002  4.59e-007  4.49e-015  1.09e-006  2.12e-008  1.10e-008  3.95e-010  8.55e-014  5.10e-018  
3.67348e+016 3.17e-020  9.90e-001  9.99e-003  1.59e-006  1.16e-010  0.00e+000  4.00e-008  0.00e+000  4.82e-010  1.05e-013  6.24e-018  
3.68621e+016 2.84e-020  9.90e-001  1.00e-002  4.72e-006  9.44e-008  1.09e-006  7.89e-008  1.10e-008  5.60e-010  1.22e-013  7.29e-018  
3.69700e+016 2.58e-020  9.90e-001  1.00e-002  1.15e-005  8.70e-007  1.22e-006  1.53e-007  1.23e-008  6.41e-010  1.41e-013  8.42e-018  
3.70376e+016 2.42e-020  9.90e-001  9.98e-003  1.98e-005  2.36e-006  1.30e-006  2.42e-007  1.31e-008  6.97e-010  1.56e-013  9.32e-018  
3.71087e+016 2.29e-020  9.90e-001  9.99e-003  3.41e-005  5.84e-006  1.35e-006  4.06e-007  1.37e-008  7.54e-010  1.74e-013  1.03e-017  
3.71826e+016 2.21e-020  9.90e-001  9.99e-003  5.92e-005  1.29e-005  1.36e-006  7.14e-007  1.37e-008  8.09e-010  1.93e-013  1.15e-017  
3.72589e+016 2.19e-020  9.90e-001  1.00e-002  1.01e-004  2.69e-005  1.29e-006  1.31e-006  1.30e-008  8.39e-010  2.12e-013  1.26e-017  
3.73370e+016 2.26e-020  9.90e-001  1.00e-002  1.68e-004  5.21e-005  1.12e-006  2.44e-006  1.13e-008  8.31e-010  2.31e-013  1.37e-017  
3.74165e+016 2.43e-020  9.90e-001  9.98e-003  2.67e-004  9.69e-005  8.82e-007  4.45e-006  8.91e-009  7.83e-010  2.49e-013  1.48e-017  
3.74829e+016 2.59e-020  9.89e-001  9.97e-003  3.94e-004  1.54e-004  7.23e-007  7.19e-006  7.31e-009  7.15e-010  2.67e-013  1.59e-017  
3.75505e+016 2.71e-020  9.89e-001  9.97e-003  5.68e-004  2.50e-004  7.09e-007  1.11e-005  7.16e-009  6.31e-010  2.91e-013  1.73e-017  
3.76194e+016 2.62e-020  9.89e-001  9.96e-003  8.59e-004  4.01e-004  1.15e-006  1.71e-005  1.16e-008  5.38e-010  3.33e-013  1.99e-017  
3.76839e+016 2.21e-020  9.88e-001  9.97e-003  1.33e-003  6.84e-004  3.63e-006  2.74e-005  3.66e-008  4.13e-010  4.14e-013  2.47e-017  
3.76854e+016 2.19e-020  9.88e-001  9.97e-003  1.35e-003  6.95e-004  3.77e-006  2.78e-005  3.81e-008  4.11e-010  4.18e-013  2.49e-017  
3.76877e+016 2.17e-020  9.88e-001  9.97e-003  1.37e-003  7.11e-004  4.03e-006  2.83e-005  4.07e-008  4.04e-010  4.22e-013  2.51e-017  
3.76917e+016 2.13e-020  9.88e-001  9.97e-003  1.42e-003  7.34e-004  4.50e-006  2.93e-005  4.55e-008  3.94e-010  4.30e-013  2.56e-017  
3.76980e+016 2.06e-020  9.88e-001  9.97e-003  1.50e-003  7.78e-004  5.50e-006  3.10e-005  5.55e-008  3.76e-010  4.45e-013  2.65e-017  
3.77083e+016 1.92e-020  9.87e-001  9.98e-003  1.65e-003  8.68e-004  7.95e-006  3.44e-005  8.06e-008  3.44e-010  4.73e-013  2.82e-017  
3.77248e+016 1.66e-020  9.87e-001  9.99e-003  1.99e-003  1.05e-003  1.76e-005  4.18e-005  1.78e-007  2.85e-010  5.40e-013  3.21e-017  
3.77450e+016 1.13e-020  9.85e-001  9.94e-003  2.96e-003  1.62e-003  1.00e-004  6.33e-005  1.01e-006  2.02e-010  7.58e-013  4.52e-017  
3.77655e+016 4.26e-022  9.50e-001  9.60e-003  1.68e-002  9.41e-003  1.34e-002  3.52e-004  1.36e-004  2.82e-010  4.06e-012  2.42e-016  
3.77936e+016 1.59e-024  9.52e-001  9.58e-003  2.38e-002  1.37e-002  8.19e-004  4.83e-004  8.26e-006  3.68e-010  5.31e-012  3.16e-016  
3.78016e+016 1.31e-024  9.48e-001  9.55e-003  2.65e-002  1.54e-002  5.29e-004  5.34e-004  5.34e-006  4.01e-010  5.78e-012  3.45e-016  
3.78111e+016 1.27e-024  9.42e-001  9.50e-003  2.98e-002  1.74e-002  3.75e-004  5.94e-004  3.78e-006  4.39e-010  6.33e-012  3.77e-016  
3.78273e+016 1.24e-024  9.32e-001  9.40e-003  3.64e-002  2.14e-002  2.84e-004  7.11e-004  2.88e-006  5.12e-010  7.37e-012  4.39e-016  
3.78530e+016 1.21e-024  9.11e-001  9.20e-003  4.90e-002  2.93e-002  2.54e-004  9.36e-004  2.57e-006  6.44e-010  9.28e-012  5.54e-016  
3.78818e+016 1.17e-024  8.83e-001  8.91e-003  6.62e-002  4.07e-002  2.58e-004  1.23e-003  2.61e-006  8.11e-010  1.17e-011  6.97e-016  
3.79076e+016 1.04e-024  8.50e-001  8.58e-003  8.56e-002  5.42e-002  2.84e-004  1.55e-003  2.86e-006  9.94e-010  1.43e-011  8.51e-016  
3.79253e+016 9.34e-025  8.31e-001  8.40e-003  9.64e-002  6.21e-002  3.02e-004  1.73e-003  3.05e-006  1.07e-009  1.55e-011  9.24e-016  
3.79502e+016 7.45e-025  8.01e-001  8.09e-003  1.14e-001  7.44e-002  3.41e-004  2.00e-003  3.44e-006  1.20e-009  1.73e-011  1.03e-015  
3.79755e+016 5.26e-025  7.70e-001  7.78e-003  1.32e-001  8.71e-002  3.98e-004  2.26e-003  4.01e-006  1.32e-009  1.90e-011  1.13e-015  
3.79897e+016 4.08e-025  7.52e-001  7.59e-003  1.43e-001  9.48e-002  4.41e-004  2.43e-003  4.46e-006  1.39e-009  2.00e-011  1.19e-015  
3.79918e+016 3.88e-025  7.49e-001  7.57e-003  1.44e-001  9.63e-002  4.48e-004  2.45e-003  4.53e-006  1.40e-009  2.01e-011  1.20e-015  
3.79956e+016 3.64e-025  7.44e-001  7.50e-003  1.47e-001  9.84e-002  4.62e-004  2.49e-003  4.67e-006  1.41e-009  2.04e-011  1.21e-015  
3.80017e+016 3.17e-025  7.36e-001  7.42e-003  1.51e-001  1.02e-001  4.87e-004  2.55e-003  4.90e-006  1.44e-009  2.08e-011  1.24e-015  
3.80129e+016 2.54e-025  7.21e-001  7.25e-003  1.59e-001  1.09e-001  5.36e-004  2.68e-003  5.44e-006  1.49e-009  2.14e-011  1.28e-015  
3.80319e+016 1.70e-025  6.94e-001  7.05e-003  1.75e-001  1.21e-001  6.53e-004  2.90e-003  6.58e-006  1.58e-009  2.28e-011  1.35e-015  
3.80578e+016 1.11e-025  6.58e-001  6.66e-003  1.94e-001  1.37e-001  8.84e-004  3.18e-003  8.93e-006  1.67e-009  2.41e-011  1.44e-015  
3.80629e+016 1.03e-025  6.51e-001  6.57e-003  1.98e-001  1.40e-001  9.43e-004  3.23e-003  9.52e-006  1.69e-009  2.44e-011  1.45e-015  
3.80713e+016 7.61e-026  6.40e-001  6.46e-003  2.05e-001  1.44e-001  1.06e-003  3.31e-003  1.07e-005  1.72e-009  2.48e-011  1.48e-015  
3.80859e+016 1.05e-025  6.21e-001  6.27e-003  2.15e-001  1.53e-001  1.30e-003  3.45e-003  1.31e-005  1.77e-009  2.55e-011  1.52e-015  
3.81083e+016 6.90e-026  5.91e-001  5.97e-003  2.30e-001  1.67e-001  1.86e-003  3.67e-003  1.87e-005  1.84e-009  2.65e-011  1.58e-015  
3.81265e+016 6.00e-026  5.66e-001  5.71e-003  2.43e-001  1.78e-001  2.58e-003  3.83e-003  2.62e-005  1.88e-009  2.72e-011  1.61e-015  
3.81480e+016 5.40e-026  5.39e-001  5.44e-003  2.57e-001  1.91e-001  4.05e-003  4.02e-003  4.09e-005  1.92e-009  2.78e-011  1.66e-015  
3.81769e+016 4.64e-026  5.03e-001  5.09e-003  2.74e-001  2.05e-001  8.54e-003  4.21e-003  8.63e-005  1.97e-009  2.85e-011  1.69e-015  
3.81836e+016 4.46e-026  4.96e-001  5.01e-003  2.76e-001  2.08e-001  1.05e-002  4.24e-003  1.05e-004  1.98e-009  2.85e-011  1.70e-015  
3.81952e+016 5.04e-026  4.82e-001  4.86e-003  2.82e-001  2.12e-001  1.53e-002  4.30e-003  1.54e-004  1.98e-009  2.85e-011  1.71e-015  
3.82149e+016 3.80e-026  4.53e-001  4.56e-003  2.87e-001  2.20e-001  3.11e-002  4.34e-003  3.13e-004  1.97e-009  2.84e-011  1.69e-015  
3.82433e+016 2.53e-026  3.95e-001  3.99e-003  2.80e-001  2.20e-001  9.53e-002  4.23e-003  9.65e-004  1.87e-009  2.69e-011  1.61e-015  
3.82740e+016 2.05e-026  2.88e-001  2.90e-003  2.31e-001  1.82e-001  2.90e-001  3.42e-003  2.93e-003  1.48e-009  2.13e-011  1.27e-015  
3.83054e+016 7.16e-027  1.44e-001  1.45e-003  1.30e-001  1.03e-001  6.13e-001  1.90e-003  6.20e-003  8.06e-010  1.16e-011  6.93e-016  
3.83376e+016 1.41e-027  6.89e-002  6.96e-004  6.96e-002  5.66e-002  7.95e-001  1.02e-003  8.02e-003  4.20e-010  6.05e-012  3.60e-016  
3.83751e+016 9.13e-028  4.56e-002  4.60e-004  5.24e-002  4.33e-002  8.49e-001  7.54e-004  8.58e-003  3.05e-010  4.39e-012  2.62e-016  
3.84132e+016 1.00e-027  3.89e-002  3.92e-004  5.04e-002  4.20e-002  8.59e-001  7.18e-004  8.67e-003  2.84e-010  4.10e-012  2.44e-016  
3.84531e+016 6.58e-028  3.47e-002  3.50e-004  5.06e-002  4.29e-002  8.62e-001  7.15e-004  8.71e-003  2.77e-010  3.98e-012  2.37e-016  
3.84962e+016 5.94e-028  2.88e-002  2.90e-004  4.67e-002  4.03e-002  8.74e-001  6.55e-004  8.83e-003  2.48e-010  3.57e-012  2.12e-016  
3.85449e+016 5.14e-027  2.27e-002  2.29e-004  4.12e-002  3.60e-002  8.90e-001  5.73e-004  9.00e-003  2.12e-010  3.05e-012  1.82e-016  
3.85990e+016 3.35e-028  1.84e-002  1.86e-004  3.70e-002  3.26e-002  9.02e-001  5.11e-004  9.11e-003  1.84e-010  2.66e-012  1.58e-016  
3.86597e+016 2.92e-028  1.49e-002  1.51e-004  3.32e-002  2.98e-002  9.12e-001  4.53e-004  9.19e-003  1.60e-010  2.30e-012  1.37e-016  
3.87288e+016 0.00e+000  -1.#Je+000 -1.#Je+000 -1.#Je+000 -1.#Je+000 -1.#Je+000 -1.#Je+000 -1.#Je+000 -1.#Je+000 -1.#Je+000 -1.#Je+000 
3.88139e+016 0.00e+000  -1.#Je+000 -1.#Je+000 -1.#Je+000 -1.#Je+000 -1.#Je+000 -1.#Je+000 -1.#Je+000 -1.#Je+000 -1.#Je+000 -1.#Je+000 
3.89093e+016 1.80e-028  8.99e-003  9.04e-005  2.25e-002  2.09e-002  9.38e-001  3.03e-004  9.43e-003  9.88e-011  1.42e-012  8.49e-017  
3.90068e+016 0.00e+000  -1.#Je+000 -1.#Je+000 -1.#Je+000 -1.#Je+000 -1.#Je+000 -1.#Je+000 -1.#Je+000 -1.#Je+000 -1.#Je+000 -1.#Je+000 
3.91088e+016 1.76e-028  1.20e-002  1.22e-004  2.37e-002  2.24e-002  9.32e-001  3.18e-004  9.38e-003  9.95e-011  1.43e-012  8.52e-017  
3.92181e+016 1.82e-028  1.64e-002  1.66e-004  2.59e-002  2.46e-002  9.23e-001  3.46e-004  9.34e-003  1.07e-010  1.54e-012  9.18e-017  
3.93325e+016 5.92e-028  2.35e-002  2.36e-004  2.82e-002  2.67e-002  9.12e-001  3.77e-004  9.20e-003  1.15e-010  1.66e-012  9.90e-017  
3.94519e+016 2.29e-027  3.40e-002  3.43e-004  3.04e-002  2.88e-002  8.97e-001  4.06e-004  9.06e-003  1.23e-010  1.78e-012  1.06e-016  
3.95803e+016 8.05e-029  4.88e-002  4.92e-004  3.19e-002  3.02e-002  8.79e-001  4.27e-004  8.89e-003  1.29e-010  1.86e-012  1.11e-016  
3.97190e+016 0.00e+000  -1.#Je+000 -1.#Je+000 -1.#Je+000 -1.#Je+000 -1.#Je+000 -1.#Je+000 -1.#Je+000 -1.#Je+000 -1.#Je+000 -1.#Je+000 
3.98699e+016 1.77e-026  8.92e-002  9.03e-004  3.09e-002  2.91e-002  8.41e-001  4.22e-004  8.52e-003  1.27e-010  1.83e-012  1.09e-016  
4.00514e+016 0.00e+000  -1.#Je+000 -1.#Je+000 -1.#Je+000 -1.#Je+000 -1.#Je+000 -1.#Je+000 -1.#Je+000 -1.#Je+000 -1.#Je+000 -1.#Je+000 
4.02549e+016 0.00e+000  -1.#Je+000 -1.#Je+000 -1.#Je+000 -1.#Je+000 -1.#Je+000 -1.#Je+000 -1.#Je+000 -1.#Je+000 -1.#Je+000 -1.#Je+000 
4.04761e+016 2.02e-027  1.69e-001  1.71e-003  2.02e-002  1.80e-002  7.83e-001  2.92e-004  7.93e-003  9.02e-011  1.30e-012  7.78e-017  
4.07070e+016 3.54e-027  1.98e-001  1.99e-003  1.65e-002  1.42e-002  7.62e-001  2.44e-004  7.68e-003  7.76e-011  1.12e-012  6.69e-017  
4.09451e+016 5.35e-027  2.34e-001  2.38e-003  1.34e-002  1.13e-002  7.32e-001  2.06e-004  7.39e-003  6.72e-011  9.69e-013  5.80e-017  
4.11988e+016 8.20e-027  2.84e-001  2.87e-003  1.07e-002  8.77e-003  6.86e-001  1.72e-004  6.93e-003  5.83e-011  8.41e-013  5.04e-017  
4.14624e+016 1.20e-026  3.53e-001  3.57e-003  8.57e-003  6.72e-003  6.22e-001  1.44e-004  6.28e-003  5.11e-011  7.37e-013  4.41e-017  
4.17462e+016 1.93e-026  4.54e-001  4.59e-003  6.69e-003  4.95e-003  5.24e-001  1.18e-004  5.29e-003  4.44e-011  6.38e-013  3.83e-017  
4.20512e+016 4.49e-026  5.97e-001  6.03e-003  4.94e-003  3.49e-003  3.85e-001  9.28e-005  3.87e-003  3.74e-011  5.41e-013  3.23e-017  
4.23867e+016 9.51e-026  7.67e-001  7.74e-003  3.22e-003  2.12e-003  2.18e-001  6.59e-005  2.20e-003  2.88e-011  4.16e-013  2.49e-017  
4.27356e+016 3.12e-025  9.01e-001  9.08e-003  1.77e-003  1.09e-003  8.57e-002  3.98e-005  8.66e-004  1.92e-011  2.77e-013  1.66e-017  
4.30994e+016 1.27e-024  9.65e-001  9.81e-003  8.16e-004  4.65e-004  2.32e-002  2.06e-005  2.33e-004  1.11e-011  1.59e-013  9.58e-018  
4.34671e+016 6.18e-024  9.86e-001  9.97e-003  2.80e-004  1.47e-004  3.63e-003  8.09e-006  3.67e-005  4.89e-012  7.04e-014  4.23e-018  
4.38104e+016 2.94e-023  9.89e-001  1.00e-002  8.84e-005  4.32e-005  4.96e-004  2.96e-006  5.00e-006  2.00e-012  2.89e-014  1.73e-018  
4.41007e+016 1.10e-022  9.90e-001  9.99e-003  3.15e-005  1.42e-005  8.58e-005  1.20e-006  8.66e-007  9.02e-013  1.30e-014  7.80e-019  
4.42181e+016 1.87e-022  9.90e-001  1.00e-002  2.06e-005  9.04e-006  4.22e-005  8.29e-007  4.26e-007  6.53e-013  9.42e-015  5.67e-019  
4.42811e+016 2.48e-022  9.90e-001  9.98e-003  1.64e-005  7.08e-006  2.87e-005  6.80e-007  2.90e-007  5.47e-013  7.93e-015  4.75e-019  
4.43809e+016 3.94e-022  9.90e-001  1.00e-002  1.12e-005  4.80e-006  1.54e-005  4.95e-007  1.56e-007  4.14e-013  5.97e-015  3.58e-019  
4.45030e+016 6.80e-022  9.90e-001  9.99e-003  7.21e-006  2.94e-006  7.33e-006  3.35e-007  7.40e-008  2.94e-013  4.25e-015  2.54e-019  
4.45401e+016 8.03e-022  9.90e-001  1.00e-002  6.25e-006  2.53e-006  5.80e-006  2.98e-007  5.85e-008  2.65e-013  3.82e-015  2.29e-019  
4.45998e+016 1.03e-021  9.90e-001  1.00e-002  5.07e-006  2.00e-006  4.07e-006  2.48e-007  4.11e-008  2.26e-013  3.26e-015  1.96e-019  
4.46779e+016 1.43e-021  9.90e-001  9.97e-003  3.83e-006  1.46e-006  2.57e-006  1.95e-007  2.59e-008  1.83e-013  2.65e-015  1.58e-019  
4.48006e+016 2.33e-021  9.90e-001  1.00e-002  2.52e-006  9.34e-007  1.32e-006  1.37e-007  1.33e-008  1.36e-013  1.96e-015  1.17e-019  
4.48529e+016 2.87e-021  9.90e-001  1.00e-002  2.10e-006  7.56e-007  9.83e-007  1.18e-007  9.93e-009  1.20e-013  1.73e-015  1.04e-019  
4.48834e+016 3.20e-021  9.90e-001  9.99e-003  1.90e-006  6.78e-007  8.40e-007  1.08e-007  8.46e-009  1.11e-013  1.61e-015  9.65e-020  
4.49346e+016 3.80e-021  9.90e-001  1.00e-002  1.62e-006  5.79e-007  6.61e-007  9.56e-008  6.69e-009  1.01e-013  1.45e-015  8.69e-020  
4.49870e+016 4.52e-021  9.90e-001  1.00e-002  1.39e-006  4.92e-007  5.25e-007  8.46e-008  5.32e-009  9.10e-014  1.31e-015  7.86e-020  
4.50684e+016 5.82e-021  9.90e-001  1.00e-002  1.11e-006  3.83e-007  3.78e-007  7.12e-008  3.83e-009  7.92e-014  1.14e-015  6.84e-020  
4.51867e+016 8.12e-021  9.90e-001  1.00e-002  8.30e-007  2.72e-007  2.49e-007  5.65e-008  2.51e-009  6.65e-014  9.59e-016  5.75e-020  
4.51946e+016 8.42e-021  9.90e-001  1.00e-002  7.95e-007  2.60e-007  2.34e-007  5.53e-008  2.36e-009  6.52e-014  9.39e-016  5.63e-020  
4.52061e+016 8.72e-021  9.90e-001  1.00e-002  7.72e-007  2.50e-007  2.25e-007  5.41e-008  2.27e-009  6.41e-014  9.25e-016  5.54e-020  
4.52265e+016 9.14e-021  9.90e-001  1.00e-002  7.39e-007  2.37e-007  2.11e-007  5.23e-008  2.13e-009  6.26e-014  9.02e-016  5.40e-020  
4.52632e+016 9.96e-021  9.90e-001  1.00e-002  6.85e-007  2.16e-007  1.90e-007  4.93e-008  1.92e-009  5.99e-014  8.64e-016  5.18e-020  
4.53239e+016 1.15e-020  9.90e-001  9.99e-003  6.03e-007  1.84e-007  1.61e-007  4.47e-008  1.62e-009  5.60e-014  8.09e-016  4.85e-020  
4.54167e+016 1.42e-020  9.90e-001  9.97e-003  5.00e-007  1.49e-007  1.28e-007  3.92e-008  1.29e-009  5.13e-014  7.37e-016  4.43e-020  
4.55446e+016 1.88e-020  9.90e-001  1.00e-002  3.90e-007  1.12e-007  9.47e-008  3.33e-008  9.58e-010  4.64e-014  6.71e-016  4.01e-020  
4.55658e+016 1.97e-020  9.90e-001  1.00e-002  3.74e-007  1.06e-007  8.99e-008  3.24e-008  9.09e-010  4.55e-014  6.55e-016  3.93e-020  
4.55697e+016 2.00e-020  9.90e-001  1.00e-002  3.68e-007  1.00e-007  8.70e-008  3.20e-008  8.80e-010  4.51e-014  6.50e-016  3.90e-020  
4.55761e+016 2.02e-020  9.90e-001  1.00e-002  3.65e-007  9.85e-008  8.61e-008  3.19e-008  8.66e-010  4.50e-014  6.48e-016  3.90e-020  
4.55871e+016 2.06e-020  9.90e-001  1.00e-002  3.59e-007  9.66e-008  8.44e-008  3.15e-008  8.49e-010  4.47e-014  6.45e-016  3.87e-020  
4.56066e+016 2.14e-020  9.90e-001  9.99e-003  3.46e-007  9.29e-008  8.13e-008  3.07e-008  8.22e-010  4.41e-014  6.35e-016  3.82e-020  
4.56410e+016 2.28e-020  9.90e-001  1.00e-002  3.25e-007  8.72e-008  7.62e-008  2.97e-008  7.71e-010  4.32e-014  6.22e-016  3.74e-020  
4.56849e+016 2.49e-020  9.90e-001  9.98e-003  2.98e-007  7.98e-008  7.05e-008  2.82e-008  7.13e-010  4.21e-014  6.05e-016  3.63e-020  
4.57241e+016 2.69e-020  9.90e-001  9.97e-003  2.79e-007  7.37e-008  6.55e-008  2.70e-008  6.62e-010  4.09e-014  5.92e-016  3.55e-020  
4.57850e+016 3.00e-020  9.90e-001  1.00e-002  2.53e-007  6.43e-008  5.87e-008  2.53e-008  5.93e-010  3.97e-014  5.73e-016  3.43e-020  
4.58802e+016 3.59e-020  9.90e-001  1.00e-002  2.15e-007  5.13e-008  4.94e-008  2.29e-008  4.99e-010  3.76e-014  5.44e-016  3.26e-020  
4.59720e+016 4.22e-020  9.90e-001  9.99e-003  1.84e-007  4.17e-008  4.24e-008  2.08e-008  4.29e-010  3.60e-014  5.21e-016  3.13e-020  
4.59734e+016 4.24e-020  9.90e-001  9.99e-003  1.83e-007  4.10e-008  4.20e-008  2.08e-008  4.24e-010  3.61e-014  5.19e-016  3.11e-020  
4.59759e+016 4.27e-020  9.90e-001  9.99e-003  1.80e-007  4.03e-008  4.10e-008  2.07e-008  4.14e-010  3.58e-014  5.17e-016  3.09e-020  
4.59802e+016 4.32e-020  9.90e-001  9.99e-003  1.77e-007  3.93e-008  4.05e-008  2.06e-008  4.07e-010  3.59e-014  5.16e-016  3.10e-020  
4.59873e+016 4.37e-020  9.90e-001  9.99e-003  1.75e-007  3.86e-008  4.00e-008  2.05e-008  4.02e-010  3.57e-014  5.14e-016  3.09e-020  
4.59993e+016 4.45e-020  9.90e-001  1.00e-002  1.72e-007  3.77e-008  3.93e-008  2.03e-008  3.97e-010  3.55e-014  5.12e-016  3.08e-020  
4.60196e+016 4.61e-020  9.90e-001  1.00e-002  1.67e-007  3.60e-008  3.80e-008  1.98e-008  3.84e-010  3.52e-014  5.08e-016  3.04e-020  
4.60580e+016 4.90e-020  9.90e-001  1.00e-002  1.57e-007  3.29e-008  3.57e-008  1.91e-008  3.61e-010  3.45e-014  4.98e-016  2.98e-020  
4.61139e+016 5.36e-020  9.90e-001  1.00e-002  1.43e-007  2.95e-008  3.30e-008  1.80e-008  3.32e-010  3.37e-014  4.87e-016  2.93e-020  
4.61801e+016 5.98e-020  9.90e-001  1.00e-002  1.28e-007  2.59e-008  2.98e-008  1.69e-008  3.01e-010  3.28e-014  4.73e-016  2.84e-020  
4.62829e+016 7.06e-020  9.90e-001  1.00e-002  1.07e-007  2.05e-008  2.52e-008  1.53e-008  2.55e-010  3.14e-014  4.53e-016  2.72e-020  
4.63958e+016 8.37e-020  9.90e-001  1.00e-002  8.85e-008  1.55e-008  2.09e-008  1.37e-008  2.11e-010  3.01e-014  4.33e-016  2.60e-020  
4.64165e+016 8.65e-020  9.90e-001  9.99e-003  8.50e-008  1.46e-008  2.02e-008  1.34e-008  2.05e-010  2.98e-014  4.29e-016  2.58e-020  
4.64187e+016 8.69e-020  9.90e-001  1.00e-002  8.35e-008  1.42e-008  1.98e-008  1.34e-008  2.00e-010  2.97e-014  4.28e-016  2.57e-020  
4.64224e+016 8.75e-020  9.90e-001  1.00e-002  8.28e-008  1.36e-008  1.93e-008  1.34e-008  1.95e-010  2.96e-014  4.28e-016  2.56e-020  
4.64286e+016 8.83e-020  9.90e-001  1.00e-002  8.18e-008  1.31e-008  1.91e-008  1.33e-008  1.93e-010  2.96e-014  4.26e-016  2.55e-020  
4.64396e+016 8.97e-020  9.90e-001  1.00e-002  8.00e-008  1.29e-008  1.88e-008  1.30e-008  1.91e-010  2.94e-014  4.25e-016  2.54e-020  
4.64596e+016 9.23e-020  9.90e-001  1.00e-002  7.71e-008  1.23e-008  1.83e-008  1.29e-008  1.85e-010  2.92e-014  4.21e-016  2.52e-020  
4.64933e+016 9.69e-020  9.90e-001  1.00e-002  7.28e-008  1.15e-008  1.74e-008  1.24e-008  1.77e-010  2.88e-014  4.16e-016  2.49e-020  
4.65501e+016 1.05e-019  9.90e-001  1.00e-002  6.64e-008  1.00e-008  1.60e-008  1.17e-008  1.62e-010  2.81e-014  4.06e-016  2.43e-020  
4.66259e+016 1.16e-019  9.90e-001  9.99e-003  5.86e-008  8.13e-009  1.43e-008  1.08e-008  1.45e-010  2.74e-014  3.95e-016  2.37e-020  
4.67450e+016 1.36e-019  9.90e-001  9.97e-003  4.72e-008  6.15e-009  1.18e-008  9.61e-009  1.20e-010  2.61e-014  3.77e-016  2.26e-020  
4.68726e+016 1.60e-019  9.90e-001  1.00e-002  3.68e-008  4.35e-009  9.59e-009  8.46e-009  9.71e-011  2.51e-014  3.62e-016  2.17e-020  
4.69009e+016 1.66e-019  9.90e-001  1.00e-002  3.48e-008  3.98e-009  9.12e-009  8.21e-009  9.24e-011  2.47e-014  3.57e-016  2.14e-020  
4.69024e+016 1.66e-019  9.90e-001  1.00e-002  3.46e-008  3.91e-009  9.12e-009  8.21e-009  9.18e-011  2.47e-014  3.57e-016  2.14e-020  
4.69048e+016 1.67e-019  9.90e-001  1.00e-002  3.46e-008  3.77e-009  8.88e-009  8.16e-009  9.00e-011  2.46e-014  3.55e-016  2.13e-020  
4.69090e+016 1.67e-019  9.90e-001  1.00e-002  3.44e-008  3.55e-009  8.70e-009  8.10e-009  8.82e-011  2.46e-014  3.55e-016  2.13e-020  
4.69160e+016 1.69e-019  9.90e-001  9.96e-003  3.34e-008  3.23e-009  8.48e-009  8.06e-009  8.54e-011  2.44e-014  3.52e-016  2.11e-020  
4.69279e+016 1.71e-019  9.90e-001  9.96e-003  3.27e-008  3.12e-009  8.32e-009  7.97e-009  8.38e-011  2.43e-014  3.51e-016  2.10e-020  
4.69476e+016 1.75e-019  9.90e-001  9.96e-003  3.15e-008  2.99e-009  8.07e-009  7.78e-009  8.18e-011  2.42e-014  3.49e-016  2.09e-020  
4.69806e+016 1.82e-019  9.90e-001  9.96e-003  2.96e-008  2.79e-009  7.70e-009  7.48e-009  7.76e-011  2.39e-014  3.44e-016  2.06e-020  
4.70337e+016 1.93e-019  9.90e-001  1.00e-002  2.66e-008  2.47e-009  7.15e-009  7.15e-009  7.20e-011  2.35e-014  3.38e-016  2.03e-020  
4.70622e+016 2.00e-019  9.90e-001  1.00e-002  2.51e-008  2.29e-009  6.80e-009  6.90e-009  6.90e-011  2.32e-014  3.34e-016  2.00e-020  
4.71061e+016 2.09e-019  9.90e-001  1.00e-002  2.34e-008  2.04e-009  6.41e-009  6.60e-009  6.46e-011  2.29e-014  3.30e-016  1.98e-020  
4.71746e+016 2.26e-019  9.90e-001  9.99e-003  2.06e-008  1.64e-009  5.97e-009  6.10e-009  6.01e-011  2.22e-014  3.21e-016  1.92e-020  
4.72860e+016 2.55e-019  9.90e-001  9.98e-003  1.65e-008  1.14e-009  5.30e-009  5.42e-009  5.34e-011  2.14e-014  3.08e-016  1.85e-020  
4.74240e+016 2.93e-019  9.90e-001  1.00e-002  1.23e-008  7.24e-010  4.57e-009  4.64e-009  4.61e-011  2.03e-014  2.93e-016  1.76e-020  
4.74305e+016 2.95e-019  9.90e-001  1.00e-002  1.21e-008  7.09e-010  4.51e-009  4.61e-009  4.58e-011  2.03e-014  2.93e-016  1.75e-020  
4.74313e+016 2.95e-019  9.90e-001  1.00e-002  1.21e-008  7.05e-010  4.51e-009  4.61e-009  4.58e-011  2.03e-014  2.93e-016  1.75e-020  
4.74348e+016 2.96e-019  9.90e-001  1.00e-002  1.20e-008  6.93e-010  4.49e-009  4.56e-009  4.53e-011  2.03e-014  2.92e-016  1.75e-020  
4.74406e+016 2.98e-019  9.90e-001  1.00e-002  1.18e-008  6.51e-010  4.40e-009  4.53e-009  4.46e-011  2.02e-014  2.91e-016  1.74e-020  
4.74503e+016 3.00e-019  9.90e-001  1.00e-002  1.15e-008  5.73e-010  4.30e-009  4.50e-009  4.33e-011  2.01e-014  2.90e-016  1.74e-020  
4.74676e+016 3.05e-019  9.90e-001  1.00e-002  1.09e-008  5.18e-010  4.13e-009  4.43e-009  4.16e-011  1.99e-014  2.87e-016  1.72e-020  
4.74972e+016 3.13e-019  9.90e-001  1.00e-002  1.02e-008  4.53e-010  3.96e-009  4.28e-009  3.99e-011  1.97e-014  2.84e-016  1.70e-020  
4.75283e+016 3.23e-019  9.90e-001  9.99e-003  9.53e-009  3.99e-010  3.84e-009  4.11e-009  3.87e-011  1.94e-014  2.80e-016  1.68e-020  
4.75365e+016 3.25e-019  9.90e-001  9.99e-003  9.38e-009  3.87e-010  3.81e-009  4.09e-009  3.84e-011  1.94e-014  2.80e-016  1.68e-020  
4.75556e+016 3.31e-019  9.90e-001  1.00e-002  9.02e-009  3.68e-010  3.74e-009  3.98e-009  3.77e-011  1.93e-014  2.78e-016  1.67e-020  
4.75856e+016 3.41e-019  9.90e-001  1.00e-002  8.46e-009  3.40e-010  3.63e-009  3.84e-009  3.66e-011  1.91e-014  2.75e-016  1.65e-020  
4.76342e+016 3.59e-019  9.90e-001  9.98e-003  7.56e-009  2.96e-010  3.46e-009  3.63e-009  3.49e-011  1.87e-014  2.70e-016  1.62e-020  
4.77120e+016 3.86e-019  9.90e-001  1.00e-002  6.22e-009  2.22e-010  3.19e-009  3.32e-009  3.21e-011  1.82e-014  2.64e-016  1.58e-020  
4.78339e+016 4.31e-019  9.90e-001  9.99e-003  4.80e-009  1.39e-010  2.74e-009  2.87e-009  2.76e-011  1.74e-014  2.53e-016  1.51e-020  
4.79819e+016 4.92e-019  9.90e-001  1.00e-002  3.33e-009  6.71e-011  2.28e-009  2.40e-009  2.30e-011  1.65e-014  2.38e-016  1.43e-020  
4.80101e+016 5.04e-019  9.90e-001  1.00e-002  3.11e-009  5.91e-011  2.20e-009  2.30e-009  2.22e-011  1.63e-014  2.36e-016  1.41e-020  
4.80156e+016 5.06e-019  9.90e-001  1.00e-002  3.08e-009  5.77e-011  2.17e-009  2.29e-009  2.19e-011  1.63e-014  2.35e-016  1.41e-020  
4.80288e+016 5.12e-019  9.90e-001  1.00e-002  2.97e-009  5.43e-011  2.15e-009  2.25e-009  2.17e-011  1.62e-014  2.34e-016  1.40e-020  
4.80511e+016 5.22e-019  9.90e-001  1.00e-002  2.80e-009  4.84e-011  2.07e-009  2.18e-009  2.09e-011  1.61e-014  2.32e-016  1.39e-020  
4.80875e+016 5.38e-019  9.90e-001  9.99e-003  2.53e-009  3.92e-011  1.97e-009  2.10e-009  1.99e-011  1.59e-014  2.28e-016  1.37e-020  
4.81463e+016 5.66e-019  9.90e-001  1.00e-002  2.16e-009  2.78e-011  1.80e-009  1.94e-009  1.82e-011  1.56e-014  2.25e-016  1.34e-020  
4.82445e+016 6.15e-019  9.90e-001  1.00e-002  1.64e-009  1.76e-011  1.57e-009  1.71e-009  1.59e-011  1.50e-014  2.16e-016  1.30e-020  
4.83636e+016 6.80e-019  9.90e-001  1.00e-002  1.16e-009  9.27e-012  1.34e-009  1.46e-009  1.35e-011  1.44e-014  2.07e-016  1.24e-020  
4.84912e+016 7.56e-019  9.90e-001  1.00e-002  7.73e-010  4.37e-012  1.12e-009  1.23e-009  1.13e-011  1.38e-014  1.99e-016  1.19e-020  
4.86294e+016 8.46e-019  9.90e-001  9.99e-003  4.88e-010  1.91e-012  9.07e-010  1.02e-009  9.17e-012  1.31e-014  1.88e-016  1.13e-020  
4.87591e+016 9.39e-019  9.90e-001  1.00e-002  3.10e-010  7.80e-013  7.48e-010  8.55e-010  7.57e-012  1.25e-014  1.80e-016  1.08e-020  
4.88968e+016 1.05e-018  9.90e-001  1.00e-002  1.86e-010  2.67e-013  5.98e-010  7.02e-010  6.04e-012  1.18e-014  1.70e-016  1.03e-020  
4.90444e+016 1.17e-018  9.90e-001  1.01e-002  1.02e-010  7.66e-014  4.75e-010  5.70e-010  4.80e-012  1.14e-014  1.63e-016  9.81e-021  
4.91980e+016 1.32e-018  9.90e-001  1.01e-002  5.15e-011  1.81e-014  3.66e-010  4.53e-010  3.69e-012  1.07e-014  1.54e-016  9.22e-021  
4.93317e+016 1.46e-018  9.90e-001  1.00e-002  2.64e-011  4.40e-015  2.91e-010  3.70e-010  2.94e-012  1.02e-014  1.47e-016  8.88e-021  
4.94239e+016 1.58e-018  9.90e-001  1.00e-002  1.54e-011  1.31e-015  2.47e-010  3.20e-010  2.50e-012  9.90e-015  1.43e-016  8.57e-021  
4.95192e+016 1.70e-018  9.90e-001  9.96e-003  8.78e-012  3.65e-016  2.07e-010  2.75e-010  2.09e-012  9.55e-015  1.38e-016  8.25e-021  
4.96202e+016 1.83e-018  9.90e-001  1.00e-002  5.09e-012  1.12e-016  1.73e-010  2.34e-010  1.75e-012  9.24e-015  1.33e-016  7.99e-021  
4.97297e+016 1.98e-018  9.90e-001  1.00e-002  2.61e-012  2.24e-017  1.42e-010  1.96e-010  1.44e-012  8.94e-015  1.29e-016  7.73e-021  
4.98461e+016 2.16e-018  9.90e-001  9.99e-003  1.17e-012  3.18e-018  1.14e-010  1.61e-010  1.15e-012  8.60e-015  1.24e-016  7.45e-021  
4.99670e+016 2.35e-018  9.90e-001  1.00e-002  4.55e-013  3.31e-019  9.13e-011  1.33e-010  9.22e-013  8.33e-015  1.20e-016  7.18e-021  
5.00936e+016 2.58e-018  9.90e-001  1.00e-002  1.40e-013  2.47e-020  7.14e-011  1.08e-010  7.22e-013  8.00e-015  1.15e-016  6.91e-021  
5.02240e+016 2.82e-018  9.90e-001  1.00e-002  3.17e-014  8.69e-022  5.57e-011  8.62e-011  5.61e-013  7.70e-015  1.11e-016  6.67e-021  
5.03584e+016 3.08e-018  9.90e-001  1.00e-002  6.75e-015  4.45e-023  4.28e-011  6.78e-011  4.32e-013  7.43e-015  1.07e-016  6.43e-021  
5.05026e+016 3.37e-018  9.90e-001  9.99e-003  1.54e-015  9.75e-025  3.23e-011  5.19e-011  3.26e-013  7.17e-015  1.03e-016  6.19e-021  
5.05959e+016 3.59e-018  9.90e-001  1.00e-002  4.91e-016  4.29e-026  2.75e-011  4.35e-011  2.77e-013  7.00e-015  1.01e-016  6.05e-021  
5.06957e+016 3.83e-018  9.90e-001  1.00e-002  1.13e-016  1.10e-027  2.27e-011  3.68e-011  2.30e-013  6.84e-015  9.87e-017  5.93e-021  
5.07988e+016 4.09e-018  9.90e-001  1.00e-002  1.98e-017  4.57e-029  1.89e-011  3.06e-011  1.90e-013  6.70e-015  9.66e-017  5.79e-021  
5.09058e+016 4.38e-018  9.90e-001  9.99e-003  2.69e-018  8.71e-031  1.58e-011  2.51e-011  1.59e-013  6.55e-015  9.44e-017  5.66e-021  
5.10237e+016 4.72e-018  9.90e-001  1.00e-002  2.59e-019  8.25e-033  1.28e-011  1.99e-011  1.29e-013  6.40e-015  9.22e-017  5.53e-021  
5.11496e+016 5.10e-018  9.90e-001  1.00e-002  1.80e-020  4.23e-035  1.04e-011  1.53e-011  1.05e-013  6.25e-015  9.00e-017  5.39e-021  
5.12843e+016 5.54e-018  9.90e-001  9.99e-003  1.43e-021  1.05e-037  8.35e-012  1.02e-011  8.44e-014  6.12e-015  7.86e-017  4.72e-021  
5.14296e+016 6.03e-018  9.90e-001  1.00e-002  1.15e-022  1.50e-039  6.57e-012  6.47e-012  6.63e-014  5.99e-015  6.82e-017  4.08e-021  
5.15425e+016 6.44e-018  9.90e-001  1.00e-002  3.09e-023  4.07e-041  5.56e-012  4.56e-012  5.62e-014  5.91e-015  6.13e-017  3.68e-021  
5.16792e+016 6.97e-018  9.90e-001  1.00e-002  1.20e-024  4.20e-044  4.53e-012  2.90e-012  4.58e-014  5.83e-015  5.42e-017  3.24e-021  
5.18319e+016 7.61e-018  9.90e-001  9.99e-003  2.39e-026  1.66e-047  3.62e-012  1.70e-012  3.64e-014  5.73e-015  4.75e-017  2.84e-021  
5.19950e+016 8.31e-018  9.90e-001  1.00e-002  3.04e-028  2.73e-051  2.86e-012  9.00e-013  2.90e-014  5.65e-015  4.14e-017  2.48e-021  
5.21655e+016 9.11e-018  9.90e-001  1.00e-002  1.91e-030  2.07e-055  2.24e-012  4.40e-013  2.26e-014  5.59e-015  3.62e-017  2.17e-021  
5.23457e+016 1.00e-017  9.90e-001  9.99e-003  3.56e-032  4.42e-057  1.76e-012  1.88e-013  1.78e-014  5.53e-015  3.17e-017  1.90e-021  
5.25384e+016 1.10e-017  9.90e-001  1.01e-002  1.08e-034  9.99e-061  1.36e-012  7.56e-014  1.38e-014  5.52e-015  2.78e-017  1.66e-021  
5.27451e+016 1.22e-017  9.90e-001  1.01e-002  2.59e-037  1.34e-065  1.05e-012  2.36e-014  1.06e-014  5.48e-015  2.42e-017  1.45e-021  
5.29668e+016 1.36e-017  9.90e-001  1.00e-002  2.79e-040  3.24e-071  7.92e-013  5.21e-015  8.07e-015  5.46e-015  2.11e-017  1.27e-021  
5.31993e+016 1.53e-017  9.90e-001  9.97e-003  1.08e-043  1.55e-078  6.01e-013  5.02e-016  6.08e-015  5.46e-015  1.84e-017  1.10e-021  
5.34440e+016 1.71e-017  9.90e-001  1.00e-002  8.49e-045  2.72e-079  4.52e-013  3.55e-017  4.56e-015  5.47e-015  1.62e-017  9.72e-022  
5.36995e+016 1.91e-017  9.90e-001  1.00e-002  8.80e-050  0.00e+000  3.41e-013  3.06e-018  3.44e-015  5.50e-015  1.42e-017  8.54e-022  
5.39765e+016 2.14e-017  9.90e-001  9.99e-003  5.51e-054  0.00e+000  2.53e-013  6.07e-020  2.55e-015  5.56e-015  1.26e-017  7.57e-022  
5.42627e+016 2.39e-017  9.90e-001  9.98e-003  2.96e-055  0.00e+000  1.90e-013  4.93e-022  1.93e-015  5.64e-015  1.12e-017  6.73e-022  
5.45738e+016 2.68e-017  9.90e-001  1.00e-002  3.73e-061  0.00e+000  1.39e-013  4.97e-024  1.40e-015  5.75e-015  1.00e-017  5.98e-022  
5.49079e+016 3.00e-017  9.90e-001  1.00e-002  1.98e-062  0.00e+000  1.03e-013  3.53e-027  1.04e-015  5.87e-015  8.97e-018  5.37e-022  
5.52575e+016 3.33e-017  9.90e-001  1.00e-002  5.46e-069  0.00e+000  7.62e-014  1.09e-029  7.71e-016  6.06e-015  8.10e-018  4.86e-022  
5.56155e+016 3.68e-017  9.90e-001  1.00e-002  1.00e-070  0.00e+000  5.68e-014  1.18e-033  5.74e-016  6.28e-015  7.40e-018  4.43e-022  
5.59918e+016 4.04e-017  9.90e-001  1.00e-002  1.98e-077  0.00e+000  4.31e-014  1.23e-036  4.36e-016  6.53e-015  6.81e-018  4.06e-022  
5.63913e+016 4.40e-017  9.90e-001  9.99e-003  2.91e-080  0.00e+000  3.29e-014  1.23e-040  3.32e-016  6.83e-015  6.31e-018  3.79e-022  
5.68226e+016 4.77e-017  9.90e-001  1.00e-002  0.00e+000  0.00e+000  2.52e-014  6.98e-048  2.54e-016  7.22e-015  5.94e-018  3.54e-022  
5.72780e+016 5.12e-017  9.90e-001  1.00e-002  0.00e+000  0.00e+000  1.93e-014  2.85e-049  1.94e-016  7.65e-015  5.62e-018  3.36e-022  
5.77650e+016 5.45e-017  9.90e-001  9.99e-003  0.00e+000  0.00e+000  1.51e-014  2.66e-057  1.53e-016  8.20e-015  5.39e-018  3.23e-022  
5.82707e+016 5.74e-017  9.90e-001  1.00e-002  0.00e+000  0.00e+000  1.21e-014  7.62e-062  1.23e-016  8.82e-015  5.23e-018  3.12e-022  
5.88124e+016 5.98e-017  9.90e-001  1.00e-002  0.00e+000  0.00e+000  9.75e-015  1.79e-071  9.85e-017  9.53e-015  5.13e-018  3.06e-022  
5.93801e+016 6.16e-017  9.90e-001  1.00e-002  0.00e+000  0.00e+000  8.08e-015  4.79e-076  8.16e-017  1.04e-014  5.10e-018  3.05e-022  
5.99878e+016 6.29e-017  9.90e-001  1.00e-002  0.00e+000  0.00e+000  6.74e-015  0.00e+000  6.80e-017  1.14e-014  5.12e-018  3.05e-022  
6.06254e+016 6.36e-017  9.90e-001  1.00e-002  0.00e+000  0.00e+000  5.77e-015  0.00e+000  5.83e-017  1.25e-014  5.20e-018  3.11e-022  
6.12860e+016 6.39e-017  9.90e-001  9.99e-003  0.00e+000  0.00e+000  5.08e-015  0.00e+000  5.13e-017  1.37e-014  5.33e-018  3.19e-022  
6.19772e+016 6.38e-017  9.90e-001  9.99e-003  0.00e+000  0.00e+000  4.53e-015  0.00e+000  4.57e-017  1.52e-014  5.51e-018  3.31e-022  
6.27006e+016 6.34e-017  9.90e-001  1.00e-002  0.00e+000  0.00e+000  4.11e-015  0.00e+000  4.15e-017  1.69e-014  5.77e-018  3.45e-022  
6.34752e+016 6.29e-017  9.90e-001  1.00e-002  0.00e+000  0.00e+000  3.81e-015  0.00e+000  3.85e-017  1.88e-014  6.10e-018  3.64e-022  
6.43223e+016 6.22e-017  9.90e-001  1.00e-002  0.00e+000  0.00e+000  3.62e-015  0.00e+000  3.65e-017  2.11e-014  6.53e-018  3.89e-022  
6.52408e+016 6.15e-017  9.90e-001  1.00e-002  0.00e+000  0.00e+000  3.53e-015  0.00e+000  3.56e-017  2.39e-014  7.06e-018  4.21e-022  
6.62440e+016 6.11e-017  9.90e-001  1.00e-002  0.00e+000  0.00e+000  3.49e-015  0.00e+000  3.52e-017  2.73e-014  7.74e-018  4.61e-022  
6.73219e+016 6.08e-017  9.90e-001  1.00e-002  0.00e+000  0.00e+000  3.54e-015  0.00e+000  3.59e-017  3.16e-014  8.60e-018  5.13e-022  
6.84641e+016 6.10e-017  9.90e-001  1.00e-002  0.00e+000  0.00e+000  3.72e-015  0.00e+000  3.75e-017  3.67e-014  9.67e-018  5.77e-022  
6.96945e+016 6.16e-017  9.90e-001  1.00e-002  0.00e+000  0.00e+000  4.04e-015  0.00e+000  4.07e-017  4.33e-014  1.11e-017  6.59e-022  
7.10391e+016 6.30e-017  9.90e-001  1.00e-002  0.00e+000  0.00e+000  4.55e-015  0.00e+000  4.60e-017  5.17e-014  1.28e-017  7.65e-022  
7.25155e+016 6.53e-017  9.90e-001  1.00e-002  0.00e+000  0.00e+000  5.39e-015  0.00e+000  5.44e-017  6.31e-014  1.52e-017  9.07e-022  
7.42223e+016 6.91e-017  9.90e-001  1.00e-002  0.00e+000  0.00e+000  6.77e-015  0.00e+000  6.85e-017  7.93e-014  1.87e-017  1.11e-021  
7.63108e+016 7.55e-017  9.90e-001  1.00e-002  0.00e+000  0.00e+000  9.38e-015  0.00e+000  9.48e-017  1.05e-013  2.41e-017  1.43e-021  
7.86896e+016 8.55e-017  9.90e-001  1.00e-002  0.00e+000  0.00e+000  1.43e-014  0.00e+000  1.44e-016  1.46e-013  3.25e-017  1.94e-021  
8.18150e+016 1.03e-016  9.90e-001  1.00e-002  0.00e+000  0.00e+000  2.61e-014  0.00e+000  2.64e-016  2.26e-013  4.88e-017  2.91e-021  
8.55776e+016 1.32e-016  9.90e-001  9.98e-003  0.00e+000  0.00e+000  5.70e-014  0.00e+000  5.76e-016  3.81e-013  8.01e-017  4.75e-021  
9.00548e+016 1.77e-016  9.90e-001  9.96e-003  0.00e+000  0.00e+000  1.51e-013  0.00e+000  1.53e-015  7.07e-013  1.44e-016  8.54e-021  
9.53916e+016 2.38e-016  9.90e-001  1.00e-002  0.00e+000  0.00e+000  4.99e-013  0.00e+000  5.08e-015  1.48e-012  2.91e-016  1.73e-020  
1.01535e+017 3.13e-016  9.90e-001  1.00e-002  0.00e+000  0.00e+000  1.98e-012  0.00e+000  2.00e-014  3.35e-012  6.42e-016  3.80e-020  
1.09249e+017 3.92e-016  9.90e-001  1.00e-002  0.00e+000  0.00e+000  1.01e-011  0.00e+000  1.02e-013  8.60e-012  1.60e-015  9.52e-020  
1.19176e+017 4.58e-016  9.90e-001  9.99e-003  0.00e+000  0.00e+000  5.46e-011  0.00e+000  5.51e-013  2.27e-011  4.11e-015  2.45e-019  
1.32448e+017 5.19e-016  9.90e-001  1.00e-002  0.00e+000  0.00e+000  1.81e-010  0.00e+000  1.83e-012  4.64e-011  8.19e-015  4.87e-019  
