! 0       *H + *C2O -> *HC2O
! 1       *H + *C2O -> HC2O
! 2       *C2O + He -> C2O + He
! 3       *C2O + H2 -> C2O + H2
! 4       *C2O + CO -> C2O + CO
! 5       *C + *C2O -> *C3O
! 6       *C + *C2O -> C3O
! 7       *C2O + CRPhoton -> *CO + *C
! 8       *C2O + CRPhoton -> *C2 + *O
! 9       *C2O + ISPhoton -> *CO + *C
!            tot_rate   0          1          2          3          4          5          6          7          8          9          
1.58188e+013 4.76e-021  9.90e-001  1.00e-002  0.00e+000  0.00e+000  0.00e+000  3.22e-007  3.26e-009  1.14e-011  1.14e-011  1.05e-014  
3.50727e+014 4.76e-021  9.90e-001  1.00e-002  0.00e+000  0.00e+000  0.00e+000  3.22e-007  3.26e-009  1.14e-011  1.14e-011  1.05e-014  
5.21628e+015 4.79e-021  9.90e-001  1.00e-002  0.00e+000  0.00e+000  0.00e+000  3.22e-007  3.24e-009  1.14e-011  1.14e-011  1.05e-014  
2.67137e+016 1.75e-020  9.90e-001  1.00e-002  0.00e+000  0.00e+000  0.00e+000  1.95e-007  1.97e-009  1.13e-011  1.13e-011  1.04e-014  
3.33598e+016 3.16e-020  9.90e-001  9.99e-003  0.00e+000  0.00e+000  2.05e-053  1.20e-007  1.21e-009  1.17e-011  1.17e-011  1.08e-014  
3.42055e+016 2.38e-020  9.90e-001  1.00e-002  0.00e+000  0.00e+000  5.16e-021  1.44e-007  1.46e-009  1.46e-011  1.46e-011  1.35e-014  
3.44017e+016 2.17e-020  9.90e-001  9.99e-003  0.00e+000  0.00e+000  2.17e-016  1.54e-007  1.56e-009  1.57e-011  1.57e-011  1.45e-014  
3.46353e+016 1.91e-020  9.90e-001  9.95e-003  0.00e+000  0.00e+000  5.61e-013  1.69e-007  1.70e-009  1.74e-011  1.74e-011  1.61e-014  
3.48860e+016 1.62e-020  9.90e-001  1.00e-002  0.00e+000  0.00e+000  8.29e-012  1.91e-007  1.93e-009  2.00e-011  2.00e-011  1.84e-014  
3.51370e+016 1.33e-020  9.90e-001  9.98e-003  3.19e-071  0.00e+000  4.52e-011  2.21e-007  2.24e-009  2.35e-011  2.35e-011  2.16e-014  
3.53250e+016 1.13e-020  9.90e-001  9.99e-003  1.52e-055  0.00e+000  1.33e-010  2.54e-007  2.56e-009  2.71e-011  2.71e-011  2.50e-014  
3.55515e+016 9.07e-021  9.90e-001  1.00e-002  3.04e-037  0.00e+000  4.34e-010  3.08e-007  3.10e-009  3.33e-011  3.33e-011  3.06e-014  
3.57182e+016 7.56e-021  9.90e-001  1.00e-002  1.21e-025  0.00e+000  1.02e-009  3.63e-007  3.67e-009  3.97e-011  3.97e-011  3.65e-014  
3.58524e+016 6.43e-021  9.90e-001  9.99e-003  2.86e-019  0.00e+000  2.04e-009  4.21e-007  4.26e-009  4.65e-011  4.65e-011  4.27e-014  
3.60047e+016 5.27e-021  9.90e-001  9.99e-003  5.82e-013  4.04e-071  3.02e-009  5.08e-007  5.14e-009  5.67e-011  5.67e-011  5.22e-014  
3.61718e+016 4.16e-021  9.90e-001  1.00e-002  1.11e-009  1.24e-044  4.85e-009  6.39e-007  6.46e-009  7.18e-011  7.18e-011  6.61e-014  
3.62899e+016 3.47e-021  9.90e-001  1.00e-002  1.64e-008  2.58e-036  7.19e-009  7.66e-007  7.71e-009  8.63e-011  8.63e-011  7.94e-014  
3.63893e+016 2.99e-021  9.90e-001  1.00e-002  7.02e-008  3.20e-024  1.04e-008  8.93e-007  9.00e-009  1.01e-010  1.01e-010  9.33e-014  
3.64972e+016 2.58e-021  9.90e-001  9.98e-003  2.76e-007  1.14e-014  1.63e-008  1.07e-006  1.08e-008  1.22e-010  1.22e-010  1.12e-013  
3.66124e+016 2.43e-021  9.90e-001  9.98e-003  8.79e-007  1.47e-010  2.75e-008  1.29e-006  1.31e-008  1.48e-010  1.48e-010  1.36e-013  
3.67348e+016 3.24e-021  9.90e-001  9.99e-003  2.77e-006  2.66e-008  5.09e-008  1.61e-006  1.63e-008  1.81e-010  1.81e-010  1.67e-013  
3.68621e+016 4.28e-021  9.90e-001  9.99e-003  7.73e-006  5.63e-007  9.78e-008  1.84e-006  1.85e-008  2.10e-010  2.10e-010  1.93e-013  
3.69700e+016 2.94e-021  9.90e-001  1.00e-002  1.81e-005  2.59e-006  1.85e-007  2.10e-006  2.12e-008  2.39e-010  2.39e-010  2.20e-013  
3.70376e+016 2.17e-021  9.90e-001  9.99e-003  3.08e-005  5.76e-006  2.90e-007  2.31e-006  2.33e-008  2.62e-010  2.62e-010  2.40e-013  
3.71087e+016 1.62e-021  9.90e-001  1.00e-002  5.22e-005  1.24e-005  4.80e-007  2.53e-006  2.56e-008  2.85e-010  2.85e-010  2.62e-013  
3.71826e+016 1.23e-021  9.90e-001  1.01e-002  8.92e-005  2.52e-005  8.36e-007  2.74e-006  2.77e-008  3.04e-010  3.04e-010  2.80e-013  
3.72589e+016 9.76e-022  9.90e-001  9.99e-003  1.49e-004  4.92e-005  1.51e-006  2.90e-006  2.93e-008  3.15e-010  3.15e-010  2.89e-013  
3.73370e+016 8.00e-022  9.90e-001  1.00e-002  2.42e-004  9.08e-005  2.79e-006  2.99e-006  3.01e-008  3.11e-010  3.11e-010  2.86e-013  
3.74165e+016 6.86e-022  9.89e-001  1.00e-002  3.80e-004  1.63e-004  5.07e-006  3.02e-006  3.05e-008  2.93e-010  2.93e-010  2.70e-013  
3.74829e+016 6.32e-022  9.89e-001  1.00e-002  5.52e-004  2.55e-004  8.10e-006  3.12e-006  3.15e-008  2.69e-010  2.69e-010  2.47e-013  
3.75505e+016 6.36e-022  9.89e-001  9.98e-003  7.88e-004  4.04e-004  1.25e-005  3.77e-006  3.80e-008  2.37e-010  2.37e-010  2.19e-013  
3.76194e+016 8.37e-022  9.88e-001  9.99e-003  1.17e-003  6.39e-004  1.92e-005  4.93e-006  4.99e-008  2.02e-010  2.02e-010  1.85e-013  
3.76839e+016 2.73e-021  9.87e-001  9.98e-003  1.80e-003  1.08e-003  3.07e-005  4.18e-006  4.22e-008  1.55e-010  1.55e-010  1.43e-013  
3.76854e+016 2.87e-021  9.87e-001  9.94e-003  1.81e-003  1.08e-003  3.10e-005  4.19e-006  4.22e-008  1.53e-010  1.53e-010  1.41e-013  
3.76877e+016 3.11e-021  9.87e-001  9.97e-003  1.85e-003  1.11e-003  3.16e-005  4.24e-006  4.31e-008  1.51e-010  1.51e-010  1.39e-013  
3.76917e+016 3.58e-021  9.87e-001  9.98e-003  1.91e-003  1.15e-003  3.27e-005  4.39e-006  4.42e-008  1.48e-010  1.48e-010  1.36e-013  
3.76980e+016 4.60e-021  9.87e-001  9.98e-003  2.02e-003  1.22e-003  3.48e-005  4.61e-006  4.65e-008  1.41e-010  1.41e-010  1.30e-013  
3.77083e+016 7.32e-021  9.86e-001  9.96e-003  2.21e-003  1.35e-003  3.84e-005  5.15e-006  5.21e-008  1.29e-010  1.29e-010  1.18e-013  
3.77248e+016 1.79e-020  9.86e-001  9.97e-003  2.66e-003  1.63e-003  4.67e-005  6.66e-006  6.78e-008  1.06e-010  1.06e-010  9.80e-014  
3.77450e+016 5.98e-020  9.84e-001  9.94e-003  3.96e-003  2.49e-003  7.08e-005  1.29e-005  1.30e-007  7.58e-011  7.58e-011  6.97e-014  
3.77655e+016 3.29e-020  9.53e-001  9.62e-003  2.25e-002  1.45e-002  3.96e-004  4.47e-004  4.50e-006  1.06e-010  1.06e-010  9.74e-014  
3.77936e+016 1.33e-020  9.38e-001  9.53e-003  3.12e-002  2.08e-002  5.34e-004  4.40e-004  4.44e-006  1.37e-010  1.37e-010  1.25e-013  
3.78016e+016 1.33e-020  9.32e-001  9.47e-003  3.46e-002  2.32e-002  5.88e-004  3.97e-004  4.01e-006  1.48e-010  1.48e-010  1.36e-013  
3.78111e+016 1.35e-020  9.25e-001  9.32e-003  3.88e-002  2.62e-002  6.51e-004  3.64e-004  3.68e-006  1.61e-010  1.61e-010  1.49e-013  
3.78273e+016 1.37e-020  9.10e-001  9.25e-003  4.71e-002  3.21e-002  7.79e-004  3.43e-004  3.46e-006  1.88e-010  1.88e-010  1.73e-013  
3.78530e+016 1.41e-020  8.84e-001  8.91e-003  6.24e-002  4.33e-002  1.01e-003  3.39e-004  3.43e-006  2.34e-010  2.34e-010  2.16e-013  
3.78818e+016 1.45e-020  8.47e-001  8.54e-003  8.33e-002  5.94e-002  1.32e-003  3.53e-004  3.57e-006  2.92e-010  2.92e-010  2.69e-013  
3.79076e+016 1.44e-020  8.06e-001  8.20e-003  1.06e-001  7.78e-002  1.65e-003  3.58e-004  3.61e-006  3.53e-010  3.53e-010  3.25e-013  
3.79253e+016 1.44e-020  7.83e-001  7.90e-003  1.18e-001  8.87e-002  1.82e-003  3.49e-004  3.53e-006  3.81e-010  3.81e-010  3.51e-013  
3.79502e+016 1.45e-020  7.47e-001  7.61e-003  1.38e-001  1.04e-001  2.09e-003  3.36e-004  3.39e-006  4.21e-010  4.21e-010  3.87e-013  
3.79755e+016 1.45e-020  7.11e-001  7.18e-003  1.59e-001  1.21e-001  2.35e-003  3.21e-004  3.24e-006  4.59e-010  4.59e-010  4.22e-013  
3.79897e+016 1.46e-020  6.92e-001  6.99e-003  1.68e-001  1.30e-001  2.47e-003  3.10e-004  3.13e-006  4.75e-010  4.75e-010  4.38e-013  
3.79918e+016 1.46e-020  6.87e-001  6.94e-003  1.71e-001  1.32e-001  2.51e-003  3.10e-004  3.13e-006  4.80e-010  4.80e-010  4.42e-013  
3.79956e+016 1.46e-020  6.82e-001  6.87e-003  1.74e-001  1.35e-001  2.54e-003  3.07e-004  3.10e-006  4.85e-010  4.85e-010  4.46e-013  
3.80017e+016 1.46e-020  6.73e-001  6.79e-003  1.78e-001  1.39e-001  2.60e-003  3.03e-004  3.06e-006  4.93e-010  4.93e-010  4.54e-013  
3.80129e+016 1.46e-020  6.55e-001  6.61e-003  1.88e-001  1.48e-001  2.72e-003  2.95e-004  2.98e-006  5.08e-010  5.08e-010  4.66e-013  
3.80319e+016 1.46e-020  6.25e-001  6.32e-003  2.02e-001  1.63e-001  2.91e-003  2.82e-004  2.84e-006  5.32e-010  5.32e-010  4.89e-013  
3.80578e+016 1.47e-020  5.87e-001  5.93e-003  2.23e-001  1.81e-001  3.16e-003  2.63e-004  2.66e-006  5.60e-010  5.60e-010  5.15e-013  
3.80629e+016 1.47e-020  5.79e-001  5.86e-003  2.27e-001  1.85e-001  3.21e-003  2.59e-004  2.61e-006  5.64e-010  5.64e-010  5.20e-013  
3.80713e+016 1.47e-020  5.67e-001  5.73e-003  2.33e-001  1.90e-001  3.28e-003  2.53e-004  2.55e-006  5.72e-010  5.72e-010  5.26e-013  
3.80859e+016 1.47e-020  5.48e-001  5.53e-003  2.44e-001  2.00e-001  3.40e-003  2.42e-004  2.45e-006  5.85e-010  5.85e-010  5.38e-013  
3.81083e+016 1.48e-020  5.16e-001  5.22e-003  2.59e-001  2.16e-001  3.57e-003  2.25e-004  2.27e-006  6.01e-010  6.01e-010  5.53e-013  
3.81265e+016 1.48e-020  4.92e-001  4.98e-003  2.70e-001  2.29e-001  3.71e-003  2.11e-004  2.13e-006  6.13e-010  6.13e-010  5.64e-013  
3.81480e+016 1.48e-020  4.65e-001  4.70e-003  2.83e-001  2.43e-001  3.86e-003  1.93e-004  1.95e-006  6.24e-010  6.24e-010  5.74e-013  
3.81769e+016 1.48e-020  4.33e-001  4.37e-003  2.99e-001  2.59e-001  4.02e-003  1.71e-004  1.73e-006  6.34e-010  6.34e-010  5.84e-013  
3.81836e+016 1.48e-020  4.26e-001  4.30e-003  3.03e-001  2.63e-001  4.06e-003  1.66e-004  1.68e-006  6.36e-010  6.36e-010  5.86e-013  
3.81952e+016 1.48e-020  4.14e-001  4.18e-003  3.09e-001  2.69e-001  4.13e-003  1.58e-004  1.59e-006  6.40e-010  6.40e-010  5.89e-013  
3.82149e+016 1.46e-020  3.93e-001  3.97e-003  3.18e-001  2.81e-001  4.21e-003  1.41e-004  1.43e-006  6.43e-010  6.43e-010  5.91e-013  
3.82433e+016 1.42e-020  3.66e-001  3.69e-003  3.29e-001  2.97e-001  4.34e-003  1.19e-004  1.21e-006  6.48e-010  6.48e-010  5.96e-013  
3.82740e+016 1.27e-020  3.37e-001  3.41e-003  3.43e-001  3.12e-001  4.47e-003  9.51e-005  9.59e-007  6.52e-010  6.52e-010  5.99e-013  
3.83054e+016 8.70e-021  3.12e-001  3.15e-003  3.55e-001  3.25e-001  4.59e-003  7.22e-005  7.30e-007  6.54e-010  6.54e-010  6.02e-013  
3.83376e+016 3.23e-021  2.86e-001  2.89e-003  3.66e-001  3.41e-001  4.68e-003  5.08e-005  5.11e-007  6.54e-010  6.54e-010  6.01e-013  
3.83751e+016 8.43e-022  2.60e-001  2.62e-003  3.76e-001  3.57e-001  4.79e-003  3.01e-005  3.05e-007  6.51e-010  6.51e-010  5.99e-013  
3.84132e+016 4.86e-022  2.37e-001  2.39e-003  3.87e-001  3.69e-001  4.86e-003  1.66e-005  1.68e-007  6.47e-010  6.47e-010  5.95e-013  
3.84531e+016 4.61e-022  2.15e-001  2.17e-003  3.94e-001  3.84e-001  4.94e-003  8.97e-006  9.06e-008  6.44e-010  6.44e-010  5.92e-013  
3.84962e+016 4.70e-022  1.97e-001  1.98e-003  4.00e-001  3.96e-001  5.00e-003  4.68e-006  4.73e-008  6.35e-010  6.35e-010  5.86e-013  
3.85449e+016 4.82e-022  1.79e-001  1.81e-003  4.07e-001  4.07e-001  5.02e-003  2.37e-006  2.39e-008  6.25e-010  6.25e-010  5.75e-013  
3.85990e+016 4.98e-022  1.64e-001  1.65e-003  4.14e-001  4.16e-001  5.06e-003  1.56e-006  1.57e-008  6.13e-010  6.13e-010  5.64e-013  
3.86597e+016 5.17e-022  1.50e-001  1.51e-003  4.16e-001  4.28e-001  5.09e-003  2.82e-006  2.84e-008  6.02e-010  6.02e-010  5.53e-013  
3.87288e+016 1.82e-022  1.39e-001  1.40e-003  4.19e-001  4.36e-001  5.10e-003  1.05e-005  1.07e-007  5.88e-010  5.88e-010  5.40e-013  
3.88139e+016 5.85e-022  1.33e-001  1.34e-003  4.21e-001  4.40e-001  5.10e-003  4.76e-005  4.81e-007  5.71e-010  5.71e-010  5.25e-013  
3.89093e+016 6.40e-022  1.34e-001  1.35e-003  4.17e-001  4.42e-001  5.02e-003  1.74e-004  1.75e-006  5.50e-010  5.50e-010  5.07e-013  
3.90068e+016 7.07e-022  1.43e-001  1.44e-003  4.10e-001  4.40e-001  4.92e-003  4.50e-004  4.54e-006  5.29e-010  5.29e-010  4.87e-013  
3.91088e+016 8.03e-022  1.63e-001  1.64e-003  3.99e-001  4.31e-001  4.78e-003  8.91e-004  8.99e-006  5.04e-010  5.04e-010  4.65e-013  
3.92181e+016 9.63e-022  1.95e-001  1.97e-003  3.82e-001  4.14e-001  4.58e-003  1.45e-003  1.46e-005  4.77e-010  4.77e-010  4.38e-013  
3.93325e+016 1.27e-021  2.42e-001  2.44e-003  3.60e-001  3.89e-001  4.31e-003  2.00e-003  2.01e-005  4.44e-010  4.44e-010  4.08e-013  
3.94519e+016 1.86e-021  2.99e-001  3.02e-003  3.33e-001  3.59e-001  3.98e-003  2.42e-003  2.44e-005  4.07e-010  4.07e-010  3.74e-013  
3.95803e+016 2.99e-021  3.68e-001  3.71e-003  2.99e-001  3.23e-001  3.61e-003  2.67e-003  2.70e-005  3.64e-010  3.64e-010  3.38e-013  
3.97190e+016 4.91e-021  4.44e-001  4.48e-003  2.63e-001  2.83e-001  3.18e-003  2.73e-003  2.75e-005  3.22e-010  3.22e-010  2.97e-013  
3.98699e+016 7.61e-021  5.23e-001  5.28e-003  2.25e-001  2.42e-001  2.75e-003  2.63e-003  2.65e-005  2.79e-010  2.79e-010  2.58e-013  
4.00514e+016 1.11e-020  6.07e-001  6.14e-003  1.85e-001  1.97e-001  2.29e-003  2.38e-003  2.41e-005  2.33e-010  2.33e-010  2.15e-013  
4.02549e+016 1.42e-020  6.88e-001  6.95e-003  1.47e-001  1.54e-001  1.85e-003  2.07e-003  2.09e-005  1.90e-010  1.90e-010  1.76e-013  
4.04761e+016 1.59e-020  7.60e-001  7.66e-003  1.14e-001  1.16e-001  1.46e-003  1.70e-003  1.72e-005  1.52e-010  1.52e-010  1.41e-013  
4.07070e+016 1.58e-020  8.19e-001  8.25e-003  8.57e-002  8.50e-002  1.13e-003  1.36e-003  1.38e-005  1.21e-010  1.21e-010  1.11e-013  
4.09451e+016 1.41e-020  8.66e-001  8.73e-003  6.27e-002  6.04e-002  8.45e-004  1.05e-003  1.06e-005  9.30e-011  9.30e-011  8.59e-014  
4.11988e+016 1.16e-020  9.05e-001  9.14e-003  4.35e-002  4.07e-002  6.10e-004  7.48e-004  7.56e-006  6.97e-011  6.97e-011  6.44e-014  
4.14624e+016 9.17e-021  9.34e-001  9.43e-003  2.91e-002  2.61e-002  4.23e-004  4.87e-004  4.93e-006  5.06e-011  5.06e-011  4.69e-014  
4.17462e+016 7.39e-021  9.56e-001  9.66e-003  1.83e-002  1.54e-002  2.76e-004  2.75e-004  2.77e-006  3.50e-011  3.50e-011  3.25e-014  
4.20512e+016 6.58e-021  9.71e-001  9.80e-003  1.04e-002  8.46e-003  1.69e-004  1.28e-004  1.29e-006  2.28e-011  2.28e-011  2.11e-014  
4.23867e+016 6.77e-021  9.80e-001  9.91e-003  5.43e-003  4.12e-003  9.41e-005  4.56e-005  4.61e-007  1.38e-011  1.38e-011  1.28e-014  
4.27356e+016 7.95e-021  9.86e-001  9.96e-003  2.59e-003  1.84e-003  4.89e-005  1.31e-005  1.32e-007  7.89e-012  7.89e-012  7.32e-015  
4.30994e+016 1.01e-020  9.88e-001  9.98e-003  1.13e-003  7.40e-004  2.36e-005  3.17e-006  3.21e-008  4.23e-012  4.23e-012  3.92e-015  
4.34671e+016 1.32e-020  9.89e-001  9.97e-003  3.86e-004  2.34e-004  9.14e-006  6.95e-007  7.02e-009  1.84e-012  1.84e-012  1.71e-015  
4.38104e+016 1.73e-020  9.90e-001  9.96e-003  1.23e-004  6.95e-005  3.31e-006  1.97e-007  1.99e-009  7.47e-013  7.47e-013  6.95e-016  
4.41007e+016 2.16e-020  9.90e-001  9.99e-003  4.48e-005  2.35e-005  1.36e-006  8.28e-008  8.37e-010  3.40e-013  3.40e-013  3.15e-016  
4.42181e+016 2.37e-020  9.90e-001  9.98e-003  2.93e-005  1.50e-005  9.35e-007  5.90e-008  5.98e-010  2.45e-013  2.45e-013  2.27e-016  
4.42811e+016 2.49e-020  9.90e-001  9.98e-003  2.34e-005  1.18e-005  7.70e-007  4.77e-008  4.81e-010  2.06e-013  2.06e-013  1.91e-016  
4.43809e+016 2.70e-020  9.90e-001  1.00e-002  1.61e-005  8.05e-006  5.60e-007  3.65e-008  3.69e-010  1.55e-013  1.55e-013  1.44e-016  
4.45030e+016 2.98e-020  9.90e-001  1.00e-002  1.04e-005  5.00e-006  3.79e-007  2.71e-008  2.74e-010  1.10e-013  1.10e-013  1.02e-016  
4.45401e+016 3.06e-020  9.90e-001  1.00e-002  9.05e-006  4.31e-006  3.37e-007  2.52e-008  2.54e-010  9.96e-014  9.96e-014  9.21e-017  
4.45998e+016 3.21e-020  9.90e-001  1.00e-002  7.32e-006  3.39e-006  2.80e-007  2.23e-008  2.25e-010  8.47e-014  8.47e-014  7.85e-017  
4.46779e+016 3.42e-020  9.90e-001  1.00e-002  5.55e-006  2.52e-006  2.20e-007  1.68e-008  1.70e-010  6.89e-014  6.89e-014  6.37e-017  
4.48006e+016 3.79e-020  9.90e-001  1.00e-002  3.67e-006  1.63e-006  1.54e-007  1.14e-008  1.15e-010  5.10e-014  5.10e-014  4.73e-017  
4.48529e+016 3.94e-020  9.90e-001  1.00e-002  3.07e-006  1.33e-006  1.34e-007  1.01e-008  1.01e-010  4.49e-014  4.49e-014  4.16e-017  
4.48834e+016 4.04e-020  9.90e-001  1.00e-002  2.80e-006  1.19e-006  1.23e-007  1.03e-008  1.04e-010  4.18e-014  4.18e-014  3.89e-017  
4.49346e+016 4.21e-020  9.90e-001  9.99e-003  2.40e-006  1.02e-006  1.08e-007  8.95e-009  9.05e-011  3.77e-014  3.77e-014  3.49e-017  
4.49870e+016 4.40e-020  9.90e-001  9.99e-003  2.05e-006  8.72e-007  9.60e-008  7.54e-009  7.61e-011  3.41e-014  3.41e-014  3.16e-017  
4.50684e+016 4.71e-020  9.90e-001  9.99e-003  1.64e-006  6.86e-007  8.07e-008  6.16e-009  6.22e-011  2.97e-014  2.97e-014  2.74e-017  
4.51867e+016 5.18e-020  9.90e-001  1.00e-002  1.24e-006  4.94e-007  6.43e-008  5.11e-009  5.17e-011  2.49e-014  2.49e-014  2.32e-017  
4.51946e+016 5.20e-020  9.90e-001  1.00e-002  1.19e-006  4.73e-007  6.29e-008  5.06e-009  5.11e-011  2.44e-014  2.44e-014  2.27e-017  
4.52061e+016 5.24e-020  9.90e-001  1.00e-002  1.15e-006  4.58e-007  6.16e-008  5.38e-009  5.44e-011  2.40e-014  2.40e-014  2.23e-017  
4.52265e+016 5.33e-020  9.90e-001  1.00e-002  1.10e-006  4.35e-007  5.96e-008  5.66e-009  5.72e-011  2.34e-014  2.34e-014  2.17e-017  
4.52632e+016 5.51e-020  9.90e-001  9.99e-003  1.02e-006  3.98e-007  5.61e-008  5.65e-009  5.70e-011  2.25e-014  2.25e-014  2.07e-017  
4.53239e+016 5.79e-020  9.90e-001  1.00e-002  9.07e-007  3.44e-007  5.11e-008  5.17e-009  5.22e-011  2.11e-014  2.11e-014  1.95e-017  
4.54167e+016 6.25e-020  9.90e-001  1.00e-002  7.55e-007  2.80e-007  4.49e-008  4.64e-009  4.69e-011  1.94e-014  1.94e-014  1.79e-017  
4.55446e+016 6.95e-020  9.90e-001  1.00e-002  5.90e-007  2.13e-007  3.81e-008  4.42e-009  4.46e-011  1.74e-014  1.74e-014  1.61e-017  
4.55658e+016 7.07e-020  9.90e-001  1.00e-002  5.66e-007  2.02e-007  3.71e-008  4.40e-009  4.44e-011  1.71e-014  1.71e-014  1.58e-017  
4.55697e+016 7.07e-020  9.90e-001  1.00e-002  5.61e-007  1.94e-007  3.68e-008  4.40e-009  4.44e-011  1.70e-014  1.70e-014  1.57e-017  
4.55761e+016 7.10e-020  9.90e-001  1.00e-002  5.53e-007  1.90e-007  3.65e-008  4.56e-009  4.60e-011  1.69e-014  1.69e-014  1.56e-017  
4.55871e+016 7.17e-020  9.90e-001  1.00e-002  5.44e-007  1.87e-007  3.60e-008  4.82e-009  4.88e-011  1.67e-014  1.67e-014  1.55e-017  
4.56066e+016 7.28e-020  9.90e-001  1.00e-002  5.26e-007  1.80e-007  3.53e-008  5.18e-009  5.23e-011  1.65e-014  1.65e-014  1.54e-017  
4.56410e+016 7.51e-020  9.90e-001  9.99e-003  4.94e-007  1.69e-007  3.40e-008  5.46e-009  5.53e-011  1.61e-014  1.61e-014  1.49e-017  
4.56849e+016 7.79e-020  9.90e-001  1.00e-002  4.57e-007  1.57e-007  3.24e-008  5.55e-009  5.60e-011  1.58e-014  1.58e-014  1.46e-017  
4.57241e+016 8.05e-020  9.90e-001  1.00e-002  4.27e-007  1.45e-007  3.11e-008  5.45e-009  5.50e-011  1.54e-014  1.54e-014  1.43e-017  
4.57850e+016 8.46e-020  9.90e-001  1.00e-002  3.89e-007  1.29e-007  2.92e-008  5.32e-009  5.38e-011  1.49e-014  1.49e-014  1.38e-017  
4.58802e+016 9.16e-020  9.90e-001  1.00e-002  3.33e-007  1.04e-007  2.64e-008  5.36e-009  5.41e-011  1.42e-014  1.42e-014  1.31e-017  
4.59720e+016 9.89e-020  9.90e-001  1.00e-002  2.86e-007  8.66e-008  2.41e-008  5.62e-009  5.68e-011  1.36e-014  1.36e-014  1.25e-017  
4.59734e+016 9.89e-020  9.90e-001  1.00e-002  2.84e-007  8.51e-008  2.41e-008  5.59e-009  5.65e-011  1.36e-014  1.36e-014  1.25e-017  
4.59759e+016 9.88e-020  9.90e-001  1.00e-002  2.79e-007  8.37e-008  2.40e-008  5.57e-009  5.62e-011  1.35e-014  1.35e-014  1.25e-017  
4.59802e+016 9.91e-020  9.90e-001  1.00e-002  2.76e-007  8.21e-008  2.38e-008  5.65e-009  5.70e-011  1.34e-014  1.34e-014  1.24e-017  
4.59873e+016 9.96e-020  9.90e-001  1.00e-002  2.73e-007  8.10e-008  2.37e-008  5.85e-009  5.91e-011  1.34e-014  1.34e-014  1.23e-017  
4.59993e+016 1.01e-019  9.90e-001  1.00e-002  2.68e-007  7.90e-008  2.34e-008  6.15e-009  6.22e-011  1.33e-014  1.33e-014  1.23e-017  
4.60196e+016 1.02e-019  9.90e-001  1.00e-002  2.62e-007  7.62e-008  2.30e-008  6.60e-009  6.67e-011  1.32e-014  1.32e-014  1.23e-017  
4.60580e+016 1.06e-019  9.90e-001  9.99e-003  2.45e-007  6.98e-008  2.21e-008  7.11e-009  7.18e-011  1.29e-014  1.29e-014  1.20e-017  
4.61139e+016 1.11e-019  9.90e-001  9.99e-003  2.24e-007  6.33e-008  2.09e-008  7.52e-009  7.61e-011  1.26e-014  1.26e-014  1.17e-017  
4.61801e+016 1.17e-019  9.90e-001  9.99e-003  2.01e-007  5.63e-008  1.97e-008  7.75e-009  7.83e-011  1.24e-014  1.24e-014  1.14e-017  
4.62829e+016 1.28e-019  9.90e-001  9.98e-003  1.69e-007  4.56e-008  1.78e-008  8.03e-009  8.11e-011  1.18e-014  1.18e-014  1.09e-017  
4.63958e+016 1.40e-019  9.90e-001  1.00e-002  1.41e-007  3.55e-008  1.60e-008  8.55e-009  8.69e-011  1.13e-014  1.13e-014  1.05e-017  
4.64165e+016 1.43e-019  9.90e-001  9.97e-003  1.35e-007  3.36e-008  1.56e-008  8.65e-009  8.72e-011  1.12e-014  1.12e-014  1.03e-017  
4.64187e+016 1.42e-019  9.90e-001  1.00e-002  1.34e-007  3.31e-008  1.57e-008  8.64e-009  8.71e-011  1.12e-014  1.12e-014  1.03e-017  
4.64224e+016 1.42e-019  9.90e-001  1.00e-002  1.33e-007  3.19e-008  1.56e-008  8.57e-009  8.71e-011  1.12e-014  1.12e-014  1.03e-017  
4.64286e+016 1.43e-019  9.90e-001  9.97e-003  1.31e-007  3.11e-008  1.55e-008  8.72e-009  8.78e-011  1.11e-014  1.11e-014  1.02e-017  
4.64396e+016 1.44e-019  9.90e-001  1.00e-002  1.29e-007  3.05e-008  1.54e-008  9.07e-009  9.14e-011  1.11e-014  1.11e-014  1.02e-017  
4.64596e+016 1.47e-019  9.90e-001  9.97e-003  1.24e-007  2.92e-008  1.50e-008  9.56e-009  9.63e-011  1.09e-014  1.09e-014  1.01e-017  
4.64933e+016 1.52e-019  9.90e-001  1.00e-002  1.17e-007  2.74e-008  1.46e-008  1.03e-008  1.04e-010  1.08e-014  1.08e-014  1.00e-017  
4.65501e+016 1.60e-019  9.90e-001  9.96e-003  1.08e-007  2.42e-008  1.37e-008  1.11e-008  1.12e-010  1.05e-014  1.05e-014  9.78e-018  
4.66259e+016 1.70e-019  9.90e-001  1.00e-002  9.55e-008  2.03e-008  1.28e-008  1.19e-008  1.20e-010  1.03e-014  1.03e-014  9.55e-018  
4.67450e+016 1.88e-019  9.90e-001  1.00e-002  7.77e-008  1.59e-008  1.13e-008  1.28e-008  1.29e-010  9.85e-015  9.85e-015  9.10e-018  
4.68726e+016 2.09e-019  9.90e-001  1.00e-002  6.12e-008  1.17e-008  1.00e-008  1.37e-008  1.38e-010  9.33e-015  9.33e-015  8.66e-018  
4.69009e+016 2.13e-019  9.90e-001  1.00e-002  5.82e-008  1.09e-008  9.76e-009  1.40e-008  1.41e-010  9.29e-015  9.29e-015  8.59e-018  
4.69024e+016 2.14e-019  9.90e-001  9.99e-003  5.74e-008  1.06e-008  9.71e-009  1.39e-008  1.40e-010  9.25e-015  9.25e-015  8.55e-018  
4.69048e+016 2.14e-019  9.90e-001  9.99e-003  5.74e-008  1.04e-008  9.67e-009  1.37e-008  1.39e-010  9.20e-015  9.20e-015  8.55e-018  
4.69090e+016 2.14e-019  9.90e-001  9.99e-003  5.70e-008  9.85e-009  9.62e-009  1.36e-008  1.38e-010  9.20e-015  9.20e-015  8.50e-018  
4.69160e+016 2.14e-019  9.90e-001  1.00e-002  5.60e-008  9.25e-009  9.62e-009  1.37e-008  1.39e-010  9.20e-015  9.20e-015  8.50e-018  
4.69279e+016 2.16e-019  9.90e-001  1.00e-002  5.50e-008  8.97e-009  9.48e-009  1.40e-008  1.41e-010  9.16e-015  9.16e-015  8.47e-018  
4.69476e+016 2.20e-019  9.90e-001  9.99e-003  5.31e-008  8.63e-009  9.26e-009  1.44e-008  1.45e-010  9.08e-015  9.08e-015  8.40e-018  
4.69806e+016 2.26e-019  9.90e-001  1.00e-002  4.99e-008  8.09e-009  8.97e-009  1.51e-008  1.52e-010  8.97e-015  8.97e-015  8.31e-018  
4.70337e+016 2.37e-019  9.90e-001  9.98e-003  4.51e-008  7.25e-009  8.51e-009  1.59e-008  1.61e-010  8.80e-015  8.80e-015  8.13e-018  
4.70622e+016 2.43e-019  9.90e-001  9.98e-003  4.27e-008  6.78e-009  8.26e-009  1.62e-008  1.63e-010  8.71e-015  8.71e-015  8.05e-018  
4.71061e+016 2.53e-019  9.90e-001  9.98e-003  3.96e-008  6.10e-009  7.88e-009  1.67e-008  1.68e-010  8.55e-015  8.55e-015  7.92e-018  
4.71746e+016 2.67e-019  9.90e-001  1.00e-002  3.54e-008  5.10e-009  7.39e-009  1.77e-008  1.79e-010  8.36e-015  8.36e-015  7.76e-018  
4.72860e+016 2.93e-019  9.90e-001  1.00e-002  2.87e-008  3.72e-009  6.52e-009  1.92e-008  1.94e-010  8.02e-015  8.02e-015  7.44e-018  
4.74240e+016 3.28e-019  9.90e-001  9.99e-003  2.17e-008  2.54e-009  5.64e-009  2.09e-008  2.11e-010  7.62e-015  7.62e-015  7.07e-018  
4.74305e+016 3.30e-019  9.90e-001  9.99e-003  2.14e-008  2.49e-009  5.57e-009  2.09e-008  2.11e-010  7.60e-015  7.60e-015  7.02e-018  
4.74313e+016 3.30e-019  9.90e-001  9.99e-003  2.14e-008  2.49e-009  5.57e-009  2.09e-008  2.11e-010  7.60e-015  7.60e-015  7.02e-018  
4.74348e+016 3.31e-019  9.90e-001  9.99e-003  2.12e-008  2.44e-009  5.55e-009  2.09e-008  2.11e-010  7.58e-015  7.58e-015  7.03e-018  
4.74406e+016 3.32e-019  9.90e-001  9.99e-003  2.10e-008  2.33e-009  5.51e-009  2.08e-008  2.10e-010  7.55e-015  7.55e-015  7.01e-018  
4.74503e+016 3.33e-019  9.90e-001  1.00e-002  2.04e-008  2.12e-009  5.49e-009  2.07e-008  2.09e-010  7.53e-015  7.53e-015  6.99e-018  
4.74676e+016 3.37e-019  9.90e-001  1.00e-002  1.95e-008  1.95e-009  5.39e-009  2.07e-008  2.09e-010  7.47e-015  7.47e-015  6.91e-018  
4.74972e+016 3.45e-019  9.90e-001  9.99e-003  1.82e-008  1.75e-009  5.21e-009  2.10e-008  2.12e-010  7.38e-015  7.38e-015  6.83e-018  
4.75283e+016 3.55e-019  9.90e-001  9.98e-003  1.72e-008  1.58e-009  5.02e-009  2.14e-008  2.16e-010  7.31e-015  7.31e-015  6.77e-018  
4.75365e+016 3.57e-019  9.90e-001  1.00e-002  1.69e-008  1.54e-009  4.99e-009  2.15e-008  2.18e-010  7.29e-015  7.29e-015  6.76e-018  
4.75556e+016 3.63e-019  9.90e-001  1.00e-002  1.63e-008  1.46e-009  4.88e-009  2.18e-008  2.20e-010  7.22e-015  7.22e-015  6.70e-018  
4.75856e+016 3.72e-019  9.90e-001  1.00e-002  1.54e-008  1.37e-009  4.71e-009  2.21e-008  2.24e-010  7.16e-015  7.16e-015  6.62e-018  
4.76342e+016 3.88e-019  9.90e-001  1.00e-002  1.38e-008  1.21e-009  4.46e-009  2.25e-008  2.27e-010  7.04e-015  7.04e-015  6.50e-018  
4.77120e+016 4.13e-019  9.90e-001  1.00e-002  1.16e-008  9.54e-010  4.09e-009  2.29e-008  2.31e-010  6.85e-015  6.85e-015  6.34e-018  
4.78339e+016 4.57e-019  9.90e-001  1.00e-002  9.09e-009  6.42e-010  3.57e-009  2.28e-008  2.30e-010  6.55e-015  6.55e-015  6.07e-018  
4.79819e+016 5.14e-019  9.90e-001  1.00e-002  6.52e-009  3.56e-010  3.00e-009  2.20e-008  2.24e-010  6.20e-015  6.20e-015  5.74e-018  
4.80101e+016 5.26e-019  9.90e-001  1.00e-002  6.12e-009  3.19e-010  2.89e-009  2.19e-008  2.20e-010  6.14e-015  6.14e-015  5.68e-018  
4.80156e+016 5.28e-019  9.90e-001  9.99e-003  6.06e-009  3.12e-010  2.88e-009  2.18e-008  2.20e-010  6.11e-015  6.11e-015  5.66e-018  
4.80288e+016 5.34e-019  9.90e-001  9.99e-003  5.86e-009  2.98e-010  2.83e-009  2.17e-008  2.19e-010  6.08e-015  6.08e-015  5.63e-018  
4.80511e+016 5.43e-019  9.90e-001  9.99e-003  5.56e-009  2.71e-010  2.74e-009  2.15e-008  2.17e-010  6.04e-015  6.04e-015  5.59e-018  
4.80875e+016 5.59e-019  9.90e-001  1.00e-002  5.07e-009  2.29e-010  2.63e-009  2.11e-008  2.13e-010  5.96e-015  5.96e-015  5.51e-018  
4.81463e+016 5.85e-019  9.90e-001  1.00e-002  4.36e-009  1.73e-010  2.45e-009  2.03e-008  2.05e-010  5.83e-015  5.83e-015  5.40e-018  
4.82445e+016 6.31e-019  9.90e-001  1.00e-002  3.44e-009  1.18e-010  2.17e-009  1.90e-008  1.92e-010  5.62e-015  5.62e-015  5.21e-018  
4.83636e+016 6.94e-019  9.90e-001  1.00e-002  2.51e-009  7.05e-011  1.86e-009  1.74e-008  1.76e-010  5.39e-015  5.39e-015  4.99e-018  
4.84912e+016 7.66e-019  9.90e-001  1.00e-002  1.75e-009  3.84e-011  1.59e-009  1.55e-008  1.57e-010  5.15e-015  5.15e-015  4.77e-018  
4.86294e+016 8.52e-019  9.90e-001  9.99e-003  1.16e-009  1.95e-011  1.33e-009  1.34e-008  1.35e-010  4.90e-015  4.90e-015  4.53e-018  
4.87591e+016 9.38e-019  9.90e-001  1.00e-002  7.81e-010  9.47e-012  1.12e-009  1.16e-008  1.17e-010  4.68e-015  4.68e-015  4.33e-018  
4.88968e+016 1.04e-018  9.90e-001  1.00e-002  5.00e-010  4.04e-012  9.30e-010  9.80e-009  9.90e-011  4.45e-015  4.45e-015  4.12e-018  
4.90444e+016 1.16e-018  9.90e-001  9.99e-003  2.96e-010  1.48e-012  7.58e-010  8.16e-009  8.25e-011  4.21e-015  4.21e-015  3.90e-018  
4.91980e+016 1.29e-018  9.90e-001  9.98e-003  1.65e-010  4.73e-013  6.12e-010  6.70e-009  6.77e-011  4.01e-015  4.01e-015  3.70e-018  
4.93317e+016 1.41e-018  9.90e-001  1.00e-002  9.33e-011  1.55e-013  5.07e-010  5.63e-009  5.69e-011  3.84e-015  3.84e-015  3.55e-018  
4.94239e+016 1.52e-018  9.90e-001  9.97e-003  5.95e-011  6.11e-014  4.40e-010  4.94e-009  5.00e-011  3.70e-015  3.70e-015  3.43e-018  
4.95192e+016 1.62e-018  9.90e-001  9.96e-003  3.71e-011  2.25e-014  3.82e-010  4.31e-009  4.36e-011  3.58e-015  3.58e-015  3.32e-018  
4.96202e+016 1.73e-018  9.90e-001  9.96e-003  2.32e-011  8.51e-015  3.28e-010  3.74e-009  3.78e-011  3.46e-015  3.46e-015  3.21e-018  
4.97297e+016 1.85e-018  9.90e-001  1.00e-002  1.32e-011  2.44e-015  2.79e-010  3.22e-009  3.25e-011  3.35e-015  3.35e-015  3.11e-018  
4.98461e+016 1.99e-018  9.90e-001  1.00e-002  6.78e-012  5.33e-016  2.32e-010  2.71e-009  2.73e-011  3.23e-015  3.23e-015  3.00e-018  
4.99670e+016 2.14e-018  9.90e-001  1.00e-002  3.11e-012  9.06e-017  1.93e-010  2.27e-009  2.30e-011  3.12e-015  3.12e-015  2.89e-018  
5.00936e+016 2.31e-018  9.90e-001  9.99e-003  1.18e-012  1.16e-017  1.59e-010  1.87e-009  1.89e-011  3.00e-015  3.00e-015  2.78e-018  
5.02240e+016 2.49e-018  9.90e-001  9.98e-003  3.59e-013  9.86e-019  1.29e-010  1.54e-009  1.55e-011  2.89e-015  2.89e-015  2.67e-018  
5.03584e+016 2.69e-018  9.90e-001  9.97e-003  1.00e-013  9.53e-020  1.03e-010  1.25e-009  1.26e-011  2.78e-015  2.78e-015  2.58e-018  
5.05026e+016 2.89e-018  9.90e-001  1.00e-002  2.86e-014  4.53e-021  8.07e-011  9.97e-010  1.01e-011  2.69e-015  2.69e-015  2.49e-018  
5.05959e+016 3.05e-018  9.90e-001  1.00e-002  1.14e-014  4.23e-022  6.85e-011  8.69e-010  8.79e-012  2.62e-015  2.62e-015  2.43e-018  
5.06957e+016 3.21e-018  9.90e-001  9.99e-003  3.52e-015  2.57e-023  5.88e-011  7.50e-010  7.57e-012  2.57e-015  2.57e-015  2.38e-018  
5.07988e+016 3.39e-018  9.90e-001  1.00e-002  8.69e-016  2.14e-024  4.98e-011  6.45e-010  6.51e-012  2.51e-015  2.51e-015  2.33e-018  
5.09058e+016 3.60e-018  9.90e-001  1.00e-002  1.76e-016  1.05e-025  4.17e-011  5.56e-010  5.62e-012  2.46e-015  2.46e-015  2.27e-018  
5.10237e+016 3.83e-018  9.90e-001  1.00e-002  2.64e-017  2.98e-027  3.40e-011  4.68e-010  4.73e-012  2.40e-015  2.40e-015  2.23e-018  
5.11496e+016 4.09e-018  9.90e-001  1.00e-002  3.03e-018  5.13e-029  2.69e-011  3.94e-010  3.96e-012  2.35e-015  2.35e-015  2.18e-018  
5.12843e+016 4.39e-018  9.90e-001  9.99e-003  3.50e-019  4.76e-031  1.86e-011  3.28e-010  3.30e-012  2.30e-015  2.30e-015  2.13e-018  
5.14296e+016 4.74e-018  9.90e-001  1.00e-002  4.03e-020  8.74e-033  1.24e-011  2.68e-010  2.70e-012  2.24e-015  2.24e-015  2.08e-018  
5.15425e+016 5.03e-018  9.90e-001  1.00e-002  1.26e-020  7.89e-034  9.08e-012  2.33e-010  2.35e-012  2.21e-015  2.21e-015  2.05e-018  
5.16792e+016 5.39e-018  9.90e-001  9.99e-003  8.94e-022  3.93e-036  6.14e-012  1.95e-010  1.97e-012  2.19e-015  2.19e-015  2.02e-018  
5.18319e+016 5.84e-018  9.90e-001  1.00e-002  3.58e-023  8.63e-039  3.89e-012  1.60e-010  1.62e-012  2.14e-015  2.14e-015  1.99e-018  
5.19950e+016 6.33e-018  9.90e-001  1.00e-002  9.68e-025  9.19e-042  2.32e-012  1.31e-010  1.32e-012  2.12e-015  2.12e-015  1.96e-018  
5.21655e+016 6.91e-018  9.90e-001  1.00e-002  1.43e-026  5.30e-045  1.31e-012  1.06e-010  1.07e-012  2.10e-015  2.10e-015  1.94e-018  
5.23457e+016 7.56e-018  9.90e-001  9.99e-003  3.35e-028  1.14e-046  6.83e-013  8.51e-011  8.60e-013  2.08e-015  2.08e-015  1.92e-018  
5.25384e+016 8.30e-018  9.90e-001  1.00e-002  3.31e-030  2.30e-049  3.34e-013  6.77e-011  6.83e-013  2.06e-015  2.06e-015  1.91e-018  
5.27451e+016 9.17e-018  9.90e-001  1.00e-002  2.26e-032  3.40e-053  1.37e-013  5.32e-011  5.38e-013  2.05e-015  2.05e-015  1.90e-018  
5.29668e+016 1.02e-017  9.90e-001  1.00e-002  7.59e-035  1.13e-057  4.44e-014  4.13e-011  4.17e-013  2.04e-015  2.04e-015  1.89e-018  
5.31993e+016 1.13e-017  9.90e-001  9.99e-003  1.02e-037  1.76e-063  8.26e-015  3.20e-011  3.23e-013  2.05e-015  2.05e-015  1.89e-018  
5.34440e+016 1.26e-017  9.90e-001  9.98e-003  8.24e-039  3.08e-064  1.35e-015  2.45e-011  2.47e-013  2.05e-015  2.05e-015  1.89e-018  
5.36995e+016 1.40e-017  9.90e-001  9.97e-003  5.65e-043  2.28e-069  2.22e-016  1.88e-011  1.89e-013  2.07e-015  2.07e-015  1.91e-018  
5.39765e+016 1.57e-017  9.90e-001  1.00e-002  1.59e-046  1.61e-076  1.08e-017  1.42e-011  1.44e-013  2.09e-015  2.09e-015  1.93e-018  
5.42627e+016 1.75e-017  9.90e-001  9.96e-003  8.76e-048  3.18e-077  3.10e-019  1.09e-011  1.10e-013  2.11e-015  2.11e-015  1.95e-018  
5.45738e+016 1.94e-017  9.90e-001  1.00e-002  9.59e-053  0.00e+000  9.33e-021  8.20e-012  8.25e-014  2.16e-015  2.16e-015  2.00e-018  
5.49079e+016 2.16e-017  9.90e-001  9.99e-003  5.18e-054  0.00e+000  2.52e-023  6.25e-012  6.29e-014  2.20e-015  2.20e-015  2.04e-018  
5.52575e+016 2.38e-017  9.90e-001  9.98e-003  1.46e-059  0.00e+000  2.92e-025  4.82e-012  4.87e-014  2.27e-015  2.27e-015  2.10e-018  
5.56155e+016 2.62e-017  9.90e-001  9.98e-003  2.72e-061  0.00e+000  1.17e-028  3.78e-012  3.82e-014  2.35e-015  2.35e-015  2.17e-018  
5.59918e+016 2.85e-017  9.90e-001  1.00e-002  6.39e-067  0.00e+000  5.58e-031  3.06e-012  3.09e-014  2.44e-015  2.44e-015  2.26e-018  
5.63913e+016 3.08e-017  9.90e-001  1.00e-002  1.52e-069  0.00e+000  2.03e-034  2.52e-012  2.55e-014  2.56e-015  2.56e-015  2.37e-018  
5.68226e+016 3.31e-017  9.90e-001  9.99e-003  4.95e-075  0.00e+000  2.31e-040  2.12e-012  2.14e-014  2.70e-015  2.70e-015  2.50e-018  
5.72780e+016 3.54e-017  9.90e-001  9.99e-003  1.38e-077  0.00e+000  9.42e-042  1.82e-012  1.84e-014  2.86e-015  2.86e-015  2.65e-018  
5.77650e+016 3.74e-017  9.90e-001  9.98e-003  0.00e+000  0.00e+000  2.12e-048  1.61e-012  1.63e-014  3.08e-015  3.08e-015  2.84e-018  
5.82707e+016 3.91e-017  9.90e-001  1.00e-002  0.00e+000  0.00e+000  1.85e-052  1.47e-012  1.48e-014  3.30e-015  3.30e-015  3.04e-018  
5.88124e+016 4.05e-017  9.90e-001  1.00e-002  0.00e+000  0.00e+000  1.22e-060  1.36e-012  1.37e-014  3.58e-015  3.58e-015  3.31e-018  
5.93801e+016 4.15e-017  9.90e-001  1.00e-002  0.00e+000  0.00e+000  8.94e-065  1.30e-012  1.31e-014  3.90e-015  3.90e-015  3.59e-018  
5.99878e+016 4.22e-017  9.90e-001  9.99e-003  0.00e+000  0.00e+000  1.21e-071  1.25e-012  1.26e-014  4.26e-015  4.26e-015  3.93e-018  
6.06254e+016 4.25e-017  9.90e-001  9.99e-003  0.00e+000  0.00e+000  1.80e-075  1.24e-012  1.25e-014  4.68e-015  4.68e-015  4.33e-018  
6.12860e+016 4.24e-017  9.90e-001  9.99e-003  0.00e+000  0.00e+000  1.00e-079  1.26e-012  1.27e-014  5.16e-015  5.16e-015  4.76e-018  
6.19772e+016 4.20e-017  9.90e-001  1.00e-002  0.00e+000  0.00e+000  0.00e+000  1.30e-012  1.31e-014  5.71e-015  5.71e-015  5.26e-018  
6.27006e+016 4.14e-017  9.90e-001  1.00e-002  0.00e+000  0.00e+000  0.00e+000  1.35e-012  1.37e-014  6.30e-015  6.30e-015  5.82e-018  
6.34752e+016 4.04e-017  9.90e-001  1.00e-002  0.00e+000  0.00e+000  0.00e+000  1.45e-012  1.46e-014  7.05e-015  7.05e-015  6.51e-018  
6.43223e+016 3.93e-017  9.90e-001  1.00e-002  0.00e+000  0.00e+000  0.00e+000  1.58e-012  1.60e-014  7.91e-015  7.91e-015  7.28e-018  
6.52408e+016 3.79e-017  9.90e-001  1.00e-002  0.00e+000  0.00e+000  0.00e+000  1.77e-012  1.79e-014  8.98e-015  8.98e-015  8.26e-018  
6.62440e+016 3.64e-017  9.90e-001  1.00e-002  0.00e+000  0.00e+000  0.00e+000  2.03e-012  2.05e-014  1.03e-014  1.03e-014  9.46e-018  
6.73219e+016 3.47e-017  9.90e-001  1.00e-002  0.00e+000  0.00e+000  0.00e+000  2.37e-012  2.39e-014  1.19e-014  1.19e-014  1.09e-017  
6.84641e+016 3.30e-017  9.90e-001  1.00e-002  0.00e+000  0.00e+000  0.00e+000  2.84e-012  2.87e-014  1.38e-014  1.38e-014  1.27e-017  
6.96945e+016 3.13e-017  9.90e-001  1.00e-002  0.00e+000  0.00e+000  0.00e+000  3.51e-012  3.54e-014  1.62e-014  1.62e-014  1.49e-017  
7.10391e+016 2.95e-017  9.90e-001  1.00e-002  0.00e+000  0.00e+000  0.00e+000  4.48e-012  4.54e-014  1.94e-014  1.94e-014  1.79e-017  
7.25155e+016 2.77e-017  9.90e-001  1.00e-002  0.00e+000  0.00e+000  0.00e+000  5.96e-012  6.03e-014  2.37e-014  2.37e-014  2.18e-017  
7.42223e+016 2.59e-017  9.90e-001  9.98e-003  0.00e+000  0.00e+000  0.00e+000  8.43e-012  8.51e-014  2.97e-014  2.97e-014  2.73e-017  
7.63108e+016 2.38e-017  9.90e-001  9.98e-003  0.00e+000  0.00e+000  0.00e+000  1.32e-011  1.33e-013  3.95e-014  3.95e-014  3.64e-017  
7.86896e+016 2.19e-017  9.90e-001  9.99e-003  0.00e+000  0.00e+000  0.00e+000  2.25e-011  2.27e-013  5.47e-014  5.47e-014  5.06e-017  
8.18150e+016 1.99e-017  9.90e-001  1.00e-002  0.00e+000  0.00e+000  0.00e+000  4.68e-011  4.73e-013  8.49e-014  8.49e-014  7.79e-017  
8.55776e+016 1.81e-017  9.90e-001  1.00e-002  0.00e+000  0.00e+000  0.00e+000  1.16e-010  1.17e-012  1.43e-013  1.43e-013  1.31e-016  
9.00548e+016 1.63e-017  9.90e-001  1.00e-002  0.00e+000  0.00e+000  0.00e+000  3.52e-010  3.55e-012  2.67e-013  2.67e-013  2.45e-016  
9.53916e+016 1.48e-017  9.90e-001  1.00e-002  0.00e+000  0.00e+000  0.00e+000  1.31e-009  1.33e-011  5.54e-013  5.54e-013  5.09e-016  
1.01535e+017 1.43e-017  9.90e-001  9.97e-003  0.00e+000  0.00e+000  0.00e+000  6.16e-009  6.22e-011  1.25e-012  1.25e-012  1.15e-015  
1.09249e+017 1.61e-017  9.90e-001  1.00e-002  0.00e+000  0.00e+000  0.00e+000  4.45e-008  4.50e-010  3.23e-012  3.23e-012  2.97e-015  
1.19176e+017 2.31e-017  9.90e-001  9.99e-003  0.00e+000  0.00e+000  0.00e+000  3.79e-007  3.83e-009  8.47e-012  8.47e-012  7.82e-015  
1.32448e+017 3.43e-017  9.90e-001  9.99e-003  0.00e+000  0.00e+000  0.00e+000  1.29e-006  1.30e-008  1.74e-011  1.74e-011  1.60e-014  
