! 0       *C2H5OH + He -> C2H5OH + He
! 1       *C2H5OH + H2 -> C2H5OH + H2
! 2       *C2H5OH + CO -> C2H5OH + CO
! 3       *C2H5OH + CRPhoton -> *C2H5 + *OH
! 4       *C2H5OH + CRPhoton -> *H2CO + *CH4
! 5       *C2H5OH + CRPhoton -> *C2H5 + *OH
! 6       *C2H5OH + CRPhoton -> C2H5OH
! 7       *C2H5OH + ISPhoton -> *C2H5 + *OH
! 8       *C2H5OH + ISPhoton -> C2H5OH
! 9       *C2H5OH + ISPhoton -> *H2CO + *CH4
!            tot_rate   0          1          2          3          4          5          6          7          8          9          
1.58188e+013 4.41e-023  0.00e+000  0.00e+000  0.00e+000  8.74e-001  6.28e-002  6.28e-002  6.91e-005  1.27e-008  4.12e-009  9.33e-014  
3.50727e+014 4.41e-023  0.00e+000  0.00e+000  0.00e+000  8.74e-001  6.28e-002  6.28e-002  6.91e-005  1.27e-008  4.12e-009  9.33e-014  
5.21628e+015 4.41e-023  0.00e+000  0.00e+000  0.00e+000  8.74e-001  6.28e-002  6.28e-002  6.91e-005  1.27e-008  4.12e-009  9.33e-014  
2.67137e+016 4.44e-023  0.00e+000  0.00e+000  0.00e+000  8.75e-001  6.27e-002  6.27e-002  6.92e-005  1.27e-008  4.13e-009  9.33e-014  
3.33598e+016 4.51e-023  0.00e+000  0.00e+000  0.00e+000  8.74e-001  6.28e-002  6.28e-002  6.95e-005  1.27e-008  4.15e-009  9.34e-014  
3.42055e+016 4.55e-023  0.00e+000  0.00e+000  1.37e-062  8.75e-001  6.26e-002  6.26e-002  6.94e-005  1.27e-008  4.13e-009  9.34e-014  
3.44017e+016 4.56e-023  0.00e+000  0.00e+000  8.24e-047  8.75e-001  6.27e-002  6.27e-002  6.95e-005  1.27e-008  4.14e-009  9.34e-014  
3.46353e+016 4.57e-023  0.00e+000  0.00e+000  1.01e-016  8.74e-001  6.27e-002  6.27e-002  6.97e-005  1.27e-008  4.15e-009  9.33e-014  
3.48860e+016 4.60e-023  0.00e+000  0.00e+000  1.58e-008  8.75e-001  6.27e-002  6.27e-002  6.96e-005  1.27e-008  4.16e-009  9.33e-014  
3.51370e+016 4.63e-023  0.00e+000  0.00e+000  1.98e-003  8.73e-001  6.26e-002  6.26e-002  6.98e-005  1.27e-008  4.15e-009  9.33e-014  
3.53250e+016 4.79e-023  0.00e+000  0.00e+000  3.13e-002  8.47e-001  6.07e-002  6.07e-002  6.78e-005  1.23e-008  4.03e-009  9.06e-014  
3.55515e+016 5.66e-023  0.00e+000  0.00e+000  1.74e-001  7.22e-001  5.17e-002  5.17e-002  5.79e-005  1.05e-008  3.44e-009  7.71e-014  
3.57182e+016 7.47e-023  6.34e-070  0.00e+000  3.69e-001  5.51e-001  3.96e-002  3.96e-002  4.43e-005  8.03e-009  2.64e-009  5.89e-014  
3.58524e+016 1.06e-022  1.05e-055  0.00e+000  5.53e-001  3.91e-001  2.80e-002  2.80e-002  3.14e-005  5.68e-009  1.87e-009  4.17e-014  
3.60047e+016 1.25e-022  2.96e-034  0.00e+000  6.15e-001  3.37e-001  2.41e-002  2.41e-002  2.71e-005  4.90e-009  1.61e-009  3.59e-014  
3.61718e+016 1.55e-022  9.64e-018  0.00e+000  6.86e-001  2.75e-001  1.97e-002  1.97e-002  2.23e-005  4.00e-009  1.33e-009  2.93e-014  
3.62899e+016 1.90e-022  2.73e-007  0.00e+000  7.41e-001  2.26e-001  1.62e-002  1.62e-002  1.84e-005  3.29e-009  1.09e-009  2.41e-014  
3.63893e+016 2.36e-022  2.04e-004  0.00e+000  7.89e-001  1.84e-001  1.32e-002  1.32e-002  1.50e-005  2.68e-009  8.95e-010  1.97e-014  
3.64972e+016 5.09e-022  3.81e-001  6.98e-055  5.19e-001  8.69e-002  6.23e-003  6.23e-003  7.08e-006  1.27e-009  4.23e-010  9.28e-015  
3.66124e+016 2.52e-021  8.18e-001  1.73e-036  1.62e-001  1.79e-002  1.29e-003  1.29e-003  1.47e-006  2.62e-010  8.73e-011  1.92e-015  
3.67348e+016 1.18e-020  9.37e-001  3.01e-023  5.86e-002  3.92e-003  2.82e-004  2.82e-004  3.22e-007  5.72e-011  1.92e-011  4.20e-016  
3.68621e+016 4.10e-020  9.66e-001  1.93e-007  3.25e-002  1.18e-003  8.44e-005  8.44e-005  9.71e-008  1.72e-011  5.78e-012  1.26e-016  
3.69700e+016 1.05e-019  9.75e-001  8.36e-004  2.40e-002  4.79e-004  3.43e-005  3.43e-005  3.99e-008  6.97e-012  2.38e-012  5.11e-017  
3.70376e+016 1.83e-019  9.71e-001  7.47e-003  2.14e-002  2.80e-004  2.01e-005  2.01e-005  2.38e-008  4.08e-012  1.41e-012  2.99e-017  
3.71087e+016 3.26e-019  9.45e-001  3.53e-002  2.00e-002  1.63e-004  1.17e-005  1.17e-005  1.41e-008  2.36e-012  8.40e-013  1.74e-017  
3.71826e+016 6.02e-019  9.09e-001  7.18e-002  1.94e-002  9.12e-005  6.53e-006  6.53e-006  8.21e-009  1.33e-012  4.88e-013  9.73e-018  
3.72589e+016 1.13e-018  8.69e-001  1.11e-001  1.97e-002  5.04e-005  3.62e-006  3.62e-006  4.81e-009  7.34e-013  2.87e-013  5.38e-018  
3.73370e+016 2.15e-018  8.33e-001  1.46e-001  2.09e-002  2.76e-005  1.98e-006  1.98e-006  2.89e-009  4.02e-013  1.72e-013  2.95e-018  
3.74165e+016 4.10e-018  7.95e-001  1.82e-001  2.27e-002  1.50e-005  1.07e-006  1.07e-006  1.80e-009  2.18e-013  1.07e-013  1.60e-018  
3.74829e+016 7.14e-018  7.77e-001  1.99e-001  2.37e-002  8.77e-006  6.29e-007  6.29e-007  1.23e-009  1.28e-013  7.34e-014  9.36e-019  
3.75505e+016 1.24e-017  7.49e-001  2.27e-001  2.40e-002  5.01e-006  3.59e-007  3.59e-007  8.68e-010  7.30e-014  5.19e-014  5.35e-019  
3.76194e+016 2.19e-017  7.36e-001  2.40e-001  2.37e-002  2.69e-006  1.93e-007  1.93e-007  6.31e-010  3.92e-014  3.75e-014  2.88e-019  
3.76839e+016 3.92e-017  7.14e-001  2.63e-001  2.32e-002  1.26e-006  9.05e-008  9.05e-008  4.77e-010  1.84e-014  2.86e-014  1.35e-019  
3.76854e+016 3.98e-017  7.13e-001  2.64e-001  2.32e-002  1.24e-006  8.86e-008  8.86e-008  4.75e-010  1.80e-014  2.84e-014  1.32e-019  
3.76877e+016 4.07e-017  7.14e-001  2.63e-001  2.33e-002  1.20e-006  8.56e-008  8.56e-008  4.71e-010  1.74e-014  2.80e-014  1.28e-019  
3.76917e+016 4.25e-017  7.13e-001  2.64e-001  2.33e-002  1.12e-006  8.05e-008  8.05e-008  4.64e-010  1.64e-014  2.75e-014  1.20e-019  
3.76980e+016 4.58e-017  7.12e-001  2.64e-001  2.32e-002  1.01e-006  7.23e-008  7.23e-008  4.50e-010  1.47e-014  2.69e-014  1.08e-019  
3.77083e+016 5.18e-017  7.10e-001  2.66e-001  2.32e-002  8.32e-007  5.97e-008  5.97e-008  4.32e-010  1.21e-014  2.57e-014  8.88e-020  
3.77248e+016 6.51e-017  7.10e-001  2.67e-001  2.32e-002  5.67e-007  4.07e-008  4.07e-008  4.05e-010  8.26e-015  2.43e-014  6.05e-020  
3.77450e+016 9.81e-017  7.02e-001  2.74e-001  2.32e-002  2.66e-007  1.91e-008  1.91e-008  3.76e-010  3.87e-015  2.24e-014  2.84e-020  
3.77655e+016 9.90e-017  6.97e-001  2.81e-001  2.25e-002  6.44e-008  4.61e-009  4.61e-009  3.50e-010  9.38e-016  2.09e-014  6.88e-021  
3.77936e+016 3.59e-018  6.91e-001  2.87e-001  2.15e-002  5.85e-008  4.18e-009  4.18e-009  3.18e-010  8.50e-016  1.90e-014  6.24e-021  
3.78016e+016 1.28e-018  6.90e-001  2.89e-001  2.12e-002  5.68e-008  4.07e-009  4.07e-009  3.09e-010  8.25e-016  1.85e-014  6.07e-021  
3.78111e+016 3.57e-019  6.88e-001  2.91e-001  2.08e-002  5.51e-008  3.94e-009  3.94e-009  2.99e-010  8.00e-016  1.78e-014  5.87e-021  
3.78273e+016 3.58e-020  6.87e-001  2.93e-001  2.03e-002  5.19e-008  3.74e-009  3.74e-009  2.82e-010  7.56e-016  1.69e-014  5.55e-021  
3.78530e+016 6.76e-022  6.85e-001  2.96e-001  1.95e-002  4.81e-008  3.45e-009  3.45e-009  2.62e-010  6.99e-016  1.55e-014  5.13e-021  
3.78818e+016 2.83e-023  6.78e-001  3.03e-001  1.87e-002  4.42e-008  3.16e-009  3.16e-009  2.40e-010  6.40e-016  1.43e-014  4.70e-021  
3.79076e+016 2.55e-023  6.72e-001  3.10e-001  1.81e-002  4.08e-008  2.94e-009  2.94e-009  2.23e-010  5.97e-016  1.33e-014  4.36e-021  
3.79253e+016 2.68e-023  6.68e-001  3.15e-001  1.77e-002  3.92e-008  2.81e-009  2.81e-009  2.13e-010  5.71e-016  1.27e-014  4.18e-021  
3.79502e+016 2.97e-023  6.66e-001  3.17e-001  1.71e-002  3.66e-008  2.62e-009  2.62e-009  1.99e-010  5.31e-016  1.18e-014  3.90e-021  
3.79755e+016 3.44e-023  6.63e-001  3.20e-001  1.66e-002  3.43e-008  2.46e-009  2.46e-009  1.87e-010  5.00e-016  1.11e-014  3.67e-021  
3.79897e+016 3.80e-023  6.63e-001  3.21e-001  1.63e-002  3.31e-008  2.38e-009  2.38e-009  1.80e-010  4.84e-016  1.08e-014  3.55e-021  
3.79918e+016 3.86e-023  6.63e-001  3.21e-001  1.63e-002  3.31e-008  2.37e-009  2.37e-009  1.80e-010  4.81e-016  1.07e-014  3.52e-021  
3.79956e+016 3.98e-023  6.60e-001  3.24e-001  1.62e-002  3.26e-008  2.34e-009  2.34e-009  1.78e-010  4.77e-016  1.06e-014  3.49e-021  
3.80017e+016 4.21e-023  6.58e-001  3.26e-001  1.60e-002  3.21e-008  2.31e-009  2.31e-009  1.75e-010  4.68e-016  1.04e-014  3.42e-021  
3.80129e+016 4.67e-023  6.57e-001  3.27e-001  1.59e-002  3.12e-008  2.25e-009  2.25e-009  1.71e-010  4.56e-016  1.02e-014  3.34e-021  
3.80319e+016 5.77e-023  6.52e-001  3.33e-001  1.56e-002  3.02e-008  2.17e-009  2.17e-009  1.64e-010  4.38e-016  9.76e-015  3.21e-021  
3.80578e+016 7.38e-023  6.50e-001  3.35e-001  1.52e-002  2.84e-008  2.03e-009  2.03e-009  1.54e-010  4.13e-016  9.21e-015  3.03e-021  
3.80629e+016 8.76e-023  6.49e-001  3.36e-001  1.51e-002  2.81e-008  2.02e-009  2.02e-009  1.53e-010  4.09e-016  9.11e-015  3.00e-021  
3.80713e+016 1.02e-022  6.49e-001  3.36e-001  1.50e-002  2.76e-008  1.98e-009  1.98e-009  1.50e-010  4.01e-016  8.94e-015  2.95e-021  
3.80859e+016 1.32e-022  6.49e-001  3.36e-001  1.48e-002  2.68e-008  1.93e-009  1.93e-009  1.46e-010  3.91e-016  8.72e-015  2.87e-021  
3.81083e+016 2.05e-022  6.45e-001  3.41e-001  1.44e-002  2.56e-008  1.84e-009  1.84e-009  1.39e-010  3.73e-016  8.30e-015  2.74e-021  
3.81265e+016 3.06e-022  6.40e-001  3.46e-001  1.43e-002  2.48e-008  1.78e-009  1.78e-009  1.35e-010  3.62e-016  8.06e-015  2.65e-021  
3.81480e+016 5.24e-022  6.37e-001  3.49e-001  1.40e-002  2.38e-008  1.71e-009  1.71e-009  1.30e-010  3.49e-016  7.74e-015  2.56e-021  
3.81769e+016 1.25e-021  6.36e-001  3.51e-001  1.36e-002  2.27e-008  1.63e-009  1.63e-009  1.24e-010  3.30e-016  7.35e-015  2.42e-021  
3.81836e+016 1.57e-021  6.36e-001  3.51e-001  1.36e-002  2.24e-008  1.61e-009  1.61e-009  1.22e-010  3.26e-016  7.27e-015  2.40e-021  
3.81952e+016 2.41e-021  6.35e-001  3.51e-001  1.35e-002  2.21e-008  1.59e-009  1.59e-009  1.20e-010  3.22e-016  7.14e-015  2.36e-021  
3.82149e+016 5.40e-021  6.31e-001  3.55e-001  1.32e-002  2.13e-008  1.53e-009  1.53e-009  1.16e-010  3.11e-016  6.91e-015  2.28e-021  
3.82433e+016 2.03e-020  6.26e-001  3.61e-001  1.30e-002  2.04e-008  1.47e-009  1.47e-009  1.11e-010  2.98e-016  6.65e-015  2.18e-021  
3.82740e+016 9.13e-020  6.25e-001  3.63e-001  1.27e-002  1.95e-008  1.40e-009  1.40e-009  1.06e-010  2.85e-016  6.33e-015  2.09e-021  
3.83054e+016 3.61e-019  6.24e-001  3.63e-001  1.25e-002  1.88e-008  1.35e-009  1.35e-009  1.02e-010  2.74e-016  6.10e-015  2.01e-021  
3.83376e+016 9.63e-019  6.18e-001  3.70e-001  1.23e-002  1.80e-008  1.29e-009  1.29e-009  9.78e-011  2.62e-016  5.83e-015  1.92e-021  
3.83751e+016 2.30e-018  6.13e-001  3.75e-001  1.20e-002  1.72e-008  1.23e-009  1.23e-009  9.39e-011  2.51e-016  5.56e-015  1.84e-021  
3.84132e+016 4.87e-018  6.12e-001  3.76e-001  1.18e-002  1.65e-008  1.18e-009  1.18e-009  8.98e-011  2.40e-016  5.34e-015  1.76e-021  
3.84531e+016 9.30e-018  6.09e-001  3.80e-001  1.16e-002  1.58e-008  1.14e-009  1.14e-009  8.63e-011  2.31e-016  5.14e-015  1.69e-021  
3.84962e+016 1.53e-017  6.04e-001  3.85e-001  1.14e-002  1.52e-008  1.09e-009  1.09e-009  8.29e-011  2.22e-016  4.94e-015  1.62e-021  
3.85449e+016 1.86e-017  6.02e-001  3.87e-001  1.12e-002  1.46e-008  1.05e-009  1.05e-009  7.95e-011  2.12e-016  4.73e-015  1.56e-021  
3.85990e+016 1.24e-017  6.00e-001  3.89e-001  1.10e-002  1.40e-008  1.01e-009  1.01e-009  7.63e-011  2.05e-016  4.55e-015  1.50e-021  
3.86597e+016 3.62e-018  5.94e-001  3.95e-001  1.08e-002  1.34e-008  9.62e-010  9.62e-010  7.29e-011  1.95e-016  4.34e-015  1.43e-021  
3.87288e+016 5.42e-019  5.91e-001  3.99e-001  1.07e-002  1.29e-008  9.25e-010  9.25e-010  7.01e-011  1.88e-016  4.17e-015  1.38e-021  
3.88139e+016 4.83e-020  5.90e-001  4.00e-001  1.05e-002  1.24e-008  8.88e-010  8.88e-010  6.75e-011  1.80e-016  4.02e-015  1.32e-021  
3.89093e+016 6.10e-021  5.87e-001  4.03e-001  1.04e-002  1.19e-008  8.55e-010  8.55e-010  6.49e-011  1.74e-016  3.87e-015  1.27e-021  
3.90068e+016 9.38e-021  5.82e-001  4.07e-001  1.03e-002  1.15e-008  8.28e-010  8.28e-010  6.28e-011  1.69e-016  3.74e-015  1.24e-021  
3.91088e+016 2.13e-020  5.81e-001  4.09e-001  1.02e-002  1.12e-008  8.06e-010  8.06e-010  6.14e-011  1.64e-016  3.65e-015  1.20e-021  
3.92181e+016 4.10e-020  5.80e-001  4.10e-001  1.01e-002  1.10e-008  7.92e-010  7.92e-010  6.02e-011  1.61e-016  3.58e-015  1.18e-021  
3.93325e+016 6.74e-020  5.80e-001  4.10e-001  1.01e-002  1.09e-008  7.82e-010  7.82e-010  5.94e-011  1.59e-016  3.55e-015  1.17e-021  
3.94519e+016 9.76e-020  5.81e-001  4.09e-001  1.01e-002  1.09e-008  7.80e-010  7.80e-010  5.92e-011  1.59e-016  3.52e-015  1.16e-021  
3.95803e+016 1.30e-019  5.80e-001  4.10e-001  1.02e-002  1.09e-008  7.78e-010  7.78e-010  5.92e-011  1.59e-016  3.53e-015  1.16e-021  
3.97190e+016 1.61e-019  5.80e-001  4.09e-001  1.03e-002  1.09e-008  7.84e-010  7.84e-010  5.95e-011  1.59e-016  3.55e-015  1.17e-021  
3.98699e+016 1.88e-019  5.81e-001  4.09e-001  1.04e-002  1.11e-008  7.99e-010  7.99e-010  6.07e-011  1.63e-016  3.61e-015  1.19e-021  
4.00514e+016 2.12e-019  5.84e-001  4.06e-001  1.07e-002  1.14e-008  8.19e-010  8.19e-010  6.21e-011  1.67e-016  3.72e-015  1.22e-021  
4.02549e+016 2.31e-019  5.88e-001  4.01e-001  1.11e-002  1.19e-008  8.56e-010  8.56e-010  6.48e-011  1.74e-016  3.88e-015  1.28e-021  
4.04761e+016 2.45e-019  5.95e-001  3.93e-001  1.15e-002  1.26e-008  9.01e-010  9.01e-010  6.85e-011  1.84e-016  4.08e-015  1.35e-021  
4.07070e+016 2.52e-019  6.03e-001  3.85e-001  1.21e-002  1.36e-008  9.71e-010  9.71e-010  7.37e-011  1.98e-016  4.40e-015  1.45e-021  
4.09451e+016 2.55e-019  6.07e-001  3.80e-001  1.27e-002  1.48e-008  1.06e-009  1.06e-009  8.03e-011  2.16e-016  4.82e-015  1.58e-021  
4.11988e+016 2.51e-019  6.13e-001  3.74e-001  1.36e-002  1.64e-008  1.17e-009  1.17e-009  8.91e-011  2.40e-016  5.33e-015  1.76e-021  
4.14624e+016 2.37e-019  6.24e-001  3.61e-001  1.46e-002  1.85e-008  1.32e-009  1.32e-009  1.00e-010  2.70e-016  6.03e-015  1.98e-021  
4.17462e+016 2.06e-019  6.37e-001  3.47e-001  1.60e-002  2.14e-008  1.54e-009  1.54e-009  1.17e-010  3.13e-016  7.00e-015  2.30e-021  
4.20512e+016 1.51e-019  6.44e-001  3.38e-001  1.77e-002  2.55e-008  1.83e-009  1.83e-009  1.39e-010  3.74e-016  8.34e-015  2.74e-021  
4.23867e+016 7.78e-020  6.58e-001  3.21e-001  2.02e-002  3.15e-008  2.26e-009  2.26e-009  1.72e-010  4.62e-016  1.03e-014  3.39e-021  
4.27356e+016 2.32e-020  6.72e-001  3.05e-001  2.33e-002  4.02e-008  2.89e-009  2.89e-009  2.19e-010  5.90e-016  1.31e-014  4.31e-021  
4.30994e+016 3.62e-021  6.85e-001  2.87e-001  2.76e-002  5.33e-008  3.81e-009  3.81e-009  2.90e-010  7.82e-016  1.74e-014  5.72e-021  
4.34671e+016 2.58e-022  7.01e-001  2.65e-001  3.32e-002  7.25e-008  5.19e-009  5.19e-009  3.95e-010  1.07e-015  2.37e-014  7.79e-021  
4.38104e+016 1.21e-023  7.14e-001  2.46e-001  4.03e-002  9.99e-008  7.13e-009  7.13e-009  5.41e-010  1.46e-015  3.24e-014  1.06e-020  
4.41007e+016 6.94e-025  7.28e-001  2.25e-001  4.76e-002  1.32e-007  9.45e-009  9.45e-009  7.18e-010  1.93e-015  4.31e-014  1.42e-020  
4.42181e+016 2.08e-025  7.31e-001  2.17e-001  5.15e-002  1.49e-007  1.07e-008  1.07e-008  8.13e-010  2.19e-015  4.86e-014  1.60e-020  
4.42811e+016 1.09e-025  7.34e-001  2.13e-001  5.35e-002  1.59e-007  1.15e-008  1.15e-008  8.67e-010  2.34e-015  5.20e-014  1.71e-020  
4.43809e+016 4.03e-026  7.35e-001  2.08e-001  5.71e-002  1.77e-007  1.27e-008  1.27e-008  9.66e-010  2.61e-015  5.79e-014  1.91e-020  
4.45030e+016 1.18e-026  7.42e-001  1.96e-001  6.16e-002  2.01e-007  1.44e-008  1.44e-008  1.10e-009  2.95e-015  6.57e-014  2.17e-020  
4.45401e+016 7.59e-027  7.44e-001  1.92e-001  6.34e-002  2.11e-007  1.50e-008  1.50e-008  1.14e-009  3.08e-015  6.86e-014  2.27e-020  
4.45998e+016 4.03e-027  7.47e-001  1.87e-001  6.58e-002  2.24e-007  1.61e-008  1.61e-008  1.22e-009  3.28e-015  7.30e-014  2.41e-020  
4.46779e+016 1.96e-027  7.52e-001  1.79e-001  6.91e-002  2.44e-007  1.75e-008  1.75e-008  1.32e-009  3.57e-015  7.93e-014  2.62e-020  
4.48006e+016 6.52e-028  7.55e-001  1.70e-001  7.50e-002  2.81e-007  2.01e-008  2.01e-008  1.53e-009  4.11e-015  9.16e-014  3.02e-020  
4.48529e+016 4.63e-028  7.59e-001  1.63e-001  7.83e-002  3.00e-007  2.15e-008  2.15e-008  1.63e-009  4.39e-015  9.77e-014  3.22e-020  
4.48834e+016 2.96e-028  7.60e-001  1.61e-001  7.97e-002  3.10e-007  2.22e-008  2.22e-008  1.69e-009  4.56e-015  1.01e-013  3.33e-020  
4.49346e+016 2.17e-028  7.59e-001  1.59e-001  8.23e-002  3.28e-007  2.36e-008  2.36e-008  1.79e-009  4.83e-015  1.07e-013  3.53e-020  
4.49870e+016 1.61e-028  7.57e-001  1.57e-001  8.62e-002  3.51e-007  2.52e-008  2.52e-008  1.91e-009  5.14e-015  1.15e-013  3.77e-020  
4.50684e+016 1.09e-028  7.60e-001  1.49e-001  9.09e-002  3.86e-007  2.77e-008  2.77e-008  2.10e-009  5.66e-015  1.26e-013  4.15e-020  
4.51867e+016 6.79e-029  7.64e-001  1.37e-001  9.82e-002  4.43e-007  3.18e-008  3.18e-008  2.42e-009  6.48e-015  1.44e-013  4.76e-020  
4.51946e+016 2.08e-027  7.64e-001  1.36e-001  1.00e-001  4.54e-007  3.26e-008  3.26e-008  2.47e-009  6.68e-015  1.48e-013  4.90e-020  
4.52061e+016 2.26e-028  7.64e-001  1.34e-001  1.02e-001  4.64e-007  3.32e-008  3.32e-008  2.52e-009  6.76e-015  1.51e-013  4.99e-020  
4.52265e+016 5.99e-029  7.65e-001  1.32e-001  1.03e-001  4.73e-007  3.39e-008  3.39e-008  2.57e-009  6.92e-015  1.54e-013  5.08e-020  
4.52632e+016 3.78e-029  7.66e-001  1.28e-001  1.05e-001  4.92e-007  3.54e-008  3.54e-008  2.67e-009  7.21e-015  1.60e-013  5.29e-020  
4.53239e+016 5.42e-029  7.70e-001  1.21e-001  1.09e-001  5.28e-007  3.78e-008  3.78e-008  2.88e-009  7.73e-015  1.72e-013  5.67e-020  
4.54167e+016 5.12e-029  7.69e-001  1.15e-001  1.16e-001  5.90e-007  4.24e-008  4.24e-008  3.22e-009  8.65e-015  1.93e-013  6.35e-020  
4.55446e+016 5.52e-029  7.66e-001  1.06e-001  1.28e-001  6.98e-007  5.00e-008  5.00e-008  3.79e-009  1.02e-014  2.26e-013  7.48e-020  
4.55658e+016 0.00e+000  -1.#Je+000 -1.#Je+000 -1.#Je+000 -1.#Je+000 -1.#Je+000 -1.#Je+000 -1.#Je+000 -1.#Je+000 -1.#Je+000 -1.#Je+000 
4.55697e+016 0.00e+000  -1.#Je+000 -1.#Je+000 -1.#Je+000 -1.#Je+000 -1.#Je+000 -1.#Je+000 -1.#Je+000 -1.#Je+000 -1.#Je+000 -1.#Je+000 
4.55761e+016 3.19e-026  7.72e-001  9.57e-002  1.32e-001  7.31e-007  5.24e-008  5.24e-008  3.99e-009  1.07e-014  2.39e-013  7.88e-020  
4.55871e+016 8.45e-027  7.72e-001  9.53e-002  1.33e-001  7.42e-007  5.32e-008  5.32e-008  4.04e-009  1.09e-014  2.42e-013  7.97e-020  
4.56066e+016 8.27e-028  7.71e-001  9.46e-002  1.34e-001  7.60e-007  5.45e-008  5.45e-008  4.13e-009  1.11e-014  2.48e-013  8.17e-020  
4.56410e+016 9.62e-029  7.68e-001  9.34e-002  1.38e-001  7.94e-007  5.70e-008  5.70e-008  4.33e-009  1.16e-014  2.59e-013  8.54e-020  
4.56849e+016 8.86e-029  7.65e-001  9.16e-002  1.43e-001  8.45e-007  6.06e-008  6.06e-008  4.59e-009  1.24e-014  2.75e-013  9.07e-020  
4.57241e+016 1.64e-028  7.64e-001  8.86e-002  1.47e-001  8.86e-007  6.36e-008  6.36e-008  4.83e-009  1.30e-014  2.90e-013  9.54e-020  
4.57850e+016 1.30e-028  7.64e-001  8.29e-002  1.53e-001  9.59e-007  6.85e-008  6.85e-008  5.20e-009  1.40e-014  3.12e-013  1.03e-019  
4.58802e+016 2.36e-028  7.63e-001  7.29e-002  1.64e-001  1.09e-006  7.80e-008  7.80e-008  5.89e-009  1.59e-014  3.54e-013  1.17e-019  
4.59720e+016 2.63e-028  7.60e-001  6.53e-002  1.75e-001  1.23e-006  8.81e-008  8.81e-008  6.68e-009  1.80e-014  3.99e-013  1.32e-019  
4.59734e+016 0.00e+000  -1.#Je+000 -1.#Je+000 -1.#Je+000 -1.#Je+000 -1.#Je+000 -1.#Je+000 -1.#Je+000 -1.#Je+000 -1.#Je+000 -1.#Je+000 
4.59759e+016 3.63e-026  7.58e-001  6.28e-002  1.79e-001  1.25e-006  8.99e-008  8.99e-008  6.81e-009  1.84e-014  4.08e-013  1.35e-019  
4.59802e+016 2.70e-026  7.57e-001  6.16e-002  1.81e-001  1.27e-006  9.13e-008  9.13e-008  6.94e-009  1.86e-014  4.16e-013  1.37e-019  
4.59873e+016 2.24e-026  7.56e-001  6.13e-002  1.83e-001  1.28e-006  9.22e-008  9.22e-008  6.98e-009  1.88e-014  4.19e-013  1.38e-019  
4.59993e+016 9.46e-027  7.57e-001  6.02e-002  1.83e-001  1.30e-006  9.32e-008  9.32e-008  7.07e-009  1.90e-014  4.24e-013  1.40e-019  
4.60196e+016 2.58e-027  7.57e-001  5.82e-002  1.85e-001  1.33e-006  9.55e-008  9.55e-008  7.26e-009  1.95e-014  4.35e-013  1.43e-019  
4.60580e+016 7.21e-028  7.55e-001  5.48e-002  1.90e-001  1.40e-006  1.00e-007  1.00e-007  7.62e-009  2.05e-014  4.57e-013  1.50e-019  
4.61139e+016 7.18e-028  7.51e-001  5.25e-002  1.96e-001  1.50e-006  1.08e-007  1.08e-007  8.21e-009  2.22e-014  4.92e-013  1.62e-019  
4.61801e+016 8.71e-028  7.43e-001  5.00e-002  2.07e-001  1.65e-006  1.18e-007  1.18e-007  8.99e-009  2.42e-014  5.39e-013  1.78e-019  
4.62829e+016 1.16e-027  7.32e-001  4.43e-002  2.24e-001  1.92e-006  1.38e-007  1.38e-007  1.05e-008  2.81e-014  6.25e-013  2.06e-019  
4.63958e+016 2.03e-027  7.21e-001  3.61e-002  2.43e-001  2.25e-006  1.61e-007  1.61e-007  1.22e-008  3.29e-014  7.30e-013  2.41e-019  
4.64165e+016 0.00e+000  -1.#Je+000 -1.#Je+000 -1.#Je+000 -1.#Je+000 -1.#Je+000 -1.#Je+000 -1.#Je+000 -1.#Je+000 -1.#Je+000 -1.#Je+000 
4.64187e+016 0.00e+000  -1.#Je+000 -1.#Je+000 -1.#Je+000 -1.#Je+000 -1.#Je+000 -1.#Je+000 -1.#Je+000 -1.#Je+000 -1.#Je+000 -1.#Je+000 
4.64224e+016 0.00e+000  -1.#Je+000 -1.#Je+000 -1.#Je+000 -1.#Je+000 -1.#Je+000 -1.#Je+000 -1.#Je+000 -1.#Je+000 -1.#Je+000 -1.#Je+000 
4.64286e+016 4.92e-025  7.16e-001  2.99e-002  2.54e-001  2.40e-006  1.72e-007  1.72e-007  1.31e-008  3.52e-014  7.83e-013  2.58e-019  
4.64396e+016 3.43e-025  7.14e-001  2.94e-002  2.57e-001  2.44e-006  1.75e-007  1.75e-007  1.33e-008  3.58e-014  7.95e-013  2.62e-019  
4.64596e+016 1.50e-025  7.09e-001  2.91e-002  2.62e-001  2.52e-006  1.81e-007  1.81e-007  1.37e-008  3.70e-014  8.22e-013  2.71e-019  
4.64933e+016 2.75e-026  7.04e-001  2.79e-002  2.68e-001  2.64e-006  1.89e-007  1.89e-007  1.43e-008  3.85e-014  8.61e-013  2.83e-019  
4.65501e+016 1.33e-026  6.99e-001  2.53e-002  2.76e-001  2.83e-006  2.03e-007  2.03e-007  1.54e-008  4.16e-014  9.24e-013  3.04e-019  
4.66259e+016 7.77e-027  6.89e-001  2.11e-002  2.89e-001  3.15e-006  2.26e-007  2.26e-007  1.72e-008  4.63e-014  1.03e-012  3.40e-019  
4.67450e+016 1.09e-026  6.66e-001  1.80e-002  3.16e-001  3.75e-006  2.70e-007  2.70e-007  2.04e-008  5.50e-014  1.22e-012  4.04e-019  
4.68726e+016 1.66e-026  6.33e-001  1.39e-002  3.53e-001  4.64e-006  3.32e-007  3.32e-007  2.53e-008  6.81e-014  1.51e-012  4.98e-019  
4.69009e+016 1.80e-026  6.26e-001  1.28e-002  3.61e-001  4.84e-006  3.48e-007  3.48e-007  2.64e-008  7.09e-014  1.58e-012  5.21e-019  
4.69024e+016 7.13e-027  6.26e-001  1.24e-002  3.62e-001  4.85e-006  3.48e-007  3.48e-007  2.65e-008  7.13e-014  1.59e-012  5.22e-019  
4.69048e+016 2.42e-026  6.27e-001  1.17e-002  3.61e-001  4.87e-006  3.48e-007  3.48e-007  2.64e-008  7.10e-014  1.59e-012  5.20e-019  
4.69090e+016 1.16e-025  6.27e-001  1.04e-002  3.62e-001  4.89e-006  3.51e-007  3.51e-007  2.67e-008  7.17e-014  1.60e-012  5.25e-019  
4.69160e+016 9.28e-026  6.23e-001  8.89e-003  3.68e-001  4.99e-006  3.58e-007  3.58e-007  2.71e-008  7.30e-014  1.63e-012  5.36e-019  
4.69279e+016 7.74e-026  6.19e-001  8.61e-003  3.72e-001  5.08e-006  3.63e-007  3.63e-007  2.77e-008  7.43e-014  1.65e-012  5.45e-019  
4.69476e+016 6.28e-026  6.14e-001  8.48e-003  3.77e-001  5.24e-006  3.76e-007  3.76e-007  2.85e-008  7.67e-014  1.70e-012  5.62e-019  
4.69806e+016 5.76e-026  6.06e-001  8.23e-003  3.86e-001  5.51e-006  3.94e-007  3.94e-007  2.99e-008  8.06e-014  1.79e-012  5.91e-019  
4.70337e+016 0.00e+000  -1.#Je+000 -1.#Je+000 -1.#Je+000 -1.#Je+000 -1.#Je+000 -1.#Je+000 -1.#Je+000 -1.#Je+000 -1.#Je+000 -1.#Je+000 
4.70622e+016 0.00e+000  -1.#Je+000 -1.#Je+000 -1.#Je+000 -1.#Je+000 -1.#Je+000 -1.#Je+000 -1.#Je+000 -1.#Je+000 -1.#Je+000 -1.#Je+000 
4.71061e+016 0.00e+000  -1.#Je+000 -1.#Je+000 -1.#Je+000 -1.#Je+000 -1.#Je+000 -1.#Je+000 -1.#Je+000 -1.#Je+000 -1.#Je+000 -1.#Je+000 
4.71746e+016 0.00e+000  -1.#Je+000 -1.#Je+000 -1.#Je+000 -1.#Je+000 -1.#Je+000 -1.#Je+000 -1.#Je+000 -1.#Je+000 -1.#Je+000 -1.#Je+000 
4.72860e+016 4.54e-026  5.24e-001  3.92e-003  4.72e-001  8.75e-006  6.28e-007  6.28e-007  4.76e-008  1.28e-013  2.86e-012  9.41e-019  
4.74240e+016 8.36e-026  4.75e-001  2.58e-003  5.23e-001  1.10e-005  7.88e-007  7.88e-007  5.98e-008  1.61e-013  3.59e-012  1.18e-018  
4.74305e+016 8.51e-026  4.72e-001  2.54e-003  5.25e-001  1.11e-005  7.97e-007  7.97e-007  6.05e-008  1.63e-013  3.62e-012  1.20e-018  
4.74313e+016 8.54e-026  4.72e-001  2.52e-003  5.26e-001  1.11e-005  7.96e-007  7.96e-007  6.05e-008  1.63e-013  3.63e-012  1.19e-018  
4.74348e+016 8.60e-026  4.71e-001  2.45e-003  5.27e-001  1.12e-005  8.01e-007  8.01e-007  6.08e-008  1.64e-013  3.65e-012  1.20e-018  
4.74406e+016 8.72e-026  4.68e-001  2.24e-003  5.30e-001  1.13e-005  8.11e-007  8.11e-007  6.15e-008  1.65e-013  3.68e-012  1.22e-018  
4.74503e+016 8.79e-026  4.59e-001  1.76e-003  5.40e-001  1.16e-005  8.29e-007  8.29e-007  6.29e-008  1.70e-013  3.77e-012  1.24e-018  
4.74676e+016 7.81e-026  4.47e-001  1.56e-003  5.52e-001  1.19e-005  8.56e-007  8.56e-007  6.50e-008  1.75e-013  3.89e-012  1.28e-018  
4.74972e+016 1.61e-025  4.33e-001  1.37e-003  5.65e-001  1.25e-005  9.00e-007  9.00e-007  6.83e-008  1.84e-013  4.10e-012  1.35e-018  
4.75283e+016 1.53e-025  4.23e-001  1.18e-003  5.76e-001  1.32e-005  9.47e-007  9.47e-007  7.19e-008  1.93e-013  4.30e-012  1.42e-018  
4.75365e+016 1.52e-025  4.21e-001  1.13e-003  5.78e-001  1.33e-005  9.59e-007  9.59e-007  7.29e-008  1.96e-013  4.35e-012  1.43e-018  
4.75556e+016 1.29e-025  4.15e-001  1.07e-003  5.83e-001  1.38e-005  9.88e-007  9.88e-007  7.48e-008  2.01e-013  4.49e-012  1.48e-018  
4.75856e+016 1.33e-025  4.06e-001  1.04e-003  5.93e-001  1.44e-005  1.03e-006  1.03e-006  7.85e-008  2.11e-013  4.71e-012  1.55e-018  
4.76342e+016 1.41e-025  3.85e-001  9.35e-004  6.14e-001  1.56e-005  1.12e-006  1.12e-006  8.50e-008  2.29e-013  5.09e-012  1.68e-018  
4.77120e+016 1.58e-025  3.46e-001  6.91e-004  6.53e-001  1.79e-005  1.28e-006  1.28e-006  9.70e-008  2.62e-013  5.83e-012  1.92e-018  
4.78339e+016 1.94e-025  3.08e-001  4.35e-004  6.91e-001  2.14e-005  1.54e-006  1.54e-006  1.17e-007  3.14e-013  6.96e-012  2.30e-018  
4.79819e+016 2.43e-025  2.51e-001  1.70e-004  7.49e-001  2.71e-005  1.94e-006  1.94e-006  1.47e-007  3.97e-013  8.85e-012  2.91e-018  
4.80101e+016 2.53e-025  2.42e-001  1.48e-004  7.58e-001  2.83e-005  2.03e-006  2.03e-006  1.54e-007  4.14e-013  9.24e-012  3.04e-018  
4.80156e+016 2.55e-025  2.40e-001  1.44e-004  7.60e-001  2.85e-005  2.05e-006  2.05e-006  1.55e-007  4.19e-013  9.32e-012  3.07e-018  
4.80288e+016 2.60e-025  2.35e-001  1.35e-004  7.64e-001  2.92e-005  2.09e-006  2.09e-006  1.59e-007  4.26e-013  9.53e-012  3.13e-018  
4.80511e+016 2.69e-025  2.26e-001  1.19e-004  7.73e-001  3.02e-005  2.16e-006  2.16e-006  1.64e-007  4.42e-013  9.85e-012  3.24e-018  
4.80875e+016 2.82e-025  2.10e-001  9.00e-005  7.90e-001  3.20e-005  2.30e-006  2.30e-006  1.74e-007  4.68e-013  1.04e-011  3.44e-018  
4.81463e+016 3.05e-025  1.86e-001  5.35e-005  8.14e-001  3.51e-005  2.52e-006  2.52e-006  1.92e-007  5.15e-013  1.15e-011  3.78e-018  
4.82445e+016 3.46e-025  1.54e-001  3.29e-005  8.46e-001  4.10e-005  2.95e-006  2.95e-006  2.23e-007  6.01e-013  1.33e-011  4.39e-018  
4.83636e+016 3.99e-025  1.16e-001  1.41e-005  8.84e-001  4.91e-005  3.51e-006  3.51e-006  2.68e-007  7.19e-013  1.60e-011  5.29e-018  
4.84912e+016 4.63e-025  7.93e-002  5.25e-006  9.21e-001  5.92e-005  4.24e-006  4.24e-006  3.22e-007  8.67e-013  1.93e-011  6.35e-018  
4.86294e+016 5.35e-025  5.06e-002  1.84e-006  9.49e-001  7.19e-005  5.16e-006  5.16e-006  3.92e-007  1.06e-012  2.35e-011  7.74e-018  
4.87591e+016 6.12e-025  3.17e-002  5.18e-007  9.68e-001  8.62e-005  6.17e-006  6.17e-006  4.69e-007  1.26e-012  2.81e-011  9.26e-018  
4.88968e+016 6.95e-025  1.83e-002  1.08e-007  9.82e-001  1.04e-004  7.48e-006  7.48e-006  5.69e-007  1.53e-012  3.41e-011  1.12e-017  
4.90444e+016 7.81e-025  9.14e-003  1.68e-008  9.91e-001  1.28e-004  9.22e-006  9.22e-006  7.00e-007  1.88e-012  4.20e-011  1.38e-017  
4.91980e+016 8.67e-025  3.97e-003  1.98e-009  9.96e-001  1.60e-004  1.15e-005  1.15e-005  8.71e-007  2.34e-012  5.22e-011  1.72e-017  
4.93317e+016 9.30e-025  1.68e-003  2.24e-010  9.98e-001  1.95e-004  1.40e-005  1.40e-005  1.06e-006  2.85e-012  6.36e-011  2.10e-017  
4.94239e+016 9.66e-025  7.93e-004  2.86e-011  9.99e-001  2.25e-004  1.60e-005  1.60e-005  1.22e-006  3.28e-012  7.32e-011  2.41e-017  
4.95192e+016 9.95e-025  3.71e-004  4.48e-012  9.99e-001  2.60e-004  1.87e-005  1.87e-005  1.42e-006  3.82e-012  8.50e-011  2.80e-017  
4.96202e+016 1.02e-024  1.96e-004  8.18e-013  9.99e-001  3.06e-004  2.19e-005  2.19e-005  1.67e-006  4.47e-012  9.99e-011  3.28e-017  
4.97297e+016 1.03e-024  8.14e-005  6.08e-014  9.99e-001  3.67e-004  2.63e-005  2.63e-005  2.00e-006  5.38e-012  1.19e-010  3.95e-017  
4.98461e+016 1.02e-024  2.68e-005  2.66e-015  9.99e-001  4.52e-004  3.23e-005  3.23e-005  2.46e-006  6.61e-012  1.47e-010  4.85e-017  
4.99670e+016 1.01e-024  6.74e-006  7.15e-017  9.99e-001  5.55e-004  3.99e-005  3.99e-005  3.03e-006  8.14e-012  1.81e-010  5.97e-017  
5.00936e+016 9.79e-025  1.10e-006  1.41e-018  9.99e-001  6.99e-004  5.02e-005  5.02e-005  3.81e-006  1.02e-011  2.28e-010  7.51e-017  
5.02240e+016 9.23e-025  8.75e-008  2.38e-021  9.99e-001  9.01e-004  6.46e-005  6.46e-005  4.91e-006  1.32e-011  2.94e-010  9.69e-017  
5.03584e+016 8.44e-025  8.62e-009  1.97e-023  9.99e-001  1.20e-003  8.55e-005  8.55e-005  6.49e-006  1.75e-011  3.89e-010  1.28e-016  
5.05026e+016 7.24e-025  1.34e-009  5.66e-026  9.98e-001  1.68e-003  1.21e-004  1.21e-004  9.19e-006  2.47e-011  5.51e-010  1.82e-016  
5.05959e+016 6.46e-025  2.04e-010  2.40e-028  9.98e-001  2.14e-003  1.54e-004  1.54e-004  1.16e-005  3.13e-011  6.99e-010  2.31e-016  
5.06957e+016 5.91e-025  1.71e-011  4.50e-031  9.97e-001  2.66e-003  1.90e-004  1.90e-004  1.45e-005  3.89e-011  8.67e-010  2.86e-016  
5.07988e+016 5.22e-025  9.29e-013  2.51e-033  9.96e-001  3.41e-003  2.45e-004  2.45e-004  1.86e-005  5.00e-011  1.11e-009  3.66e-016  
5.09058e+016 4.43e-025  3.45e-014  2.64e-036  9.95e-001  4.58e-003  3.27e-004  3.27e-004  2.48e-005  6.70e-011  1.49e-009  4.92e-016  
5.10237e+016 3.55e-025  8.12e-016  1.00e-039  9.92e-001  6.54e-003  4.71e-004  4.71e-004  3.55e-005  9.59e-011  2.14e-009  7.05e-016  
5.11496e+016 2.64e-025  1.24e-017  1.58e-043  9.88e-001  1.01e-002  7.27e-004  7.27e-004  5.53e-005  1.49e-010  3.31e-009  1.09e-015  
5.12843e+016 1.60e-025  4.96e-019  1.03e-047  9.78e-001  1.95e-002  1.40e-003  1.40e-003  9.46e-005  2.86e-010  5.67e-009  2.10e-015  
5.14296e+016 8.48e-026  3.96e-020  3.07e-049  9.51e-001  4.29e-002  3.08e-003  3.08e-003  1.84e-004  6.29e-010  1.10e-008  4.61e-015  
5.15425e+016 5.33e-026  5.63e-021  1.53e-052  9.12e-001  7.69e-002  5.52e-003  5.52e-003  3.00e-004  1.13e-009  1.80e-008  8.25e-015  
5.16792e+016 2.78e-026  4.06e-023  2.18e-057  8.06e-001  1.69e-001  1.22e-002  1.22e-002  5.97e-004  2.49e-009  3.57e-008  1.82e-014  
5.18319e+016 1.40e-026  1.22e-025  8.05e-063  5.52e-001  3.91e-001  2.81e-002  2.81e-002  1.22e-003  5.72e-009  7.33e-008  4.20e-014  
5.19950e+016 9.24e-027  1.37e-028  5.95e-069  2.01e-001  6.97e-001  4.99e-002  4.99e-002  1.93e-003  1.02e-008  1.16e-007  7.49e-014  
5.21655e+016 8.98e-027  3.82e-032  0.00e+000  3.55e-002  8.42e-001  6.03e-002  6.03e-002  2.06e-003  1.24e-008  1.24e-007  9.05e-014  
5.23457e+016 1.03e-026  6.13e-034  0.00e+000  3.88e-003  8.70e-001  6.23e-002  6.23e-002  1.88e-003  1.28e-008  1.12e-007  9.35e-014  
5.25384e+016 1.22e-026  1.22e-038  0.00e+000  6.58e-004  8.72e-001  6.26e-002  6.26e-002  1.66e-003  1.28e-008  9.96e-008  9.38e-014  
5.27451e+016 1.45e-026  5.29e-043  0.00e+000  3.83e-005  8.73e-001  6.26e-002  6.26e-002  1.46e-003  1.28e-008  8.73e-008  9.42e-014  
5.29668e+016 1.75e-026  7.19e-048  0.00e+000  9.36e-007  8.73e-001  6.28e-002  6.28e-002  1.27e-003  1.28e-008  7.65e-008  9.42e-014  
5.31993e+016 2.12e-026  2.35e-053  0.00e+000  5.05e-009  8.73e-001  6.28e-002  6.28e-002  1.11e-003  1.28e-008  6.70e-008  9.39e-014  
5.34440e+016 2.57e-026  1.81e-054  0.00e+000  6.45e-012  8.74e-001  6.25e-002  6.25e-002  9.75e-004  1.28e-008  5.83e-008  9.36e-014  
5.36995e+016 3.12e-026  1.77e-062  0.00e+000  1.84e-014  8.74e-001  6.27e-002  6.27e-002  8.54e-004  1.28e-008  5.12e-008  9.38e-014  
5.39765e+016 3.82e-026  3.64e-069  0.00e+000  6.80e-018  8.74e-001  6.28e-002  6.28e-002  7.48e-004  1.28e-008  4.47e-008  9.39e-014  
5.42627e+016 4.68e-026  1.86e-070  0.00e+000  6.26e-022  8.74e-001  6.26e-002  6.26e-002  6.56e-004  1.28e-008  3.93e-008  9.38e-014  
5.45738e+016 5.77e-026  0.00e+000  0.00e+000  5.79e-026  8.74e-001  6.28e-002  6.28e-002  5.74e-004  1.28e-008  3.43e-008  9.38e-014  
5.49079e+016 7.15e-026  0.00e+000  0.00e+000  4.80e-031  8.74e-001  6.27e-002  6.27e-002  5.02e-004  1.28e-008  3.01e-008  9.39e-014  
5.52575e+016 8.85e-026  0.00e+000  0.00e+000  6.70e-036  8.74e-001  6.27e-002  6.27e-002  4.40e-004  1.28e-008  2.64e-008  9.39e-014  
5.56155e+016 1.09e-025  0.00e+000  0.00e+000  9.27e-042  8.74e-001  6.27e-002  6.27e-002  3.88e-004  1.28e-008  2.33e-008  9.36e-014  
5.59918e+016 1.34e-025  0.00e+000  0.00e+000  2.07e-047  8.74e-001  6.28e-002  6.28e-002  3.44e-004  1.28e-008  2.06e-008  9.41e-014  
5.63913e+016 1.65e-025  0.00e+000  0.00e+000  3.04e-053  8.75e-001  6.26e-002  6.26e-002  3.05e-004  1.28e-008  1.83e-008  9.41e-014  
5.68226e+016 2.03e-025  0.00e+000  0.00e+000  2.98e-065  8.75e-001  6.24e-002  6.24e-002  2.71e-004  1.28e-008  1.62e-008  9.39e-014  
5.72780e+016 2.49e-025  0.00e+000  0.00e+000  1.15e-066  8.75e-001  6.26e-002  6.26e-002  2.42e-004  1.28e-008  1.45e-008  9.39e-014  
5.77650e+016 3.06e-025  0.00e+000  0.00e+000  0.00e+000  8.74e-001  6.26e-002  6.26e-002  2.17e-004  1.28e-008  1.30e-008  9.36e-014  
5.82707e+016 3.73e-025  0.00e+000  0.00e+000  0.00e+000  8.74e-001  6.28e-002  6.28e-002  1.96e-004  1.28e-008  1.17e-008  9.36e-014  
5.88124e+016 4.52e-025  0.00e+000  0.00e+000  0.00e+000  8.75e-001  6.27e-002  6.27e-002  1.77e-004  1.28e-008  1.06e-008  9.39e-014  
5.93801e+016 5.44e-025  0.00e+000  0.00e+000  0.00e+000  8.75e-001  6.27e-002  6.27e-002  1.62e-004  1.28e-008  9.66e-009  9.37e-014  
5.99878e+016 6.52e-025  0.00e+000  0.00e+000  0.00e+000  8.75e-001  6.26e-002  6.26e-002  1.49e-004  1.28e-008  8.87e-009  9.38e-014  
6.06254e+016 7.77e-025  0.00e+000  0.00e+000  0.00e+000  8.74e-001  6.27e-002  6.27e-002  1.38e-004  1.28e-008  8.20e-009  9.38e-014  
6.12860e+016 9.29e-025  0.00e+000  0.00e+000  0.00e+000  8.75e-001  6.27e-002  6.27e-002  1.28e-004  1.28e-008  7.64e-009  9.37e-014  
6.19772e+016 1.13e-024  0.00e+000  0.00e+000  0.00e+000  8.74e-001  6.27e-002  6.27e-002  1.20e-004  1.28e-008  7.17e-009  9.40e-014  
6.27006e+016 1.41e-024  0.00e+000  0.00e+000  0.00e+000  8.74e-001  6.28e-002  6.28e-002  1.14e-004  1.28e-008  6.77e-009  9.38e-014  
6.34752e+016 1.84e-024  0.00e+000  0.00e+000  0.00e+000  8.74e-001  6.30e-002  6.30e-002  1.07e-004  1.28e-008  6.41e-009  9.39e-014  
6.43223e+016 2.57e-024  0.00e+000  0.00e+000  0.00e+000  8.75e-001  6.26e-002  6.26e-002  1.02e-004  1.28e-008  6.10e-009  9.33e-014  
6.52408e+016 3.82e-024  0.00e+000  0.00e+000  0.00e+000  8.74e-001  6.28e-002  6.28e-002  9.76e-005  1.28e-008  5.81e-009  9.37e-014  
6.62440e+016 6.08e-024  0.00e+000  0.00e+000  0.00e+000  8.74e-001  6.28e-002  6.28e-002  9.35e-005  1.28e-008  5.57e-009  9.35e-014  
6.73219e+016 1.02e-023  0.00e+000  0.00e+000  0.00e+000  8.75e-001  6.27e-002  6.27e-002  8.99e-005  1.28e-008  5.37e-009  9.35e-014  
6.84641e+016 1.75e-023  0.00e+000  0.00e+000  0.00e+000  8.74e-001  6.29e-002  6.29e-002  8.68e-005  1.27e-008  5.18e-009  9.37e-014  
6.96945e+016 3.08e-023  0.00e+000  0.00e+000  0.00e+000  8.74e-001  6.27e-002  6.27e-002  8.42e-005  1.27e-008  5.04e-009  9.36e-014  
7.10391e+016 5.52e-023  0.00e+000  0.00e+000  0.00e+000  8.75e-001  6.27e-002  6.27e-002  8.18e-005  1.27e-008  4.87e-009  9.34e-014  
7.25155e+016 1.00e-022  0.00e+000  0.00e+000  0.00e+000  8.75e-001  6.27e-002  6.27e-002  7.97e-005  1.28e-008  4.75e-009  9.35e-014  
7.42223e+016 1.88e-022  0.00e+000  0.00e+000  0.00e+000  8.74e-001  6.29e-002  6.29e-002  7.78e-005  1.28e-008  4.63e-009  9.38e-014  
7.63108e+016 3.74e-022  0.00e+000  0.00e+000  0.00e+000  8.75e-001  6.26e-002  6.26e-002  7.54e-005  1.27e-008  4.49e-009  9.34e-014  
7.86896e+016 7.41e-022  0.00e+000  0.00e+000  0.00e+000  8.75e-001  6.26e-002  6.26e-002  7.34e-005  1.27e-008  4.37e-009  9.34e-014  
8.18150e+016 1.59e-021  0.00e+000  0.00e+000  0.00e+000  8.74e-001  6.28e-002  6.28e-002  7.11e-005  1.28e-008  4.25e-009  9.37e-014  
8.55776e+016 3.42e-021  0.00e+000  0.00e+000  0.00e+000  8.75e-001  6.26e-002  6.26e-002  6.90e-005  1.27e-008  4.12e-009  9.33e-014  
9.00548e+016 7.17e-021  0.00e+000  0.00e+000  0.00e+000  8.75e-001  6.26e-002  6.26e-002  6.70e-005  1.27e-008  3.99e-009  9.33e-014  
9.53916e+016 1.46e-020  0.00e+000  0.00e+000  0.00e+000  8.75e-001  6.25e-002  6.25e-002  6.49e-005  1.27e-008  3.86e-009  9.30e-014  
1.01535e+017 2.80e-020  0.00e+000  0.00e+000  0.00e+000  8.74e-001  6.28e-002  6.28e-002  6.32e-005  1.27e-008  3.78e-009  9.35e-014  
1.09249e+017 5.34e-020  0.00e+000  0.00e+000  0.00e+000  8.74e-001  6.27e-002  6.27e-002  6.14e-005  1.27e-008  3.65e-009  9.34e-014  
1.19176e+017 1.01e-019  0.00e+000  0.00e+000  0.00e+000  8.75e-001  6.27e-002  6.27e-002  5.97e-005  1.27e-008  3.56e-009  9.33e-014  
1.32448e+017 1.85e-019  0.00e+000  0.00e+000  0.00e+000  8.75e-001  6.26e-002  6.26e-002  5.83e-005  1.27e-008  3.46e-009  9.34e-014  
