! 0       *H + *H2CO -> *HCO + *H2
! 1       *H + *H2CO -> *CH3O
! 2       *H2CO + He -> H2CO + He
! 3       *H2CO + H2 -> H2CO + H2
! 4       *H + *H2CO -> CH3O
! 5       *H2CO + CO -> H2CO + CO
! 6       *H2CO + CRPhoton -> *CO + *H2
! 7       *H2CO + CRPhoton -> *CO + *H + *H
! 8       *H2CO + CRPhoton -> *HCO + *H
! 9       *H2CO + CRPhoton -> *CO + *H2
!            tot_rate   0          1          2          3          4          5          6          7          8          9          
1.58188e+013 2.77e-013  9.57e-001  4.23e-002  0.00e+000  0.00e+000  4.26e-004  0.00e+000  2.81e-004  3.02e-005  1.93e-005  9.06e-006  
3.50727e+014 2.77e-013  9.57e-001  4.23e-002  0.00e+000  0.00e+000  4.26e-004  0.00e+000  2.81e-004  3.02e-005  1.93e-005  9.06e-006  
5.21628e+015 2.77e-013  9.57e-001  4.23e-002  0.00e+000  0.00e+000  4.26e-004  0.00e+000  2.81e-004  3.02e-005  1.93e-005  9.06e-006  
2.67137e+016 2.79e-013  9.57e-001  4.23e-002  0.00e+000  0.00e+000  4.27e-004  0.00e+000  2.80e-004  3.01e-005  1.93e-005  9.03e-006  
3.33598e+016 2.74e-013  9.57e-001  4.24e-002  0.00e+000  0.00e+000  4.27e-004  0.00e+000  2.90e-004  3.12e-005  2.00e-005  9.39e-006  
3.42055e+016 2.22e-013  9.57e-001  4.22e-002  0.00e+000  0.00e+000  4.27e-004  4.45e-056  3.61e-004  3.89e-005  2.49e-005  1.17e-005  
3.44017e+016 2.06e-013  9.57e-001  4.23e-002  0.00e+000  0.00e+000  4.26e-004  9.47e-042  3.90e-004  4.20e-005  2.69e-005  1.26e-005  
3.46353e+016 1.86e-013  9.57e-001  4.22e-002  0.00e+000  0.00e+000  4.27e-004  4.82e-016  4.33e-004  4.66e-005  2.98e-005  1.40e-005  
3.48860e+016 1.64e-013  9.57e-001  4.22e-002  0.00e+000  0.00e+000  4.26e-004  2.13e-009  4.93e-004  5.31e-005  3.40e-005  1.59e-005  
3.51370e+016 1.40e-013  9.57e-001  4.23e-002  0.00e+000  0.00e+000  4.27e-004  7.92e-006  5.81e-004  6.25e-005  4.00e-005  1.88e-005  
3.53250e+016 1.22e-013  9.57e-001  4.21e-002  0.00e+000  0.00e+000  4.25e-004  9.16e-005  6.69e-004  7.20e-005  4.61e-005  2.16e-005  
3.55515e+016 1.00e-013  9.56e-001  4.21e-002  0.00e+000  0.00e+000  4.26e-004  5.97e-004  8.23e-004  8.87e-005  5.67e-005  2.66e-005  
3.57182e+016 8.48e-014  9.54e-001  4.21e-002  7.29e-063  0.00e+000  4.25e-004  1.84e-003  9.79e-004  1.05e-004  6.75e-005  3.16e-005  
3.58524e+016 7.30e-014  9.52e-001  4.20e-002  1.77e-049  0.00e+000  4.25e-004  4.37e-003  1.14e-003  1.23e-004  7.89e-005  3.70e-005  
3.60047e+016 6.07e-014  9.49e-001  4.19e-002  4.48e-030  0.00e+000  4.24e-004  6.79e-003  1.39e-003  1.50e-004  9.57e-005  4.50e-005  
3.61718e+016 4.87e-014  9.44e-001  4.17e-002  1.93e-015  5.56e-063  4.21e-004  1.16e-002  1.76e-003  1.89e-004  1.21e-004  5.67e-005  
3.62899e+016 4.14e-014  9.38e-001  4.13e-002  1.05e-006  2.08e-051  4.18e-004  1.79e-002  2.09e-003  2.25e-004  1.44e-004  6.74e-005  
3.63893e+016 3.60e-014  9.28e-001  4.11e-002  2.76e-004  1.80e-033  4.14e-004  2.69e-002  2.43e-003  2.62e-004  1.68e-004  7.87e-005  
3.64972e+016 3.46e-014  8.21e-001  3.61e-002  1.00e-001  2.17e-016  3.64e-004  3.93e-002  2.58e-003  2.77e-004  1.78e-004  8.33e-005  
3.66124e+016 5.26e-014  4.52e-001  1.99e-002  4.86e-001  3.93e-009  2.01e-004  3.91e-002  1.73e-003  1.86e-004  1.19e-004  5.59e-005  
3.67348e+016 1.41e-013  1.41e-001  6.23e-003  8.27e-001  5.68e-005  6.30e-005  2.45e-002  6.62e-004  7.14e-005  4.57e-005  2.14e-005  
3.68621e+016 4.20e-013  4.26e-002  1.88e-003  9.16e-001  2.38e-002  1.90e-005  1.54e-002  2.31e-004  2.50e-005  1.59e-005  7.47e-006  
3.69700e+016 1.07e-012  1.52e-002  6.70e-004  8.87e-001  8.62e-002  6.76e-006  1.12e-002  9.41e-005  1.01e-005  6.46e-006  3.03e-006  
3.70376e+016 1.91e-012  8.02e-003  3.54e-004  8.55e-001  1.27e-001  3.57e-006  9.70e-003  5.40e-005  5.82e-006  3.73e-006  1.75e-006  
3.71087e+016 3.38e-012  4.29e-003  1.89e-004  8.16e-001  1.70e-001  1.91e-006  8.99e-003  3.14e-005  3.37e-006  2.17e-006  1.01e-006  
3.71826e+016 6.09e-012  2.30e-003  1.01e-004  7.85e-001  2.04e-001  1.02e-006  8.77e-003  1.79e-005  1.94e-006  1.24e-006  5.81e-007  
3.72589e+016 1.11e-011  1.26e-003  5.55e-005  7.55e-001  2.34e-001  5.60e-007  9.05e-003  1.02e-005  1.09e-006  7.03e-007  3.29e-007  
3.73370e+016 2.01e-011  7.11e-004  3.15e-005  7.31e-001  2.58e-001  3.18e-007  9.80e-003  5.77e-006  6.17e-007  3.96e-007  1.86e-007  
3.74165e+016 3.63e-011  4.21e-004  1.86e-005  7.02e-001  2.86e-001  1.88e-007  1.08e-002  3.19e-006  3.44e-007  2.21e-007  1.04e-007  
3.74829e+016 5.90e-011  2.78e-004  1.22e-005  6.88e-001  3.00e-001  1.24e-007  1.15e-002  1.93e-006  2.07e-007  1.33e-007  6.22e-008  
3.75505e+016 9.33e-011  1.83e-004  8.09e-006  6.65e-001  3.23e-001  8.16e-008  1.19e-002  1.13e-006  1.21e-007  7.75e-008  3.63e-008  
3.76194e+016 1.39e-010  1.18e-004  5.21e-006  6.54e-001  3.34e-001  5.27e-008  1.19e-002  6.17e-007  6.64e-008  4.25e-008  1.99e-008  
3.76839e+016 1.88e-010  7.35e-005  3.23e-006  6.34e-001  3.55e-001  3.26e-008  1.19e-002  2.94e-007  3.17e-008  2.03e-008  9.53e-009  
3.76854e+016 1.89e-010  7.24e-005  3.19e-006  6.34e-001  3.54e-001  3.22e-008  1.19e-002  2.88e-007  3.10e-008  1.98e-008  9.30e-009  
3.76877e+016 1.91e-010  7.07e-005  3.12e-006  6.34e-001  3.54e-001  3.15e-008  1.19e-002  2.78e-007  2.99e-008  1.92e-008  8.95e-009  
3.76917e+016 1.93e-010  6.84e-005  3.03e-006  6.32e-001  3.56e-001  3.06e-008  1.19e-002  2.62e-007  2.82e-008  1.81e-008  8.50e-009  
3.76980e+016 1.98e-010  6.47e-005  2.85e-006  6.32e-001  3.56e-001  2.88e-008  1.19e-002  2.36e-007  2.54e-008  1.63e-008  7.63e-009  
3.77083e+016 2.05e-010  5.82e-005  2.58e-006  6.31e-001  3.57e-001  2.60e-008  1.19e-002  1.95e-007  2.10e-008  1.34e-008  6.31e-009  
3.77248e+016 2.12e-010  4.82e-005  2.14e-006  6.29e-001  3.59e-001  2.16e-008  1.21e-002  1.34e-007  1.44e-008  9.22e-009  4.32e-009  
3.77450e+016 2.12e-010  3.19e-005  1.41e-006  6.23e-001  3.65e-001  1.42e-008  1.20e-002  6.28e-008  6.75e-009  4.33e-009  2.03e-009  
3.77655e+016 4.41e-011  5.39e-006  2.38e-007  6.17e-001  3.72e-001  2.40e-009  1.17e-002  1.53e-008  1.65e-009  1.06e-009  4.94e-010  
3.77936e+016 3.71e-014  3.77e-006  1.66e-007  6.12e-001  3.77e-001  1.68e-009  1.12e-002  1.40e-008  1.50e-009  9.62e-010  4.50e-010  
3.78016e+016 4.25e-015  3.34e-006  1.48e-007  6.10e-001  3.79e-001  1.50e-009  1.11e-002  1.36e-008  1.46e-009  9.37e-010  4.40e-010  
3.78111e+016 3.44e-016  2.94e-006  1.29e-007  6.08e-001  3.81e-001  1.31e-009  1.09e-002  1.31e-008  1.42e-009  9.08e-010  4.25e-010  
3.78273e+016 6.53e-017  2.37e-006  1.05e-007  6.06e-001  3.83e-001  1.06e-009  1.07e-002  1.25e-008  1.35e-009  8.64e-010  4.06e-010  
3.78530e+016 6.24e-017  1.71e-006  7.57e-008  6.04e-001  3.86e-001  7.64e-010  1.03e-002  1.16e-008  1.25e-009  8.02e-010  3.76e-010  
3.78818e+016 6.20e-017  1.21e-006  5.35e-008  5.97e-001  3.93e-001  5.40e-010  9.95e-003  1.07e-008  1.15e-009  7.39e-010  3.47e-010  
3.79076e+016 6.16e-017  8.93e-007  3.95e-008  5.91e-001  3.99e-001  3.98e-010  9.66e-003  1.00e-008  1.08e-009  6.90e-010  3.23e-010  
3.79253e+016 6.15e-017  7.34e-007  3.24e-008  5.87e-001  4.03e-001  3.27e-010  9.48e-003  9.58e-009  1.03e-009  6.60e-010  3.09e-010  
3.79502e+016 6.13e-017  5.57e-007  2.46e-008  5.84e-001  4.06e-001  2.48e-010  9.22e-003  8.99e-009  9.68e-010  6.20e-010  2.91e-010  
3.79755e+016 6.13e-017  4.33e-007  1.91e-008  5.83e-001  4.08e-001  1.93e-010  8.98e-003  8.47e-009  9.13e-010  5.84e-010  2.74e-010  
3.79897e+016 6.12e-017  3.77e-007  1.67e-008  5.80e-001  4.11e-001  1.68e-010  8.85e-003  8.21e-009  8.85e-010  5.67e-010  2.65e-010  
3.79918e+016 6.12e-017  3.69e-007  1.63e-008  5.80e-001  4.11e-001  1.65e-010  8.82e-003  8.16e-009  8.80e-010  5.63e-010  2.65e-010  
3.79956e+016 6.12e-017  3.56e-007  1.57e-008  5.78e-001  4.13e-001  1.59e-010  8.79e-003  8.10e-009  8.72e-010  5.58e-010  2.61e-010  
3.80017e+016 6.12e-017  3.35e-007  1.48e-008  5.76e-001  4.15e-001  1.50e-010  8.72e-003  7.99e-009  8.59e-010  5.50e-010  2.58e-010  
3.80129e+016 6.12e-017  3.02e-007  1.33e-008  5.75e-001  4.16e-001  1.35e-010  8.62e-003  7.79e-009  8.38e-010  5.37e-010  2.52e-010  
3.80319e+016 6.13e-017  2.54e-007  1.12e-008  5.71e-001  4.21e-001  1.13e-010  8.50e-003  7.49e-009  8.06e-010  5.15e-010  2.41e-010  
3.80578e+016 6.14e-017  2.04e-007  8.97e-009  5.68e-001  4.23e-001  9.05e-011  8.30e-003  7.10e-009  7.65e-010  4.90e-010  2.30e-010  
3.80629e+016 6.15e-017  1.95e-007  8.60e-009  5.67e-001  4.24e-001  8.68e-011  8.26e-003  7.02e-009  7.56e-010  4.84e-010  2.28e-010  
3.80713e+016 6.15e-017  1.82e-007  8.05e-009  5.67e-001  4.24e-001  8.13e-011  8.21e-003  6.91e-009  7.45e-010  4.76e-010  2.23e-010  
3.80859e+016 6.16e-017  1.64e-007  7.21e-009  5.67e-001  4.25e-001  7.27e-011  8.13e-003  6.75e-009  7.27e-010  4.64e-010  2.18e-010  
3.81083e+016 6.19e-017  1.37e-007  6.06e-009  5.62e-001  4.30e-001  6.12e-011  7.95e-003  6.45e-009  6.95e-010  4.44e-010  2.08e-010  
3.81265e+016 6.22e-017  1.20e-007  5.31e-009  5.58e-001  4.34e-001  5.35e-011  7.83e-003  6.24e-009  6.72e-010  4.31e-010  2.01e-010  
3.81480e+016 6.24e-017  1.04e-007  4.57e-009  5.55e-001  4.38e-001  4.62e-011  7.74e-003  6.03e-009  6.49e-010  4.15e-010  1.96e-010  
3.81769e+016 6.30e-017  8.62e-008  3.81e-009  5.53e-001  4.40e-001  3.84e-011  7.57e-003  5.75e-009  6.19e-010  3.97e-010  1.86e-010  
3.81836e+016 6.31e-017  8.31e-008  3.66e-009  5.53e-001  4.39e-001  3.69e-011  7.55e-003  5.71e-009  6.14e-010  3.93e-010  1.84e-010  
3.81952e+016 6.35e-017  7.75e-008  3.42e-009  5.53e-001  4.40e-001  3.45e-011  7.50e-003  5.61e-009  6.03e-010  3.86e-010  1.81e-010  
3.82149e+016 6.40e-017  6.89e-008  3.05e-009  5.49e-001  4.44e-001  3.08e-011  7.38e-003  5.44e-009  5.85e-010  3.75e-010  1.75e-010  
3.82433e+016 6.52e-017  5.86e-008  2.59e-009  5.43e-001  4.50e-001  2.61e-011  7.26e-003  5.22e-009  5.62e-010  3.59e-010  1.69e-010  
3.82740e+016 6.63e-017  4.95e-008  2.19e-009  5.42e-001  4.51e-001  2.20e-011  7.14e-003  5.01e-009  5.40e-010  3.46e-010  1.61e-010  
3.83054e+016 6.68e-017  4.21e-008  1.86e-009  5.41e-001  4.52e-001  1.87e-011  7.02e-003  4.82e-009  5.20e-010  3.32e-010  1.56e-010  
3.83376e+016 6.75e-017  3.57e-008  1.57e-009  5.35e-001  4.58e-001  1.59e-011  6.89e-003  4.62e-009  4.98e-010  3.19e-010  1.50e-010  
3.83751e+016 6.99e-017  2.99e-008  1.32e-009  5.31e-001  4.62e-001  1.33e-011  6.78e-003  4.44e-009  4.78e-010  3.06e-010  1.43e-010  
3.84132e+016 7.47e-017  2.53e-008  1.12e-009  5.30e-001  4.63e-001  1.13e-011  6.68e-003  4.27e-009  4.61e-010  2.95e-010  1.38e-010  
3.84531e+016 8.37e-017  2.14e-008  9.44e-010  5.27e-001  4.67e-001  9.54e-012  6.56e-003  4.12e-009  4.43e-010  2.83e-010  1.33e-010  
3.84962e+016 1.00e-016  1.84e-008  8.12e-010  5.22e-001  4.72e-001  8.20e-012  6.48e-003  3.96e-009  4.27e-010  2.73e-010  1.28e-010  
3.85449e+016 1.23e-016  1.57e-008  6.96e-010  5.20e-001  4.74e-001  7.03e-012  6.38e-003  3.81e-009  4.10e-010  2.62e-010  1.23e-010  
3.85990e+016 1.37e-016  1.36e-008  5.99e-010  5.18e-001  4.76e-001  6.05e-012  6.28e-003  3.67e-009  3.95e-010  2.53e-010  1.19e-010  
3.86597e+016 1.20e-016  1.17e-008  5.16e-010  5.12e-001  4.81e-001  5.21e-012  6.19e-003  3.52e-009  3.79e-010  2.42e-010  1.14e-010  
3.87288e+016 7.51e-017  1.02e-008  4.52e-010  5.09e-001  4.85e-001  4.56e-012  6.13e-003  3.40e-009  3.65e-010  2.33e-010  1.10e-010  
3.88139e+016 2.58e-017  9.40e-009  4.15e-010  5.09e-001  4.85e-001  4.19e-012  6.10e-003  3.28e-009  3.53e-010  2.26e-010  1.06e-010  
3.89093e+016 3.64e-018  9.03e-009  3.98e-010  5.05e-001  4.89e-001  4.04e-012  5.96e-003  3.13e-009  3.38e-010  2.17e-010  1.02e-010  
3.90068e+016 2.49e-019  9.50e-009  4.21e-010  5.01e-001  4.93e-001  4.25e-012  5.93e-003  3.06e-009  3.29e-010  2.11e-010  9.90e-011  
3.91088e+016 1.11e-019  1.08e-008  4.76e-010  4.99e-001  4.95e-001  4.81e-012  5.89e-003  2.99e-009  3.21e-010  2.06e-010  9.65e-011  
3.92181e+016 1.58e-019  1.32e-008  5.83e-010  4.99e-001  4.95e-001  5.88e-012  5.86e-003  2.93e-009  3.15e-010  2.02e-010  9.43e-011  
3.93325e+016 2.22e-019  1.70e-008  7.51e-010  4.99e-001  4.95e-001  7.60e-012  5.85e-003  2.90e-009  3.12e-010  2.00e-010  9.36e-011  
3.94519e+016 3.04e-019  2.27e-008  1.00e-009  5.00e-001  4.94e-001  1.01e-011  5.86e-003  2.88e-009  3.10e-010  1.98e-010  9.32e-011  
3.95803e+016 4.02e-019  3.11e-008  1.37e-009  5.00e-001  4.95e-001  1.38e-011  5.89e-003  2.88e-009  3.11e-010  1.99e-010  9.29e-011  
3.97190e+016 5.12e-019  4.28e-008  1.88e-009  5.00e-001  4.94e-001  1.90e-011  5.94e-003  2.89e-009  3.11e-010  1.99e-010  9.34e-011  
3.98699e+016 6.15e-019  5.95e-008  2.64e-009  5.01e-001  4.93e-001  2.65e-011  6.02e-003  2.93e-009  3.16e-010  2.02e-010  9.48e-011  
4.00514e+016 7.04e-019  8.66e-008  3.82e-009  5.03e-001  4.91e-001  3.86e-011  6.15e-003  3.01e-009  3.24e-010  2.07e-010  9.73e-011  
4.02549e+016 7.60e-019  1.29e-007  5.67e-009  5.08e-001  4.86e-001  5.73e-011  6.32e-003  3.12e-009  3.36e-010  2.15e-010  1.01e-010  
4.04761e+016 7.82e-019  1.94e-007  8.59e-009  5.14e-001  4.79e-001  8.68e-011  6.55e-003  3.29e-009  3.54e-010  2.26e-010  1.06e-010  
4.07070e+016 7.87e-019  3.00e-007  1.32e-008  5.21e-001  4.72e-001  1.33e-010  6.83e-003  3.52e-009  3.78e-010  2.43e-010  1.14e-010  
4.09451e+016 8.05e-019  4.75e-007  2.09e-008  5.27e-001  4.66e-001  2.11e-010  7.13e-003  3.79e-009  4.09e-010  2.61e-010  1.23e-010  
4.11988e+016 8.36e-019  7.92e-007  3.49e-008  5.33e-001  4.59e-001  3.53e-010  7.57e-003  4.17e-009  4.50e-010  2.88e-010  1.35e-010  
4.14624e+016 8.87e-019  1.38e-006  6.09e-008  5.43e-001  4.49e-001  6.14e-010  8.07e-003  4.66e-009  5.02e-010  3.21e-010  1.51e-010  
4.17462e+016 9.48e-019  2.63e-006  1.16e-007  5.56e-001  4.36e-001  1.17e-009  8.72e-003  5.34e-009  5.75e-010  3.68e-010  1.73e-010  
4.20512e+016 9.69e-019  5.50e-006  2.42e-007  5.64e-001  4.26e-001  2.46e-009  9.54e-003  6.26e-009  6.75e-010  4.31e-010  2.02e-010  
4.23867e+016 8.55e-019  1.32e-005  5.81e-007  5.79e-001  4.10e-001  5.87e-009  1.07e-002  7.61e-009  8.20e-010  5.25e-010  2.46e-010  
4.27356e+016 6.24e-019  3.50e-005  1.55e-006  5.93e-001  3.95e-001  1.56e-008  1.21e-002  9.54e-009  1.03e-009  6.58e-010  3.08e-010  
4.30994e+016 4.06e-019  1.05e-004  4.63e-006  6.06e-001  3.80e-001  4.68e-008  1.41e-002  1.24e-008  1.33e-009  8.53e-010  3.99e-010  
4.34671e+016 3.08e-019  3.47e-004  1.53e-005  6.23e-001  3.60e-001  1.55e-007  1.66e-002  1.65e-008  1.78e-009  1.14e-009  5.32e-010  
4.38104e+016 4.84e-019  1.14e-003  5.02e-005  6.34e-001  3.45e-001  5.06e-007  1.97e-002  2.21e-008  2.38e-009  1.52e-009  7.13e-010  
4.41007e+016 1.24e-018  3.27e-003  1.44e-004  6.46e-001  3.28e-001  1.46e-006  2.29e-002  2.87e-008  3.09e-009  1.97e-009  9.31e-010  
4.42181e+016 1.95e-018  5.08e-003  2.24e-004  6.48e-001  3.22e-001  2.27e-006  2.45e-002  3.22e-008  3.47e-009  2.22e-009  1.04e-009  
4.42811e+016 2.50e-018  6.40e-003  2.83e-004  6.48e-001  3.20e-001  2.86e-006  2.54e-002  3.42e-008  3.68e-009  2.36e-009  1.10e-009  
4.43809e+016 3.81e-018  9.40e-003  4.15e-004  6.48e-001  3.15e-001  4.17e-006  2.68e-002  3.75e-008  4.04e-009  2.59e-009  1.22e-009  
4.45030e+016 6.37e-018  1.48e-002  6.53e-004  6.51e-001  3.04e-001  6.59e-006  2.87e-002  4.22e-008  4.55e-009  2.92e-009  1.37e-009  
4.45401e+016 7.48e-018  1.71e-002  7.55e-004  6.51e-001  3.02e-001  7.63e-006  2.94e-002  4.40e-008  4.73e-009  3.03e-009  1.42e-009  
4.45998e+016 9.65e-018  2.13e-002  9.39e-004  6.51e-001  2.96e-001  9.50e-006  3.03e-002  4.65e-008  5.01e-009  3.20e-009  1.50e-009  
4.46779e+016 1.34e-017  2.82e-002  1.24e-003  6.51e-001  2.88e-001  1.26e-005  3.15e-002  5.01e-008  5.40e-009  3.45e-009  1.62e-009  
4.48006e+016 2.21e-017  4.28e-002  1.89e-003  6.43e-001  2.79e-001  1.91e-005  3.35e-002  5.61e-008  6.07e-009  3.88e-009  1.82e-009  
4.48529e+016 2.74e-017  5.14e-002  2.26e-003  6.42e-001  2.70e-001  2.29e-005  3.45e-002  5.94e-008  6.38e-009  4.08e-009  1.92e-009  
4.48834e+016 3.10e-017  5.65e-002  2.49e-003  6.39e-001  2.67e-001  2.52e-005  3.52e-002  6.10e-008  6.58e-009  4.23e-009  1.97e-009  
4.49346e+016 3.75e-017  6.56e-002  2.88e-003  6.32e-001  2.64e-001  2.93e-005  3.57e-002  6.37e-008  6.88e-009  4.40e-009  2.06e-009  
4.49870e+016 4.54e-017  7.61e-002  3.35e-003  6.24e-001  2.60e-001  3.39e-005  3.66e-002  6.70e-008  7.21e-009  4.63e-009  2.16e-009  
4.50684e+016 6.03e-017  9.40e-002  4.15e-003  6.13e-001  2.50e-001  4.19e-005  3.80e-002  7.21e-008  7.76e-009  4.97e-009  2.32e-009  
4.51867e+016 8.87e-017  1.24e-001  5.47e-003  5.98e-001  2.33e-001  5.51e-005  3.96e-002  7.97e-008  8.58e-009  5.49e-009  2.57e-009  
4.51946e+016 9.16e-017  1.29e-001  5.68e-003  5.94e-001  2.31e-001  5.73e-005  4.02e-002  8.12e-008  8.74e-009  5.60e-009  2.62e-009  
4.52061e+016 9.62e-017  1.32e-001  5.83e-003  5.92e-001  2.30e-001  5.90e-005  4.05e-002  8.22e-008  8.84e-009  5.66e-009  2.65e-009  
4.52265e+016 1.02e-016  1.38e-001  6.07e-003  5.89e-001  2.27e-001  6.13e-005  4.06e-002  8.33e-008  8.97e-009  5.74e-009  2.69e-009  
4.52632e+016 1.14e-016  1.48e-001  6.52e-003  5.83e-001  2.21e-001  6.58e-005  4.10e-002  8.57e-008  9.23e-009  5.90e-009  2.77e-009  
4.53239e+016 1.36e-016  1.65e-001  7.29e-003  5.74e-001  2.12e-001  7.35e-005  4.17e-002  8.97e-008  9.71e-009  6.19e-009  2.91e-009  
4.54167e+016 1.76e-016  1.94e-001  8.56e-003  5.55e-001  2.00e-001  8.62e-005  4.26e-002  9.70e-008  1.04e-008  6.69e-009  3.12e-009  
4.55446e+016 2.51e-016  2.38e-001  1.05e-002  5.22e-001  1.84e-001  1.06e-004  4.43e-002  1.07e-007  1.15e-008  7.38e-009  3.46e-009  
4.55658e+016 2.65e-016  2.47e-001  1.09e-002  5.17e-001  1.80e-001  1.10e-004  4.45e-002  1.09e-007  1.18e-008  7.51e-009  3.53e-009  
4.55697e+016 2.70e-016  2.51e-001  1.10e-002  5.19e-001  1.74e-001  1.12e-004  4.49e-002  1.10e-007  1.18e-008  7.56e-009  3.55e-009  
4.55761e+016 2.76e-016  2.54e-001  1.12e-002  5.18e-001  1.73e-001  1.13e-004  4.49e-002  1.10e-007  1.19e-008  7.64e-009  3.57e-009  
4.55871e+016 2.85e-016  2.57e-001  1.13e-002  5.15e-001  1.71e-001  1.15e-004  4.49e-002  1.11e-007  1.20e-008  7.68e-009  3.58e-009  
4.56066e+016 2.99e-016  2.65e-001  1.17e-002  5.08e-001  1.70e-001  1.18e-004  4.52e-002  1.13e-007  1.22e-008  7.79e-009  3.65e-009  
4.56410e+016 3.27e-016  2.77e-001  1.22e-002  4.99e-001  1.66e-001  1.23e-004  4.53e-002  1.16e-007  1.25e-008  7.99e-009  3.73e-009  
4.56849e+016 3.67e-016  2.94e-001  1.29e-002  4.85e-001  1.62e-001  1.31e-004  4.58e-002  1.19e-007  1.29e-008  8.23e-009  3.87e-009  
4.57241e+016 4.05e-016  3.09e-001  1.37e-002  4.74e-001  1.57e-001  1.38e-004  4.62e-002  1.23e-007  1.33e-008  8.47e-009  3.98e-009  
4.57850e+016 4.73e-016  3.32e-001  1.47e-002  4.59e-001  1.47e-001  1.49e-004  4.63e-002  1.28e-007  1.38e-008  8.82e-009  4.13e-009  
4.58802e+016 6.07e-016  3.72e-001  1.64e-002  4.33e-001  1.31e-001  1.66e-004  4.66e-002  1.36e-007  1.46e-008  9.37e-009  4.40e-009  
4.59720e+016 7.69e-016  4.12e-001  1.82e-002  4.05e-001  1.18e-001  1.83e-004  4.67e-002  1.44e-007  1.55e-008  9.93e-009  4.64e-009  
4.59734e+016 7.70e-016  4.14e-001  1.83e-002  4.04e-001  1.16e-001  1.84e-004  4.69e-002  1.44e-007  1.56e-008  9.96e-009  4.66e-009  
4.59759e+016 7.74e-016  4.18e-001  1.85e-002  4.00e-001  1.15e-001  1.87e-004  4.74e-002  1.46e-007  1.56e-008  1.00e-008  4.70e-009  
4.59802e+016 7.92e-016  4.22e-001  1.87e-002  3.98e-001  1.14e-001  1.88e-004  4.75e-002  1.47e-007  1.58e-008  1.01e-008  4.72e-009  
4.59873e+016 8.11e-016  4.25e-001  1.87e-002  3.96e-001  1.13e-001  1.90e-004  4.75e-002  1.47e-007  1.58e-008  1.01e-008  4.75e-009  
4.59993e+016 8.38e-016  4.30e-001  1.90e-002  3.93e-001  1.11e-001  1.92e-004  4.74e-002  1.48e-007  1.59e-008  1.02e-008  4.78e-009  
4.60196e+016 8.81e-016  4.38e-001  1.94e-002  3.87e-001  1.08e-001  1.95e-004  4.73e-002  1.50e-007  1.61e-008  1.03e-008  4.82e-009  
4.60580e+016 9.72e-016  4.55e-001  2.01e-002  3.76e-001  1.02e-001  2.03e-004  4.70e-002  1.52e-007  1.64e-008  1.05e-008  4.92e-009  
4.61139e+016 1.12e-015  4.78e-001  2.11e-002  3.57e-001  9.67e-002  2.13e-004  4.66e-002  1.57e-007  1.68e-008  1.07e-008  5.06e-009  
4.61801e+016 1.32e-015  5.08e-001  2.24e-002  3.34e-001  8.93e-002  2.26e-004  4.61e-002  1.61e-007  1.74e-008  1.11e-008  5.21e-009  
4.62829e+016 1.73e-015  5.54e-001  2.44e-002  2.99e-001  7.76e-002  2.47e-004  4.53e-002  1.69e-007  1.82e-008  1.16e-008  5.46e-009  
4.63958e+016 2.31e-015  6.02e-001  2.66e-002  2.64e-001  6.32e-002  2.69e-004  4.37e-002  1.76e-007  1.89e-008  1.21e-008  5.67e-009  
4.64165e+016 2.45e-015  6.13e-001  2.70e-002  2.56e-001  6.05e-002  2.73e-004  4.33e-002  1.76e-007  1.90e-008  1.22e-008  5.72e-009  
4.64187e+016 2.45e-015  6.16e-001  2.72e-002  2.53e-001  5.96e-002  2.75e-004  4.36e-002  1.78e-007  1.91e-008  1.22e-008  5.75e-009  
4.64224e+016 2.50e-015  6.20e-001  2.74e-002  2.52e-001  5.68e-002  2.77e-004  4.36e-002  1.78e-007  1.92e-008  1.22e-008  5.76e-009  
4.64286e+016 2.57e-015  6.24e-001  2.75e-002  2.49e-001  5.54e-002  2.78e-004  4.37e-002  1.78e-007  1.92e-008  1.23e-008  5.77e-009  
4.64396e+016 2.65e-015  6.28e-001  2.77e-002  2.46e-001  5.48e-002  2.81e-004  4.35e-002  1.79e-007  1.93e-008  1.24e-008  5.78e-009  
4.64596e+016 2.79e-015  6.37e-001  2.81e-002  2.39e-001  5.30e-002  2.84e-004  4.29e-002  1.80e-007  1.94e-008  1.24e-008  5.83e-009  
4.64933e+016 3.05e-015  6.50e-001  2.87e-002  2.28e-001  5.05e-002  2.90e-004  4.26e-002  1.82e-007  1.96e-008  1.25e-008  5.87e-009  
4.65501e+016 3.51e-015  6.70e-001  2.96e-002  2.14e-001  4.53e-002  2.99e-004  4.13e-002  1.83e-007  1.97e-008  1.26e-008  5.93e-009  
4.66259e+016 4.28e-015  6.99e-001  3.08e-002  1.93e-001  3.81e-002  3.11e-004  3.95e-002  1.86e-007  2.00e-008  1.28e-008  6.01e-009  
4.67450e+016 5.81e-015  7.40e-001  3.27e-002  1.60e-001  3.06e-002  3.30e-004  3.66e-002  1.88e-007  2.03e-008  1.30e-008  6.07e-009  
4.68726e+016 8.17e-015  7.83e-001  3.45e-002  1.26e-001  2.26e-002  3.49e-004  3.36e-002  1.90e-007  2.04e-008  1.31e-008  6.12e-009  
4.69009e+016 8.82e-015  7.91e-001  3.49e-002  1.20e-001  2.10e-002  3.53e-004  3.30e-002  1.89e-007  2.04e-008  1.30e-008  6.11e-009  
4.69024e+016 8.85e-015  7.92e-001  3.49e-002  1.19e-001  2.06e-002  3.53e-004  3.30e-002  1.90e-007  2.05e-008  1.31e-008  6.13e-009  
4.69048e+016 8.92e-015  7.93e-001  3.50e-002  1.19e-001  2.00e-002  3.53e-004  3.29e-002  1.90e-007  2.04e-008  1.30e-008  6.12e-009  
4.69090e+016 9.05e-015  7.95e-001  3.50e-002  1.18e-001  1.87e-002  3.54e-004  3.27e-002  1.89e-007  2.03e-008  1.30e-008  6.10e-009  
4.69160e+016 9.27e-015  7.99e-001  3.53e-002  1.15e-001  1.71e-002  3.56e-004  3.28e-002  1.90e-007  2.04e-008  1.30e-008  6.11e-009  
4.69279e+016 9.65e-015  8.02e-001  3.54e-002  1.13e-001  1.66e-002  3.58e-004  3.24e-002  1.90e-007  2.04e-008  1.31e-008  6.11e-009  
4.69476e+016 1.02e-014  8.07e-001  3.56e-002  1.09e-001  1.60e-002  3.59e-004  3.19e-002  1.89e-007  2.04e-008  1.30e-008  6.11e-009  
4.69806e+016 1.10e-014  8.15e-001  3.60e-002  1.02e-001  1.50e-002  3.63e-004  3.10e-002  1.88e-007  2.03e-008  1.30e-008  6.10e-009  
4.70337e+016 1.27e-014  8.28e-001  3.65e-002  9.15e-002  1.35e-002  3.68e-004  2.96e-002  1.88e-007  2.03e-008  1.29e-008  6.08e-009  
4.70622e+016 1.36e-014  8.35e-001  3.68e-002  8.57e-002  1.27e-002  3.72e-004  2.89e-002  1.88e-007  2.02e-008  1.29e-008  6.06e-009  
4.71061e+016 1.52e-014  8.44e-001  3.72e-002  7.97e-002  1.13e-002  3.76e-004  2.78e-002  1.86e-007  2.01e-008  1.29e-008  6.04e-009  
4.71746e+016 1.81e-014  8.57e-001  3.77e-002  7.02e-002  9.23e-003  3.81e-004  2.59e-002  1.85e-007  1.98e-008  1.27e-008  5.97e-009  
4.72860e+016 2.41e-014  8.76e-001  3.87e-002  5.52e-002  6.52e-003  3.91e-004  2.32e-002  1.81e-007  1.96e-008  1.25e-008  5.85e-009  
4.74240e+016 3.45e-014  8.96e-001  3.95e-002  3.95e-002  4.21e-003  4.00e-004  2.00e-002  1.77e-007  1.90e-008  1.22e-008  5.72e-009  
4.74305e+016 3.51e-014  8.97e-001  3.96e-002  3.87e-002  4.13e-003  3.99e-004  1.99e-002  1.76e-007  1.90e-008  1.21e-008  5.70e-009  
4.74313e+016 3.52e-014  8.98e-001  3.95e-002  3.86e-002  4.09e-003  4.00e-004  1.98e-002  1.76e-007  1.89e-008  1.21e-008  5.68e-009  
4.74348e+016 3.55e-014  8.98e-001  3.97e-002  3.83e-002  4.02e-003  4.00e-004  1.98e-002  1.76e-007  1.89e-008  1.21e-008  5.69e-009  
4.74406e+016 3.60e-014  8.99e-001  3.97e-002  3.77e-002  3.80e-003  4.02e-004  1.96e-002  1.76e-007  1.89e-008  1.21e-008  5.69e-009  
4.74503e+016 3.72e-014  9.01e-001  3.98e-002  3.60e-002  3.33e-003  4.03e-004  1.95e-002  1.75e-007  1.89e-008  1.21e-008  5.67e-009  
4.74676e+016 3.94e-014  9.04e-001  3.98e-002  3.40e-002  3.02e-003  4.04e-004  1.92e-002  1.74e-007  1.88e-008  1.20e-008  5.63e-009  
4.74972e+016 4.28e-014  9.07e-001  4.00e-002  3.13e-002  2.64e-003  4.04e-004  1.86e-002  1.73e-007  1.86e-008  1.19e-008  5.59e-009  
4.75283e+016 4.64e-014  9.10e-001  4.01e-002  2.89e-002  2.33e-003  4.06e-004  1.79e-002  1.72e-007  1.85e-008  1.18e-008  5.54e-009  
4.75365e+016 4.73e-014  9.11e-001  4.02e-002  2.85e-002  2.26e-003  4.06e-004  1.78e-002  1.71e-007  1.85e-008  1.18e-008  5.54e-009  
4.75556e+016 4.96e-014  9.13e-001  4.03e-002  2.72e-002  2.14e-003  4.07e-004  1.73e-002  1.71e-007  1.84e-008  1.18e-008  5.52e-009  
4.75856e+016 5.35e-014  9.15e-001  4.04e-002  2.52e-002  2.00e-003  4.07e-004  1.67e-002  1.69e-007  1.82e-008  1.17e-008  5.45e-009  
4.76342e+016 6.05e-014  9.20e-001  4.05e-002  2.20e-002  1.74e-003  4.10e-004  1.58e-002  1.67e-007  1.80e-008  1.15e-008  5.39e-009  
4.77120e+016 7.42e-014  9.26e-001  4.08e-002  1.72e-002  1.30e-003  4.12e-004  1.44e-002  1.63e-007  1.77e-008  1.13e-008  5.28e-009  
4.78339e+016 1.01e-013  9.33e-001  4.11e-002  1.26e-002  8.19e-004  4.15e-004  1.24e-002  1.57e-007  1.70e-008  1.09e-008  5.09e-009  
4.79819e+016 1.49e-013  9.40e-001  4.16e-002  7.92e-003  3.94e-004  4.20e-004  1.01e-002  1.51e-007  1.62e-008  1.04e-008  4.88e-009  
4.80101e+016 1.61e-013  9.41e-001  4.16e-002  7.29e-003  3.46e-004  4.20e-004  9.78e-003  1.49e-007  1.61e-008  1.03e-008  4.83e-009  
4.80156e+016 1.64e-013  9.41e-001  4.14e-002  7.09e-003  3.36e-004  4.19e-004  9.66e-003  1.48e-007  1.60e-008  1.02e-008  4.80e-009  
4.80288e+016 1.69e-013  9.41e-001  4.16e-002  6.87e-003  3.17e-004  4.20e-004  9.53e-003  1.48e-007  1.60e-008  1.02e-008  4.79e-009  
4.80511e+016 1.79e-013  9.42e-001  4.16e-002  6.36e-003  2.82e-004  4.20e-004  9.25e-003  1.47e-007  1.58e-008  1.01e-008  4.75e-009  
4.80875e+016 1.98e-013  9.43e-001  4.16e-002  5.50e-003  2.28e-004  4.20e-004  8.78e-003  1.45e-007  1.56e-008  9.99e-009  4.69e-009  
4.81463e+016 2.33e-013  9.45e-001  4.18e-002  4.42e-003  1.60e-004  4.22e-004  8.12e-003  1.43e-007  1.53e-008  9.84e-009  4.60e-009  
4.82445e+016 3.02e-013  9.48e-001  4.17e-002  3.12e-003  1.01e-004  4.21e-004  7.02e-003  1.38e-007  1.48e-008  9.48e-009  4.44e-009  
4.83636e+016 4.17e-013  9.50e-001  4.20e-002  1.94e-003  5.28e-005  4.22e-004  5.90e-003  1.32e-007  1.42e-008  9.11e-009  4.27e-009  
4.84912e+016 5.91e-013  9.52e-001  4.20e-002  1.10e-003  2.46e-005  4.23e-004  4.91e-003  1.26e-007  1.36e-008  8.72e-009  4.08e-009  
4.86294e+016 8.66e-013  9.53e-001  4.20e-002  5.76e-004  1.06e-005  4.25e-004  4.00e-003  1.20e-007  1.29e-008  8.31e-009  3.89e-009  
4.87591e+016 1.25e-012  9.54e-001  4.20e-002  3.01e-004  4.25e-006  4.24e-004  3.26e-003  1.15e-007  1.23e-008  7.92e-009  3.71e-009  
4.88968e+016 1.83e-012  9.55e-001  4.21e-002  1.45e-004  1.43e-006  4.26e-004  2.63e-003  1.10e-007  1.18e-008  7.58e-009  3.55e-009  
4.90444e+016 2.78e-012  9.55e-001  4.20e-002  6.00e-005  3.99e-007  4.27e-004  2.07e-003  1.05e-007  1.12e-008  7.18e-009  3.37e-009  
4.91980e+016 4.32e-012  9.56e-001  4.21e-002  2.16e-005  9.19e-008  4.26e-004  1.59e-003  9.91e-008  1.07e-008  6.83e-009  3.19e-009  
4.93317e+016 6.36e-012  9.56e-001  4.21e-002  7.80e-006  2.15e-008  4.26e-004  1.26e-003  9.44e-008  1.02e-008  6.51e-009  3.05e-009  
4.94239e+016 8.30e-012  9.56e-001  4.22e-002  3.35e-006  6.25e-009  4.26e-004  1.07e-003  9.15e-008  9.86e-009  6.31e-009  2.96e-009  
4.95192e+016 1.09e-011  9.56e-001  4.22e-002  1.41e-006  1.70e-009  4.27e-004  9.00e-004  8.87e-008  9.56e-009  6.12e-009  2.87e-009  
4.96202e+016 1.44e-011  9.57e-001  4.21e-002  6.45e-007  5.07e-010  4.26e-004  7.49e-004  8.60e-008  9.22e-009  5.91e-009  2.77e-009  
4.97297e+016 1.94e-011  9.57e-001  4.21e-002  2.33e-007  9.83e-011  4.26e-004  6.07e-004  8.28e-008  8.90e-009  5.71e-009  2.67e-009  
4.98461e+016 2.64e-011  9.57e-001  4.24e-002  6.73e-008  1.34e-011  4.27e-004  4.80e-004  7.98e-008  8.62e-009  5.52e-009  2.58e-009  
4.99670e+016 3.62e-011  9.57e-001  4.23e-002  1.51e-008  1.32e-012  4.26e-004  3.79e-004  7.69e-008  8.27e-009  5.31e-009  2.48e-009  
5.00936e+016 4.94e-011  9.57e-001  4.23e-002  2.25e-009  9.39e-014  4.27e-004  2.95e-004  7.41e-008  7.97e-009  5.10e-009  2.39e-009  
5.02240e+016 6.71e-011  9.57e-001  4.22e-002  1.74e-010  3.03e-015  4.26e-004  2.24e-004  7.14e-008  7.69e-009  4.92e-009  2.31e-009  
5.03584e+016 9.01e-011  9.57e-001  4.23e-002  1.54e-011  1.44e-016  4.26e-004  1.67e-004  6.90e-008  7.42e-009  4.75e-009  2.23e-009  
5.05026e+016 1.20e-010  9.57e-001  4.24e-002  1.86e-012  2.95e-018  4.28e-004  1.17e-004  6.66e-008  7.17e-009  4.59e-009  2.16e-009  
5.05959e+016 1.43e-010  9.57e-001  4.23e-002  2.68e-013  1.21e-019  4.28e-004  9.15e-005  6.50e-008  6.99e-009  4.49e-009  2.10e-009  
5.06957e+016 1.70e-010  9.57e-001  4.23e-002  2.25e-014  2.85e-021  4.27e-004  7.34e-005  6.34e-008  6.87e-009  4.39e-009  2.06e-009  
5.07988e+016 2.03e-010  9.57e-001  4.21e-002  1.23e-015  1.09e-022  4.26e-004  5.68e-005  6.22e-008  6.66e-009  4.27e-009  2.00e-009  
5.09058e+016 2.39e-010  9.57e-001  4.22e-002  4.56e-017  1.90e-024  4.26e-004  4.26e-005  6.06e-008  6.52e-009  4.18e-009  1.96e-009  
5.10237e+016 2.84e-010  9.57e-001  4.22e-002  1.01e-018  1.61e-026  4.26e-004  3.02e-005  5.95e-008  6.41e-009  4.08e-009  1.92e-009  
5.11496e+016 3.38e-010  9.57e-001  4.23e-002  1.43e-020  7.33e-029  4.25e-004  2.00e-005  5.79e-008  6.23e-009  3.99e-009  1.87e-009  
5.12843e+016 4.05e-010  9.57e-001  4.22e-002  3.73e-022  1.59e-031  4.27e-004  1.09e-005  5.68e-008  6.12e-009  3.90e-009  1.83e-009  
5.14296e+016 4.90e-010  9.57e-001  4.23e-002  1.43e-023  2.25e-033  4.27e-004  5.23e-006  5.55e-008  5.98e-009  3.84e-009  1.80e-009  
5.15425e+016 5.65e-010  9.57e-001  4.23e-002  1.54e-024  5.36e-035  4.26e-004  2.97e-006  5.49e-008  5.91e-009  3.79e-009  1.77e-009  
5.16792e+016 6.67e-010  9.57e-001  4.22e-002  7.99e-027  4.73e-038  4.27e-004  1.33e-006  5.39e-008  5.81e-009  3.72e-009  1.74e-009  
5.18319e+016 7.94e-010  9.57e-001  4.22e-002  1.71e-029  1.57e-041  4.27e-004  4.67e-007  5.32e-008  5.73e-009  3.67e-009  1.71e-009  
5.19950e+016 9.44e-010  9.57e-001  4.23e-002  1.88e-032  2.16e-045  4.27e-004  1.22e-007  5.25e-008  5.65e-009  3.62e-009  1.69e-009  
5.21655e+016 1.12e-009  9.57e-001  4.22e-002  7.94e-036  1.34e-049  4.27e-004  2.38e-008  5.19e-008  5.58e-009  3.58e-009  1.67e-009  
5.23457e+016 1.32e-009  9.57e-001  4.22e-002  1.23e-037  2.86e-051  4.27e-004  3.39e-009  5.14e-008  5.54e-009  3.54e-009  1.66e-009  
5.25384e+016 1.55e-009  9.57e-001  4.23e-002  6.20e-042  5.17e-055  4.27e-004  6.60e-010  5.10e-008  5.50e-009  3.52e-009  1.65e-009  
5.27451e+016 1.81e-009  9.57e-001  4.24e-002  5.70e-046  5.52e-060  4.28e-004  5.70e-011  5.08e-008  5.48e-009  3.50e-009  1.64e-009  
5.29668e+016 2.11e-009  9.57e-001  4.23e-002  1.73e-050  1.03e-065  4.27e-004  2.27e-012  5.07e-008  5.45e-009  3.49e-009  1.64e-009  
5.31993e+016 2.44e-009  9.57e-001  4.21e-002  1.37e-055  3.52e-073  4.26e-004  2.19e-014  5.07e-008  5.44e-009  3.49e-009  1.64e-009  
5.34440e+016 2.81e-009  9.57e-001  4.23e-002  1.06e-056  6.16e-074  4.27e-004  5.91e-017  5.09e-008  5.48e-009  3.51e-009  1.64e-009  
5.36995e+016 3.21e-009  9.57e-001  4.24e-002  3.71e-064  1.52e-080  4.27e-004  3.40e-019  5.11e-008  5.52e-009  3.52e-009  1.65e-009  
5.39765e+016 3.65e-009  9.57e-001  4.22e-002  2.20e-070  0.00e+000  4.28e-004  2.74e-022  5.16e-008  5.57e-009  3.57e-009  1.67e-009  
5.42627e+016 4.11e-009  9.57e-001  4.24e-002  1.14e-071  0.00e+000  4.26e-004  5.58e-026  5.24e-008  5.63e-009  3.60e-009  1.69e-009  
5.45738e+016 4.61e-009  9.57e-001  4.23e-002  2.09e-080  0.00e+000  4.28e-004  1.29e-029  5.32e-008  5.73e-009  3.67e-009  1.72e-009  
5.49079e+016 5.13e-009  9.57e-001  4.23e-002  1.10e-081  0.00e+000  4.27e-004  2.32e-034  5.46e-008  5.89e-009  3.76e-009  1.76e-009  
5.52575e+016 5.66e-009  9.57e-001  4.22e-002  0.00e+000  0.00e+000  4.26e-004  9.27e-039  5.62e-008  6.04e-009  3.87e-009  1.82e-009  
5.56155e+016 6.17e-009  9.57e-001  4.23e-002  0.00e+000  0.00e+000  4.26e-004  2.75e-044  5.82e-008  6.25e-009  4.00e-009  1.88e-009  
5.59918e+016 6.66e-009  9.57e-001  4.23e-002  0.00e+000  0.00e+000  4.26e-004  2.03e-049  6.05e-008  6.51e-009  4.17e-009  1.95e-009  
5.63913e+016 7.13e-009  9.57e-001  4.22e-002  0.00e+000  0.00e+000  4.26e-004  6.32e-055  6.34e-008  6.83e-009  4.37e-009  2.05e-009  
5.68226e+016 7.57e-009  9.57e-001  4.23e-002  0.00e+000  0.00e+000  4.27e-004  4.71e-066  6.68e-008  7.20e-009  4.61e-009  2.17e-009  
5.72780e+016 7.95e-009  9.57e-001  4.23e-002  0.00e+000  0.00e+000  4.26e-004  1.92e-067  7.09e-008  7.65e-009  4.89e-009  2.29e-009  
5.77650e+016 8.24e-009  9.57e-001  4.22e-002  0.00e+000  0.00e+000  4.27e-004  1.36e-079  7.61e-008  8.19e-009  5.24e-009  2.45e-009  
5.82707e+016 8.46e-009  9.57e-001  4.22e-002  0.00e+000  0.00e+000  4.27e-004  1.93e-085  8.17e-008  8.79e-009  5.63e-009  2.64e-009  
5.88124e+016 8.58e-009  9.57e-001  4.22e-002  0.00e+000  0.00e+000  4.27e-004  0.00e+000  8.85e-008  9.53e-009  6.10e-009  2.86e-009  
5.93801e+016 8.60e-009  9.57e-001  4.22e-002  0.00e+000  0.00e+000  4.27e-004  0.00e+000  9.62e-008  1.04e-008  6.63e-009  3.11e-009  
5.99878e+016 8.52e-009  9.57e-001  4.22e-002  0.00e+000  0.00e+000  4.27e-004  0.00e+000  1.05e-007  1.13e-008  7.26e-009  3.40e-009  
6.06254e+016 8.35e-009  9.57e-001  4.23e-002  0.00e+000  0.00e+000  4.27e-004  0.00e+000  1.16e-007  1.25e-008  7.98e-009  3.74e-009  
6.12860e+016 8.10e-009  9.57e-001  4.22e-002  0.00e+000  0.00e+000  4.27e-004  0.00e+000  1.27e-007  1.37e-008  8.80e-009  4.13e-009  
6.19772e+016 7.78e-009  9.57e-001  4.23e-002  0.00e+000  0.00e+000  4.27e-004  0.00e+000  1.41e-007  1.52e-008  9.70e-009  4.55e-009  
6.27006e+016 7.41e-009  9.57e-001  4.23e-002  0.00e+000  0.00e+000  4.27e-004  0.00e+000  1.57e-007  1.67e-008  1.08e-008  5.04e-009  
6.34752e+016 6.98e-009  9.57e-001  4.23e-002  0.00e+000  0.00e+000  4.27e-004  0.00e+000  1.73e-007  1.88e-008  1.20e-008  5.62e-009  
6.43223e+016 6.49e-009  9.57e-001  4.22e-002  0.00e+000  0.00e+000  4.27e-004  0.00e+000  1.96e-007  2.11e-008  1.35e-008  6.32e-009  
6.52408e+016 5.96e-009  9.57e-001  4.22e-002  0.00e+000  0.00e+000  4.28e-004  0.00e+000  2.21e-007  2.38e-008  1.53e-008  7.16e-009  
6.62440e+016 5.42e-009  9.57e-001  4.22e-002  0.00e+000  0.00e+000  4.26e-004  0.00e+000  2.53e-007  2.73e-008  1.75e-008  8.19e-009  
6.73219e+016 4.86e-009  9.57e-001  4.22e-002  0.00e+000  0.00e+000  4.26e-004  0.00e+000  2.92e-007  3.15e-008  2.02e-008  9.45e-009  
6.84641e+016 4.30e-009  9.57e-001  4.23e-002  0.00e+000  0.00e+000  4.28e-004  0.00e+000  3.42e-007  3.67e-008  2.35e-008  1.10e-008  
6.96945e+016 3.76e-009  9.57e-001  4.23e-002  0.00e+000  0.00e+000  4.28e-004  0.00e+000  4.02e-007  4.33e-008  2.77e-008  1.30e-008  
7.10391e+016 3.24e-009  9.57e-001  4.23e-002  0.00e+000  0.00e+000  4.26e-004  0.00e+000  4.79e-007  5.16e-008  3.30e-008  1.55e-008  
7.25155e+016 2.74e-009  9.57e-001  4.24e-002  0.00e+000  0.00e+000  4.27e-004  0.00e+000  5.85e-007  6.28e-008  4.02e-008  1.89e-008  
7.42223e+016 2.25e-009  9.57e-001  4.22e-002  0.00e+000  0.00e+000  4.26e-004  0.00e+000  7.35e-007  7.93e-008  5.08e-008  2.37e-008  
7.63108e+016 1.74e-009  9.57e-001  4.23e-002  0.00e+000  0.00e+000  4.28e-004  0.00e+000  9.80e-007  1.05e-007  6.76e-008  3.16e-008  
7.86896e+016 1.32e-009  9.57e-001  4.21e-002  0.00e+000  0.00e+000  4.26e-004  0.00e+000  1.35e-006  1.46e-007  9.35e-008  4.37e-008  
8.18150e+016 8.97e-010  9.57e-001  4.22e-002  0.00e+000  0.00e+000  4.27e-004  0.00e+000  2.10e-006  2.25e-007  1.44e-007  6.75e-008  
8.55776e+016 5.66e-010  9.57e-001  4.22e-002  0.00e+000  0.00e+000  4.27e-004  0.00e+000  3.53e-006  3.82e-007  2.44e-007  1.14e-007  
9.00548e+016 3.29e-010  9.57e-001  4.22e-002  0.00e+000  0.00e+000  4.29e-004  0.00e+000  6.59e-006  7.08e-007  4.53e-007  2.13e-007  
9.53916e+016 1.75e-010  9.57e-001  4.21e-002  0.00e+000  0.00e+000  4.26e-004  0.00e+000  1.36e-005  1.47e-006  9.40e-007  4.41e-007  
1.01535e+017 8.74e-011  9.57e-001  4.22e-002  0.00e+000  0.00e+000  4.27e-004  0.00e+000  3.10e-005  3.34e-006  2.14e-006  1.00e-006  
1.09249e+017 4.00e-011  9.57e-001  4.22e-002  0.00e+000  0.00e+000  4.27e-004  0.00e+000  7.97e-005  8.57e-006  5.50e-006  2.57e-006  
1.19176e+017 1.82e-011  9.57e-001  4.22e-002  0.00e+000  0.00e+000  4.27e-004  0.00e+000  2.10e-004  2.26e-005  1.45e-005  6.77e-006  
1.32448e+017 9.92e-012  9.57e-001  4.22e-002  0.00e+000  0.00e+000  4.26e-004  0.00e+000  4.31e-004  4.64e-005  2.96e-005  1.39e-005  
