! 0       HCOOH2+ + e- -> HCO + OH + H
! 1       NH3 + HCOOH2+ -> HCOOH + NH4+
! 2       HCOOH2+ + e- -> HCOOH + H
! 3       H2O + HCOOH2+ -> HCOOH + H3O+
! 4       CH3OH + HCOOH2+ -> HCOOH + CH3OH2+
! 5       HCOOH2+ + GRAIN -> HCOOH + H + GRAIN
! 6       CH3CN + HCOOH2+ -> HCOOH + CH3CNH+
! 7       CH3CHO + HCOOH2+ -> HCOOH + CH3CHOH+
!            tot_rate   0          1          2          3          4          5          6          7          
1.58188e+013 2.19e-017  8.67e-001  2.32e-003  1.30e-001  3.41e-005  1.47e-005  3.06e-004  2.25e-006  7.99e-007  
3.50727e+014 2.19e-017  8.67e-001  2.32e-003  1.30e-001  3.41e-005  1.47e-005  3.06e-004  2.25e-006  7.99e-007  
5.21628e+015 2.18e-017  8.67e-001  2.32e-003  1.30e-001  3.40e-005  1.47e-005  3.06e-004  2.24e-006  7.98e-007  
2.67137e+016 4.84e-018  8.68e-001  1.37e-003  1.30e-001  1.97e-005  7.34e-006  3.00e-004  1.05e-006  3.68e-007  
3.33598e+016 1.07e-018  8.68e-001  1.03e-003  1.30e-001  1.49e-005  5.39e-006  1.03e-003  7.62e-007  2.68e-007  
3.42055e+016 9.19e-019  8.67e-001  8.93e-004  1.31e-001  1.29e-005  4.68e-006  1.36e-003  6.62e-007  2.33e-007  
3.44017e+016 8.82e-019  8.67e-001  8.63e-004  1.30e-001  1.25e-005  4.52e-006  1.47e-003  6.38e-007  2.24e-007  
3.46353e+016 8.37e-019  8.67e-001  8.25e-004  1.30e-001  1.19e-005  4.32e-006  1.65e-003  6.10e-007  2.15e-007  
3.48860e+016 7.85e-019  8.67e-001  7.90e-004  1.30e-001  1.14e-005  4.14e-006  1.89e-003  5.85e-007  2.06e-007  
3.51370e+016 7.28e-019  8.67e-001  7.58e-004  1.30e-001  1.10e-005  3.97e-006  2.23e-003  5.62e-007  1.98e-007  
3.53250e+016 6.82e-019  8.67e-001  7.39e-004  1.30e-001  1.07e-005  3.87e-006  2.55e-003  5.47e-007  1.92e-007  
3.55515e+016 6.20e-019  8.66e-001  7.24e-004  1.30e-001  1.05e-005  3.79e-006  3.11e-003  5.35e-007  1.89e-007  
3.57182e+016 5.69e-019  8.66e-001  7.20e-004  1.30e-001  1.04e-005  3.78e-006  3.69e-003  5.32e-007  1.88e-007  
3.58524e+016 5.24e-019  8.65e-001  7.26e-004  1.30e-001  1.05e-005  3.82e-006  4.32e-003  5.37e-007  1.89e-007  
3.60047e+016 4.67e-019  8.64e-001  7.45e-004  1.30e-001  1.08e-005  3.94e-006  5.28e-003  5.50e-007  1.94e-007  
3.61718e+016 4.03e-019  8.63e-001  7.79e-004  1.29e-001  1.13e-005  4.17e-006  6.84e-003  5.78e-007  2.03e-007  
3.62899e+016 3.61e-019  8.62e-001  8.09e-004  1.29e-001  1.17e-005  4.35e-006  8.37e-003  5.98e-007  2.11e-007  
3.63893e+016 3.30e-019  8.60e-001  8.30e-004  1.29e-001  1.20e-005  4.48e-006  9.96e-003  6.54e-007  2.35e-007  
3.64972e+016 3.38e-019  8.60e-001  7.59e-004  1.29e-001  1.09e-005  4.55e-006  1.07e-002  6.56e-007  2.36e-007  
3.66124e+016 3.59e-019  8.59e-001  6.86e-004  1.29e-001  9.71e-006  4.69e-006  1.14e-002  6.41e-007  2.30e-007  
3.67348e+016 3.87e-019  8.58e-001  7.50e-004  1.29e-001  9.67e-006  6.64e-006  1.23e-002  6.23e-007  2.23e-007  
3.68621e+016 4.28e-019  8.57e-001  9.97e-004  1.28e-001  1.18e-005  1.59e-005  1.33e-002  6.03e-007  2.14e-007  
3.69700e+016 4.84e-019  8.56e-001  1.57e-003  1.29e-001  1.99e-005  3.95e-005  1.43e-002  5.91e-007  2.06e-007  
3.70376e+016 5.41e-019  8.55e-001  2.26e-003  1.28e-001  3.20e-005  7.03e-005  1.49e-002  5.86e-007  2.00e-007  
3.71087e+016 6.33e-019  8.53e-001  3.46e-003  1.28e-001  5.64e-005  1.29e-004  1.57e-002  5.92e-007  1.94e-007  
3.71826e+016 8.02e-019  8.51e-001  5.47e-003  1.27e-001  1.04e-004  2.36e-004  1.65e-002  6.14e-007  1.86e-007  
3.72589e+016 1.13e-018  8.47e-001  8.83e-003  1.27e-001  1.97e-004  4.33e-004  1.74e-002  6.69e-007  1.78e-007  
3.73370e+016 1.81e-018  8.40e-001  1.42e-002  1.27e-001  3.70e-004  7.90e-004  1.83e-002  7.90e-007  1.70e-007  
3.74165e+016 3.32e-018  8.32e-001  2.24e-002  1.25e-001  6.84e-004  1.43e-003  1.91e-002  1.02e-006  1.59e-007  
3.74829e+016 5.96e-018  8.22e-001  3.15e-002  1.23e-001  1.12e-003  2.30e-003  1.98e-002  1.37e-006  1.51e-007  
3.75505e+016 1.15e-017  8.10e-001  4.22e-002  1.22e-001  1.80e-003  3.71e-003  2.03e-002  1.96e-006  1.43e-007  
3.76194e+016 2.33e-017  7.98e-001  5.24e-002  1.20e-001  2.84e-003  5.92e-003  2.10e-002  2.96e-006  1.34e-007  
3.76839e+016 4.63e-017  7.89e-001  5.77e-002  1.18e-001  4.19e-003  9.06e-003  2.16e-002  4.52e-006  1.27e-007  
3.76854e+016 4.69e-017  7.88e-001  5.80e-002  1.18e-001  4.22e-003  9.14e-003  2.17e-002  4.56e-006  1.27e-007  
3.76877e+016 4.82e-017  7.89e-001  5.79e-002  1.18e-001  4.28e-003  9.30e-003  2.16e-002  4.65e-006  1.26e-007  
3.76917e+016 5.02e-017  7.88e-001  5.81e-002  1.18e-001  4.38e-003  9.53e-003  2.17e-002  4.78e-006  1.26e-007  
3.76980e+016 5.38e-017  7.88e-001  5.81e-002  1.18e-001  4.53e-003  9.94e-003  2.17e-002  5.00e-006  1.25e-007  
3.77083e+016 6.03e-017  7.86e-001  5.82e-002  1.18e-001  4.80e-003  1.06e-002  2.19e-002  5.39e-006  1.24e-007  
3.77248e+016 7.24e-017  7.85e-001  5.80e-002  1.18e-001  5.25e-003  1.19e-002  2.21e-002  6.16e-006  1.22e-007  
3.77450e+016 9.10e-017  7.83e-001  5.73e-002  1.18e-001  5.83e-003  1.37e-002  2.23e-002  7.42e-006  1.20e-007  
3.77655e+016 1.18e-016  7.81e-001  5.64e-002  1.17e-001  6.33e-003  1.61e-002  2.26e-002  9.62e-006  1.17e-007  
3.77936e+016 1.69e-016  7.82e-001  5.51e-002  1.17e-001  6.22e-003  1.61e-002  2.31e-002  1.00e-005  1.15e-007  
3.78016e+016 1.85e-016  7.83e-001  5.45e-002  1.17e-001  6.21e-003  1.60e-002  2.32e-002  9.99e-006  1.14e-007  
3.78111e+016 2.06e-016  7.83e-001  5.44e-002  1.18e-001  6.12e-003  1.58e-002  2.33e-002  9.92e-006  1.14e-007  
3.78273e+016 2.42e-016  7.84e-001  5.36e-002  1.18e-001  6.06e-003  1.57e-002  2.36e-002  9.81e-006  1.12e-007  
3.78530e+016 3.05e-016  7.85e-001  5.25e-002  1.18e-001  5.94e-003  1.54e-002  2.41e-002  9.62e-006  1.10e-007  
3.78818e+016 3.82e-016  7.85e-001  5.16e-002  1.18e-001  5.81e-003  1.50e-002  2.45e-002  9.42e-006  1.08e-007  
3.79076e+016 4.57e-016  7.86e-001  5.06e-002  1.18e-001  5.71e-003  1.48e-002  2.50e-002  9.26e-006  1.06e-007  
3.79253e+016 5.12e-016  7.87e-001  5.00e-002  1.18e-001  5.64e-003  1.46e-002  2.54e-002  9.15e-006  1.04e-007  
3.79502e+016 5.95e-016  7.87e-001  4.91e-002  1.18e-001  5.55e-003  1.43e-002  2.57e-002  9.01e-006  1.03e-007  
3.79755e+016 6.86e-016  7.88e-001  4.81e-002  1.18e-001  5.45e-003  1.40e-002  2.62e-002  8.86e-006  1.01e-007  
3.79897e+016 7.40e-016  7.88e-001  4.77e-002  1.18e-001  5.41e-003  1.39e-002  2.65e-002  8.77e-006  1.00e-007  
3.79918e+016 7.48e-016  7.88e-001  4.76e-002  1.18e-001  5.40e-003  1.39e-002  2.65e-002  8.77e-006  9.98e-008  
3.79956e+016 7.63e-016  7.88e-001  4.75e-002  1.18e-001  5.39e-003  1.39e-002  2.66e-002  8.75e-006  9.97e-008  
3.80017e+016 7.87e-016  7.89e-001  4.72e-002  1.18e-001  5.36e-003  1.38e-002  2.67e-002  8.71e-006  9.92e-008  
3.80129e+016 8.33e-016  7.89e-001  4.69e-002  1.18e-001  5.32e-003  1.37e-002  2.69e-002  8.65e-006  9.85e-008  
3.80319e+016 9.12e-016  7.89e-001  4.64e-002  1.18e-001  5.27e-003  1.35e-002  2.73e-002  8.56e-006  9.73e-008  
3.80578e+016 1.03e-015  7.89e-001  4.56e-002  1.19e-001  5.19e-003  1.33e-002  2.78e-002  8.43e-006  9.58e-008  
3.80629e+016 1.05e-015  7.90e-001  4.54e-002  1.19e-001  5.18e-003  1.32e-002  2.79e-002  8.40e-006  9.50e-008  
3.80713e+016 1.09e-015  7.90e-001  4.52e-002  1.18e-001  5.16e-003  1.32e-002  2.81e-002  8.37e-006  9.53e-008  
3.80859e+016 1.16e-015  7.90e-001  4.47e-002  1.19e-001  5.13e-003  1.31e-002  2.85e-002  8.29e-006  9.46e-008  
3.81083e+016 1.28e-015  7.91e-001  4.41e-002  1.18e-001  5.07e-003  1.28e-002  2.89e-002  8.22e-006  9.32e-008  
3.81265e+016 1.37e-015  7.90e-001  4.38e-002  1.19e-001  5.06e-003  1.28e-002  2.95e-002  8.12e-006  9.21e-008  
3.81480e+016 1.49e-015  7.91e-001  4.30e-002  1.19e-001  5.01e-003  1.25e-002  2.99e-002  8.04e-006  9.05e-008  
3.81769e+016 1.66e-015  7.91e-001  4.24e-002  1.18e-001  5.00e-003  1.23e-002  3.06e-002  7.91e-006  8.94e-008  
3.81836e+016 1.69e-015  7.91e-001  4.23e-002  1.19e-001  4.99e-003  1.23e-002  3.08e-002  7.91e-006  8.85e-008  
3.81952e+016 1.76e-015  7.91e-001  4.21e-002  1.19e-001  5.01e-003  1.23e-002  3.11e-002  7.91e-006  8.82e-008  
3.82149e+016 1.88e-015  7.91e-001  4.16e-002  1.18e-001  4.99e-003  1.21e-002  3.15e-002  7.81e-006  8.50e-008  
3.82433e+016 2.06e-015  7.91e-001  4.11e-002  1.19e-001  5.00e-003  1.19e-002  3.21e-002  7.72e-006  7.62e-008  
3.82740e+016 2.26e-015  7.91e-001  4.05e-002  1.18e-001  4.95e-003  1.18e-002  3.29e-002  7.65e-006  5.39e-008  
3.83054e+016 2.47e-015  7.91e-001  4.01e-002  1.19e-001  4.95e-003  1.16e-002  3.37e-002  7.62e-006  1.91e-008  
3.83376e+016 2.68e-015  7.91e-001  3.95e-002  1.19e-001  4.92e-003  1.13e-002  3.45e-002  7.57e-006  1.08e-009  
3.83751e+016 2.93e-015  7.91e-001  3.92e-002  1.19e-001  4.87e-003  1.08e-002  3.54e-002  7.50e-006  2.28e-012  
3.84132e+016 3.17e-015  7.91e-001  3.88e-002  1.19e-001  4.82e-003  9.96e-003  3.66e-002  7.47e-006  5.64e-013  
3.84531e+016 3.40e-015  7.92e-001  3.83e-002  1.19e-001  4.80e-003  8.36e-003  3.77e-002  7.45e-006  2.04e-013  
3.84962e+016 3.57e-015  7.93e-001  3.84e-002  1.19e-001  4.79e-003  5.77e-003  3.95e-002  7.48e-006  8.88e-014  
3.85449e+016 3.70e-015  7.94e-001  3.84e-002  1.19e-001  4.81e-003  2.55e-003  4.11e-002  7.51e-006  4.16e-014  
3.85990e+016 3.77e-015  7.94e-001  3.82e-002  1.19e-001  4.81e-003  4.57e-004  4.33e-002  7.57e-006  1.56e-014  
3.86597e+016 3.79e-015  7.92e-001  3.80e-002  1.19e-001  4.83e-003  1.54e-005  4.59e-002  7.66e-006  6.63e-015  
3.87288e+016 3.77e-015  7.90e-001  3.71e-002  1.19e-001  4.85e-003  1.89e-007  4.88e-002  7.82e-006  3.61e-015  
3.88139e+016 3.69e-015  7.89e-001  3.50e-002  1.18e-001  4.91e-003  7.83e-009  5.29e-002  8.08e-006  1.60e-015  
3.89093e+016 3.54e-015  7.88e-001  3.11e-002  1.18e-001  5.03e-003  4.63e-010  5.79e-002  8.42e-006  6.02e-016  
3.90068e+016 3.33e-015  7.87e-001  2.58e-002  1.18e-001  5.20e-003  1.06e-010  6.37e-002  8.86e-006  2.94e-016  
3.91088e+016 3.08e-015  7.86e-001  2.03e-002  1.18e-001  5.39e-003  5.00e-011  7.02e-002  9.42e-006  1.76e-016  
3.92181e+016 2.78e-015  7.83e-001  1.56e-002  1.17e-001  5.67e-003  2.75e-011  7.83e-002  1.01e-005  1.16e-016  
3.93325e+016 2.48e-015  7.77e-001  1.22e-002  1.17e-001  6.00e-003  1.69e-011  8.74e-002  1.09e-005  8.70e-017  
3.94519e+016 2.18e-015  7.71e-001  1.01e-002  1.16e-001  6.38e-003  1.17e-011  9.73e-002  1.17e-005  7.57e-017  
3.95803e+016 1.88e-015  7.61e-001  8.78e-003  1.14e-001  6.81e-003  9.26e-012  1.09e-001  1.28e-005  7.45e-017  
3.97190e+016 1.59e-015  7.49e-001  8.18e-003  1.13e-001  7.30e-003  8.31e-012  1.23e-001  1.40e-005  8.12e-017  
3.98699e+016 1.32e-015  7.36e-001  8.20e-003  1.10e-001  7.90e-003  8.35e-012  1.38e-001  1.54e-005  9.49e-017  
4.00514e+016 1.05e-015  7.18e-001  8.82e-003  1.08e-001  8.67e-003  9.27e-012  1.56e-001  1.72e-005  1.17e-016  
4.02549e+016 8.28e-016  6.98e-001  1.03e-002  1.05e-001  9.53e-003  1.10e-011  1.78e-001  1.93e-005  1.49e-016  
4.04761e+016 6.49e-016  6.76e-001  1.28e-002  1.02e-001  1.04e-002  1.35e-011  1.99e-001  2.17e-005  1.93e-016  
4.07070e+016 5.20e-016  6.54e-001  1.64e-002  9.84e-002  1.14e-002  1.68e-011  2.19e-001  2.43e-005  2.52e-016  
4.09451e+016 4.32e-016  6.35e-001  2.14e-002  9.52e-002  1.22e-002  2.09e-011  2.36e-001  2.69e-005  3.38e-016  
4.11988e+016 3.72e-016  6.16e-001  2.88e-002  9.25e-002  1.30e-002  2.67e-011  2.50e-001  2.98e-005  4.76e-016  
4.14624e+016 3.39e-016  5.99e-001  3.84e-002  9.00e-002  1.38e-002  3.42e-011  2.59e-001  3.28e-005  6.99e-016  
4.17462e+016 3.26e-016  5.84e-001  5.13e-002  8.75e-002  1.44e-002  4.51e-011  2.63e-001  3.59e-005  1.10e-015  
4.20512e+016 3.27e-016  5.69e-001  6.69e-002  8.56e-002  1.50e-002  5.99e-011  2.64e-001  3.91e-005  1.88e-015  
4.23867e+016 3.42e-016  5.58e-001  8.30e-002  8.39e-002  1.55e-002  8.04e-011  2.59e-001  4.24e-005  3.60e-015  
4.27356e+016 3.66e-016  5.52e-001  9.68e-002  8.26e-002  1.61e-002  1.14e-010  2.52e-001  4.59e-005  7.54e-015  
4.30994e+016 3.94e-016  5.50e-001  1.07e-001  8.27e-002  1.69e-002  1.85e-010  2.43e-001  5.00e-005  1.78e-014  
4.34671e+016 4.29e-016  5.54e-001  1.15e-001  8.31e-002  1.76e-002  3.59e-010  2.31e-001  5.38e-005  4.70e-014  
4.38104e+016 4.67e-016  5.57e-001  1.20e-001  8.38e-002  1.83e-002  7.39e-010  2.21e-001  5.78e-005  1.31e-013  
4.41007e+016 5.03e-016  5.63e-001  1.25e-001  8.44e-002  1.90e-002  1.39e-009  2.09e-001  6.13e-005  3.44e-013  
4.42181e+016 5.18e-016  5.63e-001  1.26e-001  8.47e-002  1.93e-002  1.72e-009  2.06e-001  6.27e-005  5.40e-013  
4.42811e+016 5.27e-016  5.66e-001  1.27e-001  8.48e-002  1.94e-002  1.99e-009  2.03e-001  6.34e-005  7.52e-013  
4.43809e+016 5.41e-016  5.67e-001  1.29e-001  8.50e-002  1.96e-002  2.38e-009  2.00e-001  6.47e-005  9.72e-013  
4.45030e+016 5.59e-016  5.69e-001  1.30e-001  8.54e-002  1.99e-002  2.86e-009  1.95e-001  6.64e-005  1.50e-012  
4.45401e+016 5.65e-016  5.70e-001  1.31e-001  8.56e-002  2.00e-002  3.06e-009  1.93e-001  6.70e-005  2.21e-012  
4.45998e+016 5.72e-016  5.71e-001  1.32e-001  8.58e-002  2.01e-002  3.55e-009  1.90e-001  6.78e-005  2.97e-012  
4.46779e+016 5.85e-016  5.73e-001  1.33e-001  8.60e-002  2.03e-002  3.96e-009  1.88e-001  6.89e-005  3.35e-012  
4.48006e+016 6.05e-016  5.75e-001  1.35e-001  8.62e-002  2.06e-002  4.58e-009  1.83e-001  7.05e-005  5.20e-012  
4.48529e+016 6.14e-016  5.75e-001  1.36e-001  8.63e-002  2.07e-002  4.89e-009  1.82e-001  7.13e-005  9.38e-012  
4.48834e+016 6.19e-016  5.75e-001  1.36e-001  8.65e-002  2.08e-002  5.19e-009  1.81e-001  7.18e-005  1.33e-011  
4.49346e+016 6.27e-016  5.77e-001  1.37e-001  8.66e-002  2.09e-002  5.60e-009  1.79e-001  7.25e-005  1.35e-011  
4.49870e+016 6.36e-016  5.77e-001  1.38e-001  8.66e-002  2.11e-002  5.93e-009  1.78e-001  7.34e-005  1.42e-011  
4.50684e+016 6.51e-016  5.79e-001  1.39e-001  8.68e-002  2.12e-002  6.36e-009  1.74e-001  7.47e-005  1.81e-011  
4.51867e+016 6.73e-016  5.80e-001  1.41e-001  8.71e-002  2.15e-002  7.01e-009  1.71e-001  7.65e-005  2.96e-011  
4.51946e+016 6.74e-016  5.80e-001  1.41e-001  8.71e-002  2.15e-002  7.06e-009  1.71e-001  7.65e-005  3.50e-011  
4.52061e+016 6.76e-016  5.80e-001  1.41e-001  8.71e-002  2.16e-002  7.19e-009  1.70e-001  7.68e-005  4.79e-011  
4.52265e+016 6.80e-016  5.81e-001  1.41e-001  8.70e-002  2.16e-002  7.38e-009  1.69e-001  7.70e-005  6.19e-011  
4.52632e+016 6.86e-016  5.81e-001  1.42e-001  8.73e-002  2.17e-002  7.72e-009  1.68e-001  7.77e-005  7.17e-011  
4.53239e+016 6.97e-016  5.83e-001  1.43e-001  8.74e-002  2.18e-002  8.15e-009  1.65e-001  7.88e-005  7.56e-011  
4.54167e+016 7.14e-016  5.84e-001  1.44e-001  8.75e-002  2.21e-002  8.68e-009  1.62e-001  8.04e-005  9.07e-011  
4.55446e+016 7.36e-016  5.85e-001  1.47e-001  8.79e-002  2.24e-002  9.41e-009  1.58e-001  8.26e-005  1.40e-010  
4.55658e+016 7.41e-016  5.86e-001  1.47e-001  8.79e-002  2.24e-002  9.53e-009  1.57e-001  8.29e-005  1.50e-010  
4.55697e+016 7.41e-016  5.86e-001  1.47e-001  8.79e-002  2.24e-002  9.56e-009  1.57e-001  8.29e-005  1.55e-010  
4.55761e+016 7.42e-016  5.86e-001  1.47e-001  8.79e-002  2.25e-002  9.64e-009  1.56e-001  8.30e-005  1.66e-010  
4.55871e+016 7.44e-016  5.86e-001  1.48e-001  8.79e-002  2.24e-002  9.76e-009  1.56e-001  8.32e-005  1.84e-010  
4.56066e+016 7.47e-016  5.87e-001  1.47e-001  8.80e-002  2.25e-002  9.99e-009  1.55e-001  8.36e-005  2.13e-010  
4.56410e+016 7.53e-016  5.87e-001  1.49e-001  8.80e-002  2.26e-002  1.03e-008  1.54e-001  8.42e-005  2.52e-010  
4.56849e+016 7.59e-016  5.87e-001  1.49e-001  8.82e-002  2.28e-002  1.07e-008  1.53e-001  8.51e-005  2.90e-010  
4.57241e+016 7.67e-016  5.88e-001  1.50e-001  8.81e-002  2.28e-002  1.10e-008  1.51e-001  8.58e-005  3.14e-010  
4.57850e+016 7.78e-016  5.88e-001  1.50e-001  8.82e-002  2.30e-002  1.14e-008  1.50e-001  8.69e-005  3.49e-010  
4.58802e+016 7.95e-016  5.89e-001  1.52e-001  8.83e-002  2.32e-002  1.20e-008  1.47e-001  8.87e-005  4.08e-010  
4.59720e+016 8.10e-016  5.90e-001  1.54e-001  8.87e-002  2.35e-002  1.27e-008  1.43e-001  9.06e-005  4.74e-010  
4.59734e+016 8.10e-016  5.90e-001  1.54e-001  8.87e-002  2.35e-002  1.27e-008  1.43e-001  9.06e-005  4.75e-010  
4.59759e+016 8.12e-016  5.90e-001  1.54e-001  8.84e-002  2.34e-002  1.27e-008  1.44e-001  9.04e-005  4.77e-010  
4.59802e+016 8.12e-016  5.90e-001  1.54e-001  8.85e-002  2.34e-002  1.28e-008  1.44e-001  9.05e-005  4.83e-010  
4.59873e+016 8.12e-016  5.91e-001  1.54e-001  8.87e-002  2.35e-002  1.29e-008  1.43e-001  9.09e-005  4.94e-010  
4.59993e+016 8.14e-016  5.91e-001  1.55e-001  8.87e-002  2.35e-002  1.31e-008  1.42e-001  9.10e-005  5.10e-010  
4.60196e+016 8.18e-016  5.90e-001  1.55e-001  8.88e-002  2.36e-002  1.34e-008  1.42e-001  9.14e-005  5.34e-010  
4.60580e+016 8.25e-016  5.92e-001  1.55e-001  8.88e-002  2.36e-002  1.39e-008  1.41e-001  9.23e-005  5.76e-010  
4.61139e+016 8.36e-016  5.91e-001  1.57e-001  8.86e-002  2.38e-002  1.46e-008  1.40e-001  9.33e-005  6.23e-010  
4.61801e+016 8.47e-016  5.92e-001  1.57e-001  8.88e-002  2.40e-002  1.52e-008  1.38e-001  9.49e-005  6.69e-010  
4.62829e+016 8.65e-016  5.93e-001  1.60e-001  8.90e-002  2.43e-002  1.63e-008  1.34e-001  9.71e-005  7.29e-010  
4.63958e+016 8.87e-016  5.94e-001  1.61e-001  8.91e-002  2.46e-002  1.76e-008  1.31e-001  9.94e-005  7.90e-010  
4.64165e+016 8.90e-016  5.94e-001  1.62e-001  8.92e-002  2.46e-002  1.79e-008  1.30e-001  1.00e-004  8.02e-010  
4.64187e+016 8.90e-016  5.94e-001  1.62e-001  8.92e-002  2.46e-002  1.79e-008  1.30e-001  1.00e-004  8.03e-010  
4.64224e+016 8.90e-016  5.94e-001  1.62e-001  8.93e-002  2.46e-002  1.80e-008  1.30e-001  1.00e-004  8.06e-010  
4.64286e+016 8.92e-016  5.94e-001  1.62e-001  8.93e-002  2.46e-002  1.82e-008  1.30e-001  1.00e-004  8.13e-010  
4.64396e+016 8.94e-016  5.95e-001  1.62e-001  8.93e-002  2.46e-002  1.85e-008  1.29e-001  1.00e-004  8.26e-010  
4.64596e+016 8.97e-016  5.95e-001  1.63e-001  8.93e-002  2.46e-002  1.89e-008  1.28e-001  1.01e-004  8.46e-010  
4.64933e+016 9.03e-016  5.96e-001  1.63e-001  8.93e-002  2.48e-002  1.97e-008  1.27e-001  1.02e-004  8.77e-010  
4.65501e+016 9.14e-016  5.95e-001  1.64e-001  8.92e-002  2.49e-002  2.09e-008  1.27e-001  1.03e-004  9.20e-010  
4.66259e+016 9.29e-016  5.95e-001  1.66e-001  8.92e-002  2.51e-002  2.23e-008  1.25e-001  1.05e-004  9.64e-010  
4.67450e+016 9.49e-016  5.96e-001  1.67e-001  8.95e-002  2.55e-002  2.48e-008  1.21e-001  1.07e-004  1.03e-009  
4.68726e+016 9.75e-016  5.96e-001  1.70e-001  8.95e-002  2.59e-002  2.78e-008  1.18e-001  1.11e-004  1.10e-009  
4.69009e+016 9.79e-016  5.96e-001  1.71e-001  8.96e-002  2.59e-002  2.87e-008  1.17e-001  1.12e-004  1.12e-009  
4.69024e+016 9.80e-016  5.97e-001  1.70e-001  8.95e-002  2.59e-002  2.87e-008  1.17e-001  1.12e-004  1.12e-009  
4.69048e+016 9.80e-016  5.97e-001  1.70e-001  8.95e-002  2.59e-002  2.88e-008  1.17e-001  1.12e-004  1.12e-009  
4.69090e+016 9.81e-016  5.96e-001  1.71e-001  8.95e-002  2.59e-002  2.89e-008  1.17e-001  1.12e-004  1.12e-009  
4.69160e+016 9.82e-016  5.96e-001  1.71e-001  8.95e-002  2.59e-002  2.92e-008  1.17e-001  1.12e-004  1.13e-009  
4.69279e+016 9.83e-016  5.97e-001  1.71e-001  8.96e-002  2.59e-002  2.98e-008  1.16e-001  1.13e-004  1.15e-009  
4.69476e+016 9.86e-016  5.97e-001  1.71e-001  8.96e-002  2.61e-002  3.08e-008  1.16e-001  1.13e-004  1.18e-009  
4.69806e+016 9.92e-016  5.97e-001  1.72e-001  8.96e-002  2.61e-002  3.25e-008  1.15e-001  1.14e-004  1.22e-009  
4.70337e+016 1.00e-015  5.97e-001  1.74e-001  8.95e-002  2.63e-002  3.49e-008  1.14e-001  1.16e-004  1.28e-009  
4.70622e+016 1.01e-015  5.96e-001  1.75e-001  8.95e-002  2.64e-002  3.63e-008  1.13e-001  1.16e-004  1.30e-009  
4.71061e+016 1.01e-015  5.96e-001  1.75e-001  8.96e-002  2.65e-002  3.84e-008  1.12e-001  1.17e-004  1.34e-009  
4.71746e+016 1.02e-015  5.97e-001  1.77e-001  8.94e-002  2.68e-002  4.18e-008  1.10e-001  1.20e-004  1.40e-009  
4.72860e+016 1.03e-015  5.94e-001  1.82e-001  8.91e-002  2.70e-002  4.80e-008  1.07e-001  1.23e-004  1.47e-009  
4.74240e+016 1.04e-015  5.88e-001  1.91e-001  8.83e-002  2.83e-002  5.75e-008  1.04e-001  1.26e-004  1.60e-009  
4.74305e+016 1.04e-015  5.89e-001  1.91e-001  8.84e-002  2.83e-002  5.80e-008  1.03e-001  1.26e-004  1.60e-009  
4.74313e+016 1.04e-015  5.89e-001  1.91e-001  8.84e-002  2.83e-002  5.81e-008  1.03e-001  1.26e-004  1.60e-009  
4.74348e+016 1.04e-015  5.89e-001  1.91e-001  8.83e-002  2.84e-002  5.84e-008  1.03e-001  1.26e-004  1.61e-009  
4.74406e+016 1.04e-015  5.88e-001  1.92e-001  8.82e-002  2.84e-002  5.88e-008  1.03e-001  1.26e-004  1.61e-009  
4.74503e+016 1.04e-015  5.88e-001  1.92e-001  8.82e-002  2.84e-002  5.97e-008  1.03e-001  1.26e-004  1.63e-009  
4.74676e+016 1.03e-015  5.87e-001  1.93e-001  8.81e-002  2.86e-002  6.15e-008  1.02e-001  1.27e-004  1.66e-009  
4.74972e+016 1.03e-015  5.87e-001  1.95e-001  8.80e-002  2.89e-002  6.50e-008  1.02e-001  1.28e-004  1.72e-009  
4.75283e+016 1.03e-015  5.85e-001  1.97e-001  8.78e-002  2.92e-002  6.88e-008  1.01e-001  1.28e-004  1.78e-009  
4.75365e+016 1.03e-015  5.84e-001  1.98e-001  8.78e-002  2.93e-002  6.99e-008  1.01e-001  1.29e-004  1.80e-009  
4.75556e+016 1.03e-015  5.84e-001  1.99e-001  8.77e-002  2.95e-002  7.23e-008  9.99e-002  1.29e-004  1.83e-009  
4.75856e+016 1.03e-015  5.83e-001  2.01e-001  8.75e-002  2.98e-002  7.62e-008  9.90e-002  1.30e-004  1.89e-009  
4.76342e+016 1.03e-015  5.80e-001  2.04e-001  8.70e-002  3.02e-002  8.26e-008  9.82e-002  1.31e-004  1.96e-009  
4.77120e+016 1.02e-015  5.77e-001  2.10e-001  8.66e-002  3.10e-002  9.38e-008  9.56e-002  1.33e-004  2.08e-009  
4.78339e+016 1.02e-015  5.71e-001  2.19e-001  8.56e-002  3.23e-002  1.14e-007  9.23e-002  1.37e-004  2.26e-009  
4.79819e+016 1.01e-015  5.63e-001  2.30e-001  8.46e-002  3.39e-002  1.47e-007  8.85e-002  1.40e-004  2.51e-009  
4.80101e+016 1.00e-015  5.62e-001  2.32e-001  8.43e-002  3.42e-002  1.56e-007  8.78e-002  1.40e-004  2.57e-009  
4.80156e+016 1.00e-015  5.62e-001  2.32e-001  8.43e-002  3.43e-002  1.57e-007  8.76e-002  1.40e-004  2.58e-009  
4.80288e+016 1.00e-015  5.61e-001  2.33e-001  8.41e-002  3.44e-002  1.61e-007  8.72e-002  1.41e-004  2.61e-009  
4.80511e+016 1.00e-015  5.60e-001  2.35e-001  8.40e-002  3.47e-002  1.70e-007  8.66e-002  1.42e-004  2.66e-009  
4.80875e+016 9.98e-016  5.58e-001  2.37e-001  8.38e-002  3.51e-002  1.82e-007  8.55e-002  1.42e-004  2.74e-009  
4.81463e+016 9.93e-016  5.55e-001  2.42e-001  8.33e-002  3.58e-002  2.07e-007  8.38e-002  1.44e-004  2.89e-009  
4.82445e+016 9.84e-016  5.50e-001  2.50e-001  8.24e-002  3.69e-002  2.55e-007  8.12e-002  1.48e-004  3.16e-009  
4.83636e+016 9.72e-016  5.42e-001  2.59e-001  8.15e-002  3.83e-002  3.29e-007  7.85e-002  1.57e-004  3.62e-009  
4.84912e+016 9.59e-016  5.35e-001  2.70e-001  8.03e-002  3.98e-002  4.35e-007  7.51e-002  1.67e-004  4.23e-009  
4.86294e+016 9.45e-016  5.26e-001  2.82e-001  7.89e-002  4.16e-002  5.90e-007  7.11e-002  1.77e-004  5.01e-009  
4.87591e+016 9.39e-016  5.21e-001  2.91e-001  7.82e-002  4.27e-002  7.80e-007  6.74e-002  1.85e-004  5.86e-009  
4.88968e+016 9.35e-016  5.23e-001  2.93e-001  7.85e-002  4.31e-002  1.03e-006  6.18e-002  1.92e-004  6.75e-009  
4.90444e+016 9.20e-016  5.27e-001  2.95e-001  7.90e-002  4.34e-002  1.38e-006  5.57e-002  1.97e-004  7.82e-009  
4.91980e+016 9.01e-016  5.32e-001  2.95e-001  7.98e-002  4.34e-002  1.85e-006  4.98e-002  2.02e-004  9.06e-009  
4.93317e+016 8.85e-016  5.37e-001  2.94e-001  8.05e-002  4.33e-002  2.38e-006  4.53e-002  2.06e-004  1.02e-008  
4.94239e+016 8.72e-016  5.41e-001  2.92e-001  8.12e-002  4.31e-002  2.82e-006  4.21e-002  2.08e-004  1.11e-008  
4.95192e+016 8.60e-016  5.46e-001  2.91e-001  8.19e-002  4.28e-002  3.34e-006  3.86e-002  2.09e-004  1.20e-008  
4.96202e+016 8.46e-016  5.51e-001  2.88e-001  8.28e-002  4.24e-002  3.96e-006  3.52e-002  2.10e-004  1.30e-008  
4.97297e+016 8.32e-016  5.58e-001  2.85e-001  8.36e-002  4.18e-002  4.73e-006  3.20e-002  2.11e-004  1.42e-008  
4.98461e+016 8.16e-016  5.65e-001  2.81e-001  8.48e-002  4.12e-002  5.65e-006  2.87e-002  2.12e-004  1.54e-008  
4.99670e+016 8.01e-016  5.73e-001  2.75e-001  8.60e-002  4.03e-002  6.71e-006  2.55e-002  2.12e-004  1.67e-008  
5.00936e+016 7.85e-016  5.83e-001  2.67e-001  8.75e-002  3.92e-002  7.91e-006  2.23e-002  2.10e-004  1.81e-008  
5.02240e+016 7.66e-016  5.93e-001  2.60e-001  8.90e-002  3.83e-002  9.30e-006  1.96e-002  2.09e-004  1.95e-008  
5.03584e+016 7.47e-016  6.02e-001  2.53e-001  9.05e-002  3.71e-002  1.08e-005  1.71e-002  2.06e-004  2.09e-008  
5.05026e+016 7.21e-016  6.10e-001  2.47e-001  9.15e-002  3.62e-002  1.26e-005  1.51e-002  2.05e-004  2.27e-008  
5.05959e+016 7.08e-016  6.09e-001  2.49e-001  9.12e-002  3.66e-002  1.41e-005  1.45e-002  2.10e-004  2.46e-008  
5.06957e+016 6.98e-016  6.07e-001  2.51e-001  9.12e-002  3.67e-002  1.58e-005  1.39e-002  2.13e-004  2.65e-008  
5.07988e+016 6.88e-016  6.07e-001  2.51e-001  9.11e-002  3.69e-002  1.74e-005  1.33e-002  2.18e-004  2.88e-008  
5.09058e+016 6.79e-016  6.05e-001  2.53e-001  9.09e-002  3.73e-002  1.96e-005  1.27e-002  2.22e-004  3.15e-008  
5.10237e+016 6.71e-016  6.03e-001  2.56e-001  9.06e-002  3.75e-002  2.19e-005  1.21e-002  2.28e-004  3.49e-008  
5.11496e+016 6.62e-016  6.01e-001  2.58e-001  9.04e-002  3.79e-002  2.46e-005  1.16e-002  2.33e-004  3.88e-008  
5.12843e+016 6.55e-016  6.00e-001  2.61e-001  8.99e-002  3.83e-002  2.76e-005  1.10e-002  2.38e-004  4.36e-008  
5.14296e+016 6.48e-016  5.97e-001  2.64e-001  8.96e-002  3.87e-002  3.12e-005  1.04e-002  2.45e-004  4.97e-008  
5.15425e+016 6.43e-016  5.94e-001  2.67e-001  8.91e-002  3.92e-002  3.45e-005  1.01e-002  2.50e-004  5.52e-008  
5.16792e+016 6.37e-016  5.92e-001  2.70e-001  8.88e-002  3.97e-002  3.91e-005  9.62e-003  2.56e-004  6.25e-008  
5.18319e+016 6.30e-016  5.87e-001  2.75e-001  8.83e-002  4.03e-002  4.52e-005  9.16e-003  2.62e-004  7.19e-008  
5.19950e+016 6.21e-016  5.84e-001  2.78e-001  8.75e-002  4.09e-002  5.29e-005  8.72e-003  2.67e-004  8.34e-008  
5.21655e+016 6.10e-016  5.79e-001  2.84e-001  8.69e-002  4.17e-002  6.30e-005  8.33e-003  2.76e-004  9.76e-008  
5.23457e+016 5.97e-016  5.75e-001  2.88e-001  8.63e-002  4.22e-002  7.54e-005  7.86e-003  2.82e-004  1.14e-007  
5.25384e+016 5.81e-016  5.69e-001  2.94e-001  8.55e-002  4.30e-002  9.15e-005  7.48e-003  2.87e-004  1.35e-007  
5.27451e+016 5.63e-016  5.65e-001  2.99e-001  8.49e-002  4.39e-002  1.12e-004  7.07e-003  2.95e-004  1.61e-007  
5.29668e+016 5.44e-016  5.59e-001  3.05e-001  8.38e-002  4.49e-002  1.39e-004  6.69e-003  3.03e-004  1.93e-007  
5.31993e+016 5.24e-016  5.53e-001  3.11e-001  8.30e-002  4.56e-002  1.72e-004  6.30e-003  3.11e-004  2.31e-007  
5.34440e+016 5.02e-016  5.48e-001  3.17e-001  8.23e-002  4.66e-002  2.13e-004  5.96e-003  3.21e-004  2.77e-007  
5.36995e+016 4.82e-016  5.42e-001  3.24e-001  8.11e-002  4.75e-002  2.63e-004  5.60e-003  3.28e-004  3.32e-007  
5.39765e+016 4.60e-016  5.35e-001  3.30e-001  8.02e-002  4.85e-002  3.30e-004  5.28e-003  3.39e-004  4.00e-007  
5.42627e+016 4.38e-016  5.27e-001  3.38e-001  7.92e-002  4.96e-002  4.09e-004  5.00e-003  3.49e-004  4.80e-007  
5.45738e+016 4.16e-016  5.22e-001  3.44e-001  7.82e-002  5.05e-002  5.07e-004  4.69e-003  3.58e-004  5.77e-007  
5.49079e+016 3.93e-016  5.14e-001  3.51e-001  7.72e-002  5.17e-002  6.34e-004  4.43e-003  3.72e-004  6.98e-007  
5.52575e+016 3.71e-016  5.07e-001  3.59e-001  7.61e-002  5.29e-002  7.85e-004  4.15e-003  3.83e-004  8.36e-007  
5.56155e+016 3.50e-016  5.00e-001  3.66e-001  7.49e-002  5.37e-002  9.58e-004  3.92e-003  3.94e-004  9.98e-007  
5.59918e+016 3.30e-016  4.94e-001  3.72e-001  7.39e-002  5.48e-002  1.17e-003  3.72e-003  4.09e-004  1.19e-006  
5.63913e+016 3.11e-016  4.86e-001  3.80e-001  7.27e-002  5.60e-002  1.42e-003  3.51e-003  4.22e-004  1.42e-006  
5.68226e+016 2.91e-016  4.77e-001  3.88e-001  7.18e-002  5.73e-002  1.72e-003  3.35e-003  4.36e-004  1.70e-006  
5.72780e+016 2.74e-016  4.71e-001  3.95e-001  7.05e-002  5.81e-002  2.06e-003  3.18e-003  4.49e-004  2.02e-006  
5.77650e+016 2.57e-016  4.64e-001  4.01e-001  6.98e-002  5.92e-002  2.47e-003  3.02e-003  4.64e-004  2.43e-006  
5.82707e+016 2.42e-016  4.58e-001  4.07e-001  6.86e-002  5.99e-002  2.94e-003  2.90e-003  4.79e-004  2.90e-006  
5.88124e+016 2.29e-016  4.51e-001  4.14e-001  6.78e-002  6.08e-002  3.48e-003  2.79e-003  4.99e-004  3.49e-006  
5.93801e+016 2.18e-016  4.45e-001  4.19e-001  6.69e-002  6.18e-002  4.08e-003  2.66e-003  5.13e-004  4.19e-006  
5.99878e+016 2.36e-016  4.40e-001  4.23e-001  6.60e-002  6.26e-002  4.78e-003  2.58e-003  5.33e-004  5.08e-006  
6.06254e+016 2.75e-016  4.33e-001  4.30e-001  6.48e-002  6.37e-002  5.53e-003  2.50e-003  5.53e-004  6.12e-006  
6.12860e+016 3.20e-016  4.28e-001  4.34e-001  6.40e-002  6.44e-002  6.37e-003  2.41e-003  5.78e-004  7.40e-006  
6.19772e+016 3.74e-016  4.23e-001  4.39e-001  6.31e-002  6.53e-002  7.28e-003  2.35e-003  6.05e-004  8.96e-006  
6.27006e+016 4.38e-016  4.15e-001  4.45e-001  6.23e-002  6.60e-002  8.24e-003  2.28e-003  6.32e-004  1.09e-005  
6.34752e+016 5.15e-016  4.11e-001  4.48e-001  6.15e-002  6.67e-002  9.33e-003  2.25e-003  6.67e-004  1.33e-005  
6.43223e+016 6.12e-016  4.05e-001  4.53e-001  6.07e-002  6.75e-002  1.05e-002  2.21e-003  7.06e-004  1.65e-005  
6.52408e+016 7.29e-016  3.99e-001  4.58e-001  5.99e-002  6.83e-002  1.18e-002  2.15e-003  7.54e-004  2.08e-005  
6.62440e+016 8.75e-016  3.94e-001  4.62e-001  5.91e-002  6.91e-002  1.33e-002  2.12e-003  8.12e-004  2.65e-005  
6.73219e+016 1.05e-015  3.88e-001  4.65e-001  5.83e-002  6.99e-002  1.48e-002  2.11e-003  8.81e-004  3.41e-005  
6.84641e+016 1.27e-015  3.84e-001  4.68e-001  5.76e-002  7.07e-002  1.64e-002  2.09e-003  9.57e-004  4.43e-005  
6.96945e+016 1.52e-015  3.80e-001  4.70e-001  5.71e-002  7.09e-002  1.81e-002  2.08e-003  1.05e-003  5.79e-005  
7.10391e+016 1.84e-015  3.77e-001  4.71e-001  5.66e-002  7.19e-002  1.98e-002  2.07e-003  1.17e-003  7.68e-005  
7.25155e+016 2.22e-015  3.77e-001  4.69e-001  5.64e-002  7.22e-002  2.15e-002  2.08e-003  1.30e-003  1.03e-004  
7.42223e+016 2.70e-015  3.78e-001  4.67e-001  5.67e-002  7.22e-002  2.32e-002  2.11e-003  1.46e-003  1.40e-004  
7.63108e+016 3.37e-015  3.82e-001  4.60e-001  5.75e-002  7.18e-002  2.47e-002  2.13e-003  1.65e-003  1.97e-004  
7.86896e+016 4.22e-015  3.91e-001  4.50e-001  5.85e-002  7.08e-002  2.58e-002  2.17e-003  1.88e-003  2.75e-004  
8.18150e+016 5.45e-015  4.06e-001  4.33e-001  6.09e-002  6.90e-002  2.64e-002  2.26e-003  2.17e-003  3.98e-004  
8.55776e+016 7.07e-015  4.29e-001  4.09e-001  6.44e-002  6.64e-002  2.59e-002  2.35e-003  2.49e-003  5.65e-004  
9.00548e+016 9.14e-015  4.59e-001  3.79e-001  6.89e-002  6.28e-002  2.42e-002  2.49e-003  2.82e-003  7.69e-004  
9.53916e+016 1.17e-014  4.97e-001  3.42e-001  7.46e-002  5.83e-002  2.12e-002  2.68e-003  3.12e-003  9.94e-004  
1.01535e+017 1.44e-014  5.41e-001  3.01e-001  8.12e-002  5.30e-002  1.73e-002  2.87e-003  3.33e-003  1.20e-003  
1.09249e+017 1.72e-014  5.94e-001  2.50e-001  8.92e-002  4.62e-002  1.25e-002  3.07e-003  3.39e-003  1.32e-003  
1.19176e+017 1.89e-014  6.58e-001  1.91e-001  9.86e-002  3.78e-002  7.53e-003  3.31e-003  3.11e-003  1.23e-003  
1.32448e+017 1.68e-014  7.30e-001  1.23e-001  1.10e-001  2.71e-002  3.26e-003  3.44e-003  2.23e-003  7.89e-004  
