! 0       *CO2 + He -> CO2 + He
! 1       *CO2 + H2 -> CO2 + H2
! 2       *CO2 + CO -> CO2 + CO
! 3       *CO2 + CRPhoton -> *CO + *O
! 4       *CO2 + CRPhoton -> *CO + *O
! 5       *CO2 + CRPhoton -> CO2
! 6       *CO2 + ISPhoton -> CO2
! 7       *CO2 + ISPhoton -> *CO + *O
! 8       *CO2 + GRAIN -> CO2 + GRAIN
! 9       *CO2 + CRPhoton -> CO + O
!            tot_rate   0          1          2          3          4          5          6          7          8          9          
1.58188e+013 4.27e-016  0.00e+000  0.00e+000  0.00e+000  9.86e-001  1.35e-002  3.44e-004  2.05e-008  3.89e-011  0.00e+000  0.00e+000  
3.50727e+014 4.27e-016  0.00e+000  0.00e+000  0.00e+000  9.86e-001  1.35e-002  3.44e-004  2.05e-008  3.89e-011  0.00e+000  0.00e+000  
5.21628e+015 4.28e-016  0.00e+000  0.00e+000  0.00e+000  9.86e-001  1.35e-002  3.44e-004  2.05e-008  3.88e-011  0.00e+000  0.00e+000  
2.67137e+016 4.30e-016  0.00e+000  0.00e+000  0.00e+000  9.86e-001  1.35e-002  3.44e-004  2.05e-008  3.88e-011  0.00e+000  0.00e+000  
3.33598e+016 4.37e-016  0.00e+000  0.00e+000  3.23e-056  9.86e-001  1.35e-002  3.46e-004  2.06e-008  3.89e-011  6.98e-081  0.00e+000  
3.42055e+016 4.40e-016  0.00e+000  0.00e+000  1.68e-016  9.86e-001  1.35e-002  3.48e-004  2.07e-008  3.89e-011  2.52e-079  0.00e+000  
3.44017e+016 4.42e-016  0.00e+000  0.00e+000  8.05e-010  9.86e-001  1.35e-002  3.46e-004  2.06e-008  3.89e-011  9.77e-079  0.00e+000  
3.46353e+016 4.44e-016  0.00e+000  0.00e+000  2.41e-003  9.84e-001  1.34e-002  3.47e-004  2.06e-008  3.87e-011  8.13e-078  0.00e+000  
3.48860e+016 4.86e-016  0.00e+000  0.00e+000  8.43e-002  9.03e-001  1.23e-002  3.19e-004  1.89e-008  3.56e-011  1.60e-076  0.00e+000  
3.51370e+016 7.33e-016  5.16e-077  0.00e+000  3.89e-001  6.03e-001  8.24e-003  2.13e-004  1.27e-008  2.37e-011  6.49e-075  0.00e+000  
3.53250e+016 1.29e-015  1.17e-058  0.00e+000  6.50e-001  3.45e-001  4.72e-003  1.22e-004  7.27e-009  1.36e-011  1.77e-073  0.00e+000  
3.55515e+016 2.93e-015  4.88e-038  0.00e+000  8.45e-001  1.52e-001  2.08e-003  5.39e-005  3.21e-009  6.00e-012  3.08e-071  0.00e+000  
3.57182e+016 5.59e-015  6.85e-024  0.00e+000  9.18e-001  8.07e-002  1.10e-003  2.86e-005  1.70e-009  3.19e-012  3.60e-069  0.00e+000  
3.58524e+016 9.61e-015  2.88e-016  0.00e+000  9.52e-001  4.72e-002  6.45e-004  1.68e-005  9.99e-010  1.86e-012  3.22e-067  0.00e+000  
3.60047e+016 1.18e-014  1.72e-007  0.00e+000  9.61e-001  3.89e-002  5.32e-004  1.39e-005  8.25e-010  1.54e-012  1.63e-064  0.00e+000  
3.61718e+016 1.55e-014  1.63e-002  1.04e-058  9.53e-001  2.99e-002  4.08e-004  1.07e-005  6.36e-010  1.18e-012  4.11e-061  0.00e+000  
3.62899e+016 3.31e-014  4.20e-001  7.20e-048  5.65e-001  1.42e-002  1.94e-004  5.08e-006  3.02e-010  5.59e-013  9.64e-059  0.00e+000  
3.63893e+016 1.01e-013  7.63e-001  4.68e-031  2.32e-001  4.70e-003  6.42e-005  1.69e-006  1.01e-010  1.85e-013  8.06e-057  0.00e+000  
3.64972e+016 3.68e-013  9.13e-001  2.54e-015  8.58e-002  1.31e-003  1.80e-005  4.73e-007  2.83e-011  5.19e-014  1.02e-054  0.00e+000  
3.66124e+016 1.06e-012  9.56e-001  1.03e-008  4.32e-002  4.68e-004  6.40e-006  1.69e-007  1.00e-011  1.85e-014  2.96e-052  0.00e+000  
3.67348e+016 2.96e-012  9.75e-001  7.49e-005  2.44e-002  1.72e-004  2.35e-006  6.21e-008  3.68e-012  6.75e-015  2.18e-049  0.00e+000  
3.68621e+016 7.89e-012  9.65e-001  1.93e-002  1.61e-002  6.68e-005  9.13e-007  2.43e-008  1.44e-012  2.64e-015  1.52e-045  0.00e+000  
3.69700e+016 1.82e-011  9.18e-001  6.93e-002  1.23e-002  3.00e-005  4.10e-007  1.11e-008  6.60e-013  1.18e-015  2.55e-042  0.00e+000  
3.70376e+016 3.05e-011  8.85e-001  1.05e-001  1.08e-002  1.83e-005  2.50e-007  6.85e-009  4.10e-013  7.21e-016  2.52e-040  0.00e+000  
3.71087e+016 5.19e-011  8.47e-001  1.43e-001  1.01e-002  1.11e-005  1.51e-007  4.24e-009  2.53e-013  4.36e-016  2.70e-038  0.00e+000  
3.71826e+016 8.99e-011  8.14e-001  1.76e-001  9.89e-003  6.57e-006  8.98e-008  2.61e-009  1.56e-013  2.59e-016  3.05e-036  0.00e+000  
3.72589e+016 1.58e-010  7.84e-001  2.06e-001  1.02e-002  3.84e-006  5.24e-008  1.62e-009  9.61e-014  1.51e-016  3.24e-034  0.00e+000  
3.73370e+016 2.79e-010  7.57e-001  2.32e-001  1.10e-002  2.22e-006  3.03e-008  1.03e-009  6.10e-014  8.75e-017  2.94e-032  0.00e+000  
3.74165e+016 4.90e-010  7.27e-001  2.61e-001  1.22e-002  1.26e-006  1.72e-008  6.67e-010  3.98e-014  4.98e-017  2.03e-030  0.00e+000  
3.74829e+016 7.78e-010  7.11e-001  2.76e-001  1.30e-002  7.67e-007  1.05e-008  4.77e-010  2.84e-014  3.02e-017  5.49e-029  0.00e+000  
3.75505e+016 1.20e-009  6.86e-001  3.00e-001  1.35e-002  4.53e-007  6.19e-009  3.47e-010  2.07e-014  1.78e-017  1.18e-027  0.00e+000  
3.76194e+016 1.71e-009  6.72e-001  3.14e-001  1.36e-002  2.51e-007  3.43e-009  2.60e-010  1.54e-014  9.88e-018  2.13e-026  0.00e+000  
3.76839e+016 2.16e-009  6.52e-001  3.35e-001  1.35e-002  1.21e-007  1.65e-009  2.02e-010  1.20e-014  4.76e-018  2.45e-025  0.00e+000  
3.76854e+016 2.18e-009  6.52e-001  3.34e-001  1.35e-002  1.18e-007  1.61e-009  2.00e-010  1.19e-014  4.64e-018  2.56e-025  0.00e+000  
3.76877e+016 2.18e-009  6.51e-001  3.36e-001  1.35e-002  1.14e-007  1.56e-009  1.99e-010  1.18e-014  4.50e-018  2.79e-025  0.00e+000  
3.76917e+016 2.20e-009  6.50e-001  3.36e-001  1.36e-002  1.08e-007  1.47e-009  1.96e-010  1.17e-014  4.24e-018  3.18e-025  0.00e+000  
3.76980e+016 2.23e-009  6.50e-001  3.37e-001  1.35e-002  9.68e-008  1.32e-009  1.91e-010  1.14e-014  3.82e-018  3.94e-025  0.00e+000  
3.77083e+016 2.27e-009  6.49e-001  3.38e-001  1.35e-002  7.99e-008  1.09e-009  1.84e-010  1.09e-014  3.16e-018  5.56e-025  0.00e+000  
3.77248e+016 2.26e-009  6.47e-001  3.39e-001  1.37e-002  5.50e-008  7.49e-010  1.74e-010  1.04e-014  2.17e-018  9.84e-025  0.00e+000  
3.77450e+016 2.08e-009  6.41e-001  3.46e-001  1.37e-002  2.59e-008  3.54e-010  1.62e-010  9.63e-015  1.02e-018  1.95e-024  0.00e+000  
3.77655e+016 3.20e-010  6.34e-001  3.53e-001  1.33e-002  6.31e-009  8.62e-011  1.52e-010  9.02e-015  2.49e-019  3.65e-024  0.00e+000  
3.77936e+016 1.33e-013  6.28e-001  3.60e-001  1.28e-002  5.78e-009  7.88e-011  1.39e-010  8.26e-015  2.27e-019  8.78e-024  0.00e+000  
3.78016e+016 1.36e-014  6.27e-001  3.61e-001  1.27e-002  5.64e-009  7.73e-011  1.35e-010  8.10e-015  2.22e-019  1.13e-023  0.00e+000  
3.78111e+016 2.21e-015  6.25e-001  3.63e-001  1.25e-002  5.48e-009  7.47e-011  1.31e-010  7.83e-015  2.15e-019  1.49e-023  0.00e+000  
3.78273e+016 1.55e-015  6.22e-001  3.65e-001  1.22e-002  5.21e-009  7.15e-011  1.25e-010  7.47e-015  2.06e-019  2.33e-023  0.00e+000  
3.78530e+016 1.48e-015  6.19e-001  3.69e-001  1.18e-002  4.85e-009  6.62e-011  1.16e-010  6.90e-015  1.91e-019  4.75e-023  0.00e+000  
3.78818e+016 1.40e-015  6.13e-001  3.76e-001  1.14e-002  4.47e-009  6.11e-011  1.07e-010  6.40e-015  1.76e-019  1.04e-022  0.00e+000  
3.79076e+016 1.33e-015  6.06e-001  3.83e-001  1.11e-002  4.17e-009  5.71e-011  1.01e-010  5.98e-015  1.65e-019  1.94e-022  0.00e+000  
3.79253e+016 1.30e-015  6.02e-001  3.87e-001  1.09e-002  4.01e-009  5.47e-011  9.65e-011  5.74e-015  1.58e-019  2.98e-022  0.00e+000  
3.79502e+016 1.26e-015  5.99e-001  3.90e-001  1.06e-002  3.76e-009  5.14e-011  9.08e-011  5.39e-015  1.48e-019  5.39e-022  0.00e+000  
3.79755e+016 1.22e-015  5.97e-001  3.93e-001  1.03e-002  3.55e-009  4.86e-011  8.51e-011  5.09e-015  1.40e-019  9.32e-022  0.00e+000  
3.79897e+016 1.21e-015  5.95e-001  3.95e-001  1.02e-002  3.45e-009  4.71e-011  8.28e-011  4.94e-015  1.36e-019  1.25e-021  0.00e+000  
3.79918e+016 1.21e-015  5.94e-001  3.96e-001  1.01e-002  3.43e-009  4.69e-011  8.25e-011  4.91e-015  1.35e-019  1.31e-021  0.00e+000  
3.79956e+016 1.20e-015  5.93e-001  3.97e-001  1.01e-002  3.39e-009  4.64e-011  8.17e-011  4.87e-015  1.34e-019  1.41e-021  0.00e+000  
3.80017e+016 1.20e-015  5.92e-001  3.98e-001  1.00e-002  3.36e-009  4.59e-011  8.06e-011  4.80e-015  1.32e-019  1.60e-021  0.00e+000  
3.80129e+016 1.19e-015  5.89e-001  4.01e-001  9.95e-003  3.27e-009  4.47e-011  7.87e-011  4.68e-015  1.29e-019  2.01e-021  0.00e+000  
3.80319e+016 1.17e-015  5.85e-001  4.06e-001  9.80e-003  3.15e-009  4.30e-011  7.57e-011  4.51e-015  1.24e-019  2.97e-021  0.00e+000  
3.80578e+016 1.16e-015  5.82e-001  4.09e-001  9.55e-003  2.99e-009  4.09e-011  7.19e-011  4.28e-015  1.18e-019  4.84e-021  0.00e+000  
3.80629e+016 1.16e-015  5.81e-001  4.09e-001  9.57e-003  2.96e-009  4.04e-011  7.12e-011  4.24e-015  1.16e-019  5.28e-021  0.00e+000  
3.80713e+016 1.16e-015  5.81e-001  4.10e-001  9.51e-003  2.91e-009  3.98e-011  7.00e-011  4.17e-015  1.15e-019  6.12e-021  0.00e+000  
3.80859e+016 1.15e-015  5.80e-001  4.10e-001  9.37e-003  2.85e-009  3.89e-011  6.84e-011  4.07e-015  1.12e-019  7.89e-021  0.00e+000  
3.81083e+016 1.14e-015  5.75e-001  4.15e-001  9.18e-003  2.73e-009  3.73e-011  6.55e-011  3.90e-015  1.08e-019  1.15e-020  0.00e+000  
3.81265e+016 1.13e-015  5.71e-001  4.20e-001  9.08e-003  2.64e-009  3.61e-011  6.35e-011  3.78e-015  1.04e-019  1.56e-020  0.00e+000  
3.81480e+016 1.12e-015  5.68e-001  4.23e-001  8.95e-003  2.54e-009  3.49e-011  6.13e-011  3.65e-015  1.00e-019  2.22e-020  0.00e+000  
3.81769e+016 1.08e-015  5.66e-001  4.25e-001  8.77e-003  2.44e-009  3.33e-011  5.85e-011  3.48e-015  9.63e-020  3.38e-020  0.00e+000  
3.81836e+016 1.07e-015  5.66e-001  4.25e-001  8.74e-003  2.41e-009  3.29e-011  5.79e-011  3.45e-015  9.55e-020  3.72e-020  0.00e+000  
3.81952e+016 1.05e-015  5.66e-001  4.26e-001  8.69e-003  2.38e-009  3.24e-011  5.71e-011  3.40e-015  9.36e-020  4.37e-020  0.00e+000  
3.82149e+016 1.01e-015  5.61e-001  4.30e-001  8.54e-003  2.29e-009  3.14e-011  5.52e-011  3.29e-015  9.06e-020  5.69e-020  0.00e+000  
3.82433e+016 9.41e-016  5.57e-001  4.35e-001  8.42e-003  2.21e-009  3.02e-011  5.31e-011  3.17e-015  8.71e-020  8.31e-020  0.00e+000  
3.82740e+016 8.75e-016  5.54e-001  4.38e-001  8.27e-003  2.13e-009  2.90e-011  5.10e-011  3.04e-015  8.36e-020  1.23e-019  0.00e+000  
3.83054e+016 8.26e-016  5.53e-001  4.38e-001  8.16e-003  2.05e-009  2.80e-011  4.92e-011  2.93e-015  8.08e-020  1.78e-019  0.00e+000  
3.83376e+016 8.03e-016  5.48e-001  4.44e-001  8.00e-003  1.97e-009  2.69e-011  4.73e-011  2.81e-015  7.75e-020  2.49e-019  0.00e+000  
3.83751e+016 8.08e-016  5.43e-001  4.49e-001  7.88e-003  1.88e-009  2.57e-011  4.53e-011  2.70e-015  7.43e-020  3.64e-019  0.00e+000  
3.84132e+016 8.34e-016  5.42e-001  4.51e-001  7.77e-003  1.82e-009  2.48e-011  4.37e-011  2.60e-015  7.17e-020  5.26e-019  0.00e+000  
3.84531e+016 8.81e-016  5.38e-001  4.54e-001  7.63e-003  1.75e-009  2.40e-011  4.21e-011  2.51e-015  6.90e-020  7.58e-019  0.00e+000  
3.84962e+016 9.44e-016  5.34e-001  4.59e-001  7.54e-003  1.68e-009  2.31e-011  4.06e-011  2.41e-015  6.65e-020  1.06e-018  0.00e+000  
3.85449e+016 1.01e-015  5.31e-001  4.61e-001  7.42e-003  1.62e-009  2.22e-011  3.90e-011  2.33e-015  6.40e-020  1.49e-018  0.00e+000  
3.85990e+016 1.05e-015  5.29e-001  4.64e-001  7.33e-003  1.56e-009  2.14e-011  3.76e-011  2.24e-015  6.17e-020  2.14e-018  0.00e+000  
3.86597e+016 1.09e-015  5.24e-001  4.69e-001  7.23e-003  1.51e-009  2.06e-011  3.62e-011  2.15e-015  5.94e-020  3.08e-018  0.00e+000  
3.87288e+016 1.13e-015  5.21e-001  4.72e-001  7.15e-003  1.45e-009  1.99e-011  3.49e-011  2.07e-015  5.72e-020  4.47e-018  0.00e+000  
3.88139e+016 1.19e-015  5.19e-001  4.74e-001  7.08e-003  1.40e-009  1.91e-011  3.36e-011  2.00e-015  5.51e-020  6.34e-018  0.00e+000  
3.89093e+016 1.27e-015  5.16e-001  4.77e-001  6.98e-003  1.35e-009  1.84e-011  3.24e-011  1.93e-015  5.31e-020  8.82e-018  0.00e+000  
3.90068e+016 1.35e-015  5.12e-001  4.81e-001  6.92e-003  1.31e-009  1.79e-011  3.14e-011  1.87e-015  5.16e-020  1.16e-017  0.00e+000  
3.91088e+016 1.45e-015  5.10e-001  4.83e-001  6.89e-003  1.28e-009  1.75e-011  3.07e-011  1.83e-015  5.04e-020  1.46e-017  0.00e+000  
3.92181e+016 1.56e-015  5.10e-001  4.83e-001  6.88e-003  1.25e-009  1.72e-011  3.02e-011  1.80e-015  4.95e-020  1.77e-017  0.00e+000  
3.93325e+016 1.67e-015  5.10e-001  4.83e-001  6.87e-003  1.24e-009  1.70e-011  2.98e-011  1.78e-015  4.89e-020  2.03e-017  0.00e+000  
3.94519e+016 1.80e-015  5.11e-001  4.82e-001  6.85e-003  1.24e-009  1.69e-011  2.97e-011  1.77e-015  4.87e-020  2.21e-017  0.00e+000  
3.95803e+016 1.92e-015  5.11e-001  4.83e-001  6.87e-003  1.23e-009  1.69e-011  2.96e-011  1.76e-015  4.87e-020  2.29e-017  0.00e+000  
3.97190e+016 2.04e-015  5.10e-001  4.83e-001  6.96e-003  1.24e-009  1.70e-011  2.99e-011  1.78e-015  4.90e-020  2.24e-017  0.00e+000  
3.98699e+016 2.15e-015  5.13e-001  4.80e-001  7.04e-003  1.26e-009  1.72e-011  3.03e-011  1.80e-015  4.99e-020  2.05e-017  0.00e+000  
4.00514e+016 2.25e-015  5.16e-001  4.76e-001  7.17e-003  1.29e-009  1.76e-011  3.09e-011  1.85e-015  5.08e-020  1.71e-017  0.00e+000  
4.02549e+016 2.31e-015  5.20e-001  4.72e-001  7.41e-003  1.34e-009  1.82e-011  3.21e-011  1.92e-015  5.29e-020  1.30e-017  0.00e+000  
4.04761e+016 2.34e-015  5.26e-001  4.66e-001  7.66e-003  1.40e-009  1.92e-011  3.37e-011  2.02e-015  5.56e-020  8.85e-018  0.00e+000  
4.07070e+016 2.34e-015  5.35e-001  4.58e-001  7.95e-003  1.50e-009  2.05e-011  3.60e-011  2.15e-015  5.94e-020  5.52e-018  0.00e+000  
4.09451e+016 2.32e-015  5.39e-001  4.53e-001  8.32e-003  1.61e-009  2.20e-011  3.87e-011  2.32e-015  6.38e-020  3.02e-018  0.00e+000  
4.11988e+016 2.29e-015  5.46e-001  4.45e-001  8.78e-003  1.77e-009  2.41e-011  4.24e-011  2.54e-015  6.99e-020  1.46e-018  0.00e+000  
4.14624e+016 2.26e-015  5.57e-001  4.34e-001  9.33e-003  1.97e-009  2.69e-011  4.73e-011  2.84e-015  7.82e-020  6.32e-019  0.00e+000  
4.17462e+016 2.26e-015  5.70e-001  4.20e-001  1.01e-002  2.25e-009  3.07e-011  5.39e-011  3.24e-015  8.93e-020  2.31e-019  0.00e+000  
4.20512e+016 2.31e-015  5.80e-001  4.09e-001  1.10e-002  2.63e-009  3.59e-011  6.32e-011  3.78e-015  1.04e-019  6.84e-020  0.00e+000  
4.23867e+016 2.45e-015  5.96e-001  3.91e-001  1.22e-002  3.17e-009  4.33e-011  7.60e-011  4.58e-015  1.25e-019  1.60e-020  0.00e+000  
4.27356e+016 2.69e-015  6.10e-001  3.76e-001  1.38e-002  3.94e-009  5.40e-011  9.49e-011  5.69e-015  1.56e-019  3.07e-021  0.00e+000  
4.30994e+016 3.08e-015  6.27e-001  3.57e-001  1.60e-002  5.07e-009  6.92e-011  1.22e-010  7.31e-015  2.01e-019  4.68e-022  0.00e+000  
4.34671e+016 3.62e-015  6.44e-001  3.37e-001  1.87e-002  6.66e-009  9.12e-011  1.60e-010  9.62e-015  2.65e-019  5.97e-023  0.00e+000  
4.38104e+016 3.75e-015  6.58e-001  3.20e-001  2.21e-002  8.85e-009  1.21e-010  2.13e-010  1.27e-014  3.52e-019  7.62e-024  0.00e+000  
4.41007e+016 3.61e-015  6.73e-001  3.02e-001  2.56e-002  1.14e-008  1.56e-010  2.74e-010  1.64e-014  4.51e-019  1.21e-024  0.00e+000  
4.42181e+016 3.55e-015  6.77e-001  2.96e-001  2.74e-002  1.28e-008  1.75e-010  3.07e-010  1.84e-014  5.07e-019  5.64e-025  0.00e+000  
4.42811e+016 3.55e-015  6.79e-001  2.93e-001  2.84e-002  1.35e-008  1.84e-010  3.24e-010  1.95e-014  5.35e-019  3.75e-025  0.00e+000  
4.43809e+016 3.60e-015  6.81e-001  2.89e-001  3.00e-002  1.49e-008  2.03e-010  3.59e-010  2.14e-014  5.89e-019  1.88e-025  0.00e+000  
4.45030e+016 3.66e-015  6.89e-001  2.79e-001  3.20e-002  1.67e-008  2.28e-010  4.02e-010  2.40e-014  6.62e-019  8.18e-026  0.00e+000  
4.45401e+016 3.64e-015  6.90e-001  2.77e-001  3.30e-002  1.73e-008  2.37e-010  4.18e-010  2.49e-014  6.87e-019  6.26e-026  0.00e+000  
4.45998e+016 3.66e-015  6.94e-001  2.72e-001  3.41e-002  1.84e-008  2.51e-010  4.42e-010  2.65e-014  7.29e-019  4.12e-026  0.00e+000  
4.46779e+016 3.75e-015  6.98e-001  2.66e-001  3.57e-002  1.99e-008  2.72e-010  4.77e-010  2.85e-014  7.89e-019  2.36e-026  0.00e+000  
4.48006e+016 3.90e-015  7.03e-001  2.59e-001  3.82e-002  2.25e-008  3.08e-010  5.41e-010  3.23e-014  8.93e-019  9.87e-027  0.00e+000  
4.48529e+016 3.93e-015  7.08e-001  2.53e-001  3.97e-002  2.38e-008  3.26e-010  5.73e-010  3.44e-014  9.47e-019  6.59e-027  0.00e+000  
4.48834e+016 3.95e-015  7.08e-001  2.51e-001  4.05e-002  2.47e-008  3.36e-010  5.92e-010  3.54e-014  9.79e-019  5.24e-027  0.00e+000  
4.49346e+016 4.07e-015  7.08e-001  2.51e-001  4.18e-002  2.60e-008  3.54e-010  6.24e-010  3.73e-014  1.03e-018  3.59e-027  0.00e+000  
4.49870e+016 4.19e-015  7.09e-001  2.48e-001  4.32e-002  2.74e-008  3.75e-010  6.61e-010  3.96e-014  1.09e-018  2.46e-027  0.00e+000  
4.50684e+016 4.38e-015  7.10e-001  2.44e-001  4.54e-002  2.99e-008  4.09e-010  7.22e-010  4.32e-014  1.19e-018  1.35e-027  0.00e+000  
4.51867e+016 4.68e-015  7.18e-001  2.33e-001  4.89e-002  3.40e-008  4.64e-010  8.16e-010  4.89e-014  1.35e-018  5.56e-028  0.00e+000  
4.51946e+016 4.65e-015  7.18e-001  2.32e-001  4.99e-002  3.48e-008  4.75e-010  8.36e-010  5.01e-014  1.38e-018  4.94e-028  0.00e+000  
4.52061e+016 4.67e-015  7.18e-001  2.31e-001  5.06e-002  3.54e-008  4.82e-010  8.49e-010  5.08e-014  1.40e-018  4.48e-028  0.00e+000  
4.52265e+016 4.74e-015  7.19e-001  2.30e-001  5.08e-002  3.59e-008  4.91e-010  8.65e-010  5.17e-014  1.43e-018  3.82e-028  0.00e+000  
4.52632e+016 4.86e-015  7.22e-001  2.26e-001  5.20e-002  3.72e-008  5.10e-010  8.97e-010  5.37e-014  1.48e-018  2.90e-028  0.00e+000  
4.53239e+016 5.07e-015  7.25e-001  2.21e-001  5.40e-002  3.98e-008  5.44e-010  9.58e-010  5.74e-014  1.58e-018  1.85e-028  0.00e+000  
4.54167e+016 5.41e-015  7.28e-001  2.14e-001  5.71e-002  4.42e-008  6.05e-010  1.06e-009  6.36e-014  1.75e-018  9.30e-029  0.00e+000  
4.55446e+016 5.92e-015  7.30e-001  2.08e-001  6.23e-002  5.12e-008  6.99e-010  1.23e-009  7.37e-014  2.03e-018  3.26e-029  0.00e+000  
4.55658e+016 6.00e-015  7.32e-001  2.05e-001  6.33e-002  5.27e-008  7.18e-010  1.26e-009  7.58e-014  2.08e-018  2.70e-029  0.00e+000  
4.55697e+016 5.98e-015  7.37e-001  1.99e-001  6.40e-002  5.32e-008  7.27e-010  1.28e-009  7.66e-014  2.11e-018  2.47e-029  0.00e+000  
4.55761e+016 5.99e-015  7.38e-001  1.97e-001  6.45e-002  5.36e-008  7.33e-010  1.29e-009  7.73e-014  2.14e-018  2.32e-029  0.00e+000  
4.55871e+016 6.03e-015  7.38e-001  1.97e-001  6.48e-002  5.44e-008  7.43e-010  1.30e-009  7.83e-014  2.16e-018  2.14e-029  0.00e+000  
4.56066e+016 6.11e-015  7.38e-001  1.96e-001  6.56e-002  5.56e-008  7.61e-010  1.34e-009  8.02e-014  2.21e-018  1.85e-029  0.00e+000  
4.56410e+016 6.28e-015  7.37e-001  1.96e-001  6.72e-002  5.78e-008  7.91e-010  1.39e-009  8.33e-014  2.29e-018  1.43e-029  0.00e+000  
4.56849e+016 6.51e-015  7.36e-001  1.95e-001  6.94e-002  6.10e-008  8.34e-010  1.46e-009  8.78e-014  2.43e-018  1.04e-029  0.00e+000  
4.57241e+016 6.71e-015  7.36e-001  1.92e-001  7.13e-002  6.40e-008  8.74e-010  1.54e-009  9.20e-014  2.53e-018  7.57e-030  0.00e+000  
4.57850e+016 7.03e-015  7.40e-001  1.86e-001  7.40e-002  6.84e-008  9.35e-010  1.65e-009  9.86e-014  2.72e-018  4.52e-030  0.00e+000  
4.58802e+016 7.56e-015  7.45e-001  1.76e-001  7.90e-002  7.69e-008  1.05e-009  1.85e-009  1.11e-013  3.04e-018  2.06e-030  0.00e+000  
4.59720e+016 8.10e-015  7.48e-001  1.68e-001  8.43e-002  8.61e-008  1.18e-009  2.07e-009  1.25e-013  3.42e-018  9.80e-031  0.00e+000  
4.59734e+016 8.08e-015  7.49e-001  1.66e-001  8.49e-002  8.67e-008  1.18e-009  2.08e-009  1.25e-013  3.44e-018  9.39e-031  0.00e+000  
4.59759e+016 8.03e-015  7.48e-001  1.66e-001  8.62e-002  8.78e-008  1.20e-009  2.12e-009  1.27e-013  3.49e-018  8.62e-031  0.00e+000  
4.59802e+016 8.05e-015  7.49e-001  1.64e-001  8.70e-002  8.89e-008  1.21e-009  2.14e-009  1.28e-013  3.53e-018  8.12e-031  0.00e+000  
4.59873e+016 8.12e-015  7.49e-001  1.64e-001  8.73e-002  8.95e-008  1.22e-009  2.16e-009  1.29e-013  3.55e-018  7.64e-031  0.00e+000  
4.59993e+016 8.19e-015  7.50e-001  1.62e-001  8.80e-002  9.08e-008  1.25e-009  2.19e-009  1.31e-013  3.60e-018  6.90e-031  0.00e+000  
4.60196e+016 8.32e-015  7.51e-001  1.60e-001  8.92e-002  9.30e-008  1.27e-009  2.24e-009  1.35e-013  3.69e-018  5.82e-031  0.00e+000  
4.60580e+016 8.59e-015  7.53e-001  1.56e-001  9.12e-002  9.74e-008  1.33e-009  2.34e-009  1.41e-013  3.86e-018  4.22e-031  0.00e+000  
4.61139e+016 9.00e-015  7.52e-001  1.53e-001  9.43e-002  1.04e-007  1.42e-009  2.50e-009  1.50e-013  4.13e-018  2.68e-031  0.00e+000  
4.61801e+016 9.48e-015  7.51e-001  1.50e-001  9.91e-002  1.13e-007  1.55e-009  2.72e-009  1.64e-013  4.49e-018  1.56e-031  0.00e+000  
4.62829e+016 1.03e-014  7.50e-001  1.43e-001  1.07e-001  1.29e-007  1.77e-009  3.12e-009  1.87e-013  5.15e-018  6.46e-032  0.00e+000  
4.63958e+016 1.12e-014  7.54e-001  1.30e-001  1.17e-001  1.50e-007  2.06e-009  3.61e-009  2.16e-013  5.96e-018  2.34e-032  0.00e+000  
4.64165e+016 1.14e-014  7.54e-001  1.27e-001  1.18e-001  1.55e-007  2.11e-009  3.72e-009  2.23e-013  6.14e-018  1.94e-032  0.00e+000  
4.64187e+016 1.13e-014  7.53e-001  1.27e-001  1.20e-001  1.58e-007  2.15e-009  3.78e-009  2.27e-013  6.24e-018  1.79e-032  0.00e+000  
4.64224e+016 1.13e-014  7.57e-001  1.22e-001  1.21e-001  1.59e-007  2.17e-009  3.82e-009  2.29e-013  6.30e-018  1.63e-032  0.00e+000  
4.64286e+016 1.14e-014  7.58e-001  1.20e-001  1.22e-001  1.61e-007  2.19e-009  3.85e-009  2.31e-013  6.37e-018  1.53e-032  0.00e+000  
4.64396e+016 1.15e-014  7.57e-001  1.20e-001  1.23e-001  1.63e-007  2.22e-009  3.92e-009  2.35e-013  6.46e-018  1.40e-032  0.00e+000  
4.64596e+016 1.17e-014  7.55e-001  1.20e-001  1.26e-001  1.67e-007  2.29e-009  4.02e-009  2.42e-013  6.64e-018  1.20e-032  0.00e+000  
4.64933e+016 1.21e-014  7.55e-001  1.17e-001  1.29e-001  1.75e-007  2.40e-009  4.21e-009  2.52e-013  6.95e-018  9.04e-033  0.00e+000  
4.65501e+016 1.26e-014  7.56e-001  1.12e-001  1.32e-001  1.88e-007  2.56e-009  4.51e-009  2.70e-013  7.43e-018  5.47e-033  0.00e+000  
4.66259e+016 1.35e-014  7.58e-001  1.03e-001  1.39e-001  2.07e-007  2.82e-009  4.97e-009  2.98e-013  8.17e-018  2.79e-033  0.00e+000  
4.67450e+016 1.48e-014  7.52e-001  9.68e-002  1.52e-001  2.44e-007  3.32e-009  5.85e-009  3.51e-013  9.68e-018  9.75e-034  0.00e+000  
4.68726e+016 1.63e-014  7.44e-001  8.67e-002  1.70e-001  2.95e-007  4.03e-009  7.07e-009  4.25e-013  1.17e-017  2.91e-034  0.00e+000  
4.69009e+016 1.67e-014  7.43e-001  8.33e-002  1.73e-001  3.07e-007  4.20e-009  7.37e-009  4.42e-013  1.22e-017  2.22e-034  0.00e+000  
4.69024e+016 1.67e-014  7.44e-001  8.22e-002  1.74e-001  3.08e-007  4.22e-009  7.44e-009  4.45e-013  1.22e-017  2.15e-034  0.00e+000  
4.69048e+016 1.68e-014  7.46e-001  8.00e-002  1.74e-001  3.09e-007  4.22e-009  7.40e-009  4.45e-013  1.22e-017  1.98e-034  0.00e+000  
4.69090e+016 1.67e-014  7.49e-001  7.60e-002  1.75e-001  3.12e-007  4.27e-009  7.49e-009  4.50e-013  1.24e-017  1.79e-034  0.00e+000  
4.69160e+016 1.67e-014  7.50e-001  7.08e-002  1.79e-001  3.18e-007  4.35e-009  7.68e-009  4.59e-013  1.26e-017  1.60e-034  0.00e+000  
4.69279e+016 1.68e-014  7.49e-001  7.02e-002  1.81e-001  3.25e-007  4.44e-009  7.79e-009  4.68e-013  1.29e-017  1.43e-034  0.00e+000  
4.69476e+016 1.71e-014  7.48e-001  6.95e-002  1.83e-001  3.34e-007  4.56e-009  8.00e-009  4.81e-013  1.33e-017  1.21e-034  0.00e+000  
4.69806e+016 1.76e-014  7.44e-001  6.87e-002  1.87e-001  3.49e-007  4.77e-009  8.41e-009  5.03e-013  1.39e-017  9.15e-035  0.00e+000  
4.70337e+016 1.83e-014  7.37e-001  6.71e-002  1.96e-001  3.78e-007  5.17e-009  9.12e-009  5.45e-013  1.50e-017  5.79e-035  0.00e+000  
4.70622e+016 1.88e-014  7.34e-001  6.60e-002  2.00e-001  3.94e-007  5.37e-009  9.47e-009  5.69e-013  1.56e-017  4.42e-035  0.00e+000  
4.71061e+016 1.95e-014  7.33e-001  6.25e-002  2.05e-001  4.16e-007  5.69e-009  9.99e-009  5.99e-013  1.65e-017  2.96e-035  0.00e+000  
4.71746e+016 2.06e-014  7.29e-001  5.69e-002  2.14e-001  4.56e-007  6.22e-009  1.10e-008  6.56e-013  1.81e-017  2.02e-035  0.00e+000  
4.72860e+016 2.24e-014  7.20e-001  4.83e-002  2.32e-001  5.36e-007  7.38e-009  1.29e-008  7.73e-013  2.14e-017  1.08e-035  0.00e+000  
4.74240e+016 2.47e-014  7.00e-001  4.02e-002  2.60e-001  6.68e-007  9.14e-009  1.61e-008  9.63e-013  2.65e-017  4.73e-036  0.00e+000  
4.74305e+016 2.49e-014  6.99e-001  3.98e-002  2.61e-001  6.75e-007  9.20e-009  1.62e-008  9.69e-013  2.67e-017  4.54e-036  0.00e+000  
4.74313e+016 2.49e-014  6.99e-001  3.97e-002  2.61e-001  6.75e-007  9.24e-009  1.62e-008  9.72e-013  2.68e-017  4.50e-036  0.00e+000  
4.74348e+016 2.49e-014  6.99e-001  3.92e-002  2.62e-001  6.79e-007  9.27e-009  1.63e-008  9.80e-013  2.70e-017  4.38e-036  0.00e+000  
4.74406e+016 2.49e-014  6.98e-001  3.76e-002  2.64e-001  6.90e-007  9.39e-009  1.65e-008  9.91e-013  2.73e-017  4.05e-036  0.00e+000  
4.74503e+016 2.50e-014  6.97e-001  3.38e-002  2.69e-001  7.05e-007  9.61e-009  1.69e-008  1.01e-012  2.79e-017  3.59e-036  0.00e+000  
4.74676e+016 2.52e-014  6.92e-001  3.20e-002  2.76e-001  7.27e-007  9.94e-009  1.75e-008  1.05e-012  2.89e-017  3.01e-036  0.00e+000  
4.74972e+016 2.57e-014  6.86e-001  3.00e-002  2.84e-001  7.67e-007  1.05e-008  1.84e-008  1.10e-012  3.04e-017  2.42e-036  0.00e+000  
4.75283e+016 2.64e-014  6.82e-001  2.79e-002  2.90e-001  8.00e-007  1.10e-008  1.93e-008  1.15e-012  3.18e-017  2.01e-036  0.00e+000  
4.75365e+016 2.66e-014  6.81e-001  2.74e-002  2.91e-001  8.09e-007  1.11e-008  1.95e-008  1.17e-012  3.21e-017  1.92e-036  0.00e+000  
4.75556e+016 2.70e-014  6.78e-001  2.68e-002  2.95e-001  8.34e-007  1.14e-008  2.00e-008  1.20e-012  3.30e-017  1.73e-036  0.00e+000  
4.75856e+016 2.75e-014  6.73e-001  2.64e-002  3.01e-001  8.73e-007  1.19e-008  2.10e-008  1.26e-012  3.46e-017  1.48e-036  0.00e+000  
4.76342e+016 2.85e-014  6.63e-001  2.51e-002  3.12e-001  9.40e-007  1.28e-008  2.26e-008  1.35e-012  3.72e-017  1.13e-036  0.00e+000  
4.77120e+016 2.99e-014  6.43e-001  2.22e-002  3.35e-001  1.08e-006  1.47e-008  2.59e-008  1.55e-012  4.29e-017  7.33e-037  0.00e+000  
4.78339e+016 3.28e-014  6.19e-001  1.74e-002  3.63e-001  1.29e-006  1.76e-008  3.08e-008  1.85e-012  5.10e-017  3.23e-037  0.00e+000  
4.79819e+016 3.57e-014  5.83e-001  1.13e-002  4.06e-001  1.64e-006  2.24e-008  3.95e-008  2.36e-012  6.50e-017  1.20e-037  0.00e+000  
4.80101e+016 3.65e-014  5.76e-001  1.05e-002  4.14e-001  1.71e-006  2.33e-008  4.11e-008  2.46e-012  6.77e-017  9.84e-038  0.00e+000  
4.80156e+016 3.66e-014  5.74e-001  1.04e-002  4.16e-001  1.72e-006  2.36e-008  4.16e-008  2.48e-012  6.83e-017  9.49e-038  0.00e+000  
4.80288e+016 3.68e-014  5.71e-001  1.00e-002  4.19e-001  1.77e-006  2.41e-008  4.24e-008  2.54e-012  6.99e-017  8.68e-038  0.00e+000  
4.80511e+016 3.72e-014  5.64e-001  9.34e-003  4.27e-001  1.83e-006  2.50e-008  4.40e-008  2.64e-012  7.25e-017  7.38e-038  0.00e+000  
4.80875e+016 3.79e-014  5.51e-001  8.18e-003  4.41e-001  1.95e-006  2.66e-008  4.70e-008  2.80e-012  7.73e-017  5.72e-038  0.00e+000  
4.81463e+016 3.91e-014  5.30e-001  6.55e-003  4.63e-001  2.16e-006  2.94e-008  5.20e-008  3.10e-012  8.58e-017  3.66e-038  0.00e+000  
4.82445e+016 4.11e-014  4.99e-001  5.06e-003  4.96e-001  2.55e-006  3.48e-008  6.11e-008  3.67e-012  1.01e-016  1.76e-038  0.00e+000  
4.83636e+016 4.34e-014  4.51e-001  3.43e-003  5.45e-001  3.13e-006  4.26e-008  7.50e-008  4.49e-012  1.24e-016  7.57e-039  0.00e+000  
4.84912e+016 4.57e-014  3.96e-001  2.11e-003  6.02e-001  3.90e-006  5.32e-008  9.34e-008  5.60e-012  1.54e-016  2.95e-039  0.00e+000  
4.86294e+016 4.83e-014  3.36e-001  1.23e-003  6.63e-001  4.91e-006  6.71e-008  1.18e-007  7.07e-012  1.95e-016  9.90e-040  0.00e+000  
4.87591e+016 5.04e-014  2.80e-001  6.54e-004  7.20e-001  6.09e-006  8.33e-008  1.46e-007  8.76e-012  2.42e-016  3.63e-040  0.00e+000  
4.88968e+016 5.26e-014  2.22e-001  2.95e-004  7.77e-001  7.60e-006  1.04e-007  1.82e-007  1.09e-011  3.00e-016  1.11e-040  0.00e+000  
4.90444e+016 5.46e-014  1.64e-001  1.12e-004  8.36e-001  9.58e-006  1.31e-007  2.31e-007  1.38e-011  3.79e-016  3.17e-041  0.00e+000  
4.91980e+016 5.63e-014  1.12e-001  3.55e-005  8.88e-001  1.21e-005  1.66e-007  2.91e-007  1.74e-011  4.79e-016  7.88e-042  0.00e+000  
4.93317e+016 5.77e-014  7.44e-002  1.10e-005  9.26e-001  1.47e-005  2.01e-007  3.54e-007  2.11e-011  5.84e-016  2.29e-042  0.00e+000  
4.94239e+016 5.84e-014  5.24e-002  3.89e-006  9.48e-001  1.69e-005  2.30e-007  4.04e-007  2.43e-011  6.68e-016  9.80e-043  0.00e+000  
4.95192e+016 5.91e-014  3.57e-002  1.29e-006  9.64e-001  1.93e-005  2.64e-007  4.64e-007  2.77e-011  7.65e-016  3.74e-043  0.00e+000  
4.96202e+016 5.99e-014  2.49e-002  4.66e-007  9.75e-001  2.20e-005  3.02e-007  5.31e-007  3.17e-011  8.77e-016  1.38e-043  0.00e+000  
4.97297e+016 6.02e-014  1.56e-002  1.13e-007  9.84e-001  2.57e-005  3.50e-007  6.18e-007  3.70e-011  1.02e-015  4.73e-044  0.00e+000  
4.98461e+016 6.00e-014  8.76e-003  1.98e-008  9.91e-001  3.03e-005  4.13e-007  7.26e-007  4.35e-011  1.20e-015  1.39e-044  0.00e+000  
4.99670e+016 5.99e-014  4.29e-003  2.52e-009  9.96e-001  3.56e-005  4.86e-007  8.55e-007  5.13e-011  1.41e-015  4.04e-045  0.00e+000  
5.00936e+016 5.93e-014  1.69e-003  2.33e-010  9.98e-001  4.22e-005  5.77e-007  1.01e-006  6.07e-011  1.67e-015  1.02e-045  0.00e+000  
5.02240e+016 5.77e-014  5.02e-004  1.04e-011  9.99e-001  5.08e-005  6.95e-007  1.22e-006  7.31e-011  2.01e-015  2.51e-046  0.00e+000  
5.03584e+016 5.54e-014  1.42e-004  6.73e-013  1.00e+000  6.19e-005  8.45e-007  1.49e-006  8.92e-011  2.45e-015  5.76e-047  0.00e+000  
5.05026e+016 5.16e-014  4.38e-005  1.96e-014  1.00e+000  7.79e-005  1.07e-006  1.87e-006  1.12e-010  3.10e-015  1.17e-047  0.00e+000  
5.05959e+016 4.91e-014  1.73e-005  1.03e-015  1.00e+000  9.06e-005  1.24e-006  2.18e-006  1.31e-010  3.58e-015  4.72e-048  0.00e+000  
5.06957e+016 4.72e-014  4.94e-006  3.16e-017  1.00e+000  1.05e-004  1.43e-006  2.52e-006  1.51e-010  4.15e-015  1.59e-048  0.00e+000  
5.07988e+016 4.48e-014  1.10e-006  1.57e-018  1.00e+000  1.22e-004  1.67e-006  2.95e-006  1.76e-010  4.84e-015  5.51e-049  0.00e+000  
5.09058e+016 4.18e-014  1.96e-007  3.71e-020  1.00e+000  1.46e-004  1.99e-006  3.49e-006  2.10e-010  5.79e-015  2.01e-049  0.00e+000  
5.10237e+016 3.82e-014  2.55e-008  4.45e-022  1.00e+000  1.79e-004  2.44e-006  4.29e-006  2.57e-010  7.09e-015  6.07e-050  0.00e+000  
5.11496e+016 3.40e-014  2.50e-009  3.00e-024  1.00e+000  2.25e-004  3.09e-006  5.41e-006  3.23e-010  8.94e-015  1.86e-050  0.00e+000  
5.12843e+016 2.63e-014  3.15e-010  1.12e-026  1.00e+000  3.29e-004  4.49e-006  7.03e-006  4.22e-010  1.30e-014  5.47e-051  0.00e+000  
5.14296e+016 1.95e-014  4.22e-011  2.51e-028  9.99e-001  5.04e-004  6.87e-006  9.53e-006  5.74e-010  2.00e-014  1.41e-051  0.00e+000  
5.15425e+016 1.55e-014  1.63e-011  9.73e-030  9.99e-001  6.96e-004  9.54e-006  1.21e-005  7.22e-010  2.77e-014  5.40e-052  0.00e+000  
5.16792e+016 1.13e-014  1.10e-012  1.59e-032  9.99e-001  1.07e-003  1.46e-005  1.66e-005  9.90e-010  4.24e-014  1.70e-052  0.00e+000  
5.18319e+016 7.70e-015  4.17e-014  1.08e-035  9.98e-001  1.77e-003  2.43e-005  2.44e-005  1.47e-009  7.02e-014  4.82e-053  0.00e+000  
5.19950e+016 4.82e-015  1.10e-015  3.32e-039  9.97e-001  3.20e-003  4.38e-005  3.90e-005  2.35e-009  1.27e-013  1.40e-053  0.00e+000  
5.21655e+016 2.78e-015  1.60e-017  5.11e-043  9.94e-001  6.30e-003  8.60e-005  6.80e-005  4.07e-009  2.49e-013  3.89e-054  0.00e+000  
5.23457e+016 1.42e-015  6.85e-019  2.44e-044  9.86e-001  1.39e-002  1.90e-004  1.32e-004  7.96e-009  5.52e-013  1.22e-054  0.00e+000  
5.25384e+016 6.90e-016  6.01e-021  1.32e-047  9.67e-001  3.26e-002  4.45e-004  2.72e-004  1.64e-008  1.29e-012  3.46e-055  0.00e+000  
5.27451e+016 2.78e-016  4.93e-023  5.21e-052  9.06e-001  9.20e-002  1.25e-003  6.76e-004  4.06e-008  3.63e-012  1.11e-055  0.00e+000  
5.29668e+016 9.80e-017  2.09e-025  4.20e-057  6.96e-001  2.98e-001  4.07e-003  1.92e-003  1.15e-007  1.18e-011  3.57e-056  0.00e+000  
5.31993e+016 4.24e-017  2.64e-028  5.55e-064  1.99e-001  7.86e-001  1.07e-002  4.41e-003  2.64e-007  3.12e-011  9.06e-057  0.00e+000  
5.34440e+016 3.95e-017  2.56e-029  1.18e-064  2.02e-002  9.62e-001  1.31e-002  4.73e-003  2.84e-007  3.80e-011  9.77e-058  0.00e+000  
5.36995e+016 4.41e-017  3.72e-034  4.18e-071  1.99e-003  9.80e-001  1.34e-002  4.24e-003  2.54e-007  3.88e-011  8.87e-059  0.00e+000  
5.39765e+016 5.04e-017  2.98e-038  5.40e-080  4.59e-005  9.83e-001  1.34e-002  3.71e-003  2.22e-007  3.89e-011  6.65e-060  0.00e+000  
5.42627e+016 5.74e-017  1.59e-039  0.00e+000  4.59e-007  9.83e-001  1.34e-002  3.26e-003  1.95e-007  3.91e-011  5.47e-061  0.00e+000  
5.45738e+016 6.56e-017  2.84e-045  0.00e+000  5.51e-009  9.84e-001  1.35e-002  2.85e-003  1.71e-007  3.90e-011  3.48e-062  0.00e+000  
5.49079e+016 7.51e-017  1.48e-046  0.00e+000  4.75e-012  9.84e-001  1.34e-002  2.49e-003  1.49e-007  3.90e-011  2.36e-063  0.00e+000  
5.52575e+016 8.57e-017  5.89e-053  0.00e+000  1.81e-014  9.84e-001  1.34e-002  2.19e-003  1.31e-007  3.91e-011  1.50e-064  0.00e+000  
5.56155e+016 9.74e-017  1.05e-054  0.00e+000  2.34e-018  9.85e-001  1.34e-002  1.93e-003  1.16e-007  3.90e-011  1.04e-065  0.00e+000  
5.59918e+016 1.11e-016  3.02e-061  0.00e+000  3.05e-021  9.85e-001  1.34e-002  1.71e-003  1.02e-007  3.89e-011  7.65e-067  0.00e+000  
5.63913e+016 1.25e-016  4.60e-064  0.00e+000  3.62e-025  9.85e-001  1.35e-002  1.51e-003  9.05e-008  3.89e-011  5.72e-068  0.00e+000  
5.68226e+016 1.41e-016  2.30e-070  0.00e+000  3.25e-032  9.85e-001  1.34e-002  1.35e-003  8.08e-008  3.89e-011  4.20e-069  0.00e+000  
5.72780e+016 1.58e-016  4.12e-073  0.00e+000  1.25e-033  9.85e-001  1.35e-002  1.20e-003  7.20e-008  3.90e-011  3.20e-070  0.00e+000  
5.77650e+016 1.77e-016  0.00e+000  0.00e+000  1.89e-041  9.85e-001  1.35e-002  1.08e-003  6.46e-008  3.91e-011  2.77e-071  0.00e+000  
5.82707e+016 1.97e-016  0.00e+000  0.00e+000  5.99e-046  9.86e-001  1.35e-002  9.75e-004  5.84e-008  3.90e-011  2.81e-072  0.00e+000  
5.88124e+016 2.18e-016  0.00e+000  0.00e+000  2.29e-055  9.86e-001  1.34e-002  8.80e-004  5.27e-008  3.89e-011  2.91e-073  0.00e+000  
5.93801e+016 2.39e-016  0.00e+000  0.00e+000  6.68e-060  9.86e-001  1.34e-002  8.06e-004  4.80e-008  3.90e-011  3.79e-074  0.00e+000  
5.99878e+016 2.62e-016  0.00e+000  0.00e+000  9.97e-068  9.86e-001  1.34e-002  7.37e-004  4.43e-008  3.90e-011  5.27e-075  0.00e+000  
6.06254e+016 2.84e-016  0.00e+000  0.00e+000  6.09e-072  9.86e-001  1.35e-002  6.83e-004  4.08e-008  3.91e-011  8.91e-076  0.00e+000  
6.12860e+016 3.05e-016  0.00e+000  0.00e+000  1.46e-076  9.86e-001  1.35e-002  6.35e-004  3.80e-008  3.90e-011  1.92e-076  0.00e+000  
6.19772e+016 3.27e-016  0.00e+000  0.00e+000  0.00e+000  9.86e-001  1.35e-002  5.97e-004  3.55e-008  3.89e-011  4.59e-077  0.00e+000  
6.27006e+016 3.47e-016  0.00e+000  0.00e+000  0.00e+000  9.86e-001  1.35e-002  5.62e-004  3.37e-008  3.89e-011  1.26e-077  0.00e+000  
6.34752e+016 3.66e-016  0.00e+000  0.00e+000  0.00e+000  9.86e-001  1.35e-002  5.35e-004  3.20e-008  3.91e-011  4.01e-078  0.00e+000  
6.43223e+016 3.86e-016  0.00e+000  0.00e+000  0.00e+000  9.86e-001  1.35e-002  5.07e-004  3.03e-008  3.88e-011  1.44e-078  0.00e+000  
6.52408e+016 4.05e-016  0.00e+000  0.00e+000  0.00e+000  9.86e-001  1.35e-002  4.87e-004  2.89e-008  3.90e-011  5.83e-079  0.00e+000  
6.62440e+016 4.23e-016  0.00e+000  0.00e+000  0.00e+000  9.86e-001  1.35e-002  4.66e-004  2.77e-008  3.90e-011  2.53e-079  0.00e+000  
6.73219e+016 4.40e-016  0.00e+000  0.00e+000  0.00e+000  9.86e-001  1.35e-002  4.48e-004  2.68e-008  3.89e-011  1.18e-079  0.00e+000  
6.84641e+016 4.56e-016  0.00e+000  0.00e+000  0.00e+000  9.86e-001  1.35e-002  4.32e-004  2.59e-008  3.90e-011  6.22e-080  0.00e+000  
6.96945e+016 4.71e-016  0.00e+000  0.00e+000  0.00e+000  9.86e-001  1.35e-002  4.21e-004  2.51e-008  3.89e-011  3.57e-080  0.00e+000  
7.10391e+016 4.85e-016  0.00e+000  0.00e+000  0.00e+000  9.86e-001  1.35e-002  4.08e-004  2.43e-008  3.90e-011  2.23e-080  0.00e+000  
7.25155e+016 4.98e-016  0.00e+000  0.00e+000  0.00e+000  9.86e-001  1.35e-002  3.98e-004  2.37e-008  3.90e-011  1.46e-080  0.00e+000  
7.42223e+016 5.11e-016  0.00e+000  0.00e+000  0.00e+000  9.86e-001  1.35e-002  3.85e-004  2.31e-008  3.89e-011  9.84e-081  0.00e+000  
7.63108e+016 5.24e-016  0.00e+000  0.00e+000  0.00e+000  9.86e-001  1.35e-002  3.76e-004  2.23e-008  3.89e-011  6.68e-081  0.00e+000  
7.86896e+016 5.36e-016  0.00e+000  0.00e+000  0.00e+000  9.86e-001  1.35e-002  3.65e-004  2.18e-008  3.90e-011  4.72e-081  0.00e+000  
8.18150e+016 5.51e-016  0.00e+000  0.00e+000  0.00e+000  9.86e-001  1.35e-002  3.54e-004  2.11e-008  3.89e-011  3.27e-081  0.00e+000  
8.55776e+016 5.65e-016  0.00e+000  0.00e+000  0.00e+000  9.86e-001  1.35e-002  3.43e-004  2.05e-008  3.88e-011  2.32e-081  0.00e+000  
9.00548e+016 5.78e-016  0.00e+000  0.00e+000  0.00e+000  9.86e-001  1.35e-002  3.34e-004  1.99e-008  3.89e-011  0.00e+000  0.00e+000  
9.53916e+016 5.92e-016  0.00e+000  0.00e+000  0.00e+000  9.86e-001  1.35e-002  3.24e-004  1.93e-008  3.88e-011  0.00e+000  0.00e+000  
1.01535e+017 6.07e-016  0.00e+000  0.00e+000  0.00e+000  9.86e-001  1.35e-002  3.14e-004  1.88e-008  3.89e-011  0.00e+000  0.00e+000  
1.09249e+017 6.26e-016  0.00e+000  0.00e+000  0.00e+000  9.86e-001  1.35e-002  3.05e-004  1.82e-008  3.88e-011  0.00e+000  0.00e+000  
1.19176e+017 6.56e-016  0.00e+000  0.00e+000  0.00e+000  9.86e-001  1.35e-002  2.97e-004  1.77e-008  3.89e-011  0.00e+000  0.00e+000  
1.32448e+017 7.22e-016  0.00e+000  0.00e+000  0.00e+000  9.86e-001  1.35e-002  2.89e-004  1.73e-008  3.89e-011  0.00e+000  0.00e+000  
