! 0       *NH3 + He -> NH3 + He
! 1       *NH3 + H2 -> NH3 + H2
! 2       *NH3 + CO -> NH3 + CO
! 3       *NH3 + CRPhoton -> *NH + *H2
! 4       *NH3 + CRPhoton -> *NH2 + *H
! 5       *NH3 + CRPhoton -> *NH + *H + *H
! 6       *NH3 + CRPhoton -> *NH2 + *H
! 7       *NH3 + CRPhoton -> NH3
! 8       *NH3 + ISPhoton -> *NH2 + *H
! 9       *NH3 + ISPhoton -> *NH + *H2
!            tot_rate   0          1          2          3          4          5          6          7          8          9          
1.58188e+013 2.73e-015  0.00e+000  0.00e+000  0.00e+000  5.09e-001  3.22e-001  8.45e-002  8.45e-002  1.61e-004  4.90e-008  3.61e-008  
3.50727e+014 2.73e-015  0.00e+000  0.00e+000  0.00e+000  5.09e-001  3.22e-001  8.45e-002  8.45e-002  1.61e-004  4.90e-008  3.61e-008  
5.21628e+015 2.73e-015  0.00e+000  0.00e+000  0.00e+000  5.08e-001  3.23e-001  8.45e-002  8.45e-002  1.61e-004  4.90e-008  3.61e-008  
2.67137e+016 2.74e-015  0.00e+000  0.00e+000  0.00e+000  5.07e-001  3.23e-001  8.47e-002  8.47e-002  1.61e-004  4.93e-008  3.62e-008  
3.33598e+016 2.79e-015  0.00e+000  0.00e+000  0.00e+000  5.08e-001  3.23e-001  8.45e-002  8.45e-002  1.61e-004  4.90e-008  3.62e-008  
3.42055e+016 2.81e-015  0.00e+000  0.00e+000  7.11e-031  5.08e-001  3.23e-001  8.46e-002  8.46e-002  1.62e-004  4.90e-008  3.62e-008  
3.44017e+016 2.82e-015  0.00e+000  0.00e+000  1.24e-020  5.08e-001  3.23e-001  8.45e-002  8.45e-002  1.62e-004  4.90e-008  3.62e-008  
3.46353e+016 2.83e-015  0.00e+000  0.00e+000  2.24e-006  5.08e-001  3.23e-001  8.44e-002  8.44e-002  1.62e-004  4.91e-008  3.60e-008  
3.48860e+016 2.85e-015  0.00e+000  0.00e+000  3.31e-003  5.06e-001  3.22e-001  8.43e-002  8.43e-002  1.62e-004  4.88e-008  3.62e-008  
3.51370e+016 3.12e-015  0.00e+000  0.00e+000  8.28e-002  4.65e-001  2.96e-001  7.77e-002  7.77e-002  1.49e-004  4.49e-008  3.31e-008  
3.53250e+016 3.96e-015  0.00e+000  0.00e+000  2.75e-001  3.68e-001  2.34e-001  6.13e-002  6.13e-002  1.18e-004  3.56e-008  2.62e-008  
3.55515e+016 6.88e-015  1.69e-057  0.00e+000  5.79e-001  2.14e-001  1.36e-001  3.56e-002  3.56e-002  6.88e-005  2.07e-008  1.53e-008  
3.57182e+016 1.19e-014  2.62e-038  0.00e+000  7.56e-001  1.24e-001  7.89e-002  2.07e-002  2.07e-002  3.99e-005  1.20e-008  8.79e-009  
3.58524e+016 2.00e-014  4.20e-028  1.36e-080  8.54e-001  7.44e-002  4.73e-002  1.24e-002  1.24e-002  2.40e-005  7.19e-009  5.29e-009  
3.60047e+016 2.46e-014  1.30e-014  1.84e-059  8.79e-001  6.11e-002  3.90e-002  1.02e-002  1.02e-002  1.98e-005  5.90e-009  4.36e-009  
3.61718e+016 3.18e-014  1.64e-005  6.16e-034  9.06e-001  4.78e-002  3.05e-002  7.99e-003  7.99e-003  1.56e-005  4.62e-009  3.43e-009  
3.62899e+016 4.77e-014  1.60e-001  4.07e-026  7.76e-001  3.23e-002  2.06e-002  5.39e-003  5.39e-003  1.05e-005  3.12e-009  2.31e-009  
3.63893e+016 1.73e-013  7.09e-001  4.19e-015  2.73e-001  8.99e-003  5.72e-003  1.50e-003  1.50e-003  2.94e-006  8.70e-010  6.40e-010  
3.64972e+016 1.44e-012  9.53e-001  4.10e-007  4.53e-002  1.11e-003  7.02e-004  1.84e-004  1.84e-004  3.61e-007  1.07e-010  7.86e-011  
3.66124e+016 5.52e-012  9.81e-001  7.04e-004  1.75e-002  2.93e-004  1.86e-004  4.91e-005  4.91e-005  9.63e-008  2.84e-011  2.10e-011  
3.67348e+016 1.86e-011  9.69e-001  2.28e-002  8.45e-003  8.99e-005  5.70e-005  1.50e-005  1.50e-005  2.95e-008  8.66e-012  6.40e-012  
3.68621e+016 5.79e-011  8.79e-001  1.16e-001  4.94e-003  2.99e-005  1.90e-005  4.97e-006  4.97e-006  9.86e-009  2.88e-012  2.12e-012  
3.69700e+016 1.41e-010  8.07e-001  1.89e-001  3.64e-003  1.26e-005  8.00e-006  2.10e-006  2.10e-006  4.23e-009  1.22e-012  8.99e-013  
3.70376e+016 2.40e-010  7.70e-001  2.26e-001  3.23e-003  7.58e-006  4.83e-006  1.26e-006  1.26e-006  2.57e-009  7.33e-013  5.37e-013  
3.71087e+016 4.07e-010  7.29e-001  2.68e-001  3.04e-003  4.54e-006  2.90e-006  7.56e-007  7.56e-007  1.58e-009  4.40e-013  3.24e-013  
3.71826e+016 6.92e-010  6.99e-001  2.98e-001  3.05e-003  2.70e-006  1.72e-006  4.51e-007  4.51e-007  9.78e-010  2.62e-013  1.94e-013  
3.72589e+016 1.17e-009  6.68e-001  3.28e-001  3.23e-003  1.60e-006  1.02e-006  2.67e-007  2.67e-007  6.14e-010  1.55e-013  1.14e-013  
3.73370e+016 1.93e-009  6.42e-001  3.55e-001  3.60e-003  9.42e-007  6.00e-007  1.57e-007  1.57e-007  3.95e-010  9.11e-014  6.67e-014  
3.74165e+016 3.06e-009  6.11e-001  3.85e-001  4.08e-003  5.42e-007  3.43e-007  9.01e-008  9.01e-008  2.61e-010  5.22e-014  3.85e-014  
3.74829e+016 4.18e-009  5.93e-001  4.02e-001  4.45e-003  3.35e-007  2.14e-007  5.60e-008  5.60e-008  1.90e-010  3.25e-014  2.39e-014  
3.75505e+016 5.01e-009  5.68e-001  4.27e-001  4.71e-003  2.01e-007  1.28e-007  3.35e-008  3.35e-008  1.40e-010  1.95e-014  1.43e-014  
3.76194e+016 4.62e-009  5.54e-001  4.41e-001  4.82e-003  1.13e-007  7.23e-008  1.89e-008  1.89e-008  1.06e-010  1.10e-014  8.07e-015  
3.76839e+016 2.61e-009  5.32e-001  4.63e-001  4.90e-003  5.51e-008  3.52e-008  9.22e-009  9.22e-009  8.38e-011  5.36e-015  3.94e-015  
3.76854e+016 2.55e-009  5.33e-001  4.62e-001  4.90e-003  5.41e-008  3.45e-008  9.01e-009  9.01e-009  8.34e-011  5.25e-015  3.86e-015  
3.76877e+016 2.45e-009  5.30e-001  4.65e-001  4.89e-003  5.22e-008  3.33e-008  8.73e-009  8.73e-009  8.28e-011  5.06e-015  3.73e-015  
3.76917e+016 2.28e-009  5.30e-001  4.65e-001  4.91e-003  4.95e-008  3.15e-008  8.24e-009  8.24e-009  8.20e-011  4.78e-015  3.52e-015  
3.76980e+016 2.02e-009  5.29e-001  4.66e-001  4.92e-003  4.45e-008  2.83e-008  7.42e-009  7.42e-009  7.97e-011  4.30e-015  3.17e-015  
3.77083e+016 1.58e-009  5.28e-001  4.67e-001  4.95e-003  3.70e-008  2.35e-008  6.16e-009  6.16e-009  7.72e-011  3.57e-015  2.63e-015  
3.77248e+016 9.06e-010  5.26e-001  4.69e-001  5.01e-003  2.55e-008  1.62e-008  4.24e-009  4.24e-009  7.32e-011  2.46e-015  1.81e-015  
3.77450e+016 2.56e-010  5.19e-001  4.76e-001  5.07e-003  1.21e-008  7.69e-009  2.02e-009  2.02e-009  6.87e-011  1.17e-015  8.62e-016  
3.77655e+016 4.41e-013  5.12e-001  4.83e-001  4.92e-003  2.95e-009  1.87e-009  4.90e-010  4.90e-010  6.44e-011  2.83e-016  2.09e-016  
3.77936e+016 2.14e-015  5.05e-001  4.91e-001  4.77e-003  2.71e-009  1.72e-009  4.51e-010  4.51e-010  5.93e-011  2.62e-016  1.93e-016  
3.78016e+016 2.14e-015  5.05e-001  4.91e-001  4.72e-003  2.64e-009  1.68e-009  4.40e-010  4.40e-010  5.75e-011  2.55e-016  1.88e-016  
3.78111e+016 2.13e-015  5.02e-001  4.93e-001  4.66e-003  2.57e-009  1.63e-009  4.28e-010  4.28e-010  5.63e-011  2.48e-016  1.83e-016  
3.78273e+016 2.12e-015  5.00e-001  4.95e-001  4.57e-003  2.45e-009  1.56e-009  4.09e-010  4.09e-010  5.38e-011  2.37e-016  1.75e-016  
3.78530e+016 2.10e-015  4.95e-001  5.00e-001  4.46e-003  2.30e-009  1.46e-009  3.83e-010  3.83e-010  5.00e-011  2.22e-016  1.63e-016  
3.78818e+016 2.08e-015  4.91e-001  5.05e-001  4.33e-003  2.14e-009  1.36e-009  3.56e-010  3.56e-010  4.67e-011  2.06e-016  1.52e-016  
3.79076e+016 2.07e-015  4.83e-001  5.12e-001  4.22e-003  2.01e-009  1.28e-009  3.34e-010  3.34e-010  4.38e-011  1.94e-016  1.43e-016  
3.79253e+016 2.07e-015  4.80e-001  5.16e-001  4.14e-003  1.92e-009  1.22e-009  3.19e-010  3.19e-010  4.19e-011  1.85e-016  1.37e-016  
3.79502e+016 2.06e-015  4.78e-001  5.18e-001  4.06e-003  1.82e-009  1.15e-009  3.02e-010  3.02e-010  3.97e-011  1.75e-016  1.29e-016  
3.79755e+016 2.07e-015  4.74e-001  5.22e-001  3.97e-003  1.72e-009  1.09e-009  2.86e-010  2.86e-010  3.75e-011  1.66e-016  1.22e-016  
3.79897e+016 2.06e-015  4.73e-001  5.23e-001  3.93e-003  1.67e-009  1.07e-009  2.79e-010  2.79e-010  3.65e-011  1.62e-016  1.19e-016  
3.79918e+016 2.06e-015  4.72e-001  5.24e-001  3.93e-003  1.67e-009  1.06e-009  2.78e-010  2.78e-010  3.64e-011  1.61e-016  1.19e-016  
3.79956e+016 2.06e-015  4.72e-001  5.24e-001  3.92e-003  1.65e-009  1.05e-009  2.76e-010  2.76e-010  3.61e-011  1.60e-016  1.18e-016  
3.80017e+016 2.07e-015  4.69e-001  5.27e-001  3.88e-003  1.62e-009  1.03e-009  2.71e-010  2.71e-010  3.55e-011  1.57e-016  1.16e-016  
3.80129e+016 2.06e-015  4.68e-001  5.28e-001  3.85e-003  1.59e-009  1.01e-009  2.66e-010  2.66e-010  3.49e-011  1.54e-016  1.13e-016  
3.80319e+016 2.07e-015  4.64e-001  5.32e-001  3.80e-003  1.54e-009  9.77e-010  2.56e-010  2.56e-010  3.36e-011  1.49e-016  1.09e-016  
3.80578e+016 2.07e-015  4.61e-001  5.35e-001  3.74e-003  1.47e-009  9.30e-010  2.44e-010  2.44e-010  3.20e-011  1.42e-016  1.04e-016  
3.80629e+016 2.07e-015  4.61e-001  5.35e-001  3.73e-003  1.45e-009  9.26e-010  2.42e-010  2.42e-010  3.17e-011  1.40e-016  1.04e-016  
3.80713e+016 2.08e-015  4.59e-001  5.38e-001  3.69e-003  1.43e-009  9.07e-010  2.38e-010  2.38e-010  3.12e-011  1.38e-016  1.02e-016  
3.80859e+016 2.08e-015  4.59e-001  5.37e-001  3.67e-003  1.40e-009  8.87e-010  2.33e-010  2.33e-010  3.06e-011  1.35e-016  9.93e-017  
3.81083e+016 2.09e-015  4.56e-001  5.41e-001  3.61e-003  1.34e-009  8.57e-010  2.24e-010  2.24e-010  2.94e-011  1.30e-016  9.57e-017  
3.81265e+016 2.11e-015  4.51e-001  5.46e-001  3.56e-003  1.30e-009  8.26e-010  2.17e-010  2.17e-010  2.84e-011  1.26e-016  9.26e-017  
3.81480e+016 2.12e-015  4.48e-001  5.48e-001  3.52e-003  1.26e-009  8.04e-010  2.10e-010  2.10e-010  2.75e-011  1.22e-016  8.98e-017  
3.81769e+016 2.13e-015  4.47e-001  5.49e-001  3.48e-003  1.21e-009  7.70e-010  2.01e-010  2.01e-010  2.64e-011  1.17e-016  8.64e-017  
3.81836e+016 2.13e-015  4.47e-001  5.49e-001  3.47e-003  1.20e-009  7.65e-010  2.00e-010  2.00e-010  2.63e-011  1.16e-016  8.54e-017  
3.81952e+016 2.14e-015  4.46e-001  5.51e-001  3.44e-003  1.18e-009  7.51e-010  1.97e-010  1.97e-010  2.58e-011  1.14e-016  8.40e-017  
3.82149e+016 2.16e-015  4.41e-001  5.55e-001  3.39e-003  1.14e-009  7.26e-010  1.91e-010  1.91e-010  2.50e-011  1.11e-016  8.14e-017  
3.82433e+016 2.18e-015  4.38e-001  5.59e-001  3.35e-003  1.10e-009  7.01e-010  1.84e-010  1.84e-010  2.41e-011  1.07e-016  7.88e-017  
3.82740e+016 2.20e-015  4.37e-001  5.59e-001  3.32e-003  1.07e-009  6.77e-010  1.78e-010  1.78e-010  2.33e-011  1.03e-016  7.59e-017  
3.83054e+016 2.23e-015  4.36e-001  5.61e-001  3.28e-003  1.03e-009  6.55e-010  1.72e-010  1.72e-010  2.26e-011  9.96e-017  7.36e-017  
3.83376e+016 2.26e-015  4.31e-001  5.66e-001  3.22e-003  9.95e-010  6.32e-010  1.66e-010  1.66e-010  2.17e-011  9.59e-017  7.07e-017  
3.83751e+016 2.30e-015  4.28e-001  5.69e-001  3.19e-003  9.56e-010  6.08e-010  1.59e-010  1.59e-010  2.09e-011  9.26e-017  6.82e-017  
3.84132e+016 2.35e-015  4.26e-001  5.71e-001  3.14e-003  9.24e-010  5.88e-010  1.54e-010  1.54e-010  2.02e-011  8.95e-017  6.56e-017  
3.84531e+016 2.41e-015  4.24e-001  5.73e-001  3.09e-003  8.89e-010  5.65e-010  1.48e-010  1.48e-010  1.94e-011  8.60e-017  6.31e-017  
3.84962e+016 2.46e-015  4.19e-001  5.78e-001  3.07e-003  8.63e-010  5.49e-010  1.44e-010  1.44e-010  1.88e-011  8.34e-017  6.14e-017  
3.85449e+016 2.54e-015  4.18e-001  5.79e-001  3.03e-003  8.31e-010  5.28e-010  1.38e-010  1.38e-010  1.82e-011  8.04e-017  5.91e-017  
3.85990e+016 2.62e-015  4.16e-001  5.81e-001  3.00e-003  8.02e-010  5.12e-010  1.34e-010  1.34e-010  1.76e-011  7.75e-017  5.73e-017  
3.86597e+016 2.69e-015  4.13e-001  5.84e-001  2.97e-003  7.78e-010  4.95e-010  1.29e-010  1.29e-010  1.70e-011  7.51e-017  5.54e-017  
3.87288e+016 2.73e-015  4.11e-001  5.86e-001  2.95e-003  7.51e-010  4.77e-010  1.25e-010  1.25e-010  1.64e-011  7.26e-017  5.35e-017  
3.88139e+016 2.68e-015  4.07e-001  5.90e-001  2.93e-003  7.24e-010  4.59e-010  1.21e-010  1.21e-010  1.58e-011  7.02e-017  5.15e-017  
3.89093e+016 2.45e-015  4.06e-001  5.91e-001  2.90e-003  7.01e-010  4.45e-010  1.17e-010  1.17e-010  1.53e-011  6.77e-017  4.98e-017  
3.90068e+016 2.10e-015  4.02e-001  5.95e-001  2.87e-003  6.81e-010  4.33e-010  1.13e-010  1.13e-010  1.48e-011  6.57e-017  4.85e-017  
3.91088e+016 1.69e-015  4.01e-001  5.96e-001  2.86e-003  6.67e-010  4.24e-010  1.11e-010  1.11e-010  1.46e-011  6.44e-017  4.75e-017  
3.92181e+016 1.33e-015  4.01e-001  5.96e-001  2.86e-003  6.56e-010  4.17e-010  1.09e-010  1.09e-010  1.44e-011  6.34e-017  4.67e-017  
3.93325e+016 1.06e-015  4.01e-001  5.96e-001  2.86e-003  6.49e-010  4.14e-010  1.08e-010  1.08e-010  1.42e-011  6.28e-017  4.62e-017  
3.94519e+016 8.93e-016  4.02e-001  5.95e-001  2.86e-003  6.45e-010  4.11e-010  1.08e-010  1.08e-010  1.41e-011  6.24e-017  4.60e-017  
3.95803e+016 7.91e-016  4.02e-001  5.95e-001  2.87e-003  6.43e-010  4.09e-010  1.07e-010  1.07e-010  1.40e-011  6.23e-017  4.59e-017  
3.97190e+016 7.49e-016  4.02e-001  5.95e-001  2.90e-003  6.47e-010  4.11e-010  1.08e-010  1.08e-010  1.41e-011  6.26e-017  4.62e-017  
3.98699e+016 7.65e-016  4.02e-001  5.95e-001  2.91e-003  6.53e-010  4.16e-010  1.09e-010  1.09e-010  1.42e-011  6.32e-017  4.67e-017  
4.00514e+016 8.53e-016  4.05e-001  5.92e-001  2.97e-003  6.67e-010  4.25e-010  1.11e-010  1.11e-010  1.45e-011  6.46e-017  4.76e-017  
4.02549e+016 1.04e-015  4.09e-001  5.88e-001  3.03e-003  6.89e-010  4.38e-010  1.15e-010  1.15e-010  1.50e-011  6.68e-017  4.92e-017  
4.04761e+016 1.37e-015  4.14e-001  5.83e-001  3.12e-003  7.20e-010  4.58e-010  1.20e-010  1.20e-010  1.57e-011  6.98e-017  5.14e-017  
4.07070e+016 1.89e-015  4.20e-001  5.77e-001  3.23e-003  7.62e-010  4.85e-010  1.27e-010  1.27e-010  1.67e-011  7.41e-017  5.45e-017  
4.09451e+016 2.70e-015  4.26e-001  5.71e-001  3.35e-003  8.15e-010  5.19e-010  1.36e-010  1.36e-010  1.78e-011  7.93e-017  5.82e-017  
4.11988e+016 4.03e-015  4.31e-001  5.65e-001  3.50e-003  8.82e-010  5.63e-010  1.47e-010  1.47e-010  1.93e-011  8.58e-017  6.32e-017  
4.14624e+016 6.13e-015  4.40e-001  5.56e-001  3.69e-003  9.73e-010  6.20e-010  1.62e-010  1.62e-010  2.14e-011  9.47e-017  6.98e-017  
4.17462e+016 9.53e-015  4.52e-001  5.44e-001  3.92e-003  1.10e-009  6.98e-010  1.83e-010  1.83e-010  2.39e-011  1.07e-016  7.86e-017  
4.20512e+016 1.48e-014  4.63e-001  5.33e-001  4.20e-003  1.26e-009  7.99e-010  2.10e-010  2.10e-010  2.76e-011  1.23e-016  9.01e-017  
4.23867e+016 2.24e-014  4.78e-001  5.18e-001  4.60e-003  1.50e-009  9.60e-010  2.51e-010  2.51e-010  3.29e-011  1.46e-016  1.08e-016  
4.27356e+016 3.26e-014  4.94e-001  5.01e-001  5.10e-003  1.83e-009  1.16e-009  3.05e-010  3.05e-010  3.99e-011  1.78e-016  1.31e-016  
4.30994e+016 4.53e-014  5.10e-001  4.84e-001  5.77e-003  2.30e-009  1.47e-009  3.84e-010  3.84e-010  5.04e-011  2.25e-016  1.65e-016  
4.34671e+016 6.15e-014  5.30e-001  4.63e-001  6.58e-003  2.98e-009  1.90e-009  4.98e-010  4.98e-010  6.52e-011  2.89e-016  2.13e-016  
4.38104e+016 8.16e-014  5.46e-001  4.46e-001  7.62e-003  3.88e-009  2.47e-009  6.47e-010  6.47e-010  8.48e-011  3.77e-016  2.78e-016  
4.41007e+016 1.04e-013  5.63e-001  4.29e-001  8.70e-003  4.94e-009  3.14e-009  8.24e-010  8.24e-010  1.08e-010  4.80e-016  3.54e-016  
4.42181e+016 1.15e-013  5.68e-001  4.23e-001  9.20e-003  5.48e-009  3.48e-009  9.12e-010  9.12e-010  1.20e-010  5.33e-016  3.92e-016  
4.42811e+016 1.21e-013  5.71e-001  4.20e-001  9.48e-003  5.79e-009  3.69e-009  9.65e-010  9.65e-010  1.26e-010  5.63e-016  4.15e-016  
4.43809e+016 1.32e-013  5.74e-001  4.16e-001  1.00e-002  6.34e-009  4.03e-009  1.06e-009  1.06e-009  1.38e-010  6.16e-016  4.54e-016  
4.45030e+016 1.46e-013  5.82e-001  4.07e-001  1.06e-002  7.08e-009  4.51e-009  1.18e-009  1.18e-009  1.55e-010  6.87e-016  5.08e-016  
4.45401e+016 1.50e-013  5.84e-001  4.05e-001  1.09e-002  7.34e-009  4.69e-009  1.23e-009  1.23e-009  1.61e-010  7.14e-016  5.27e-016  
4.45998e+016 1.57e-013  5.88e-001  4.01e-001  1.13e-002  7.76e-009  4.95e-009  1.30e-009  1.30e-009  1.70e-010  7.57e-016  5.58e-016  
4.46779e+016 1.68e-013  5.94e-001  3.94e-001  1.17e-002  8.41e-009  5.34e-009  1.40e-009  1.40e-009  1.84e-010  8.17e-016  6.02e-016  
4.48006e+016 1.85e-013  5.99e-001  3.89e-001  1.25e-002  9.44e-009  6.04e-009  1.57e-009  1.57e-009  2.07e-010  9.22e-016  6.80e-016  
4.48529e+016 1.92e-013  6.03e-001  3.84e-001  1.31e-002  1.01e-008  6.40e-009  1.68e-009  1.68e-009  2.20e-010  9.78e-016  7.23e-016  
4.48834e+016 1.98e-013  6.06e-001  3.80e-001  1.32e-002  1.04e-008  6.57e-009  1.72e-009  1.72e-009  2.26e-010  1.01e-015  7.43e-016  
4.49346e+016 2.06e-013  6.06e-001  3.81e-001  1.36e-002  1.09e-008  6.93e-009  1.81e-009  1.81e-009  2.38e-010  1.06e-015  7.80e-016  
4.49870e+016 2.15e-013  6.05e-001  3.81e-001  1.41e-002  1.15e-008  7.31e-009  1.92e-009  1.92e-009  2.51e-010  1.12e-015  8.24e-016  
4.50684e+016 2.30e-013  6.09e-001  3.76e-001  1.48e-002  1.25e-008  7.96e-009  2.09e-009  2.09e-009  2.74e-010  1.22e-015  8.96e-016  
4.51867e+016 2.53e-013  6.17e-001  3.67e-001  1.58e-002  1.42e-008  9.06e-009  2.37e-009  2.37e-009  3.11e-010  1.38e-015  1.02e-015  
4.51946e+016 2.54e-013  6.18e-001  3.66e-001  1.61e-002  1.45e-008  9.21e-009  2.41e-009  2.41e-009  3.17e-010  1.41e-015  1.04e-015  
4.52061e+016 2.57e-013  6.19e-001  3.65e-001  1.62e-002  1.47e-008  9.35e-009  2.45e-009  2.45e-009  3.21e-010  1.43e-015  1.05e-015  
4.52265e+016 2.61e-013  6.21e-001  3.63e-001  1.64e-002  1.50e-008  9.54e-009  2.50e-009  2.50e-009  3.28e-010  1.46e-015  1.08e-015  
4.52632e+016 2.68e-013  6.22e-001  3.61e-001  1.68e-002  1.56e-008  9.95e-009  2.60e-009  2.60e-009  3.41e-010  1.52e-015  1.12e-015  
4.53239e+016 2.82e-013  6.28e-001  3.55e-001  1.74e-002  1.67e-008  1.06e-008  2.78e-009  2.78e-009  3.65e-010  1.62e-015  1.20e-015  
4.54167e+016 3.06e-013  6.32e-001  3.50e-001  1.83e-002  1.84e-008  1.17e-008  3.07e-009  3.07e-009  4.03e-010  1.79e-015  1.32e-015  
4.55446e+016 3.39e-013  6.35e-001  3.45e-001  1.99e-002  2.14e-008  1.36e-008  3.57e-009  3.57e-009  4.66e-010  2.08e-015  1.53e-015  
4.55658e+016 3.44e-013  6.37e-001  3.43e-001  2.03e-002  2.20e-008  1.40e-008  3.66e-009  3.66e-009  4.80e-010  2.14e-015  1.58e-015  
4.55697e+016 3.44e-013  6.42e-001  3.37e-001  2.05e-002  2.23e-008  1.42e-008  3.72e-009  3.72e-009  4.88e-010  2.17e-015  1.60e-015  
4.55761e+016 3.46e-013  6.44e-001  3.35e-001  2.07e-002  2.25e-008  1.43e-008  3.76e-009  3.76e-009  4.91e-010  2.19e-015  1.61e-015  
4.55871e+016 3.49e-013  6.44e-001  3.35e-001  2.08e-002  2.28e-008  1.45e-008  3.81e-009  3.81e-009  4.98e-010  2.22e-015  1.63e-015  
4.56066e+016 3.55e-013  6.44e-001  3.35e-001  2.10e-002  2.33e-008  1.48e-008  3.88e-009  3.88e-009  5.09e-010  2.26e-015  1.67e-015  
4.56410e+016 3.66e-013  6.42e-001  3.36e-001  2.15e-002  2.42e-008  1.54e-008  4.05e-009  4.05e-009  5.28e-010  2.35e-015  1.73e-015  
4.56849e+016 3.79e-013  6.43e-001  3.35e-001  2.22e-002  2.55e-008  1.63e-008  4.24e-009  4.24e-009  5.59e-010  2.49e-015  1.83e-015  
4.57241e+016 3.92e-013  6.43e-001  3.34e-001  2.27e-002  2.68e-008  1.70e-008  4.47e-009  4.47e-009  5.84e-010  2.60e-015  1.92e-015  
4.57850e+016 4.12e-013  6.48e-001  3.28e-001  2.37e-002  2.87e-008  1.83e-008  4.78e-009  4.78e-009  6.29e-010  2.79e-015  2.06e-015  
4.58802e+016 4.46e-013  6.57e-001  3.18e-001  2.53e-002  3.25e-008  2.06e-008  5.40e-009  5.40e-009  7.08e-010  3.16e-015  2.33e-015  
4.59720e+016 4.81e-013  6.61e-001  3.12e-001  2.70e-002  3.66e-008  2.33e-008  6.09e-009  6.09e-009  7.98e-010  3.56e-015  2.62e-015  
4.59734e+016 4.80e-013  6.62e-001  3.10e-001  2.73e-002  3.69e-008  2.33e-008  6.12e-009  6.12e-009  8.04e-010  3.58e-015  2.65e-015  
4.59759e+016 4.78e-013  6.63e-001  3.09e-001  2.76e-002  3.72e-008  2.38e-008  6.21e-009  6.21e-009  8.16e-010  3.64e-015  2.68e-015  
4.59802e+016 4.81e-013  6.63e-001  3.10e-001  2.78e-002  3.78e-008  2.41e-008  6.29e-009  6.29e-009  8.25e-010  3.68e-015  2.70e-015  
4.59873e+016 4.85e-013  6.64e-001  3.07e-001  2.81e-002  3.82e-008  2.41e-008  6.36e-009  6.36e-009  8.32e-010  3.71e-015  2.72e-015  
4.59993e+016 4.90e-013  6.66e-001  3.06e-001  2.82e-002  3.86e-008  2.45e-008  6.43e-009  6.43e-009  8.43e-010  3.76e-015  2.78e-015  
4.60196e+016 4.98e-013  6.66e-001  3.05e-001  2.87e-002  3.95e-008  2.51e-008  6.60e-009  6.60e-009  8.65e-010  3.85e-015  2.83e-015  
4.60580e+016 5.15e-013  6.70e-001  3.01e-001  2.93e-002  4.15e-008  2.64e-008  6.93e-009  6.93e-009  9.09e-010  4.04e-015  2.97e-015  
4.61139e+016 5.39e-013  6.71e-001  2.98e-001  3.04e-002  4.45e-008  2.84e-008  7.43e-009  7.43e-009  9.73e-010  4.34e-015  3.19e-015  
4.61801e+016 5.70e-013  6.70e-001  2.98e-001  3.19e-002  4.86e-008  3.09e-008  8.10e-009  8.10e-009  1.06e-009  4.74e-015  3.49e-015  
4.62829e+016 6.22e-013  6.73e-001  2.93e-001  3.46e-002  5.60e-008  3.57e-008  9.33e-009  9.33e-009  1.22e-009  5.45e-015  4.02e-015  
4.63958e+016 6.82e-013  6.82e-001  2.80e-001  3.78e-002  6.57e-008  4.18e-008  1.10e-008  1.10e-008  1.44e-009  6.39e-015  4.71e-015  
4.64165e+016 6.92e-013  6.84e-001  2.78e-001  3.86e-002  6.79e-008  4.32e-008  1.13e-008  1.13e-008  1.49e-009  6.62e-015  4.87e-015  
4.64187e+016 6.87e-013  6.83e-001  2.78e-001  3.93e-002  6.91e-008  4.40e-008  1.15e-008  1.15e-008  1.51e-009  6.72e-015  4.95e-015  
4.64224e+016 6.89e-013  6.89e-001  2.71e-001  3.97e-002  7.01e-008  4.45e-008  1.17e-008  1.17e-008  1.54e-009  6.82e-015  5.02e-015  
4.64286e+016 6.96e-013  6.90e-001  2.70e-001  4.01e-002  7.08e-008  4.51e-008  1.18e-008  1.18e-008  1.55e-009  6.90e-015  5.07e-015  
4.64396e+016 7.01e-013  6.90e-001  2.69e-001  4.05e-002  7.21e-008  4.59e-008  1.20e-008  1.20e-008  1.58e-009  7.01e-015  5.18e-015  
4.64596e+016 7.14e-013  6.89e-001  2.70e-001  4.12e-002  7.42e-008  4.72e-008  1.24e-008  1.24e-008  1.62e-009  7.22e-015  5.32e-015  
4.64933e+016 7.35e-013  6.90e-001  2.68e-001  4.23e-002  7.79e-008  4.95e-008  1.30e-008  1.30e-008  1.70e-009  7.58e-015  5.58e-015  
4.65501e+016 7.71e-013  6.94e-001  2.62e-001  4.39e-002  8.39e-008  5.35e-008  1.40e-008  1.40e-008  1.83e-009  8.17e-015  6.02e-015  
4.66259e+016 8.21e-013  7.00e-001  2.53e-001  4.66e-002  9.40e-008  5.98e-008  1.57e-008  1.57e-008  2.06e-009  9.14e-015  6.73e-015  
4.67450e+016 9.07e-013  7.00e-001  2.48e-001  5.13e-002  1.13e-007  7.14e-008  1.86e-008  1.86e-008  2.45e-009  1.09e-014  8.04e-015  
4.68726e+016 1.00e-012  7.03e-001  2.39e-001  5.83e-002  1.39e-007  8.87e-008  2.32e-008  2.32e-008  3.05e-009  1.35e-014  9.95e-015  
4.69009e+016 1.03e-012  7.04e-001  2.35e-001  6.00e-002  1.46e-007  9.31e-008  2.44e-008  2.44e-008  3.19e-009  1.42e-014  1.05e-014  
4.69024e+016 1.02e-012  7.05e-001  2.34e-001  6.04e-002  1.47e-007  9.38e-008  2.46e-008  2.46e-008  3.22e-009  1.43e-014  1.05e-014  
4.69048e+016 1.03e-012  7.10e-001  2.30e-001  6.06e-002  1.48e-007  9.40e-008  2.46e-008  2.46e-008  3.23e-009  1.44e-014  1.06e-014  
4.69090e+016 1.02e-012  7.16e-001  2.22e-001  6.13e-002  1.50e-007  9.55e-008  2.50e-008  2.50e-008  3.28e-009  1.46e-014  1.07e-014  
4.69160e+016 1.02e-012  7.22e-001  2.15e-001  6.29e-002  1.54e-007  9.87e-008  2.57e-008  2.57e-008  3.37e-009  1.50e-014  1.10e-014  
4.69279e+016 1.04e-012  7.22e-001  2.14e-001  6.37e-002  1.57e-007  1.01e-007  2.63e-008  2.63e-008  3.44e-009  1.53e-014  1.13e-014  
4.69476e+016 1.06e-012  7.21e-001  2.14e-001  6.46e-002  1.62e-007  1.04e-007  2.71e-008  2.71e-008  3.55e-009  1.58e-014  1.16e-014  
4.69806e+016 1.09e-012  7.20e-001  2.14e-001  6.64e-002  1.71e-007  1.09e-007  2.86e-008  2.86e-008  3.74e-009  1.66e-014  1.23e-014  
4.70337e+016 1.14e-012  7.16e-001  2.15e-001  6.99e-002  1.87e-007  1.19e-007  3.12e-008  3.12e-008  4.09e-009  1.82e-014  1.35e-014  
4.70622e+016 1.17e-012  7.15e-001  2.13e-001  7.18e-002  1.96e-007  1.25e-007  3.27e-008  3.27e-008  4.29e-009  1.91e-014  1.41e-014  
4.71061e+016 1.21e-012  7.18e-001  2.08e-001  7.42e-002  2.09e-007  1.33e-007  3.49e-008  3.49e-008  4.58e-009  2.03e-014  1.50e-014  
4.71746e+016 1.28e-012  7.22e-001  2.00e-001  7.84e-002  2.34e-007  1.49e-007  3.90e-008  3.90e-008  5.12e-009  2.28e-014  1.68e-014  
4.72860e+016 1.39e-012  7.26e-001  1.87e-001  8.76e-002  2.86e-007  1.82e-007  4.76e-008  4.76e-008  6.25e-009  2.78e-014  2.05e-014  
4.74240e+016 1.55e-012  7.23e-001  1.75e-001  1.02e-001  3.71e-007  2.36e-007  6.18e-008  6.18e-008  8.13e-009  3.61e-014  2.66e-014  
4.74305e+016 1.55e-012  7.22e-001  1.75e-001  1.03e-001  3.77e-007  2.40e-007  6.28e-008  6.28e-008  8.25e-009  3.67e-014  2.70e-014  
4.74313e+016 1.55e-012  7.22e-001  1.75e-001  1.03e-001  3.78e-007  2.40e-007  6.29e-008  6.29e-008  8.25e-009  3.68e-014  2.71e-014  
4.74348e+016 1.56e-012  7.24e-001  1.72e-001  1.03e-001  3.79e-007  2.41e-007  6.31e-008  6.31e-008  8.27e-009  3.69e-014  2.72e-014  
4.74406e+016 1.56e-012  7.27e-001  1.68e-001  1.05e-001  3.86e-007  2.46e-007  6.43e-008  6.43e-008  8.42e-009  3.76e-014  2.77e-014  
4.74503e+016 1.54e-012  7.32e-001  1.60e-001  1.08e-001  4.02e-007  2.56e-007  6.67e-008  6.67e-008  8.81e-009  3.91e-014  2.88e-014  
4.74676e+016 1.57e-012  7.32e-001  1.55e-001  1.12e-001  4.20e-007  2.67e-007  7.01e-008  7.01e-008  9.17e-009  4.08e-014  3.01e-014  
4.74972e+016 1.61e-012  7.32e-001  1.51e-001  1.17e-001  4.47e-007  2.85e-007  7.44e-008  7.44e-008  9.80e-009  4.35e-014  3.21e-014  
4.75283e+016 1.65e-012  7.33e-001  1.47e-001  1.21e-001  4.76e-007  3.03e-007  7.93e-008  7.93e-008  1.04e-008  4.63e-014  3.41e-014  
4.75365e+016 1.66e-012  7.33e-001  1.45e-001  1.21e-001  4.83e-007  3.07e-007  8.05e-008  8.05e-008  1.05e-008  4.69e-014  3.46e-014  
4.75556e+016 1.69e-012  7.32e-001  1.44e-001  1.23e-001  4.99e-007  3.17e-007  8.33e-008  8.33e-008  1.09e-008  4.86e-014  3.57e-014  
4.75856e+016 1.73e-012  7.29e-001  1.45e-001  1.27e-001  5.27e-007  3.35e-007  8.79e-008  8.79e-008  1.15e-008  5.13e-014  3.78e-014  
4.76342e+016 1.79e-012  7.23e-001  1.43e-001  1.34e-001  5.83e-007  3.70e-007  9.69e-008  9.69e-008  1.27e-008  5.66e-014  4.16e-014  
4.77120e+016 1.88e-012  7.14e-001  1.38e-001  1.49e-001  6.87e-007  4.38e-007  1.14e-007  1.14e-007  1.50e-008  6.71e-014  4.93e-014  
4.78339e+016 2.05e-012  7.07e-001  1.24e-001  1.69e-001  8.73e-007  5.56e-007  1.45e-007  1.45e-007  1.91e-008  8.49e-014  6.24e-014  
4.79819e+016 2.22e-012  6.94e-001  1.02e-001  2.04e-001  1.21e-006  7.71e-007  2.02e-007  2.02e-007  2.65e-008  1.18e-013  8.70e-014  
4.80101e+016 2.27e-012  6.92e-001  9.83e-002  2.10e-001  1.28e-006  8.15e-007  2.14e-007  2.14e-007  2.80e-008  1.25e-013  9.17e-014  
4.80156e+016 2.27e-012  6.91e-001  9.77e-002  2.12e-001  1.30e-006  8.27e-007  2.16e-007  2.16e-007  2.84e-008  1.26e-013  9.33e-014  
4.80288e+016 2.28e-012  6.88e-001  9.60e-002  2.16e-001  1.34e-006  8.55e-007  2.23e-007  2.23e-007  2.93e-008  1.31e-013  9.60e-014  
4.80511e+016 2.31e-012  6.85e-001  9.32e-002  2.22e-001  1.41e-006  8.97e-007  2.35e-007  2.35e-007  3.08e-008  1.37e-013  1.01e-013  
4.80875e+016 2.33e-012  6.78e-001  8.75e-002  2.35e-001  1.54e-006  9.82e-007  2.57e-007  2.57e-007  3.37e-008  1.50e-013  1.11e-013  
4.81463e+016 2.39e-012  6.64e-001  7.90e-002  2.57e-001  1.78e-006  1.14e-006  2.98e-007  2.98e-007  3.90e-008  1.73e-013  1.28e-013  
4.82445e+016 2.50e-012  6.39e-001  6.99e-002  2.91e-001  2.23e-006  1.42e-006  3.72e-007  3.72e-007  4.88e-008  2.17e-013  1.60e-013  
4.83636e+016 2.59e-012  5.98e-001  5.90e-002  3.43e-001  2.98e-006  1.90e-006  4.97e-007  4.97e-007  6.52e-008  2.90e-013  2.14e-013  
4.84912e+016 2.63e-012  5.39e-001  4.67e-002  4.14e-001  4.10e-006  2.62e-006  6.84e-007  6.84e-007  9.00e-008  3.99e-013  2.95e-013  
4.86294e+016 2.68e-012  4.66e-001  3.53e-002  4.99e-001  5.74e-006  3.65e-006  9.57e-007  9.57e-007  1.26e-007  5.59e-013  4.10e-013  
4.87591e+016 2.72e-012  3.90e-001  2.47e-002  5.85e-001  7.77e-006  4.93e-006  1.30e-006  1.30e-006  1.70e-007  7.54e-013  5.56e-013  
4.88968e+016 2.72e-012  3.05e-001  1.54e-002  6.79e-001  1.05e-005  6.72e-006  1.76e-006  1.76e-006  2.30e-007  1.02e-012  7.57e-013  
4.90444e+016 2.71e-012  2.16e-001  8.28e-003  7.76e-001  1.44e-005  9.16e-006  2.40e-006  2.40e-006  3.14e-007  1.40e-012  1.03e-012  
4.91980e+016 2.70e-012  1.34e-001  3.81e-003  8.62e-001  1.93e-005  1.23e-005  3.21e-006  3.21e-006  4.22e-007  1.88e-012  1.38e-012  
4.93317e+016 2.70e-012  7.93e-002  1.69e-003  9.19e-001  2.44e-005  1.55e-005  4.08e-006  4.08e-006  5.34e-007  2.37e-012  1.75e-012  
4.94239e+016 2.70e-012  4.97e-002  8.27e-004  9.49e-001  2.84e-005  1.81e-005  4.75e-006  4.75e-006  6.19e-007  2.77e-012  2.04e-012  
4.95192e+016 2.69e-012  2.99e-002  3.75e-004  9.70e-001  3.31e-005  2.10e-005  5.50e-006  5.50e-006  7.21e-007  3.22e-012  2.37e-012  
4.96202e+016 2.70e-012  1.88e-002  1.74e-004  9.81e-001  3.81e-005  2.44e-005  6.37e-006  6.37e-006  8.37e-007  3.74e-012  2.75e-012  
4.97297e+016 2.68e-012  1.02e-002  6.20e-005  9.90e-001  4.52e-005  2.88e-005  7.54e-006  7.54e-006  9.86e-007  4.41e-012  3.24e-012  
4.98461e+016 2.61e-012  4.78e-003  1.75e-005  9.95e-001  5.43e-005  3.45e-005  9.03e-006  9.03e-006  1.19e-006  5.28e-012  3.90e-012  
4.99670e+016 2.57e-012  1.84e-003  3.82e-006  9.98e-001  6.47e-005  4.09e-005  1.08e-005  1.08e-005  1.41e-006  6.28e-012  4.64e-012  
5.00936e+016 2.47e-012  5.30e-004  6.51e-007  9.99e-001  7.85e-005  4.98e-005  1.31e-005  1.31e-005  1.71e-006  7.61e-012  5.62e-012  
5.02240e+016 2.35e-012  1.01e-004  7.53e-008  1.00e+000  9.61e-005  6.13e-005  1.60e-005  1.60e-005  2.10e-006  9.32e-012  6.89e-012  
5.03584e+016 2.18e-012  1.94e-005  1.00e-008  1.00e+000  1.20e-004  7.66e-005  2.00e-005  2.00e-005  2.63e-006  1.17e-011  8.62e-012  
5.05026e+016 1.94e-012  4.57e-006  6.85e-010  1.00e+000  1.57e-004  1.00e-004  2.62e-005  2.62e-005  3.44e-006  1.53e-011  1.13e-011  
5.05959e+016 1.79e-012  1.30e-006  8.32e-011  1.00e+000  1.88e-004  1.20e-004  3.13e-005  3.13e-005  4.10e-006  1.83e-011  1.35e-011  
5.06957e+016 1.68e-012  2.41e-007  6.54e-012  1.00e+000  2.21e-004  1.40e-004  3.68e-005  3.68e-005  4.83e-006  2.15e-011  1.58e-011  
5.07988e+016 1.54e-012  3.25e-008  7.14e-013  9.99e-001  2.66e-004  1.69e-004  4.43e-005  4.43e-005  5.82e-006  2.59e-011  1.91e-011  
5.09058e+016 1.38e-012  3.29e-009  4.79e-014  9.99e-001  3.28e-004  2.09e-004  5.47e-005  5.47e-005  7.17e-006  3.19e-011  2.35e-011  
5.10237e+016 1.20e-012  2.27e-010  1.95e-015  9.99e-001  4.20e-004  2.67e-004  6.99e-005  6.99e-005  9.16e-006  4.08e-011  3.01e-011  
5.11496e+016 1.00e-012  1.12e-011  5.05e-017  9.99e-001  5.62e-004  3.58e-004  9.37e-005  9.37e-005  1.23e-005  5.47e-011  4.03e-011  
5.12843e+016 7.18e-013  8.79e-013  8.41e-019  9.98e-001  8.79e-004  5.60e-004  1.46e-004  1.46e-004  1.71e-005  8.55e-011  6.29e-011  
5.14296e+016 4.81e-013  8.27e-014  2.74e-020  9.97e-001  1.48e-003  9.39e-004  2.47e-004  2.47e-004  2.53e-005  1.44e-010  1.06e-010  
5.15425e+016 3.52e-013  2.54e-014  4.10e-021  9.96e-001  2.21e-003  1.41e-003  3.70e-004  3.70e-004  3.47e-005  2.15e-010  1.58e-010  
5.16792e+016 2.27e-013  7.63e-016  4.09e-023  9.92e-001  3.81e-003  2.43e-003  6.35e-004  6.35e-004  5.38e-005  3.71e-010  2.73e-010  
5.18319e+016 1.30e-013  1.22e-017  2.06e-025  9.85e-001  7.44e-003  4.74e-003  1.24e-003  1.24e-003  9.31e-005  7.24e-010  5.33e-010  
5.19950e+016 6.41e-014  1.29e-019  5.92e-028  9.66e-001  1.70e-002  1.08e-002  2.83e-003  2.83e-003  1.89e-004  1.65e-009  1.22e-009  
5.21655e+016 2.81e-014  6.86e-022  1.05e-030  9.14e-001  4.34e-002  2.76e-002  7.22e-003  7.22e-003  4.27e-004  4.23e-009  3.11e-009  
5.23457e+016 1.13e-014  3.18e-023  6.40e-032  7.59e-001  1.21e-001  7.75e-002  2.03e-002  2.03e-002  1.05e-003  1.19e-008  8.72e-009  
5.25384e+016 5.93e-015  3.91e-026  3.35e-034  4.84e-001  2.61e-001  1.66e-001  4.35e-002  4.35e-002  1.99e-003  2.54e-008  1.87e-008  
5.27451e+016 4.11e-015  3.96e-029  9.99e-038  1.58e-001  4.25e-001  2.72e-001  7.10e-002  7.10e-002  2.84e-003  4.16e-008  3.06e-008  
5.29668e+016 4.02e-015  1.13e-032  4.82e-042  2.20e-002  4.94e-001  3.16e-001  8.25e-002  8.25e-002  2.91e-003  4.82e-008  3.55e-008  
5.31993e+016 4.47e-015  8.86e-037  1.03e-047  8.82e-004  5.06e-001  3.22e-001  8.43e-002  8.43e-002  2.60e-003  4.92e-008  3.62e-008  
5.34440e+016 5.08e-015  6.89e-038  1.81e-048  1.66e-005  5.06e-001  3.23e-001  8.45e-002  8.45e-002  2.26e-003  4.92e-008  3.62e-008  
5.36995e+016 5.77e-015  6.45e-044  1.73e-053  5.12e-007  5.06e-001  3.23e-001  8.45e-002  8.45e-002  1.99e-003  4.93e-008  3.63e-008  
5.39765e+016 6.57e-015  5.74e-049  1.70e-060  2.80e-009  5.07e-001  3.23e-001  8.45e-002  8.45e-002  1.75e-003  4.93e-008  3.64e-008  
5.42627e+016 7.48e-015  2.98e-050  3.34e-061  4.55e-012  5.07e-001  3.22e-001  8.45e-002  8.45e-002  1.53e-003  4.92e-008  3.63e-008  
5.45738e+016 8.53e-015  2.34e-057  1.24e-067  9.74e-015  5.07e-001  3.22e-001  8.45e-002  8.45e-002  1.34e-003  4.93e-008  3.63e-008  
5.49079e+016 9.76e-015  1.21e-058  9.89e-070  1.36e-018  5.07e-001  3.23e-001  8.44e-002  8.44e-002  1.17e-003  4.93e-008  3.63e-008  
5.52575e+016 1.11e-014  1.70e-066  9.62e-077  6.96e-022  5.07e-001  3.23e-001  8.45e-002  8.45e-002  1.03e-003  4.93e-008  3.63e-008  
5.56155e+016 1.26e-014  2.97e-068  4.36e-079  1.49e-026  5.07e-001  3.22e-001  8.48e-002  8.48e-002  9.03e-004  4.93e-008  3.63e-008  
5.59918e+016 1.43e-014  2.42e-076  0.00e+000  1.95e-030  5.07e-001  3.23e-001  8.47e-002  8.47e-002  7.98e-004  4.92e-008  3.63e-008  
5.63913e+016 1.61e-014  1.93e-079  0.00e+000  4.06e-035  5.07e-001  3.23e-001  8.45e-002  8.45e-002  7.14e-004  4.93e-008  3.63e-008  
5.68226e+016 1.82e-014  0.00e+000  0.00e+000  4.97e-044  5.07e-001  3.23e-001  8.47e-002  8.47e-002  6.33e-004  4.92e-008  3.63e-008  
5.72780e+016 2.05e-014  0.00e+000  0.00e+000  1.91e-045  5.08e-001  3.22e-001  8.45e-002  8.45e-002  5.62e-004  4.94e-008  3.62e-008  
5.77650e+016 2.29e-014  0.00e+000  0.00e+000  3.02e-055  5.08e-001  3.23e-001  8.45e-002  8.45e-002  5.03e-004  4.94e-008  3.63e-008  
5.82707e+016 2.54e-014  0.00e+000  0.00e+000  2.13e-060  5.08e-001  3.23e-001  8.46e-002  8.46e-002  4.56e-004  4.92e-008  3.63e-008  
5.88124e+016 2.82e-014  0.00e+000  0.00e+000  6.78e-072  5.08e-001  3.23e-001  8.45e-002  8.45e-002  4.12e-004  4.90e-008  3.62e-008  
5.93801e+016 3.09e-014  0.00e+000  0.00e+000  5.15e-077  5.08e-001  3.23e-001  8.45e-002  8.45e-002  3.75e-004  4.92e-008  3.62e-008  
5.99878e+016 3.37e-014  0.00e+000  0.00e+000  0.00e+000  5.07e-001  3.23e-001  8.48e-002  8.48e-002  3.47e-004  4.92e-008  3.65e-008  
6.06254e+016 3.66e-014  0.00e+000  0.00e+000  0.00e+000  5.08e-001  3.22e-001  8.47e-002  8.47e-002  3.20e-004  4.92e-008  3.63e-008  
6.12860e+016 3.94e-014  0.00e+000  0.00e+000  0.00e+000  5.08e-001  3.22e-001  8.48e-002  8.48e-002  3.00e-004  4.92e-008  3.63e-008  
6.19772e+016 4.22e-014  0.00e+000  0.00e+000  0.00e+000  5.08e-001  3.23e-001  8.47e-002  8.47e-002  2.80e-004  4.93e-008  3.63e-008  
6.27006e+016 4.49e-014  0.00e+000  0.00e+000  0.00e+000  5.08e-001  3.23e-001  8.46e-002  8.46e-002  2.63e-004  4.92e-008  3.63e-008  
6.34752e+016 4.76e-014  0.00e+000  0.00e+000  0.00e+000  5.07e-001  3.24e-001  8.45e-002  8.45e-002  2.50e-004  4.92e-008  3.62e-008  
6.43223e+016 5.01e-014  0.00e+000  0.00e+000  0.00e+000  5.07e-001  3.23e-001  8.46e-002  8.46e-002  2.38e-004  4.93e-008  3.63e-008  
6.52408e+016 5.26e-014  0.00e+000  0.00e+000  0.00e+000  5.07e-001  3.23e-001  8.47e-002  8.47e-002  2.28e-004  4.92e-008  3.63e-008  
6.62440e+016 5.51e-014  0.00e+000  0.00e+000  0.00e+000  5.08e-001  3.23e-001  8.45e-002  8.45e-002  2.18e-004  4.92e-008  3.63e-008  
6.73219e+016 5.75e-014  0.00e+000  0.00e+000  0.00e+000  5.08e-001  3.23e-001  8.45e-002  8.45e-002  2.09e-004  4.92e-008  3.62e-008  
6.84641e+016 5.97e-014  0.00e+000  0.00e+000  0.00e+000  5.07e-001  3.23e-001  8.46e-002  8.46e-002  2.03e-004  4.91e-008  3.62e-008  
6.96945e+016 6.17e-014  0.00e+000  0.00e+000  0.00e+000  5.08e-001  3.23e-001  8.47e-002  8.47e-002  1.96e-004  4.91e-008  3.62e-008  
7.10391e+016 6.37e-014  0.00e+000  0.00e+000  0.00e+000  5.07e-001  3.23e-001  8.46e-002  8.46e-002  1.92e-004  4.91e-008  3.63e-008  
7.25155e+016 6.56e-014  0.00e+000  0.00e+000  0.00e+000  5.08e-001  3.23e-001  8.46e-002  8.46e-002  1.86e-004  4.91e-008  3.61e-008  
7.42223e+016 6.75e-014  0.00e+000  0.00e+000  0.00e+000  5.08e-001  3.23e-001  8.46e-002  8.46e-002  1.81e-004  4.92e-008  3.61e-008  
7.63108e+016 6.96e-014  0.00e+000  0.00e+000  0.00e+000  5.07e-001  3.23e-001  8.46e-002  8.46e-002  1.75e-004  4.91e-008  3.62e-008  
7.86896e+016 7.15e-014  0.00e+000  0.00e+000  0.00e+000  5.08e-001  3.23e-001  8.46e-002  8.46e-002  1.71e-004  4.91e-008  3.62e-008  
8.18150e+016 7.37e-014  0.00e+000  0.00e+000  0.00e+000  5.08e-001  3.23e-001  8.47e-002  8.47e-002  1.66e-004  4.91e-008  3.62e-008  
8.55776e+016 7.59e-014  0.00e+000  0.00e+000  0.00e+000  5.08e-001  3.23e-001  8.46e-002  8.46e-002  1.61e-004  4.92e-008  3.63e-008  
9.00548e+016 7.80e-014  0.00e+000  0.00e+000  0.00e+000  5.08e-001  3.23e-001  8.46e-002  8.46e-002  1.56e-004  4.91e-008  3.61e-008  
9.53916e+016 8.02e-014  0.00e+000  0.00e+000  0.00e+000  5.08e-001  3.23e-001  8.46e-002  8.46e-002  1.51e-004  4.90e-008  3.62e-008  
1.01535e+017 8.20e-014  0.00e+000  0.00e+000  0.00e+000  5.07e-001  3.23e-001  8.46e-002  8.46e-002  1.48e-004  4.90e-008  3.61e-008  
1.09249e+017 8.39e-014  0.00e+000  0.00e+000  0.00e+000  5.08e-001  3.23e-001  8.45e-002  8.45e-002  1.43e-004  4.90e-008  3.61e-008  
1.19176e+017 8.55e-014  0.00e+000  0.00e+000  0.00e+000  5.08e-001  3.23e-001  8.47e-002  8.47e-002  1.39e-004  4.91e-008  3.61e-008  
1.32448e+017 8.70e-014  0.00e+000  0.00e+000  0.00e+000  5.08e-001  3.23e-001  8.46e-002  8.46e-002  1.36e-004  4.91e-008  3.62e-008  
