! 0       *H + *CH3OCH2 -> *CH3OCH3
! 1       *H + *CH3OCH2 -> CH3OCH3
! 2       *CH3OCH2 + He -> CH3OCH2 + He
! 3       *CH3OCH2 + H2 -> CH3OCH2 + H2
! 4       *CH3OCH2 + CO -> CH3OCH2 + CO
! 5       *CH3OCH2 + CRPhoton -> *H2CO + *CH3
! 6       *CH3OCH2 + CRPhoton -> CH3OCH2
! 7       *CH3OCH2 + ISPhoton -> CH3OCH2
! 8       *CH3OCH2 + GRAIN -> CH3OCH2 + GRAIN
! 9       *CH3OCH2 + CRP -> CH3OCH2
!            tot_rate   0          1          2          3          4          5          6          7          8          9          
1.58188e+013 3.41e-019  9.90e-001  9.99e-003  0.00e+000  0.00e+000  0.00e+000  3.02e-011  6.36e-015  3.78e-019  0.00e+000  0.00e+000  
3.50727e+014 3.41e-019  9.90e-001  9.99e-003  0.00e+000  0.00e+000  0.00e+000  3.02e-011  6.36e-015  3.78e-019  0.00e+000  0.00e+000  
5.21628e+015 3.41e-019  9.90e-001  9.99e-003  0.00e+000  0.00e+000  0.00e+000  3.02e-011  6.36e-015  3.78e-019  0.00e+000  0.00e+000  
2.67137e+016 4.31e-019  9.90e-001  1.00e-002  0.00e+000  0.00e+000  0.00e+000  3.01e-011  6.33e-015  3.78e-019  0.00e+000  0.00e+000  
3.33598e+016 5.59e-019  9.90e-001  1.00e-002  0.00e+000  0.00e+000  0.00e+000  3.13e-011  6.57e-015  3.92e-019  0.00e+000  0.00e+000  
3.42055e+016 4.49e-019  9.90e-001  9.99e-003  0.00e+000  0.00e+000  6.36e-074  3.89e-011  8.21e-015  4.89e-019  0.00e+000  0.00e+000  
3.44017e+016 4.16e-019  9.90e-001  1.00e-002  0.00e+000  0.00e+000  6.68e-058  4.21e-011  8.87e-015  5.29e-019  0.00e+000  0.00e+000  
3.46353e+016 3.74e-019  9.90e-001  1.00e-002  0.00e+000  0.00e+000  3.88e-027  4.68e-011  9.85e-015  5.86e-019  0.00e+000  0.00e+000  
3.48860e+016 3.27e-019  9.90e-001  9.99e-003  0.00e+000  0.00e+000  1.18e-018  5.32e-011  1.12e-014  6.69e-019  0.00e+000  0.00e+000  
3.51370e+016 2.78e-019  9.90e-001  1.00e-002  0.00e+000  0.00e+000  3.28e-013  6.26e-011  1.32e-014  7.88e-019  0.00e+000  0.00e+000  
3.53250e+016 2.41e-019  9.90e-001  9.98e-003  0.00e+000  0.00e+000  6.59e-012  7.21e-011  1.53e-014  9.11e-019  0.00e+000  0.00e+000  
3.55515e+016 1.99e-019  9.90e-001  1.00e-002  0.00e+000  0.00e+000  5.48e-011  8.84e-011  1.88e-014  1.12e-018  0.00e+000  0.00e+000  
3.57182e+016 1.71e-019  9.90e-001  1.00e-002  0.00e+000  0.00e+000  1.84e-010  1.06e-010  2.26e-014  1.35e-018  0.00e+000  0.00e+000  
3.58524e+016 1.54e-019  9.90e-001  1.00e-002  5.78e-066  0.00e+000  4.59e-010  1.24e-010  2.65e-014  1.58e-018  0.00e+000  0.00e+000  
3.60047e+016 1.40e-019  9.90e-001  9.97e-003  4.72e-044  0.00e+000  7.19e-010  1.51e-010  3.23e-014  1.92e-018  0.00e+000  0.00e+000  
3.61718e+016 1.25e-019  9.90e-001  1.01e-002  4.75e-027  0.00e+000  1.25e-009  1.92e-010  4.14e-014  2.46e-018  0.00e+000  0.00e+000  
3.62899e+016 1.14e-019  9.90e-001  9.99e-003  3.64e-016  0.00e+000  1.97e-009  2.30e-010  4.94e-014  2.94e-018  0.00e+000  0.00e+000  
3.63893e+016 1.04e-019  9.90e-001  1.00e-002  4.83e-013  0.00e+000  3.03e-009  2.71e-010  5.83e-014  3.48e-018  0.00e+000  0.00e+000  
3.64972e+016 9.46e-020  9.90e-001  1.00e-002  3.43e-009  2.40e-061  5.06e-009  3.24e-010  6.99e-014  4.16e-018  0.00e+000  0.00e+000  
3.66124e+016 8.60e-020  9.90e-001  1.00e-002  4.63e-008  1.41e-042  9.32e-009  3.96e-010  8.54e-014  5.08e-018  0.00e+000  0.00e+000  
3.67348e+016 7.87e-020  9.90e-001  1.00e-002  3.06e-007  6.51e-029  1.89e-008  4.84e-010  1.05e-013  6.25e-018  0.00e+000  0.00e+000  
3.68621e+016 7.42e-020  9.90e-001  9.99e-003  1.22e-006  4.88e-013  4.04e-008  5.59e-010  1.22e-013  7.27e-018  0.00e+000  0.00e+000  
3.69700e+016 7.03e-020  9.90e-001  1.00e-002  3.47e-006  3.77e-009  8.43e-008  6.39e-010  1.41e-013  8.42e-018  0.00e+000  0.00e+000  
3.70376e+016 6.76e-020  9.90e-001  1.00e-002  6.45e-006  5.87e-008  1.40e-007  6.97e-010  1.57e-013  9.32e-018  3.21e-077  0.00e+000  
3.71087e+016 6.44e-020  9.90e-001  9.99e-003  1.18e-005  4.78e-007  2.47e-007  7.57e-010  1.74e-013  1.04e-017  1.02e-073  0.00e+000  
3.71826e+016 6.07e-020  9.90e-001  1.00e-002  2.17e-005  1.81e-006  4.55e-007  8.09e-010  1.93e-013  1.15e-017  3.53e-070  0.00e+000  
3.72589e+016 5.63e-020  9.90e-001  9.99e-003  3.89e-005  5.17e-006  8.66e-007  8.39e-010  2.12e-013  1.26e-017  1.09e-066  0.00e+000  
3.73370e+016 5.10e-020  9.90e-001  1.00e-002  6.74e-005  1.22e-005  1.67e-006  8.31e-010  2.29e-013  1.37e-017  2.53e-063  0.00e+000  
3.74165e+016 4.58e-020  9.90e-001  9.99e-003  1.12e-004  2.62e-005  3.12e-006  7.82e-010  2.49e-013  1.48e-017  3.65e-060  0.00e+000  
3.74829e+016 4.26e-020  9.90e-001  9.99e-003  1.71e-004  4.48e-005  5.11e-006  7.18e-010  2.67e-013  1.59e-017  1.07e-057  0.00e+000  
3.75505e+016 4.22e-020  9.90e-001  9.99e-003  2.53e-004  7.84e-005  8.03e-006  6.32e-010  2.91e-013  1.74e-017  2.17e-055  0.00e+000  
3.76194e+016 4.68e-020  9.89e-001  1.00e-002  3.95e-004  1.32e-004  1.25e-005  5.39e-010  3.33e-013  1.99e-017  3.40e-053  0.00e+000  
3.76839e+016 7.24e-020  9.89e-001  9.99e-003  6.30e-004  2.35e-004  2.02e-005  4.14e-010  4.16e-013  2.47e-017  2.72e-051  0.00e+000  
3.76854e+016 7.38e-020  9.89e-001  1.00e-002  6.38e-004  2.38e-004  2.05e-005  4.11e-010  4.17e-013  2.49e-017  2.97e-051  0.00e+000  
3.76877e+016 7.63e-020  9.89e-001  1.00e-002  6.51e-004  2.44e-004  2.08e-005  4.05e-010  4.23e-013  2.52e-017  3.45e-051  0.00e+000  
3.76917e+016 8.11e-020  9.89e-001  9.99e-003  6.73e-004  2.53e-004  2.16e-005  3.95e-010  4.30e-013  2.57e-017  4.42e-051  0.00e+000  
3.76980e+016 9.06e-020  9.89e-001  1.00e-002  7.15e-004  2.69e-004  2.28e-005  3.76e-010  4.46e-013  2.66e-017  6.59e-051  0.00e+000  
3.77083e+016 1.13e-019  9.89e-001  9.98e-003  7.94e-004  3.01e-004  2.54e-005  3.45e-010  4.76e-013  2.83e-017  1.28e-050  0.00e+000  
3.77248e+016 1.94e-019  9.89e-001  9.99e-003  9.58e-004  3.66e-004  3.08e-005  2.85e-010  5.41e-013  3.22e-017  3.81e-050  0.00e+000  
3.77450e+016 6.67e-019  9.88e-001  9.98e-003  1.44e-003  5.71e-004  4.69e-005  2.04e-010  7.62e-013  4.54e-017  1.71e-049  0.00e+000  
3.77655e+016 2.49e-018  9.78e-001  9.86e-003  8.42e-003  3.44e-003  2.67e-004  2.89e-010  4.17e-012  2.49e-016  2.75e-048  0.00e+000  
3.77936e+016 3.19e-021  9.73e-001  9.82e-003  1.20e-002  5.05e-003  3.67e-004  3.77e-010  5.43e-012  3.23e-016  1.58e-047  0.00e+000  
3.78016e+016 2.42e-021  9.71e-001  9.83e-003  1.34e-002  5.70e-003  4.05e-004  4.11e-010  5.95e-012  3.53e-016  2.64e-047  0.00e+000  
3.78111e+016 2.18e-021  9.68e-001  9.77e-003  1.52e-002  6.51e-003  4.53e-004  4.53e-010  6.51e-012  3.89e-016  4.68e-047  0.00e+000  
3.78273e+016 2.08e-021  9.63e-001  9.73e-003  1.87e-002  8.09e-003  5.44e-004  5.30e-010  7.66e-012  4.55e-016  1.18e-046  0.00e+000  
3.78530e+016 2.04e-021  9.52e-001  9.62e-003  2.58e-002  1.13e-002  7.27e-004  6.78e-010  9.77e-012  5.79e-016  5.06e-046  0.00e+000  
3.78818e+016 2.04e-021  9.38e-001  9.47e-003  3.58e-002  1.62e-002  9.72e-004  8.69e-010  1.25e-011  7.46e-016  2.47e-045  0.00e+000  
3.79076e+016 1.99e-021  9.20e-001  9.30e-003  4.73e-002  2.21e-002  1.25e-003  1.07e-009  1.55e-011  9.20e-016  8.85e-045  0.00e+000  
3.79253e+016 1.97e-021  9.10e-001  9.20e-003  5.39e-002  2.58e-002  1.41e-003  1.18e-009  1.70e-011  1.01e-015  2.01e-044  0.00e+000  
3.79502e+016 1.92e-021  8.92e-001  9.02e-003  6.57e-002  3.16e-002  1.66e-003  1.34e-009  1.93e-011  1.15e-015  6.31e-044  0.00e+000  
3.79755e+016 1.84e-021  8.73e-001  8.84e-003  7.81e-002  3.79e-002  1.92e-003  1.50e-009  2.16e-011  1.29e-015  1.80e-043  0.00e+000  
3.79897e+016 1.80e-021  8.62e-001  8.73e-003  8.51e-002  4.19e-002  2.07e-003  1.59e-009  2.29e-011  1.37e-015  3.14e-043  0.00e+000  
3.79918e+016 1.79e-021  8.60e-001  8.71e-003  8.66e-002  4.26e-002  2.09e-003  1.60e-009  2.31e-011  1.38e-015  3.42e-043  0.00e+000  
3.79956e+016 1.78e-021  8.58e-001  8.63e-003  8.80e-002  4.37e-002  2.12e-003  1.63e-009  2.34e-011  1.40e-015  3.95e-043  0.00e+000  
3.80017e+016 1.76e-021  8.52e-001  8.63e-003  9.14e-002  4.58e-002  2.20e-003  1.66e-009  2.40e-011  1.43e-015  5.03e-043  0.00e+000  
3.80129e+016 1.72e-021  8.41e-001  8.53e-003  9.81e-002  4.96e-002  2.33e-003  1.74e-009  2.51e-011  1.50e-015  7.78e-043  0.00e+000  
3.80319e+016 1.67e-021  8.24e-001  8.30e-003  1.09e-001  5.61e-002  2.56e-003  1.87e-009  2.69e-011  1.61e-015  1.61e-042  0.00e+000  
3.80578e+016 1.61e-021  7.99e-001  8.06e-003  1.25e-001  6.51e-002  2.88e-003  2.03e-009  2.93e-011  1.75e-015  4.03e-042  0.00e+000  
3.80629e+016 1.60e-021  7.94e-001  8.06e-003  1.28e-001  6.69e-002  2.94e-003  2.07e-009  2.98e-011  1.78e-015  4.78e-042  0.00e+000  
3.80713e+016 1.59e-021  7.86e-001  7.92e-003  1.33e-001  6.98e-002  3.02e-003  2.11e-009  3.04e-011  1.81e-015  6.26e-042  0.00e+000  
3.80859e+016 1.56e-021  7.71e-001  7.83e-003  1.43e-001  7.51e-002  3.20e-003  2.20e-009  3.18e-011  1.89e-015  1.01e-041  0.00e+000  
3.81083e+016 1.52e-021  7.48e-001  7.55e-003  1.57e-001  8.40e-002  3.47e-003  2.33e-009  3.36e-011  2.00e-015  2.03e-041  0.00e+000  
3.81265e+016 1.51e-021  7.29e-001  7.35e-003  1.68e-001  9.21e-002  3.68e-003  2.42e-009  3.50e-011  2.09e-015  3.56e-041  0.00e+000  
3.81480e+016 1.51e-021  7.06e-001  7.13e-003  1.82e-001  1.01e-001  3.93e-003  2.54e-009  3.66e-011  2.18e-015  6.80e-041  0.00e+000  
3.81769e+016 1.65e-021  6.78e-001  6.84e-003  2.00e-001  1.11e-001  4.23e-003  2.66e-009  3.83e-011  2.28e-015  1.46e-040  0.00e+000  
3.81836e+016 1.74e-021  6.73e-001  6.78e-003  2.03e-001  1.13e-001  4.28e-003  2.67e-009  3.85e-011  2.29e-015  1.72e-040  0.00e+000  
3.81952e+016 1.95e-021  6.60e-001  6.71e-003  2.11e-001  1.18e-001  4.41e-003  2.73e-009  3.94e-011  2.34e-015  2.31e-040  0.00e+000  
3.82149e+016 2.80e-021  6.40e-001  6.47e-003  2.22e-001  1.27e-001  4.58e-003  2.80e-009  4.04e-011  2.40e-015  3.76e-040  0.00e+000  
3.82433e+016 7.08e-021  6.13e-001  6.19e-003  2.37e-001  1.39e-001  4.86e-003  2.90e-009  4.17e-011  2.49e-015  7.39e-040  0.00e+000  
3.82740e+016 2.51e-020  5.82e-001  5.86e-003  2.56e-001  1.51e-001  5.14e-003  2.99e-009  4.30e-011  2.57e-015  1.50e-039  0.00e+000  
3.83054e+016 7.53e-020  5.52e-001  5.58e-003  2.75e-001  1.62e-001  5.46e-003  3.09e-009  4.46e-011  2.65e-015  2.88e-039  0.00e+000  
3.83376e+016 1.19e-019  5.20e-001  5.26e-003  2.92e-001  1.77e-001  5.70e-003  3.16e-009  4.56e-011  2.72e-015  5.26e-039  0.00e+000  
3.83751e+016 1.30e-019  4.86e-001  4.91e-003  3.10e-001  1.92e-001  6.00e-003  3.25e-009  4.69e-011  2.79e-015  1.04e-038  0.00e+000  
3.84132e+016 1.32e-019  4.54e-001  4.59e-003  3.30e-001  2.05e-001  6.28e-003  3.32e-009  4.79e-011  2.85e-015  1.98e-038  0.00e+000  
3.84531e+016 1.46e-019  4.22e-001  4.27e-003  3.48e-001  2.19e-001  6.51e-003  3.37e-009  4.86e-011  2.90e-015  3.74e-038  0.00e+000  
3.84962e+016 1.96e-019  3.95e-001  3.99e-003  3.62e-001  2.33e-001  6.72e-003  3.40e-009  4.90e-011  2.92e-015  6.72e-038  0.00e+000  
3.85449e+016 3.24e-019  3.67e-001  3.71e-003  3.77e-001  2.45e-001  6.92e-003  3.40e-009  4.91e-011  2.93e-015  1.22e-037  0.00e+000  
3.85990e+016 5.51e-019  3.41e-001  3.45e-003  3.92e-001  2.56e-001  7.08e-003  3.41e-009  4.92e-011  2.92e-015  2.23e-037  0.00e+000  
3.86597e+016 7.81e-019  3.17e-001  3.20e-003  4.02e-001  2.70e-001  7.21e-003  3.39e-009  4.89e-011  2.92e-015  4.14e-037  0.00e+000  
3.87288e+016 8.01e-019  2.97e-001  3.00e-003  4.12e-001  2.81e-001  7.33e-003  3.36e-009  4.84e-011  2.88e-015  7.74e-037  0.00e+000  
3.88139e+016 4.75e-019  2.86e-001  2.89e-003  4.17e-001  2.86e-001  7.35e-003  3.26e-009  4.72e-011  2.80e-015  1.37e-036  0.00e+000  
3.89093e+016 1.15e-019  2.86e-001  2.89e-003  4.15e-001  2.89e-001  7.23e-003  3.14e-009  4.54e-011  2.70e-015  2.32e-036  0.00e+000  
3.90068e+016 1.11e-020  3.02e-001  3.05e-003  4.03e-001  2.85e-001  7.00e-003  2.97e-009  4.29e-011  2.56e-015  3.52e-036  0.00e+000  
3.91088e+016 2.11e-021  3.35e-001  3.38e-003  3.82e-001  2.73e-001  6.60e-003  2.77e-009  4.00e-011  2.38e-015  4.84e-036  0.00e+000  
3.92181e+016 2.69e-021  3.87e-001  3.91e-003  3.52e-001  2.51e-001  6.06e-003  2.50e-009  3.61e-011  2.15e-015  5.99e-036  0.00e+000  
3.93325e+016 3.62e-021  4.51e-001  4.54e-003  3.15e-001  2.24e-001  5.39e-003  2.20e-009  3.18e-011  1.89e-015  6.64e-036  0.00e+000  
3.94519e+016 4.55e-021  5.23e-001  5.30e-003  2.73e-001  1.94e-001  4.69e-003  1.90e-009  2.75e-011  1.63e-015  6.60e-036  0.00e+000  
3.95803e+016 5.41e-021  6.00e-001  6.06e-003  2.27e-001  1.63e-001  3.93e-003  1.59e-009  2.29e-011  1.37e-015  5.82e-036  0.00e+000  
3.97190e+016 6.12e-021  6.73e-001  6.80e-003  1.85e-001  1.32e-001  3.24e-003  1.30e-009  1.88e-011  1.12e-015  4.56e-036  0.00e+000  
3.98699e+016 6.62e-021  7.38e-001  7.46e-003  1.47e-001  1.04e-001  2.61e-003  1.05e-009  1.51e-011  9.03e-016  3.16e-036  0.00e+000  
4.00514e+016 6.90e-021  8.00e-001  8.07e-003  1.12e-001  7.85e-002  2.03e-003  8.17e-010  1.18e-011  7.04e-016  1.80e-036  0.00e+000  
4.02549e+016 6.90e-021  8.50e-001  8.58e-003  8.31e-002  5.71e-002  1.54e-003  6.26e-010  9.03e-012  5.39e-016  8.47e-037  0.00e+000  
4.04761e+016 6.63e-021  8.89e-001  8.98e-003  6.04e-002  4.05e-002  1.15e-003  4.77e-010  6.87e-012  4.11e-016  3.29e-037  0.00e+000  
4.07070e+016 6.15e-021  9.19e-001  9.27e-003  4.29e-002  2.78e-002  8.48e-004  3.61e-010  5.21e-012  3.11e-016  1.09e-037  0.00e+000  
4.09451e+016 5.50e-021  9.41e-001  9.50e-003  2.98e-002  1.89e-002  6.14e-004  2.69e-010  3.89e-012  2.33e-016  2.87e-038  0.00e+000  
4.11988e+016 4.74e-021  9.58e-001  9.66e-003  1.98e-002  1.22e-002  4.30e-004  1.97e-010  2.83e-012  1.70e-016  5.93e-039  0.00e+000  
4.14624e+016 3.93e-021  9.70e-001  9.80e-003  1.27e-002  7.46e-003  2.93e-004  1.40e-010  2.02e-012  1.21e-016  9.82e-040  0.00e+000  
4.17462e+016 3.13e-021  9.78e-001  9.88e-003  7.61e-003  4.22e-003  1.88e-004  9.56e-011  1.38e-012  8.25e-017  1.14e-040  0.00e+000  
4.20512e+016 2.39e-021  9.84e-001  9.96e-003  4.19e-003  2.23e-003  1.13e-004  6.19e-011  8.91e-013  5.36e-017  8.96e-042  0.00e+000  
4.23867e+016 1.79e-021  9.87e-001  9.98e-003  2.08e-003  1.03e-003  6.24e-005  3.71e-011  5.35e-013  3.21e-017  4.26e-043  0.00e+000  
4.27356e+016 1.38e-021  9.89e-001  9.96e-003  9.45e-004  4.35e-004  3.22e-005  2.11e-011  3.04e-013  1.82e-017  1.34e-044  0.00e+000  
4.30994e+016 1.06e-021  9.89e-001  9.99e-003  3.91e-004  1.66e-004  1.55e-005  1.13e-011  1.63e-013  9.80e-018  2.70e-046  0.00e+000  
4.34671e+016 6.27e-022  9.90e-001  9.99e-003  1.27e-004  4.89e-005  5.93e-006  4.91e-012  7.08e-014  4.24e-018  3.17e-048  0.00e+000  
4.38104e+016 3.56e-022  9.90e-001  1.00e-002  3.85e-005  1.35e-005  2.14e-006  2.00e-012  2.90e-014  1.73e-018  3.49e-050  0.00e+000  
4.41007e+016 2.98e-022  9.90e-001  1.00e-002  1.35e-005  4.23e-006  8.66e-007  9.06e-013  1.31e-014  7.85e-019  6.24e-052  0.00e+000  
4.42181e+016 3.37e-022  9.90e-001  1.00e-002  8.63e-006  2.61e-006  5.96e-007  6.55e-013  9.46e-015  5.66e-019  1.17e-052  0.00e+000  
4.42811e+016 3.81e-022  9.90e-001  1.00e-002  6.83e-006  2.02e-006  4.88e-007  5.51e-013  7.93e-015  4.75e-019  4.81e-053  0.00e+000  
4.43809e+016 5.01e-022  9.90e-001  1.00e-002  4.61e-006  1.33e-006  3.51e-007  4.13e-013  5.97e-015  3.57e-019  1.07e-053  0.00e+000  
4.45030e+016 7.59e-022  9.90e-001  1.00e-002  2.93e-006  7.91e-007  2.39e-007  2.95e-013  4.26e-015  2.54e-019  1.75e-054  0.00e+000  
4.45401e+016 8.75e-022  9.90e-001  1.00e-002  2.53e-006  6.70e-007  2.10e-007  2.65e-013  3.82e-015  2.29e-019  9.87e-055  0.00e+000  
4.45998e+016 1.09e-021  9.90e-001  9.99e-003  2.03e-006  5.21e-007  1.75e-007  2.26e-013  3.26e-015  1.95e-019  4.02e-055  0.00e+000  
4.46779e+016 1.47e-021  9.90e-001  1.00e-002  1.52e-006  3.72e-007  1.37e-007  1.84e-013  2.65e-015  1.59e-019  1.23e-055  0.00e+000  
4.48006e+016 2.35e-021  9.90e-001  9.99e-003  9.82e-007  2.28e-007  9.56e-008  1.36e-013  1.96e-015  1.17e-019  1.95e-056  0.00e+000  
4.48529e+016 2.88e-021  9.90e-001  9.97e-003  8.13e-007  1.80e-007  8.23e-008  1.19e-013  1.72e-015  1.03e-019  8.41e-057  0.00e+000  
4.48834e+016 3.19e-021  9.90e-001  1.00e-002  7.36e-007  1.60e-007  7.58e-008  1.12e-013  1.61e-015  9.68e-020  5.23e-057  0.00e+000  
4.49346e+016 3.78e-021  9.90e-001  1.00e-002  6.25e-007  1.35e-007  6.67e-008  1.01e-013  1.45e-015  8.71e-020  2.43e-057  0.00e+000  
4.49870e+016 4.48e-021  9.90e-001  9.99e-003  5.28e-007  1.13e-007  5.89e-008  9.10e-014  1.31e-015  7.87e-020  1.12e-057  0.00e+000  
4.50684e+016 5.77e-021  9.90e-001  1.00e-002  4.18e-007  8.50e-008  4.92e-008  7.91e-014  1.14e-015  6.83e-020  3.40e-058  0.00e+000  
4.51867e+016 8.03e-021  9.90e-001  1.00e-002  3.08e-007  5.72e-008  3.89e-008  6.65e-014  9.59e-016  5.74e-020  5.95e-059  0.00e+000  
4.51946e+016 8.32e-021  9.90e-001  1.00e-002  2.94e-007  5.39e-008  3.81e-008  6.51e-014  9.40e-016  5.63e-020  4.69e-059  0.00e+000  
4.52061e+016 8.63e-021  9.90e-001  1.00e-002  2.85e-007  5.16e-008  3.72e-008  6.41e-014  9.25e-016  5.54e-020  3.87e-059  0.00e+000  
4.52265e+016 9.06e-021  9.90e-001  1.00e-002  2.72e-007  4.86e-008  3.59e-008  6.25e-014  9.02e-016  5.40e-020  2.88e-059  0.00e+000  
4.52632e+016 9.87e-021  9.90e-001  1.00e-002  2.51e-007  4.35e-008  3.37e-008  5.99e-014  8.64e-016  5.18e-020  1.70e-059  0.00e+000  
4.53239e+016 1.14e-020  9.90e-001  9.99e-003  2.19e-007  3.58e-008  3.05e-008  5.60e-014  8.07e-016  4.84e-020  7.18e-060  0.00e+000  
4.54167e+016 1.40e-020  9.90e-001  9.97e-003  1.80e-007  2.79e-008  2.66e-008  5.15e-014  7.41e-016  4.45e-020  1.95e-060  0.00e+000  
4.55446e+016 1.86e-020  9.90e-001  1.00e-002  1.37e-007  1.97e-008  2.24e-008  4.64e-014  6.67e-016  4.01e-020  2.78e-061  0.00e+000  
4.55658e+016 1.95e-020  9.90e-001  1.00e-002  1.31e-007  1.82e-008  2.18e-008  4.56e-014  6.57e-016  3.94e-020  1.95e-061  0.00e+000  
4.55697e+016 1.98e-020  9.90e-001  1.00e-002  1.29e-007  1.70e-008  2.16e-008  4.52e-014  6.52e-016  3.90e-020  1.66e-061  0.00e+000  
4.55761e+016 2.01e-020  9.90e-001  1.00e-002  1.27e-007  1.64e-008  2.14e-008  4.49e-014  6.47e-016  3.88e-020  1.47e-061  0.00e+000  
4.55871e+016 2.05e-020  9.90e-001  1.00e-002  1.24e-007  1.60e-008  2.11e-008  4.46e-014  6.44e-016  3.86e-020  1.26e-061  0.00e+000  
4.56066e+016 2.13e-020  9.90e-001  9.99e-003  1.20e-007  1.53e-008  2.06e-008  4.40e-014  6.33e-016  3.81e-020  9.62e-062  0.00e+000  
4.56410e+016 2.27e-020  9.90e-001  9.99e-003  1.12e-007  1.42e-008  1.98e-008  4.32e-014  6.25e-016  3.73e-020  5.98e-062  0.00e+000  
4.56849e+016 2.48e-020  9.90e-001  9.98e-003  1.02e-007  1.28e-008  1.88e-008  4.19e-014  6.04e-016  3.63e-020  3.27e-062  0.00e+000  
4.57241e+016 2.68e-020  9.90e-001  9.97e-003  9.49e-008  1.15e-008  1.80e-008  4.11e-014  5.90e-016  3.55e-020  1.83e-062  0.00e+000  
4.57850e+016 2.99e-020  9.90e-001  1.00e-002  8.53e-008  9.70e-009  1.68e-008  3.98e-014  5.72e-016  3.44e-020  7.19e-063  0.00e+000  
4.58802e+016 3.58e-020  9.90e-001  9.98e-003  7.10e-008  7.13e-009  1.50e-008  3.78e-014  5.45e-016  3.27e-020  1.69e-063  0.00e+000  
4.59720e+016 4.21e-020  9.90e-001  1.00e-002  5.98e-008  5.41e-009  1.36e-008  3.61e-014  5.20e-016  3.11e-020  4.30e-064  0.00e+000  
4.59734e+016 4.23e-020  9.90e-001  9.99e-003  5.93e-008  5.25e-009  1.36e-008  3.59e-014  5.20e-016  3.12e-020  3.97e-064  0.00e+000  
4.59759e+016 4.26e-020  9.90e-001  9.99e-003  5.82e-008  5.09e-009  1.35e-008  3.59e-014  5.16e-016  3.10e-020  3.40e-064  0.00e+000  
4.59802e+016 4.31e-020  9.90e-001  9.99e-003  5.70e-008  4.92e-009  1.34e-008  3.57e-014  5.15e-016  3.08e-020  3.04e-064  0.00e+000  
4.59873e+016 4.36e-020  9.90e-001  9.99e-003  5.64e-008  4.81e-009  1.34e-008  3.58e-014  5.16e-016  3.09e-020  2.73e-064  0.00e+000  
4.59993e+016 4.45e-020  9.90e-001  9.99e-003  5.52e-008  4.65e-009  1.32e-008  3.55e-014  5.12e-016  3.05e-020  2.27e-064  0.00e+000  
4.60196e+016 4.60e-020  9.90e-001  1.00e-002  5.35e-008  4.37e-009  1.29e-008  3.52e-014  5.07e-016  3.05e-020  1.67e-064  0.00e+000  
4.60580e+016 4.90e-020  9.90e-001  1.00e-002  5.00e-008  3.84e-009  1.24e-008  3.45e-014  4.98e-016  2.98e-020  9.35e-065  0.00e+000  
4.61139e+016 5.36e-020  9.90e-001  1.00e-002  4.51e-008  3.34e-009  1.16e-008  3.37e-014  4.87e-016  2.93e-020  4.06e-065  0.00e+000  
4.61801e+016 5.98e-020  9.90e-001  1.00e-002  3.95e-008  2.83e-009  1.08e-008  3.28e-014  4.73e-016  2.84e-020  1.51e-065  0.00e+000  
4.62829e+016 7.05e-020  9.90e-001  1.00e-002  3.22e-008  2.07e-009  9.72e-009  3.15e-014  4.54e-016  2.72e-020  3.01e-066  0.00e+000  
4.63958e+016 8.37e-020  9.90e-001  1.00e-002  2.59e-008  1.39e-009  8.59e-009  3.01e-014  4.34e-016  2.59e-020  4.76e-067  0.00e+000  
4.64165e+016 8.64e-020  9.90e-001  1.00e-002  2.47e-008  1.26e-009  8.39e-009  2.98e-014  4.30e-016  2.57e-020  3.37e-067  0.00e+000  
4.64187e+016 8.69e-020  9.90e-001  9.99e-003  2.42e-008  1.21e-009  8.37e-009  2.97e-014  4.28e-016  2.57e-020  2.90e-067  0.00e+000  
4.64224e+016 8.75e-020  9.90e-001  1.00e-002  2.39e-008  1.11e-009  8.33e-009  2.96e-014  4.28e-016  2.56e-020  2.47e-067  0.00e+000  
4.64286e+016 8.82e-020  9.90e-001  1.00e-002  2.36e-008  1.06e-009  8.28e-009  2.96e-014  4.26e-016  2.55e-020  2.20e-067  0.00e+000  
4.64396e+016 8.96e-020  9.90e-001  1.00e-002  2.30e-008  1.03e-009  8.18e-009  2.95e-014  4.24e-016  2.54e-020  1.86e-067  0.00e+000  
4.64596e+016 9.23e-020  9.90e-001  1.00e-002  2.20e-008  9.69e-010  8.00e-009  2.92e-014  4.21e-016  2.52e-020  1.39e-067  0.00e+000  
4.64933e+016 9.69e-020  9.90e-001  1.00e-002  2.05e-008  8.77e-010  7.72e-009  2.88e-014  4.16e-016  2.49e-020  8.35e-068  0.00e+000  
4.65501e+016 1.05e-019  9.90e-001  1.00e-002  1.85e-008  7.23e-010  7.22e-009  2.81e-014  4.06e-016  2.43e-020  3.36e-068  0.00e+000  
4.66259e+016 1.16e-019  9.90e-001  9.99e-003  1.60e-008  5.29e-010  6.64e-009  2.75e-014  3.95e-016  2.37e-020  9.99e-069  0.00e+000  
4.67450e+016 1.36e-019  9.90e-001  9.97e-003  1.23e-008  3.64e-010  5.78e-009  2.61e-014  3.77e-016  2.26e-020  1.46e-069  0.00e+000  
4.68726e+016 1.60e-019  9.90e-001  1.00e-002  9.15e-009  2.20e-010  5.03e-009  2.51e-014  3.62e-016  2.17e-020  1.60e-070  0.00e+000  
4.69009e+016 1.66e-019  9.90e-001  1.00e-002  8.51e-009  1.91e-010  4.85e-009  2.47e-014  3.57e-016  2.14e-020  9.84e-071  0.00e+000  
4.69024e+016 1.66e-019  9.90e-001  1.00e-002  8.45e-009  1.85e-010  4.85e-009  2.47e-014  3.57e-016  2.14e-020  9.30e-071  0.00e+000  
4.69048e+016 1.67e-019  9.90e-001  1.00e-002  8.46e-009  1.74e-010  4.82e-009  2.46e-014  3.55e-016  2.13e-020  8.16e-071  0.00e+000  
4.69090e+016 1.67e-019  9.90e-001  1.00e-002  8.40e-009  1.54e-010  4.81e-009  2.46e-014  3.55e-016  2.13e-020  6.84e-071  0.00e+000  
4.69160e+016 1.69e-019  9.90e-001  9.96e-003  8.12e-009  1.28e-010  4.75e-009  2.44e-014  3.52e-016  2.11e-020  5.51e-071  0.00e+000  
4.69279e+016 1.71e-019  9.90e-001  9.96e-003  7.91e-009  1.22e-010  4.69e-009  2.43e-014  3.51e-016  2.10e-020  4.47e-071  0.00e+000  
4.69476e+016 1.75e-019  9.90e-001  1.00e-002  7.55e-009  1.16e-010  4.58e-009  2.41e-014  3.48e-016  2.09e-020  3.28e-071  0.00e+000  
4.69806e+016 1.82e-019  9.90e-001  1.00e-002  6.98e-009  1.06e-010  4.40e-009  2.39e-014  3.44e-016  2.06e-020  1.97e-071  0.00e+000  
4.70337e+016 1.93e-019  9.90e-001  1.00e-002  6.12e-009  9.02e-011  4.16e-009  2.35e-014  3.39e-016  2.03e-020  8.40e-072  0.00e+000  
4.70622e+016 2.00e-019  9.90e-001  1.00e-002  5.70e-009  8.15e-011  4.01e-009  2.32e-014  3.35e-016  2.00e-020  5.20e-072  0.00e+000  
4.71061e+016 2.10e-019  9.90e-001  1.00e-002  5.19e-009  6.85e-011  3.80e-009  2.28e-014  3.29e-016  1.98e-020  2.52e-072  0.00e+000  
4.71746e+016 2.26e-019  9.90e-001  9.99e-003  4.46e-009  5.04e-011  3.50e-009  2.23e-014  3.21e-016  1.93e-020  1.18e-072  0.00e+000  
4.72860e+016 2.56e-019  9.90e-001  9.98e-003  3.39e-009  2.86e-011  3.03e-009  2.14e-014  3.08e-016  1.85e-020  3.32e-073  0.00e+000  
4.74240e+016 2.94e-019  9.90e-001  1.00e-002  2.32e-009  1.44e-011  2.55e-009  2.03e-014  2.93e-016  1.76e-020  6.40e-074  0.00e+000  
4.74305e+016 2.96e-019  9.90e-001  1.00e-002  2.28e-009  1.40e-011  2.53e-009  2.03e-014  2.93e-016  1.75e-020  5.88e-074  0.00e+000  
4.74313e+016 2.96e-019  9.90e-001  1.00e-002  2.27e-009  1.39e-011  2.53e-009  2.03e-014  2.93e-016  1.75e-020  5.81e-074  0.00e+000  
4.74348e+016 2.97e-019  9.90e-001  1.00e-002  2.25e-009  1.34e-011  2.52e-009  2.03e-014  2.92e-016  1.75e-020  5.46e-074  0.00e+000  
4.74406e+016 2.99e-019  9.90e-001  1.00e-002  2.21e-009  1.21e-011  2.49e-009  2.02e-014  2.91e-016  1.74e-020  4.78e-074  0.00e+000  
4.74503e+016 3.01e-019  9.90e-001  1.00e-002  2.10e-009  9.30e-012  2.47e-009  2.01e-014  2.90e-016  1.74e-020  3.79e-074  0.00e+000  
4.74676e+016 3.06e-019  9.90e-001  1.00e-002  1.97e-009  7.94e-012  2.42e-009  1.99e-014  2.87e-016  1.72e-020  2.72e-074  0.00e+000  
4.74972e+016 3.14e-019  9.90e-001  1.00e-002  1.79e-009  6.53e-012  2.34e-009  1.97e-014  2.84e-016  1.70e-020  1.78e-074  0.00e+000  
4.75283e+016 3.24e-019  9.90e-001  1.00e-002  1.65e-009  5.30e-012  2.24e-009  1.95e-014  2.81e-016  1.68e-020  1.23e-074  0.00e+000  
4.75365e+016 3.27e-019  9.90e-001  9.99e-003  1.61e-009  5.01e-012  2.21e-009  1.94e-014  2.80e-016  1.68e-020  1.12e-074  0.00e+000  
4.75556e+016 3.33e-019  9.90e-001  1.00e-002  1.54e-009  4.62e-012  2.16e-009  1.93e-014  2.78e-016  1.67e-020  9.09e-075  0.00e+000  
4.75856e+016 3.43e-019  9.90e-001  1.00e-002  1.41e-009  4.22e-012  2.07e-009  1.91e-014  2.75e-016  1.65e-020  6.55e-075  0.00e+000  
4.76342e+016 3.61e-019  9.90e-001  1.00e-002  1.22e-009  3.44e-012  1.94e-009  1.88e-014  2.71e-016  1.62e-020  3.77e-075  0.00e+000  
4.77120e+016 3.89e-019  9.90e-001  1.00e-002  9.28e-010  2.18e-012  1.75e-009  1.83e-014  2.62e-016  1.58e-020  1.54e-075  0.00e+000  
4.78339e+016 4.35e-019  9.90e-001  1.00e-002  6.59e-010  1.10e-012  1.48e-009  1.75e-014  2.53e-016  1.51e-020  3.17e-076  0.00e+000  
4.79819e+016 4.98e-019  9.90e-001  1.00e-002  4.00e-010  3.27e-013  1.20e-009  1.65e-014  2.39e-016  1.43e-020  4.44e-077  0.00e+000  
4.80101e+016 5.11e-019  9.90e-001  1.00e-002  3.64e-010  2.72e-013  1.15e-009  1.64e-014  2.37e-016  1.41e-020  3.05e-077  0.00e+000  
4.80156e+016 5.13e-019  9.90e-001  1.00e-002  3.59e-010  2.61e-013  1.14e-009  1.63e-014  2.36e-016  1.41e-020  2.83e-077  0.00e+000  
4.80288e+016 5.19e-019  9.90e-001  1.00e-002  3.41e-010  2.39e-013  1.12e-009  1.63e-014  2.35e-016  1.41e-020  2.37e-077  0.00e+000  
4.80511e+016 5.30e-019  9.90e-001  9.99e-003  3.15e-010  2.00e-013  1.09e-009  1.61e-014  2.32e-016  1.39e-020  1.73e-077  0.00e+000  
4.80875e+016 5.46e-019  9.90e-001  1.00e-002  2.71e-010  1.42e-013  1.03e-009  1.59e-014  2.29e-016  1.37e-020  1.05e-077  0.00e+000  
4.81463e+016 5.76e-019  9.90e-001  1.00e-002  2.12e-010  7.61e-014  9.45e-010  1.55e-014  2.24e-016  1.34e-020  4.36e-078  0.00e+000  
4.82445e+016 6.27e-019  9.90e-001  1.00e-002  1.46e-010  3.92e-014  8.16e-010  1.50e-014  2.17e-016  1.30e-020  0.00e+000  0.00e+000  
4.83636e+016 6.97e-019  9.90e-001  1.00e-002  8.71e-011  1.35e-014  6.80e-010  1.43e-014  2.07e-016  1.24e-020  0.00e+000  0.00e+000  
4.84912e+016 7.79e-019  9.90e-001  9.99e-003  4.70e-011  4.06e-015  5.60e-010  1.37e-014  1.98e-016  1.19e-020  0.00e+000  0.00e+000  
4.86294e+016 8.77e-019  9.90e-001  1.00e-002  2.34e-011  1.13e-015  4.52e-010  1.31e-014  1.88e-016  1.13e-020  0.00e+000  0.00e+000  
4.87591e+016 9.80e-019  9.90e-001  1.00e-002  1.15e-011  2.58e-016  3.67e-010  1.25e-014  1.80e-016  1.08e-020  0.00e+000  0.00e+000  
4.88968e+016 1.10e-018  9.90e-001  9.99e-003  5.19e-012  4.33e-017  2.92e-010  1.19e-014  1.72e-016  1.03e-020  0.00e+000  0.00e+000  
4.90444e+016 1.25e-018  9.90e-001  9.98e-003  1.98e-012  5.33e-018  2.27e-010  1.13e-014  1.62e-016  9.74e-021  0.00e+000  0.00e+000  
4.91980e+016 1.42e-018  9.90e-001  9.97e-003  6.48e-013  4.96e-019  1.73e-010  1.07e-014  1.54e-016  9.20e-021  0.00e+000  0.00e+000  
4.93317e+016 1.60e-018  9.90e-001  9.96e-003  2.12e-013  4.53e-020  1.37e-010  1.02e-014  1.47e-016  8.84e-021  0.00e+000  0.00e+000  
4.94239e+016 1.73e-018  9.90e-001  9.96e-003  8.34e-014  5.03e-021  1.15e-010  9.84e-015  1.42e-016  8.51e-021  0.00e+000  0.00e+000  
4.95192e+016 1.87e-018  9.90e-001  1.00e-002  3.23e-014  6.74e-022  9.58e-011  9.58e-015  1.38e-016  8.29e-021  0.00e+000  0.00e+000  
4.96202e+016 2.03e-018  9.90e-001  1.00e-002  1.40e-014  1.04e-022  7.88e-011  9.26e-015  1.34e-016  8.03e-021  0.00e+000  0.00e+000  
4.97297e+016 2.23e-018  9.90e-001  9.99e-003  4.61e-015  6.45e-024  6.32e-011  8.91e-015  1.29e-016  7.71e-021  0.00e+000  0.00e+000  
4.98461e+016 2.45e-018  9.90e-001  1.00e-002  1.17e-015  2.31e-025  4.97e-011  8.64e-015  1.24e-016  7.46e-021  0.00e+000  0.00e+000  
4.99670e+016 2.72e-018  9.90e-001  1.00e-002  2.26e-016  5.12e-027  3.86e-011  8.28e-015  1.20e-016  7.18e-021  0.00e+000  0.00e+000  
5.00936e+016 3.01e-018  9.90e-001  1.00e-002  2.76e-017  8.07e-029  2.96e-011  8.01e-015  1.15e-016  6.91e-021  0.00e+000  0.00e+000  
5.02240e+016 3.33e-018  9.90e-001  1.00e-002  1.58e-018  1.15e-031  2.21e-011  7.71e-015  1.11e-016  6.66e-021  0.00e+000  0.00e+000  
5.03584e+016 3.71e-018  9.90e-001  9.98e-003  1.10e-019  7.36e-034  1.60e-011  7.42e-015  1.07e-016  6.42e-021  0.00e+000  0.00e+000  
5.05026e+016 4.13e-018  9.90e-001  1.00e-002  1.14e-020  1.55e-036  1.09e-011  7.16e-015  1.03e-016  6.17e-021  0.00e+000  0.00e+000  
5.05959e+016 4.44e-018  9.90e-001  9.99e-003  1.30e-021  5.54e-039  8.37e-012  7.00e-015  1.01e-016  6.05e-021  0.00e+000  0.00e+000  
5.06957e+016 4.80e-018  9.90e-001  1.00e-002  8.25e-023  8.96e-042  6.57e-012  6.86e-015  9.88e-017  5.92e-021  0.00e+000  0.00e+000  
5.07988e+016 5.20e-018  9.90e-001  1.00e-002  3.29e-024  4.08e-044  4.98e-012  6.69e-015  9.65e-017  5.79e-021  0.00e+000  0.00e+000  
5.09058e+016 5.66e-018  9.90e-001  1.00e-002  8.56e-026  3.46e-047  3.62e-012  6.56e-015  9.44e-017  5.66e-021  0.00e+000  0.00e+000  
5.10237e+016 6.20e-018  9.90e-001  1.00e-002  1.31e-027  1.01e-050  2.45e-012  6.40e-015  9.24e-017  5.53e-021  0.00e+000  0.00e+000  
5.11496e+016 6.86e-018  9.90e-001  1.00e-002  1.19e-029  1.13e-054  1.52e-012  6.25e-015  9.01e-017  5.39e-021  0.00e+000  0.00e+000  
5.12843e+016 7.64e-018  9.90e-001  9.99e-003  2.34e-031  4.33e-059  7.57e-013  6.12e-015  7.86e-017  4.70e-021  0.00e+000  0.00e+000  
5.14296e+016 8.58e-018  9.90e-001  9.99e-003  8.24e-033  5.70e-061  3.22e-013  5.99e-015  6.81e-017  4.08e-021  0.00e+000  0.00e+000  
5.15425e+016 9.39e-018  9.90e-001  1.00e-002  6.14e-034  1.81e-064  1.68e-013  5.91e-015  6.13e-017  3.67e-021  0.00e+000  0.00e+000  
5.16792e+016 1.05e-017  9.90e-001  1.00e-002  1.86e-036  1.36e-069  6.52e-014  5.82e-015  5.42e-017  3.25e-021  0.00e+000  0.00e+000  
5.18319e+016 1.19e-017  9.90e-001  9.98e-003  2.21e-039  2.54e-075  1.85e-014  5.72e-015  4.74e-017  2.84e-021  0.00e+000  0.00e+000  
5.19950e+016 1.36e-017  9.90e-001  9.97e-003  1.26e-042  0.00e+000  3.60e-015  5.64e-015  4.13e-017  2.48e-021  0.00e+000  0.00e+000  
5.21655e+016 1.57e-017  9.90e-001  1.00e-002  2.64e-046  0.00e+000  4.97e-016  5.59e-015  3.63e-017  2.17e-021  0.00e+000  0.00e+000  
5.23457e+016 1.82e-017  9.90e-001  1.00e-002  4.05e-048  0.00e+000  4.97e-017  5.55e-015  3.17e-017  1.90e-021  0.00e+000  0.00e+000  
5.25384e+016 2.13e-017  9.90e-001  9.99e-003  6.94e-053  0.00e+000  8.16e-018  5.49e-015  2.77e-017  1.66e-021  0.00e+000  0.00e+000  
5.27451e+016 2.53e-017  9.90e-001  1.00e-002  2.70e-057  0.00e+000  4.44e-019  5.46e-015  2.42e-017  1.45e-021  0.00e+000  0.00e+000  
5.29668e+016 3.02e-017  9.90e-001  1.00e-002  3.25e-062  0.00e+000  1.01e-020  5.46e-015  2.11e-017  1.26e-021  0.00e+000  0.00e+000  
5.31993e+016 3.64e-017  9.90e-001  1.00e-002  9.38e-068  0.00e+000  5.00e-023  5.44e-015  1.85e-017  1.11e-021  0.00e+000  0.00e+000  
5.34440e+016 4.39e-017  9.90e-001  1.00e-002  7.26e-069  0.00e+000  5.78e-026  5.48e-015  1.62e-017  9.72e-022  0.00e+000  0.00e+000  
5.36995e+016 5.32e-017  9.90e-001  9.99e-003  5.96e-077  0.00e+000  1.50e-028  5.50e-015  1.43e-017  8.55e-022  0.00e+000  0.00e+000  
5.39765e+016 6.50e-017  9.90e-001  1.00e-002  0.00e+000  0.00e+000  5.00e-032  5.56e-015  1.26e-017  7.56e-022  0.00e+000  0.00e+000  
5.42627e+016 7.90e-017  9.90e-001  1.00e-002  0.00e+000  0.00e+000  4.18e-036  5.65e-015  1.12e-017  6.72e-022  0.00e+000  0.00e+000  
5.45738e+016 9.67e-017  9.90e-001  9.99e-003  0.00e+000  0.00e+000  3.46e-040  5.74e-015  9.99e-018  5.99e-022  0.00e+000  0.00e+000  
5.49079e+016 1.18e-016  9.90e-001  9.98e-003  0.00e+000  0.00e+000  2.65e-045  5.89e-015  8.97e-018  5.37e-022  0.00e+000  0.00e+000  
5.52575e+016 1.44e-016  9.90e-001  9.97e-003  0.00e+000  0.00e+000  3.27e-050  6.04e-015  8.10e-018  4.83e-022  0.00e+000  0.00e+000  
5.56155e+016 1.74e-016  9.90e-001  1.00e-002  0.00e+000  0.00e+000  4.22e-056  6.27e-015  7.37e-018  4.41e-022  0.00e+000  0.00e+000  
5.59918e+016 2.08e-016  9.90e-001  1.00e-002  0.00e+000  0.00e+000  8.31e-062  6.54e-015  6.78e-018  4.07e-022  0.00e+000  0.00e+000  
5.63913e+016 2.47e-016  9.90e-001  9.98e-003  0.00e+000  0.00e+000  1.16e-067  6.83e-015  6.30e-018  3.78e-022  0.00e+000  0.00e+000  
5.68226e+016 2.93e-016  9.90e-001  1.00e-002  0.00e+000  0.00e+000  9.11e-080  7.20e-015  5.94e-018  3.55e-022  0.00e+000  0.00e+000  
5.72780e+016 3.43e-016  9.90e-001  1.00e-002  0.00e+000  0.00e+000  3.73e-081  7.66e-015  5.62e-018  3.38e-022  0.00e+000  0.00e+000  
5.77650e+016 4.01e-016  9.90e-001  1.00e-002  0.00e+000  0.00e+000  0.00e+000  8.18e-015  5.39e-018  3.22e-022  0.00e+000  0.00e+000  
5.82707e+016 4.61e-016  9.90e-001  1.00e-002  0.00e+000  0.00e+000  0.00e+000  8.81e-015  5.23e-018  3.13e-022  0.00e+000  0.00e+000  
5.88124e+016 5.26e-016  9.90e-001  1.00e-002  0.00e+000  0.00e+000  0.00e+000  9.54e-015  5.13e-018  3.06e-022  0.00e+000  0.00e+000  
5.93801e+016 5.93e-016  9.90e-001  1.00e-002  0.00e+000  0.00e+000  0.00e+000  1.04e-014  5.09e-018  3.05e-022  0.00e+000  0.00e+000  
5.99878e+016 6.64e-016  9.90e-001  9.99e-003  0.00e+000  0.00e+000  0.00e+000  1.13e-014  5.11e-018  3.06e-022  0.00e+000  0.00e+000  
6.06254e+016 7.34e-016  9.90e-001  1.00e-002  0.00e+000  0.00e+000  0.00e+000  1.25e-014  5.19e-018  3.10e-022  0.00e+000  0.00e+000  
6.12860e+016 8.04e-016  9.90e-001  1.00e-002  0.00e+000  0.00e+000  0.00e+000  1.38e-014  5.32e-018  3.18e-022  0.00e+000  0.00e+000  
6.19772e+016 8.74e-016  9.90e-001  1.00e-002  0.00e+000  0.00e+000  0.00e+000  1.52e-014  5.53e-018  3.30e-022  0.00e+000  0.00e+000  
6.27006e+016 9.43e-016  9.90e-001  1.00e-002  0.00e+000  0.00e+000  0.00e+000  1.69e-014  5.78e-018  3.44e-022  0.00e+000  0.00e+000  
6.34752e+016 1.01e-015  9.90e-001  1.00e-002  0.00e+000  0.00e+000  0.00e+000  1.88e-014  6.13e-018  3.65e-022  0.00e+000  0.00e+000  
6.43223e+016 1.09e-015  9.90e-001  9.99e-003  0.00e+000  0.00e+000  0.00e+000  2.11e-014  6.52e-018  3.89e-022  0.00e+000  0.00e+000  
6.52408e+016 1.17e-015  9.90e-001  9.99e-003  0.00e+000  0.00e+000  0.00e+000  2.39e-014  7.05e-018  4.21e-022  0.00e+000  0.00e+000  
6.62440e+016 1.26e-015  9.90e-001  9.98e-003  0.00e+000  0.00e+000  0.00e+000  2.73e-014  7.73e-018  4.61e-022  0.00e+000  0.00e+000  
6.73219e+016 1.36e-015  9.90e-001  9.97e-003  0.00e+000  0.00e+000  0.00e+000  3.15e-014  8.58e-018  5.12e-022  0.00e+000  0.00e+000  
6.84641e+016 1.46e-015  9.90e-001  1.00e-002  0.00e+000  0.00e+000  0.00e+000  3.69e-014  9.69e-018  5.79e-022  0.00e+000  0.00e+000  
6.96945e+016 1.60e-015  9.90e-001  9.96e-003  0.00e+000  0.00e+000  0.00e+000  4.32e-014  1.10e-017  6.58e-022  0.00e+000  0.00e+000  
7.10391e+016 1.74e-015  9.90e-001  1.00e-002  0.00e+000  0.00e+000  0.00e+000  5.18e-014  1.28e-017  7.66e-022  0.00e+000  0.00e+000  
7.25155e+016 1.91e-015  9.90e-001  1.00e-002  0.00e+000  0.00e+000  0.00e+000  6.29e-014  1.52e-017  9.06e-022  0.00e+000  0.00e+000  
7.42223e+016 2.12e-015  9.90e-001  9.99e-003  0.00e+000  0.00e+000  0.00e+000  7.92e-014  1.87e-017  1.11e-021  0.00e+000  0.00e+000  
7.63108e+016 2.40e-015  9.90e-001  9.98e-003  0.00e+000  0.00e+000  0.00e+000  1.05e-013  2.41e-017  1.44e-021  0.00e+000  0.00e+000  
7.86896e+016 2.75e-015  9.90e-001  1.00e-002  0.00e+000  0.00e+000  0.00e+000  1.46e-013  3.26e-017  1.94e-021  0.00e+000  0.00e+000  
8.18150e+016 3.24e-015  9.90e-001  9.99e-003  0.00e+000  0.00e+000  0.00e+000  2.25e-013  4.87e-017  2.90e-021  0.00e+000  0.00e+000  
8.55776e+016 3.85e-015  9.90e-001  1.00e-002  0.00e+000  0.00e+000  0.00e+000  3.79e-013  7.98e-017  4.76e-021  0.00e+000  0.00e+000  
9.00548e+016 4.52e-015  9.90e-001  1.00e-002  0.00e+000  0.00e+000  0.00e+000  7.11e-013  1.44e-016  8.59e-021  0.00e+000  0.00e+000  
9.53916e+016 5.15e-015  9.90e-001  1.00e-002  0.00e+000  0.00e+000  0.00e+000  1.48e-012  2.91e-016  1.73e-020  0.00e+000  0.00e+000  
1.01535e+017 5.56e-015  9.90e-001  9.99e-003  0.00e+000  0.00e+000  0.00e+000  3.35e-012  6.39e-016  3.82e-020  0.00e+000  0.00e+000  
1.09249e+017 5.54e-015  9.90e-001  9.99e-003  0.00e+000  0.00e+000  0.00e+000  8.58e-012  1.60e-015  9.52e-020  0.00e+000  0.00e+000  
1.19176e+017 4.78e-015  9.90e-001  9.98e-003  0.00e+000  0.00e+000  0.00e+000  2.26e-011  4.10e-015  2.45e-019  0.00e+000  0.00e+000  
1.32448e+017 3.11e-015  9.90e-001  1.00e-002  0.00e+000  0.00e+000  0.00e+000  4.66e-011  8.20e-015  4.89e-019  0.00e+000  0.00e+000  
