! 0       CH3OH2+ + e- -> CH3 + OH + H
! 1       NH3 + CH3OH2+ -> CH3OH + NH4+
! 2       CH3OH2+ + e- -> CH2 + H2O + H
! 3       CH3OH2+ + e- -> H2CO + H2 + H
! 4       CH3OH2+ + e- -> CH3 + H2O
! 5       CH3OH + CH3OH2+ -> H2O + CH3OCH4+
! 6       CH3OH2+ + e- -> CH3O + H2
! 7       H2CO + CH3OH2+ -> H2 + H5C2O2+
! 8       H2CO + CH3OH2+ -> H2O + CH3CHOH+
! 9       CH3OH2+ + e- -> CH3OH + H
! 10      CH3OH2+ + GRAIN -> CH3OH + H + GRAIN
!            tot_rate   0          1          2          3          4          5          6          7          8          9          10         
1.58188e+013 2.34e-017  5.12e-001  5.89e-004  2.10e-001  1.00e-001  9.00e-002  2.67e-005  5.63e-002  1.29e-005  1.29e-005  3.00e-002  6.27e-004  
3.50727e+014 2.34e-017  5.12e-001  5.89e-004  2.10e-001  1.00e-001  9.00e-002  2.67e-005  5.63e-002  1.29e-005  1.29e-005  3.00e-002  6.27e-004  
5.21628e+015 2.33e-017  5.10e-001  5.92e-004  2.11e-001  1.00e-001  9.05e-002  2.66e-005  5.66e-002  1.29e-005  1.29e-005  3.01e-002  6.30e-004  
2.67137e+016 1.24e-017  5.11e-001  7.33e-004  2.11e-001  9.99e-002  9.02e-002  1.63e-006  5.63e-002  6.35e-006  6.35e-006  3.00e-002  5.87e-004  
3.33598e+016 4.64e-018  5.10e-001  1.61e-003  2.10e-001  1.00e-001  9.00e-002  4.76e-007  5.62e-002  3.40e-006  3.40e-006  2.99e-002  1.39e-003  
3.42055e+016 4.02e-018  5.10e-001  1.82e-003  2.10e-001  1.00e-001  9.00e-002  5.37e-007  5.62e-002  2.81e-006  2.81e-006  3.01e-002  1.70e-003  
3.44017e+016 3.88e-018  5.11e-001  1.87e-003  2.10e-001  9.98e-002  9.00e-002  5.54e-007  5.62e-002  2.66e-006  2.66e-006  2.99e-002  1.80e-003  
3.46353e+016 3.69e-018  5.10e-001  1.95e-003  2.10e-001  9.98e-002  9.01e-002  5.78e-007  5.62e-002  2.51e-006  2.51e-006  3.01e-002  1.96e-003  
3.48860e+016 3.47e-018  5.10e-001  2.06e-003  2.10e-001  9.99e-002  8.99e-002  6.08e-007  5.62e-002  2.35e-006  2.35e-006  3.00e-002  2.19e-003  
3.51370e+016 3.24e-018  5.09e-001  2.19e-003  2.10e-001  1.00e-001  9.01e-002  6.48e-007  5.61e-002  2.20e-006  2.20e-006  3.00e-002  2.49e-003  
3.53250e+016 3.06e-018  5.09e-001  2.31e-003  2.10e-001  9.99e-002  9.01e-002  6.82e-007  5.61e-002  2.09e-006  2.09e-006  3.00e-002  2.80e-003  
3.55515e+016 2.97e-018  5.09e-001  2.38e-003  2.10e-001  9.98e-002  9.00e-002  7.08e-007  5.60e-002  1.89e-006  1.89e-006  3.00e-002  3.13e-003  
3.57182e+016 3.02e-018  5.10e-001  2.35e-003  2.10e-001  9.96e-002  8.97e-002  6.98e-007  5.59e-002  1.68e-006  1.68e-006  2.99e-002  3.30e-003  
3.58524e+016 3.07e-018  5.09e-001  2.32e-003  2.10e-001  9.98e-002  9.00e-002  6.91e-007  5.61e-002  1.52e-006  1.52e-006  3.00e-002  3.46e-003  
3.60047e+016 3.13e-018  5.08e-001  2.29e-003  2.10e-001  1.00e-001  8.98e-002  6.84e-007  5.62e-002  1.34e-006  1.34e-006  3.00e-002  3.67e-003  
3.61718e+016 3.22e-018  5.09e-001  2.24e-003  2.10e-001  9.97e-002  8.97e-002  6.74e-007  5.59e-002  1.15e-006  1.15e-006  2.99e-002  3.91e-003  
3.62899e+016 3.29e-018  5.08e-001  2.21e-003  2.10e-001  9.98e-002  8.98e-002  6.69e-007  5.60e-002  1.03e-006  1.03e-006  3.00e-002  4.17e-003  
3.63893e+016 3.37e-018  5.08e-001  2.17e-003  2.10e-001  9.99e-002  8.97e-002  6.63e-007  5.62e-002  9.27e-007  9.27e-007  3.00e-002  4.37e-003  
3.64972e+016 3.46e-018  5.09e-001  2.14e-003  2.10e-001  9.97e-002  8.96e-002  6.59e-007  5.61e-002  8.29e-007  8.29e-007  2.98e-002  4.59e-003  
3.66124e+016 3.58e-018  5.08e-001  2.17e-003  2.10e-001  9.96e-002  8.99e-002  6.81e-007  5.61e-002  8.12e-007  8.12e-007  2.99e-002  4.91e-003  
3.67348e+016 3.76e-018  5.07e-001  2.38e-003  2.09e-001  9.96e-002  8.98e-002  9.62e-007  5.61e-002  7.89e-007  7.89e-007  3.00e-002  5.29e-003  
3.68621e+016 4.06e-018  5.08e-001  3.15e-003  2.09e-001  9.95e-002  8.94e-002  2.30e-006  5.59e-002  7.69e-007  7.69e-007  2.98e-002  5.72e-003  
3.69700e+016 4.54e-018  5.07e-001  4.96e-003  2.08e-001  9.91e-002  8.92e-002  5.71e-006  5.57e-002  7.62e-007  7.62e-007  2.97e-002  6.15e-003  
3.70376e+016 5.11e-018  5.05e-001  7.13e-003  2.08e-001  9.89e-002  8.91e-002  1.02e-005  5.56e-002  7.72e-007  7.72e-007  2.98e-002  6.41e-003  
3.71087e+016 6.18e-018  5.03e-001  1.09e-002  2.07e-001  9.85e-002  8.87e-002  1.86e-005  5.53e-002  8.02e-007  8.02e-007  2.96e-002  6.71e-003  
3.71826e+016 8.38e-018  5.00e-001  1.72e-002  2.05e-001  9.80e-002  8.82e-002  3.39e-005  5.50e-002  8.73e-007  8.73e-007  2.94e-002  7.04e-003  
3.72589e+016 1.32e-017  4.94e-001  2.76e-002  2.04e-001  9.69e-002  8.71e-002  6.19e-005  5.44e-002  1.01e-006  1.01e-006  2.91e-002  7.36e-003  
3.73370e+016 2.42e-017  4.87e-001  4.37e-002  2.00e-001  9.49e-002  8.54e-002  1.11e-004  5.32e-002  1.27e-006  1.27e-006  2.85e-002  7.71e-003  
3.74165e+016 5.03e-017  4.73e-001  6.80e-002  1.95e-001  9.27e-002  8.33e-002  1.98e-004  5.21e-002  1.72e-006  1.72e-006  2.78e-002  7.93e-003  
3.74829e+016 9.82e-017  4.59e-001  9.41e-002  1.89e-001  9.00e-002  8.10e-002  3.16e-004  5.05e-002  2.32e-006  2.32e-006  2.70e-002  8.10e-003  
3.75505e+016 2.01e-016  4.44e-001  1.24e-001  1.83e-001  8.72e-002  7.83e-002  4.98e-004  4.89e-002  3.22e-006  3.22e-006  2.61e-002  8.22e-003  
3.76194e+016 4.21e-016  4.30e-001  1.51e-001  1.77e-001  8.42e-002  7.58e-002  7.80e-004  4.73e-002  4.52e-006  4.52e-006  2.52e-002  8.35e-003  
3.76839e+016 8.30e-016  4.23e-001  1.65e-001  1.73e-001  8.28e-002  7.46e-002  1.19e-003  4.65e-002  6.14e-006  6.14e-006  2.48e-002  8.59e-003  
3.76854e+016 8.44e-016  4.22e-001  1.66e-001  1.74e-001  8.27e-002  7.44e-002  1.20e-003  4.64e-002  6.17e-006  6.17e-006  2.48e-002  8.58e-003  
3.76877e+016 8.64e-016  4.22e-001  1.66e-001  1.74e-001  8.28e-002  7.44e-002  1.22e-003  4.65e-002  6.25e-006  6.25e-006  2.48e-002  8.60e-003  
3.76917e+016 9.01e-016  4.22e-001  1.67e-001  1.73e-001  8.26e-002  7.44e-002  1.24e-003  4.64e-002  6.36e-006  6.36e-006  2.48e-002  8.62e-003  
3.76980e+016 9.61e-016  4.21e-001  1.66e-001  1.74e-001  8.26e-002  7.44e-002  1.30e-003  4.64e-002  6.56e-006  6.56e-006  2.48e-002  8.66e-003  
3.77083e+016 1.07e-015  4.21e-001  1.67e-001  1.73e-001  8.26e-002  7.44e-002  1.40e-003  4.65e-002  6.87e-006  6.87e-006  2.48e-002  8.71e-003  
3.77248e+016 1.27e-015  4.21e-001  1.67e-001  1.74e-001  8.29e-002  7.43e-002  1.56e-003  4.63e-002  7.38e-006  7.38e-006  2.48e-002  8.76e-003  
3.77450e+016 1.56e-015  4.22e-001  1.65e-001  1.74e-001  8.29e-002  7.46e-002  1.82e-003  4.65e-002  8.03e-006  8.03e-006  2.48e-002  8.93e-003  
3.77655e+016 1.92e-015  4.23e-001  1.63e-001  1.74e-001  8.27e-002  7.43e-002  2.13e-003  4.65e-002  8.47e-006  8.47e-006  2.49e-002  9.05e-003  
3.77936e+016 2.52e-015  4.25e-001  1.60e-001  1.74e-001  8.30e-002  7.47e-002  2.13e-003  4.65e-002  8.34e-006  8.34e-006  2.49e-002  9.26e-003  
3.78016e+016 2.69e-015  4.24e-001  1.59e-001  1.75e-001  8.33e-002  7.48e-002  2.13e-003  4.69e-002  8.33e-006  8.33e-006  2.50e-002  9.34e-003  
3.78111e+016 2.91e-015  4.26e-001  1.58e-001  1.75e-001  8.31e-002  7.49e-002  2.11e-003  4.67e-002  8.24e-006  8.24e-006  2.50e-002  9.41e-003  
3.78273e+016 3.29e-015  4.26e-001  1.56e-001  1.75e-001  8.36e-002  7.51e-002  2.09e-003  4.68e-002  8.18e-006  8.18e-006  2.51e-002  9.58e-003  
3.78530e+016 3.94e-015  4.27e-001  1.53e-001  1.76e-001  8.38e-002  7.55e-002  2.05e-003  4.70e-002  8.03e-006  8.03e-006  2.51e-002  9.76e-003  
3.78818e+016 4.72e-015  4.28e-001  1.51e-001  1.77e-001  8.40e-002  7.57e-002  2.01e-003  4.73e-002  7.87e-006  7.87e-006  2.52e-002  1.00e-002  
3.79076e+016 5.47e-015  4.30e-001  1.48e-001  1.77e-001  8.43e-002  7.57e-002  1.98e-003  4.74e-002  7.74e-006  7.74e-006  2.52e-002  1.02e-002  
3.79253e+016 6.01e-015  4.31e-001  1.46e-001  1.78e-001  8.43e-002  7.58e-002  1.95e-003  4.74e-002  7.63e-006  7.63e-006  2.53e-002  1.03e-002  
3.79502e+016 6.81e-015  4.32e-001  1.44e-001  1.78e-001  8.46e-002  7.61e-002  1.92e-003  4.76e-002  7.52e-006  7.52e-006  2.54e-002  1.06e-002  
3.79755e+016 7.67e-015  4.33e-001  1.41e-001  1.79e-001  8.48e-002  7.63e-002  1.89e-003  4.76e-002  7.40e-006  7.40e-006  2.54e-002  1.08e-002  
3.79897e+016 8.16e-015  4.34e-001  1.40e-001  1.79e-001  8.49e-002  7.64e-002  1.87e-003  4.78e-002  7.33e-006  7.33e-006  2.55e-002  1.09e-002  
3.79918e+016 8.23e-015  4.34e-001  1.40e-001  1.79e-001  8.50e-002  7.65e-002  1.87e-003  4.77e-002  7.33e-006  7.33e-006  2.55e-002  1.09e-002  
3.79956e+016 8.38e-015  4.33e-001  1.40e-001  1.79e-001  8.50e-002  7.65e-002  1.86e-003  4.77e-002  7.29e-006  7.29e-006  2.55e-002  1.09e-002  
3.80017e+016 8.60e-015  4.34e-001  1.39e-001  1.79e-001  8.50e-002  7.65e-002  1.86e-003  4.78e-002  7.27e-006  7.27e-006  2.55e-002  1.10e-002  
3.80129e+016 9.01e-015  4.34e-001  1.39e-001  1.79e-001  8.51e-002  7.66e-002  1.84e-003  4.78e-002  7.23e-006  7.23e-006  2.55e-002  1.11e-002  
3.80319e+016 9.72e-015  4.35e-001  1.37e-001  1.79e-001  8.54e-002  7.68e-002  1.83e-003  4.79e-002  7.15e-006  7.15e-006  2.56e-002  1.13e-002  
3.80578e+016 1.08e-014  4.36e-001  1.35e-001  1.79e-001  8.54e-002  7.69e-002  1.79e-003  4.80e-002  7.02e-006  7.02e-006  2.57e-002  1.15e-002  
3.80629e+016 1.10e-014  4.36e-001  1.34e-001  1.80e-001  8.54e-002  7.69e-002  1.79e-003  4.80e-002  7.00e-006  7.00e-006  2.56e-002  1.16e-002  
3.80713e+016 1.13e-014  4.37e-001  1.34e-001  1.80e-001  8.55e-002  7.70e-002  1.78e-003  4.81e-002  6.98e-006  6.98e-006  2.57e-002  1.16e-002  
3.80859e+016 1.19e-014  4.37e-001  1.32e-001  1.80e-001  8.58e-002  7.71e-002  1.77e-003  4.81e-002  6.92e-006  6.92e-006  2.57e-002  1.18e-002  
3.81083e+016 1.28e-014  4.38e-001  1.31e-001  1.80e-001  8.57e-002  7.72e-002  1.75e-003  4.82e-002  6.84e-006  6.84e-006  2.57e-002  1.20e-002  
3.81265e+016 1.36e-014  4.39e-001  1.29e-001  1.81e-001  8.60e-002  7.71e-002  1.73e-003  4.83e-002  6.77e-006  6.77e-006  2.58e-002  1.22e-002  
3.81480e+016 1.46e-014  4.39e-001  1.28e-001  1.81e-001  8.59e-002  7.77e-002  1.71e-003  4.84e-002  6.69e-006  6.69e-006  2.58e-002  1.25e-002  
3.81769e+016 1.59e-014  4.40e-001  1.26e-001  1.81e-001  8.64e-002  7.76e-002  1.68e-003  4.84e-002  6.62e-006  6.62e-006  2.59e-002  1.28e-002  
3.81836e+016 1.61e-014  4.40e-001  1.26e-001  1.82e-001  8.61e-002  7.74e-002  1.68e-003  4.84e-002  6.57e-006  6.57e-006  2.59e-002  1.29e-002  
3.81952e+016 1.67e-014  4.40e-001  1.25e-001  1.81e-001  8.63e-002  7.79e-002  1.67e-003  4.84e-002  6.53e-006  6.53e-006  2.59e-002  1.29e-002  
3.82149e+016 1.76e-014  4.40e-001  1.24e-001  1.82e-001  8.65e-002  7.80e-002  1.66e-003  4.85e-002  6.49e-006  6.49e-006  2.59e-002  1.32e-002  
3.82433e+016 1.89e-014  4.41e-001  1.22e-001  1.82e-001  8.64e-002  7.79e-002  1.63e-003  4.86e-002  6.41e-006  6.41e-006  2.60e-002  1.35e-002  
3.82740e+016 2.03e-014  4.42e-001  1.21e-001  1.82e-001  8.68e-002  7.79e-002  1.61e-003  4.87e-002  6.36e-006  6.36e-006  2.60e-002  1.38e-002  
3.83054e+016 2.17e-014  4.43e-001  1.19e-001  1.82e-001  8.67e-002  7.79e-002  1.58e-003  4.89e-002  6.32e-006  6.32e-006  2.60e-002  1.41e-002  
3.83376e+016 2.30e-014  4.43e-001  1.18e-001  1.83e-001  8.68e-002  7.81e-002  1.55e-003  4.90e-002  6.29e-006  6.29e-006  2.61e-002  1.45e-002  
3.83751e+016 2.46e-014  4.43e-001  1.17e-001  1.83e-001  8.70e-002  7.84e-002  1.49e-003  4.88e-002  6.38e-006  6.38e-006  2.61e-002  1.50e-002  
3.84132e+016 2.59e-014  4.43e-001  1.16e-001  1.83e-001  8.71e-002  7.83e-002  1.37e-003  4.90e-002  6.63e-006  6.63e-006  2.61e-002  1.54e-002  
3.84531e+016 2.70e-014  4.44e-001  1.15e-001  1.83e-001  8.70e-002  7.81e-002  1.15e-003  4.89e-002  7.22e-006  7.22e-006  2.61e-002  1.59e-002  
3.84962e+016 2.73e-014  4.43e-001  1.15e-001  1.83e-001  8.72e-002  7.84e-002  7.91e-004  4.91e-002  8.39e-006  8.39e-006  2.62e-002  1.66e-002  
3.85449e+016 2.65e-014  4.45e-001  1.14e-001  1.83e-001  8.71e-002  7.84e-002  3.49e-004  4.90e-002  9.99e-006  9.99e-006  2.61e-002  1.73e-002  
3.85990e+016 2.43e-014  4.45e-001  1.14e-001  1.83e-001  8.69e-002  7.82e-002  6.26e-005  4.90e-002  1.07e-005  1.07e-005  2.61e-002  1.82e-002  
3.86597e+016 2.12e-014  4.44e-001  1.14e-001  1.83e-001  8.72e-002  7.82e-002  2.12e-006  4.90e-002  9.09e-006  9.09e-006  2.61e-002  1.94e-002  
3.87288e+016 1.78e-014  4.44e-001  1.12e-001  1.83e-001  8.69e-002  7.85e-002  2.59e-008  4.89e-002  5.48e-006  5.48e-006  2.61e-002  2.06e-002  
3.88139e+016 1.41e-014  4.46e-001  1.06e-001  1.84e-001  8.75e-002  7.90e-002  1.08e-009  4.91e-002  1.82e-006  1.82e-006  2.62e-002  2.24e-002  
3.89093e+016 1.05e-014  4.51e-001  9.47e-002  1.86e-001  8.83e-002  7.95e-002  6.49e-011  4.96e-002  2.47e-007  2.47e-007  2.65e-002  2.49e-002  
3.90068e+016 7.67e-015  4.57e-001  7.99e-002  1.88e-001  8.95e-002  8.07e-002  1.50e-011  5.03e-002  1.22e-008  1.22e-008  2.68e-002  2.78e-002  
3.91088e+016 5.54e-015  4.63e-001  6.40e-002  1.92e-001  9.09e-002  8.17e-002  7.23e-012  5.09e-002  2.67e-010  2.67e-010  2.73e-002  3.13e-002  
3.92181e+016 3.98e-015  4.68e-001  5.01e-002  1.93e-001  9.18e-002  8.28e-002  4.03e-012  5.16e-002  1.44e-010  1.44e-010  2.77e-002  3.52e-002  
3.93325e+016 2.93e-015  4.71e-001  3.99e-002  1.94e-001  9.24e-002  8.32e-002  2.51e-012  5.19e-002  1.85e-010  1.85e-010  2.77e-002  3.99e-002  
3.94519e+016 2.27e-015  4.72e-001  3.31e-002  1.95e-001  9.25e-002  8.33e-002  1.77e-012  5.20e-002  2.26e-010  2.26e-010  2.78e-002  4.49e-002  
3.95803e+016 1.87e-015  4.71e-001  2.91e-002  1.94e-001  9.25e-002  8.29e-002  1.41e-012  5.19e-002  2.68e-010  2.68e-010  2.77e-002  5.09e-002  
3.97190e+016 1.64e-015  4.68e-001  2.74e-002  1.93e-001  9.18e-002  8.27e-002  1.27e-012  5.16e-002  3.08e-010  3.08e-010  2.76e-002  5.77e-002  
3.98699e+016 1.52e-015  4.64e-001  2.76e-002  1.91e-001  9.12e-002  8.20e-002  1.29e-012  5.11e-002  3.47e-010  3.47e-010  2.73e-002  6.55e-002  
4.00514e+016 1.45e-015  4.58e-001  3.01e-002  1.89e-001  8.96e-002  8.06e-002  1.45e-012  5.05e-002  3.86e-010  3.86e-010  2.69e-002  7.51e-002  
4.02549e+016 1.40e-015  4.50e-001  3.55e-002  1.85e-001  8.80e-002  7.94e-002  1.74e-012  4.95e-002  4.19e-010  4.19e-010  2.65e-002  8.58e-002  
4.04761e+016 1.34e-015  4.39e-001  4.44e-002  1.81e-001  8.60e-002  7.78e-002  2.15e-012  4.84e-002  4.44e-010  4.44e-010  2.58e-002  9.73e-002  
4.07070e+016 1.26e-015  4.27e-001  5.73e-002  1.76e-001  8.39e-002  7.55e-002  2.69e-012  4.71e-002  4.60e-010  4.60e-010  2.52e-002  1.08e-001  
4.09451e+016 1.18e-015  4.14e-001  7.49e-002  1.70e-001  8.13e-002  7.32e-002  3.35e-012  4.57e-002  4.63e-010  4.63e-010  2.44e-002  1.16e-001  
4.11988e+016 1.10e-015  3.99e-001  9.90e-002  1.64e-001  7.82e-002  7.04e-002  4.22e-012  4.40e-002  4.51e-010  4.51e-010  2.34e-002  1.22e-001  
4.14624e+016 1.01e-015  3.81e-001  1.30e-001  1.57e-001  7.47e-002  6.73e-002  5.36e-012  4.20e-002  4.22e-010  4.22e-010  2.24e-002  1.25e-001  
4.17462e+016 9.07e-016  3.62e-001  1.70e-001  1.49e-001  7.09e-002  6.39e-002  6.86e-012  3.98e-002  3.77e-010  3.77e-010  2.13e-002  1.24e-001  
4.20512e+016 7.80e-016  3.41e-001  2.14e-001  1.41e-001  6.68e-002  6.02e-002  8.77e-012  3.76e-002  3.18e-010  3.18e-010  2.00e-002  1.19e-001  
4.23867e+016 6.35e-016  3.23e-001  2.57e-001  1.33e-001  6.33e-002  5.70e-002  1.14e-011  3.56e-002  2.55e-010  2.55e-010  1.90e-002  1.13e-001  
4.27356e+016 5.17e-016  3.09e-001  2.90e-001  1.27e-001  6.05e-002  5.43e-002  1.56e-011  3.40e-002  2.01e-010  2.01e-010  1.81e-002  1.06e-001  
4.30994e+016 4.49e-016  3.01e-001  3.12e-001  1.24e-001  5.91e-002  5.31e-002  2.47e-011  3.32e-002  1.72e-010  1.72e-010  1.77e-002  9.99e-002  
4.34671e+016 4.32e-016  2.96e-001  3.28e-001  1.22e-001  5.81e-002  5.23e-002  4.70e-011  3.26e-002  1.70e-010  1.70e-010  1.74e-002  9.30e-002  
4.38104e+016 4.46e-016  2.94e-001  3.39e-001  1.21e-001  5.76e-002  5.18e-002  9.53e-011  3.23e-002  1.61e-010  1.61e-010  1.73e-002  8.75e-002  
4.41007e+016 4.73e-016  2.92e-001  3.47e-001  1.21e-001  5.73e-002  5.16e-002  1.77e-010  3.22e-002  1.42e-010  1.42e-010  1.72e-002  8.21e-002  
4.42181e+016 4.86e-016  2.92e-001  3.50e-001  1.20e-001  5.72e-002  5.16e-002  2.18e-010  3.21e-002  1.37e-010  1.37e-010  1.72e-002  8.02e-002  
4.42811e+016 4.95e-016  2.91e-001  3.52e-001  1.20e-001  5.72e-002  5.14e-002  2.53e-010  3.21e-002  1.37e-010  1.37e-010  1.71e-002  7.90e-002  
4.43809e+016 5.07e-016  2.92e-001  3.53e-001  1.20e-001  5.72e-002  5.15e-002  3.00e-010  3.21e-002  1.39e-010  1.39e-010  1.71e-002  7.71e-002  
4.45030e+016 5.25e-016  2.92e-001  3.56e-001  1.20e-001  5.70e-002  5.13e-002  3.58e-010  3.20e-002  1.39e-010  1.39e-010  1.71e-002  7.47e-002  
4.45401e+016 5.29e-016  2.91e-001  3.57e-001  1.20e-001  5.71e-002  5.14e-002  3.84e-010  3.21e-002  1.40e-010  1.40e-010  1.71e-002  7.43e-002  
4.45998e+016 5.38e-016  2.90e-001  3.59e-001  1.20e-001  5.71e-002  5.13e-002  4.41e-010  3.20e-002  1.39e-010  1.39e-010  1.71e-002  7.33e-002  
4.46779e+016 5.51e-016  2.90e-001  3.61e-001  1.19e-001  5.68e-002  5.12e-002  4.92e-010  3.19e-002  1.39e-010  1.39e-010  1.70e-002  7.19e-002  
4.48006e+016 5.69e-016  2.90e-001  3.64e-001  1.19e-001  5.68e-002  5.11e-002  5.66e-010  3.20e-002  1.39e-010  1.39e-010  1.70e-002  6.99e-002  
4.48529e+016 5.78e-016  2.89e-001  3.65e-001  1.19e-001  5.68e-002  5.11e-002  6.03e-010  3.19e-002  1.40e-010  1.40e-010  1.70e-002  6.93e-002  
4.48834e+016 5.83e-016  2.90e-001  3.65e-001  1.19e-001  5.68e-002  5.11e-002  6.38e-010  3.19e-002  1.38e-010  1.38e-010  1.70e-002  6.85e-002  
4.49346e+016 5.91e-016  2.89e-001  3.67e-001  1.19e-001  5.67e-002  5.11e-002  6.87e-010  3.18e-002  1.37e-010  1.37e-010  1.71e-002  6.77e-002  
4.49870e+016 5.99e-016  2.89e-001  3.69e-001  1.19e-001  5.67e-002  5.10e-002  7.27e-010  3.19e-002  1.37e-010  1.37e-010  1.70e-002  6.69e-002  
4.50684e+016 6.14e-016  2.88e-001  3.71e-001  1.19e-001  5.67e-002  5.10e-002  7.78e-010  3.17e-002  1.38e-010  1.38e-010  1.69e-002  6.54e-002  
4.51867e+016 6.36e-016  2.88e-001  3.74e-001  1.19e-001  5.64e-002  5.08e-002  8.52e-010  3.18e-002  1.37e-010  1.37e-010  1.70e-002  6.37e-002  
4.51946e+016 6.37e-016  2.87e-001  3.74e-001  1.19e-001  5.65e-002  5.09e-002  8.59e-010  3.17e-002  1.38e-010  1.38e-010  1.70e-002  6.38e-002  
4.52061e+016 6.39e-016  2.88e-001  3.74e-001  1.19e-001  5.65e-002  5.08e-002  8.73e-010  3.18e-002  1.38e-010  1.38e-010  1.69e-002  6.35e-002  
4.52265e+016 6.43e-016  2.88e-001  3.75e-001  1.19e-001  5.65e-002  5.07e-002  8.97e-010  3.17e-002  1.36e-010  1.36e-010  1.70e-002  6.30e-002  
4.52632e+016 6.50e-016  2.88e-001  3.76e-001  1.18e-001  5.63e-002  5.08e-002  9.34e-010  3.17e-002  1.34e-010  1.34e-010  1.69e-002  6.25e-002  
4.53239e+016 6.62e-016  2.87e-001  3.78e-001  1.18e-001  5.62e-002  5.06e-002  9.84e-010  3.16e-002  1.33e-010  1.33e-010  1.69e-002  6.14e-002  
4.54167e+016 6.80e-016  2.87e-001  3.80e-001  1.18e-001  5.62e-002  5.06e-002  1.04e-009  3.16e-002  1.34e-010  1.34e-010  1.69e-002  5.99e-002  
4.55446e+016 7.05e-016  2.86e-001  3.83e-001  1.18e-001  5.61e-002  5.05e-002  1.13e-009  3.15e-002  1.33e-010  1.33e-010  1.69e-002  5.80e-002  
4.55658e+016 7.09e-016  2.86e-001  3.83e-001  1.18e-001  5.61e-002  5.05e-002  1.14e-009  3.14e-002  1.33e-010  1.33e-010  1.68e-002  5.77e-002  
4.55697e+016 7.10e-016  2.86e-001  3.83e-001  1.18e-001  5.61e-002  5.05e-002  1.14e-009  3.16e-002  1.34e-010  1.34e-010  1.68e-002  5.78e-002  
4.55761e+016 7.11e-016  2.85e-001  3.84e-001  1.18e-001  5.61e-002  5.05e-002  1.15e-009  3.15e-002  1.34e-010  1.34e-010  1.69e-002  5.77e-002  
4.55871e+016 7.13e-016  2.86e-001  3.84e-001  1.18e-001  5.61e-002  5.05e-002  1.17e-009  3.15e-002  1.34e-010  1.34e-010  1.68e-002  5.73e-002  
4.56066e+016 7.17e-016  2.86e-001  3.85e-001  1.18e-001  5.60e-002  5.05e-002  1.19e-009  3.15e-002  1.32e-010  1.32e-010  1.69e-002  5.70e-002  
4.56410e+016 7.24e-016  2.86e-001  3.85e-001  1.18e-001  5.59e-002  5.04e-002  1.23e-009  3.15e-002  1.30e-010  1.30e-010  1.68e-002  5.66e-002  
4.56849e+016 7.33e-016  2.85e-001  3.87e-001  1.17e-001  5.59e-002  5.03e-002  1.27e-009  3.14e-002  1.29e-010  1.29e-010  1.68e-002  5.60e-002  
4.57241e+016 7.42e-016  2.85e-001  3.88e-001  1.17e-001  5.58e-002  5.03e-002  1.31e-009  3.14e-002  1.29e-010  1.29e-010  1.67e-002  5.54e-002  
4.57850e+016 7.55e-016  2.85e-001  3.89e-001  1.17e-001  5.58e-002  5.02e-002  1.35e-009  3.13e-002  1.30e-010  1.30e-010  1.67e-002  5.46e-002  
4.58802e+016 7.75e-016  2.84e-001  3.92e-001  1.17e-001  5.56e-002  5.01e-002  1.42e-009  3.12e-002  1.30e-010  1.30e-010  1.66e-002  5.33e-002  
4.59720e+016 7.95e-016  2.83e-001  3.95e-001  1.17e-001  5.56e-002  4.99e-002  1.50e-009  3.12e-002  1.31e-010  1.31e-010  1.66e-002  5.19e-002  
4.59734e+016 7.95e-016  2.83e-001  3.95e-001  1.17e-001  5.56e-002  5.00e-002  1.50e-009  3.12e-002  1.31e-010  1.31e-010  1.67e-002  5.19e-002  
4.59759e+016 7.95e-016  2.83e-001  3.95e-001  1.17e-001  5.56e-002  5.00e-002  1.50e-009  3.12e-002  1.31e-010  1.31e-010  1.67e-002  5.20e-002  
4.59802e+016 7.97e-016  2.84e-001  3.94e-001  1.17e-001  5.55e-002  5.00e-002  1.51e-009  3.13e-002  1.31e-010  1.31e-010  1.67e-002  5.21e-002  
4.59873e+016 7.98e-016  2.83e-001  3.95e-001  1.17e-001  5.55e-002  5.00e-002  1.52e-009  3.12e-002  1.32e-010  1.32e-010  1.67e-002  5.18e-002  
4.59993e+016 8.02e-016  2.83e-001  3.95e-001  1.17e-001  5.55e-002  4.99e-002  1.53e-009  3.12e-002  1.31e-010  1.31e-010  1.66e-002  5.15e-002  
4.60196e+016 8.06e-016  2.83e-001  3.96e-001  1.17e-001  5.55e-002  4.99e-002  1.58e-009  3.12e-002  1.29e-010  1.29e-010  1.66e-002  5.13e-002  
4.60580e+016 8.14e-016  2.83e-001  3.97e-001  1.16e-001  5.54e-002  4.99e-002  1.63e-009  3.11e-002  1.28e-010  1.28e-010  1.66e-002  5.09e-002  
4.61139e+016 8.27e-016  2.82e-001  3.99e-001  1.16e-001  5.53e-002  4.97e-002  1.71e-009  3.11e-002  1.27e-010  1.27e-010  1.66e-002  5.02e-002  
4.61801e+016 8.43e-016  2.81e-001  4.01e-001  1.16e-001  5.52e-002  4.97e-002  1.78e-009  3.10e-002  1.28e-010  1.28e-010  1.66e-002  4.94e-002  
4.62829e+016 8.68e-016  2.81e-001  4.03e-001  1.15e-001  5.51e-002  4.96e-002  1.89e-009  3.09e-002  1.31e-010  1.31e-010  1.65e-002  4.79e-002  
4.63958e+016 8.95e-016  2.80e-001  4.07e-001  1.15e-001  5.50e-002  4.94e-002  2.03e-009  3.08e-002  1.34e-010  1.34e-010  1.64e-002  4.64e-002  
4.64165e+016 9.01e-016  2.80e-001  4.07e-001  1.15e-001  5.48e-002  4.94e-002  2.06e-009  3.09e-002  1.34e-010  1.34e-010  1.64e-002  4.61e-002  
4.64187e+016 9.01e-016  2.80e-001  4.07e-001  1.15e-001  5.48e-002  4.94e-002  2.06e-009  3.08e-002  1.34e-010  1.34e-010  1.64e-002  4.63e-002  
4.64224e+016 9.02e-016  2.80e-001  4.07e-001  1.15e-001  5.49e-002  4.94e-002  2.07e-009  3.08e-002  1.35e-010  1.35e-010  1.64e-002  4.64e-002  
4.64286e+016 9.04e-016  2.80e-001  4.07e-001  1.15e-001  5.48e-002  4.94e-002  2.09e-009  3.08e-002  1.36e-010  1.36e-010  1.65e-002  4.60e-002  
4.64396e+016 9.05e-016  2.80e-001  4.08e-001  1.15e-001  5.49e-002  4.94e-002  2.12e-009  3.08e-002  1.37e-010  1.37e-010  1.65e-002  4.59e-002  
4.64596e+016 9.10e-016  2.80e-001  4.08e-001  1.15e-001  5.48e-002  4.93e-002  2.17e-009  3.08e-002  1.37e-010  1.37e-010  1.65e-002  4.56e-002  
4.64933e+016 9.20e-016  2.79e-001  4.09e-001  1.15e-001  5.47e-002  4.93e-002  2.26e-009  3.08e-002  1.38e-010  1.38e-010  1.64e-002  4.51e-002  
4.65501e+016 9.33e-016  2.79e-001  4.11e-001  1.15e-001  5.47e-002  4.92e-002  2.39e-009  3.07e-002  1.39e-010  1.39e-010  1.64e-002  4.46e-002  
4.66259e+016 9.53e-016  2.78e-001  4.13e-001  1.14e-001  5.44e-002  4.90e-002  2.55e-009  3.06e-002  1.43e-010  1.43e-010  1.64e-002  4.38e-002  
4.67450e+016 9.83e-016  2.77e-001  4.17e-001  1.14e-001  5.43e-002  4.89e-002  2.82e-009  3.05e-002  1.49e-010  1.49e-010  1.63e-002  4.25e-002  
4.68726e+016 1.02e-015  2.75e-001  4.21e-001  1.14e-001  5.40e-002  4.86e-002  3.15e-009  3.04e-002  1.59e-010  1.59e-010  1.62e-002  4.10e-002  
4.69009e+016 1.02e-015  2.75e-001  4.22e-001  1.13e-001  5.40e-002  4.86e-002  3.24e-009  3.03e-002  1.62e-010  1.62e-010  1.62e-002  4.08e-002  
4.69024e+016 1.02e-015  2.75e-001  4.22e-001  1.13e-001  5.40e-002  4.86e-002  3.25e-009  3.03e-002  1.63e-010  1.63e-010  1.62e-002  4.08e-002  
4.69048e+016 1.03e-015  2.75e-001  4.22e-001  1.13e-001  5.40e-002  4.85e-002  3.26e-009  3.03e-002  1.63e-010  1.63e-010  1.62e-002  4.08e-002  
4.69090e+016 1.03e-015  2.76e-001  4.22e-001  1.13e-001  5.39e-002  4.86e-002  3.26e-009  3.03e-002  1.64e-010  1.64e-010  1.62e-002  4.09e-002  
4.69160e+016 1.03e-015  2.75e-001  4.21e-001  1.14e-001  5.40e-002  4.85e-002  3.30e-009  3.03e-002  1.65e-010  1.65e-010  1.61e-002  4.07e-002  
4.69279e+016 1.03e-015  2.75e-001  4.22e-001  1.13e-001  5.39e-002  4.85e-002  3.36e-009  3.03e-002  1.69e-010  1.69e-010  1.62e-002  4.04e-002  
4.69476e+016 1.04e-015  2.75e-001  4.23e-001  1.13e-001  5.39e-002  4.85e-002  3.47e-009  3.03e-002  1.75e-010  1.75e-010  1.61e-002  4.02e-002  
4.69806e+016 1.04e-015  2.74e-001  4.24e-001  1.13e-001  5.38e-002  4.84e-002  3.65e-009  3.03e-002  1.82e-010  1.82e-010  1.61e-002  3.99e-002  
4.70337e+016 1.06e-015  2.74e-001  4.26e-001  1.12e-001  5.37e-002  4.83e-002  3.92e-009  3.01e-002  1.91e-010  1.91e-010  1.61e-002  3.94e-002  
4.70622e+016 1.07e-015  2.73e-001  4.27e-001  1.13e-001  5.36e-002  4.82e-002  4.07e-009  3.01e-002  1.95e-010  1.95e-010  1.60e-002  3.91e-002  
4.71061e+016 1.08e-015  2.73e-001  4.28e-001  1.12e-001  5.35e-002  4.81e-002  4.29e-009  3.00e-002  2.00e-010  2.00e-010  1.60e-002  3.88e-002  
4.71746e+016 1.10e-015  2.72e-001  4.31e-001  1.12e-001  5.33e-002  4.80e-002  4.66e-009  2.99e-002  2.10e-010  2.10e-010  1.60e-002  3.80e-002  
4.72860e+016 1.13e-015  2.71e-001  4.34e-001  1.11e-001  5.30e-002  4.77e-002  5.35e-009  2.98e-002  2.31e-010  2.31e-010  1.59e-002  3.68e-002  
4.74240e+016 1.17e-015  2.69e-001  4.40e-001  1.10e-001  5.27e-002  4.74e-002  6.42e-009  2.96e-002  2.66e-010  2.66e-010  1.58e-002  3.58e-002  
4.74305e+016 1.17e-015  2.69e-001  4.39e-001  1.11e-001  5.26e-002  4.73e-002  6.47e-009  2.96e-002  2.67e-010  2.67e-010  1.58e-002  3.57e-002  
4.74313e+016 1.17e-015  2.69e-001  4.39e-001  1.11e-001  5.26e-002  4.73e-002  6.49e-009  2.96e-002  2.68e-010  2.68e-010  1.58e-002  3.57e-002  
4.74348e+016 1.17e-015  2.68e-001  4.40e-001  1.11e-001  5.26e-002  4.74e-002  6.52e-009  2.96e-002  2.68e-010  2.68e-010  1.58e-002  3.56e-002  
4.74406e+016 1.17e-015  2.68e-001  4.40e-001  1.11e-001  5.27e-002  4.74e-002  6.58e-009  2.96e-002  2.71e-010  2.71e-010  1.58e-002  3.56e-002  
4.74503e+016 1.18e-015  2.69e-001  4.40e-001  1.11e-001  5.26e-002  4.74e-002  6.68e-009  2.96e-002  2.76e-010  2.76e-010  1.58e-002  3.55e-002  
4.74676e+016 1.18e-015  2.69e-001  4.41e-001  1.10e-001  5.26e-002  4.74e-002  6.88e-009  2.96e-002  2.86e-010  2.86e-010  1.58e-002  3.53e-002  
4.74972e+016 1.19e-015  2.68e-001  4.42e-001  1.10e-001  5.26e-002  4.73e-002  7.27e-009  2.95e-002  3.08e-010  3.08e-010  1.58e-002  3.50e-002  
4.75283e+016 1.20e-015  2.68e-001  4.42e-001  1.10e-001  5.24e-002  4.72e-002  7.70e-009  2.94e-002  3.33e-010  3.33e-010  1.57e-002  3.47e-002  
4.75365e+016 1.20e-015  2.67e-001  4.43e-001  1.10e-001  5.24e-002  4.72e-002  7.82e-009  2.95e-002  3.39e-010  3.39e-010  1.57e-002  3.46e-002  
4.75556e+016 1.20e-015  2.67e-001  4.44e-001  1.10e-001  5.24e-002  4.71e-002  8.10e-009  2.94e-002  3.54e-010  3.54e-010  1.57e-002  3.44e-002  
4.75856e+016 1.21e-015  2.66e-001  4.45e-001  1.10e-001  5.22e-002  4.70e-002  8.50e-009  2.94e-002  3.76e-010  3.76e-010  1.57e-002  3.41e-002  
4.76342e+016 1.23e-015  2.66e-001  4.47e-001  1.09e-001  5.21e-002  4.69e-002  9.30e-009  2.93e-002  4.09e-010  4.09e-010  1.57e-002  3.38e-002  
4.77120e+016 1.25e-015  2.65e-001  4.50e-001  1.09e-001  5.19e-002  4.67e-002  1.06e-008  2.91e-002  4.70e-010  4.70e-010  1.56e-002  3.30e-002  
4.78339e+016 1.29e-015  2.63e-001  4.54e-001  1.08e-001  5.16e-002  4.64e-002  1.29e-008  2.90e-002  5.83e-010  5.83e-010  1.55e-002  3.20e-002  
4.79819e+016 1.33e-015  2.61e-001  4.60e-001  1.07e-001  5.11e-002  4.60e-002  1.66e-008  2.87e-002  7.89e-010  7.89e-010  1.53e-002  3.09e-002  
4.80101e+016 1.34e-015  2.60e-001  4.60e-001  1.07e-001  5.10e-002  4.59e-002  1.75e-008  2.87e-002  8.36e-010  8.36e-010  1.53e-002  3.06e-002  
4.80156e+016 1.34e-015  2.60e-001  4.61e-001  1.07e-001  5.10e-002  4.59e-002  1.76e-008  2.86e-002  8.50e-010  8.50e-010  1.53e-002  3.06e-002  
4.80288e+016 1.35e-015  2.60e-001  4.62e-001  1.07e-001  5.10e-002  4.59e-002  1.81e-008  2.86e-002  8.69e-010  8.69e-010  1.53e-002  3.05e-002  
4.80511e+016 1.35e-015  2.60e-001  4.62e-001  1.07e-001  5.09e-002  4.58e-002  1.88e-008  2.86e-002  9.17e-010  9.17e-010  1.52e-002  3.02e-002  
4.80875e+016 1.36e-015  2.59e-001  4.64e-001  1.06e-001  5.08e-002  4.57e-002  2.00e-008  2.86e-002  1.01e-009  1.01e-009  1.53e-002  3.00e-002  
4.81463e+016 1.38e-015  2.58e-001  4.66e-001  1.07e-001  5.07e-002  4.56e-002  2.24e-008  2.85e-002  1.17e-009  1.17e-009  1.52e-002  2.94e-002  
4.82445e+016 1.41e-015  2.57e-001  4.70e-001  1.06e-001  5.03e-002  4.53e-002  2.70e-008  2.83e-002  1.54e-009  1.54e-009  1.51e-002  2.87e-002  
4.83636e+016 1.45e-015  2.55e-001  4.74e-001  1.05e-001  4.99e-002  4.50e-002  3.39e-008  2.81e-002  2.16e-009  2.16e-009  1.50e-002  2.78e-002  
4.84912e+016 1.49e-015  2.53e-001  4.79e-001  1.04e-001  4.95e-002  4.46e-002  4.34e-008  2.79e-002  3.10e-009  3.10e-009  1.49e-002  2.68e-002  
4.86294e+016 1.53e-015  2.50e-001  4.85e-001  1.03e-001  4.91e-002  4.42e-002  5.71e-008  2.76e-002  4.66e-009  4.66e-009  1.47e-002  2.55e-002  
4.87591e+016 1.57e-015  2.48e-001  4.90e-001  1.02e-001  4.86e-002  4.38e-002  7.38e-008  2.73e-002  6.87e-009  6.87e-009  1.46e-002  2.46e-002  
4.88968e+016 1.61e-015  2.45e-001  4.98e-001  1.01e-001  4.80e-002  4.32e-002  9.79e-008  2.70e-002  1.05e-008  1.05e-008  1.44e-002  2.36e-002  
4.90444e+016 1.66e-015  2.41e-001  5.06e-001  9.96e-002  4.74e-002  4.26e-002  1.33e-007  2.66e-002  1.65e-008  1.65e-008  1.42e-002  2.23e-002  
4.91980e+016 1.70e-015  2.37e-001  5.15e-001  9.75e-002  4.65e-002  4.19e-002  1.82e-007  2.61e-002  2.65e-008  2.65e-008  1.40e-002  2.11e-002  
4.93317e+016 1.74e-015  2.33e-001  5.24e-001  9.60e-002  4.58e-002  4.12e-002  2.39e-007  2.57e-002  3.98e-008  3.98e-008  1.37e-002  2.03e-002  
4.94239e+016 1.77e-015  2.31e-001  5.30e-001  9.51e-002  4.52e-002  4.07e-002  2.87e-007  2.54e-002  5.25e-008  5.25e-008  1.36e-002  1.96e-002  
4.95192e+016 1.79e-015  2.28e-001  5.36e-001  9.38e-002  4.47e-002  4.02e-002  3.46e-007  2.51e-002  6.98e-008  6.98e-008  1.34e-002  1.88e-002  
4.96202e+016 1.82e-015  2.25e-001  5.43e-001  9.25e-002  4.40e-002  3.96e-002  4.20e-007  2.47e-002  9.41e-008  9.41e-008  1.32e-002  1.80e-002  
4.97297e+016 1.85e-015  2.20e-001  5.52e-001  9.09e-002  4.32e-002  3.89e-002  5.13e-007  2.43e-002  1.29e-007  1.29e-007  1.30e-002  1.73e-002  
4.98461e+016 1.87e-015  2.17e-001  5.60e-001  8.91e-002  4.24e-002  3.82e-002  6.35e-007  2.39e-002  1.80e-007  1.80e-007  1.28e-002  1.64e-002  
4.99670e+016 1.90e-015  2.12e-001  5.69e-001  8.75e-002  4.16e-002  3.75e-002  7.80e-007  2.34e-002  2.52e-007  2.52e-007  1.25e-002  1.56e-002  
5.00936e+016 1.92e-015  2.08e-001  5.79e-001  8.55e-002  4.07e-002  3.67e-002  9.65e-007  2.29e-002  3.56e-007  3.56e-007  1.22e-002  1.47e-002  
5.02240e+016 1.95e-015  2.10e-001  5.76e-001  8.64e-002  4.12e-002  3.71e-002  1.16e-006  2.31e-002  4.92e-007  4.92e-007  1.23e-002  1.36e-002  
5.03584e+016 1.95e-015  2.16e-001  5.65e-001  8.89e-002  4.24e-002  3.81e-002  1.36e-006  2.38e-002  6.68e-007  6.68e-007  1.27e-002  1.23e-002  
5.05026e+016 1.92e-015  2.21e-001  5.56e-001  9.10e-002  4.34e-002  3.90e-002  1.60e-006  2.44e-002  9.30e-007  9.30e-007  1.30e-002  1.13e-002  
5.05959e+016 1.91e-015  2.22e-001  5.55e-001  9.16e-002  4.35e-002  3.92e-002  1.77e-006  2.44e-002  1.15e-006  1.15e-006  1.30e-002  1.10e-002  
5.06957e+016 1.89e-015  2.22e-001  5.54e-001  9.19e-002  4.36e-002  3.92e-002  1.95e-006  2.45e-002  1.42e-006  1.42e-006  1.31e-002  1.07e-002  
5.07988e+016 1.86e-015  2.23e-001  5.53e-001  9.23e-002  4.38e-002  3.94e-002  2.16e-006  2.46e-002  1.77e-006  1.77e-006  1.31e-002  1.03e-002  
5.09058e+016 1.83e-015  2.23e-001  5.53e-001  9.20e-002  4.38e-002  3.94e-002  2.39e-006  2.46e-002  2.19e-006  2.19e-006  1.31e-002  1.00e-002  
5.10237e+016 1.76e-015  2.25e-001  5.51e-001  9.25e-002  4.41e-002  3.97e-002  2.65e-006  2.48e-002  2.76e-006  2.76e-006  1.32e-002  9.71e-003  
5.11496e+016 1.68e-015  2.26e-001  5.50e-001  9.28e-002  4.42e-002  3.97e-002  2.94e-006  2.48e-002  3.50e-006  3.50e-006  1.33e-002  9.40e-003  
5.12843e+016 1.58e-015  2.27e-001  5.48e-001  9.33e-002  4.44e-002  3.99e-002  3.26e-006  2.49e-002  4.45e-006  4.45e-006  1.33e-002  9.07e-003  
5.14296e+016 1.45e-015  2.27e-001  5.47e-001  9.33e-002  4.45e-002  4.01e-002  3.64e-006  2.50e-002  5.73e-006  5.73e-006  1.33e-002  8.71e-003  
5.15425e+016 1.35e-015  2.27e-001  5.47e-001  9.36e-002  4.45e-002  4.01e-002  3.98e-006  2.50e-002  6.93e-006  6.93e-006  1.34e-002  8.47e-003  
5.16792e+016 1.22e-015  2.28e-001  5.46e-001  9.39e-002  4.47e-002  4.03e-002  4.45e-006  2.51e-002  8.65e-006  8.65e-006  1.34e-002  8.25e-003  
5.18319e+016 1.11e-015  2.28e-001  5.46e-001  9.37e-002  4.48e-002  4.03e-002  5.06e-006  2.51e-002  1.11e-005  1.11e-005  1.34e-002  8.02e-003  
5.19950e+016 1.02e-015  2.28e-001  5.45e-001  9.42e-002  4.48e-002  4.04e-002  5.84e-006  2.52e-002  1.41e-005  1.41e-005  1.34e-002  7.74e-003  
5.21655e+016 9.71e-016  2.29e-001  5.45e-001  9.43e-002  4.49e-002  4.04e-002  6.82e-006  2.52e-002  1.81e-005  1.81e-005  1.35e-002  7.51e-003  
5.23457e+016 9.67e-016  2.29e-001  5.44e-001  9.46e-002  4.50e-002  4.05e-002  8.02e-006  2.53e-002  2.33e-005  2.33e-005  1.35e-002  7.26e-003  
5.25384e+016 1.01e-015  2.30e-001  5.43e-001  9.47e-002  4.51e-002  4.05e-002  9.56e-006  2.53e-002  3.01e-005  3.01e-005  1.35e-002  7.01e-003  
5.27451e+016 1.11e-015  2.30e-001  5.43e-001  9.45e-002  4.52e-002  4.06e-002  1.15e-005  2.54e-002  3.90e-005  3.90e-005  1.35e-002  6.78e-003  
5.29668e+016 1.26e-015  2.31e-001  5.42e-001  9.51e-002  4.52e-002  4.07e-002  1.40e-005  2.54e-002  5.07e-005  5.07e-005  1.36e-002  6.56e-003  
5.31993e+016 1.46e-015  2.31e-001  5.41e-001  9.56e-002  4.53e-002  4.08e-002  1.69e-005  2.55e-002  6.58e-005  6.58e-005  1.36e-002  6.32e-003  
5.34440e+016 1.73e-015  2.32e-001  5.40e-001  9.54e-002  4.55e-002  4.09e-002  2.05e-005  2.55e-002  8.50e-005  8.50e-005  1.36e-002  6.13e-003  
5.36995e+016 2.06e-015  2.33e-001  5.38e-001  9.60e-002  4.57e-002  4.11e-002  2.49e-005  2.56e-002  1.10e-004  1.10e-004  1.37e-002  5.91e-003  
5.39765e+016 2.50e-015  2.34e-001  5.37e-001  9.61e-002  4.57e-002  4.13e-002  3.03e-005  2.58e-002  1.42e-004  1.42e-004  1.37e-002  5.73e-003  
5.42627e+016 3.04e-015  2.34e-001  5.36e-001  9.64e-002  4.57e-002  4.14e-002  3.65e-005  2.58e-002  1.82e-004  1.82e-004  1.37e-002  5.56e-003  
5.45738e+016 3.73e-015  2.35e-001  5.34e-001  9.71e-002  4.61e-002  4.16e-002  4.42e-005  2.59e-002  2.34e-004  2.34e-004  1.38e-002  5.36e-003  
5.49079e+016 4.60e-015  2.37e-001  5.30e-001  9.76e-002  4.65e-002  4.17e-002  5.37e-005  2.61e-002  3.02e-004  3.02e-004  1.39e-002  5.22e-003  
5.52575e+016 5.67e-015  2.38e-001  5.28e-001  9.83e-002  4.68e-002  4.22e-002  6.48e-005  2.63e-002  3.86e-004  3.86e-004  1.40e-002  5.10e-003  
5.56155e+016 6.95e-015  2.40e-001  5.24e-001  9.91e-002  4.72e-002  4.24e-002  7.68e-005  2.65e-002  4.88e-004  4.88e-004  1.41e-002  4.96e-003  
5.59918e+016 8.51e-015  2.42e-001  5.20e-001  9.98e-002  4.75e-002  4.28e-002  9.10e-005  2.67e-002  6.14e-004  6.14e-004  1.42e-002  4.88e-003  
5.63913e+016 1.04e-014  2.44e-001  5.15e-001  1.01e-001  4.79e-002  4.32e-002  1.07e-004  2.69e-002  7.71e-004  7.71e-004  1.44e-002  4.77e-003  
5.68226e+016 1.27e-014  2.47e-001  5.09e-001  1.02e-001  4.85e-002  4.37e-002  1.26e-004  2.73e-002  9.69e-004  9.69e-004  1.46e-002  4.74e-003  
5.72780e+016 1.55e-014  2.51e-001  5.01e-001  1.04e-001  4.92e-002  4.43e-002  1.47e-004  2.76e-002  1.21e-003  1.21e-003  1.48e-002  4.66e-003  
5.77650e+016 1.87e-014  2.54e-001  4.94e-001  1.05e-001  4.99e-002  4.49e-002  1.71e-004  2.80e-002  1.51e-003  1.51e-003  1.49e-002  4.64e-003  
5.82707e+016 2.26e-014  2.58e-001  4.87e-001  1.06e-001  5.05e-002  4.56e-002  1.96e-004  2.84e-002  1.86e-003  1.86e-003  1.51e-002  4.60e-003  
5.88124e+016 2.70e-014  2.62e-001  4.77e-001  1.08e-001  5.14e-002  4.62e-002  2.24e-004  2.89e-002  2.29e-003  2.29e-003  1.54e-002  4.62e-003  
5.93801e+016 3.21e-014  2.67e-001  4.67e-001  1.10e-001  5.23e-002  4.70e-002  2.53e-004  2.94e-002  2.79e-003  2.79e-003  1.57e-002  4.64e-003  
5.99878e+016 3.80e-014  2.71e-001  4.56e-001  1.12e-001  5.35e-002  4.79e-002  2.85e-004  3.00e-002  3.40e-003  3.40e-003  1.60e-002  4.69e-003  
6.06254e+016 4.47e-014  2.78e-001  4.43e-001  1.14e-001  5.44e-002  4.88e-002  3.16e-004  3.05e-002  4.10e-003  4.10e-003  1.63e-002  4.73e-003  
6.12860e+016 5.19e-014  2.83e-001  4.31e-001  1.16e-001  5.53e-002  4.99e-002  4.04e-004  3.10e-002  4.91e-003  4.91e-003  1.66e-002  4.79e-003  
6.19772e+016 5.99e-014  2.87e-001  4.19e-001  1.19e-001  5.65e-002  5.08e-002  5.78e-004  3.17e-002  5.85e-003  5.85e-003  1.69e-002  4.85e-003  
6.27006e+016 6.85e-014  2.93e-001  4.06e-001  1.21e-001  5.75e-002  5.18e-002  8.20e-004  3.24e-002  6.90e-003  6.90e-003  1.72e-002  4.98e-003  
6.34752e+016 7.83e-014  2.99e-001  3.92e-001  1.23e-001  5.85e-002  5.26e-002  1.17e-003  3.28e-002  8.09e-003  8.09e-003  1.75e-002  5.03e-003  
6.43223e+016 8.90e-014  3.04e-001  3.77e-001  1.26e-001  5.96e-002  5.37e-002  1.67e-003  3.35e-002  9.50e-003  9.50e-003  1.79e-002  5.14e-003  
6.52408e+016 1.01e-013  3.10e-001  3.63e-001  1.28e-001  6.07e-002  5.47e-002  2.41e-003  3.41e-002  1.11e-002  1.11e-002  1.82e-002  5.25e-003  
6.62440e+016 1.14e-013  3.15e-001  3.47e-001  1.30e-001  6.19e-002  5.56e-002  3.48e-003  3.47e-002  1.30e-002  1.30e-002  1.85e-002  5.41e-003  
6.73219e+016 1.28e-013  3.20e-001  3.31e-001  1.32e-001  6.28e-002  5.66e-002  5.00e-003  3.53e-002  1.50e-002  1.50e-002  1.88e-002  5.50e-003  
6.84641e+016 1.43e-013  3.25e-001  3.16e-001  1.34e-001  6.37e-002  5.74e-002  7.09e-003  3.58e-002  1.72e-002  1.72e-002  1.92e-002  5.70e-003  
6.96945e+016 1.58e-013  3.29e-001  2.99e-001  1.36e-001  6.47e-002  5.81e-002  9.90e-003  3.63e-002  1.95e-002  1.95e-002  1.93e-002  5.80e-003  
7.10391e+016 1.73e-013  3.33e-001  2.83e-001  1.37e-001  6.52e-002  5.89e-002  1.36e-002  3.67e-002  2.19e-002  2.19e-002  1.96e-002  5.94e-003  
7.25155e+016 1.89e-013  3.36e-001  2.67e-001  1.39e-001  6.61e-002  5.93e-002  1.82e-002  3.71e-002  2.43e-002  2.43e-002  1.98e-002  6.03e-003  
7.42223e+016 2.05e-013  3.40e-001  2.49e-001  1.40e-001  6.68e-002  6.00e-002  2.41e-002  3.75e-002  2.66e-002  2.66e-002  2.00e-002  6.20e-003  
7.63108e+016 2.21e-013  3.44e-001  2.30e-001  1.42e-001  6.74e-002  6.06e-002  3.11e-002  3.79e-002  2.89e-002  2.89e-002  2.02e-002  6.29e-003  
7.86896e+016 2.34e-013  3.48e-001  2.11e-001  1.43e-001  6.83e-002  6.15e-002  3.81e-002  3.84e-002  3.05e-002  3.05e-002  2.05e-002  6.45e-003  
8.18150e+016 2.44e-013  3.55e-001  1.89e-001  1.46e-001  6.97e-002  6.27e-002  4.47e-002  3.91e-002  3.16e-002  3.16e-002  2.09e-002  6.60e-003  
8.55776e+016 2.46e-013  3.64e-001  1.67e-001  1.50e-001  7.16e-002  6.42e-002  4.88e-002  4.01e-002  3.15e-002  3.15e-002  2.14e-002  6.71e-003  
9.00548e+016 2.38e-013  3.77e-001  1.45e-001  1.55e-001  7.40e-002  6.64e-002  4.88e-002  4.15e-002  3.03e-002  3.03e-002  2.22e-002  7.02e-003  
9.53916e+016 2.18e-013  3.92e-001  1.23e-001  1.62e-001  7.69e-002  6.91e-002  4.52e-002  4.32e-002  2.79e-002  2.79e-002  2.31e-002  7.33e-003  
1.01535e+017 1.89e-013  4.10e-001  1.01e-001  1.69e-001  8.05e-002  7.25e-002  3.85e-002  4.52e-002  2.46e-002  2.46e-002  2.41e-002  7.57e-003  
