! 0       *H + *C2H5 -> *CH3CH3
! 1       *H + *C2H5 -> CH3CH3
! 2       *C2H5 + H2 -> C2H5 + H2
! 3       *C2H5 + He -> C2H5 + He
! 4       *C2H5 + CO -> C2H5 + CO
! 5       *C2H5 + CRPhoton -> *C2H3 + *H2
! 6       *C2H5 + CRPhoton -> *C2H2 + *H2 + *H
! 7       *C2H5 + CRPhoton -> *C2H3 + *H + *H
! 8       *C2H5 + CRPhoton -> *CH3 + *CH2
! 9      *C2H5 + CRPhoton -> *C2H2 + *H + *H + *H
!            tot_rate   0          1          2          3          4          5          6          7          8          9          
1.58188e+013 2.80e-016  9.90e-001  1.00e-002  0.00e+000  0.00e+000  0.00e+000  5.72e-011  3.49e-012  3.25e-012  2.05e-012  1.57e-012  
3.50727e+014 2.80e-016  9.90e-001  1.00e-002  0.00e+000  0.00e+000  0.00e+000  5.72e-011  3.49e-012  3.25e-012  2.05e-012  1.57e-012  
5.21628e+015 2.80e-016  9.90e-001  1.00e-002  0.00e+000  0.00e+000  0.00e+000  5.72e-011  3.49e-012  3.25e-012  2.05e-012  1.57e-012  
2.67137e+016 3.12e-016  9.90e-001  1.00e-002  0.00e+000  0.00e+000  0.00e+000  5.67e-011  3.46e-012  3.24e-012  2.03e-012  1.56e-012  
3.33598e+016 3.68e-016  9.90e-001  9.98e-003  0.00e+000  0.00e+000  1.69e-058  5.87e-011  3.59e-012  3.35e-012  2.11e-012  1.61e-012  
3.42055e+016 3.37e-016  9.90e-001  9.99e-003  0.00e+000  0.00e+000  3.59e-023  7.32e-011  4.48e-012  4.18e-012  2.63e-012  2.01e-012  
3.44017e+016 3.28e-016  9.90e-001  9.99e-003  0.00e+000  0.00e+000  9.75e-018  7.89e-011  4.84e-012  4.51e-012  2.83e-012  2.17e-012  
3.46353e+016 3.15e-016  9.90e-001  1.00e-002  0.00e+000  0.00e+000  2.88e-013  8.79e-011  5.39e-012  5.01e-012  3.15e-012  2.41e-012  
3.48860e+016 3.01e-016  9.90e-001  1.00e-002  0.00e+000  0.00e+000  6.15e-012  1.00e-010  6.15e-012  5.71e-012  3.59e-012  2.75e-012  
3.51370e+016 2.86e-016  9.90e-001  9.97e-003  0.00e+000  4.34e-077  3.81e-011  1.18e-010  7.21e-012  6.72e-012  4.23e-012  3.23e-012  
3.53250e+016 2.73e-016  9.90e-001  1.00e-002  0.00e+000  3.02e-060  1.18e-010  1.36e-010  8.32e-012  7.74e-012  4.88e-012  3.74e-012  
3.55515e+016 2.57e-016  9.90e-001  9.98e-003  0.00e+000  7.44e-041  3.98e-010  1.67e-010  1.02e-011  9.51e-012  6.00e-012  4.56e-012  
3.57182e+016 2.43e-016  9.90e-001  9.98e-003  7.85e-072  4.03e-028  9.49e-010  1.99e-010  1.22e-011  1.13e-011  7.15e-012  5.46e-012  
3.58524e+016 2.33e-016  9.90e-001  9.99e-003  5.23e-062  3.87e-021  1.92e-009  2.33e-010  1.43e-011  1.33e-011  8.36e-012  6.39e-012  
3.60047e+016 2.20e-016  9.90e-001  1.00e-002  5.45e-046  8.08e-014  2.86e-009  2.85e-010  1.74e-011  1.62e-011  1.02e-011  7.81e-012  
3.61718e+016 2.07e-016  9.90e-001  1.00e-002  1.06e-027  7.39e-010  4.61e-009  3.61e-010  2.21e-011  2.06e-011  1.29e-011  9.90e-012  
3.62899e+016 1.97e-016  9.90e-001  1.00e-002  6.65e-022  1.73e-008  6.85e-009  4.34e-010  2.66e-011  2.47e-011  1.56e-011  1.19e-011  
3.63893e+016 1.90e-016  9.90e-001  1.00e-002  1.15e-014  8.48e-008  9.95e-009  5.08e-010  3.11e-011  2.90e-011  1.82e-011  1.40e-011  
3.64972e+016 1.82e-016  9.90e-001  1.00e-002  1.29e-010  3.65e-007  1.56e-008  6.10e-010  3.73e-011  3.48e-011  2.19e-011  1.67e-011  
3.66124e+016 1.74e-016  9.90e-001  1.00e-002  2.40e-008  1.21e-006  2.66e-008  7.42e-010  4.56e-011  4.24e-011  2.67e-011  2.04e-011  
3.67348e+016 1.69e-016  9.90e-001  9.96e-003  3.23e-007  3.88e-006  4.91e-008  9.07e-010  5.56e-011  5.18e-011  3.26e-011  2.49e-011  
3.68621e+016 1.73e-016  9.90e-001  9.96e-003  1.99e-006  1.09e-005  9.50e-008  1.05e-009  6.43e-011  5.96e-011  3.77e-011  2.88e-011  
3.69700e+016 1.74e-016  9.90e-001  1.00e-002  6.56e-006  2.57e-005  1.80e-007  1.20e-009  7.31e-011  6.85e-011  4.30e-011  3.29e-011  
3.70376e+016 1.73e-016  9.90e-001  1.00e-002  1.31e-005  4.36e-005  2.84e-007  1.31e-009  8.05e-011  7.47e-011  4.71e-011  3.61e-011  
3.71087e+016 1.74e-016  9.90e-001  1.00e-002  2.58e-005  7.31e-005  4.70e-007  1.43e-009  8.75e-011  8.11e-011  5.11e-011  3.91e-011  
3.71826e+016 1.77e-016  9.90e-001  1.00e-002  4.92e-005  1.24e-004  8.20e-007  1.52e-009  9.33e-011  8.65e-011  5.46e-011  4.17e-011  
3.72589e+016 1.82e-016  9.90e-001  1.00e-002  9.18e-005  2.07e-004  1.49e-006  1.58e-009  9.68e-011  9.02e-011  5.66e-011  4.33e-011  
3.73370e+016 1.90e-016  9.90e-001  1.00e-002  1.63e-004  3.33e-004  2.74e-006  1.56e-009  9.58e-011  8.89e-011  5.63e-011  4.29e-011  
3.74165e+016 1.95e-016  9.89e-001  9.99e-003  2.84e-004  5.13e-004  4.99e-006  1.47e-009  9.02e-011  8.35e-011  5.28e-011  4.03e-011  
3.74829e+016 1.88e-016  9.89e-001  9.99e-003  4.33e-004  7.44e-004  7.97e-006  1.35e-009  8.24e-011  7.71e-011  4.84e-011  3.71e-011  
3.75505e+016 1.61e-016  9.88e-001  1.00e-002  6.77e-004  1.05e-003  1.24e-005  1.19e-009  7.27e-011  6.77e-011  4.27e-011  3.27e-011  
3.76194e+016 1.05e-016  9.87e-001  9.97e-003  1.04e-003  1.54e-003  1.89e-005  1.01e-009  6.17e-011  5.74e-011  3.62e-011  2.76e-011  
3.76839e+016 4.23e-017  9.86e-001  9.95e-003  1.74e-003  2.34e-003  3.03e-005  7.78e-010  4.75e-011  4.42e-011  2.79e-011  2.13e-011  
3.76854e+016 4.10e-017  9.86e-001  9.96e-003  1.76e-003  2.36e-003  3.07e-005  7.71e-010  4.71e-011  4.39e-011  2.76e-011  2.12e-011  
3.76877e+016 3.90e-017  9.86e-001  9.96e-003  1.79e-003  2.41e-003  3.13e-005  7.57e-010  4.65e-011  4.31e-011  2.72e-011  2.08e-011  
3.76917e+016 3.55e-017  9.86e-001  9.97e-003  1.85e-003  2.49e-003  3.24e-005  7.41e-010  4.53e-011  4.22e-011  2.65e-011  2.03e-011  
3.76980e+016 3.02e-017  9.85e-001  9.95e-003  1.97e-003  2.63e-003  3.44e-005  7.08e-010  4.33e-011  4.03e-011  2.53e-011  1.94e-011  
3.77083e+016 2.24e-017  9.85e-001  9.94e-003  2.17e-003  2.87e-003  3.78e-005  6.46e-010  3.94e-011  3.67e-011  2.31e-011  1.77e-011  
3.77248e+016 1.18e-017  9.84e-001  9.92e-003  2.60e-003  3.43e-003  4.58e-005  5.31e-010  3.25e-011  3.03e-011  1.91e-011  1.46e-011  
3.77450e+016 2.86e-018  9.81e-001  9.91e-003  3.98e-003  5.10e-003  6.95e-005  3.81e-010  2.32e-011  2.16e-011  1.36e-011  1.04e-011  
3.77655e+016 2.64e-020  9.39e-001  9.50e-003  2.29e-002  2.86e-002  3.86e-004  5.22e-010  3.21e-011  2.99e-011  1.88e-011  1.44e-011  
3.77936e+016 3.76e-021  9.19e-001  9.27e-003  3.21e-002  3.90e-002  5.15e-004  6.69e-010  4.09e-011  3.80e-011  2.40e-011  1.83e-011  
3.78016e+016 2.78e-021  9.11e-001  9.18e-003  3.58e-002  4.32e-002  5.65e-004  7.24e-010  4.43e-011  4.14e-011  2.60e-011  1.99e-011  
3.78111e+016 2.15e-021  9.01e-001  9.10e-003  4.05e-002  4.88e-002  6.32e-004  7.94e-010  4.83e-011  4.52e-011  2.85e-011  2.17e-011  
3.78273e+016 1.65e-021  8.83e-001  8.89e-003  4.89e-002  5.82e-002  7.44e-004  9.13e-010  5.58e-011  5.20e-011  3.27e-011  2.50e-011  
3.78530e+016 1.29e-021  8.48e-001  8.56e-003  6.55e-002  7.68e-002  9.57e-004  1.13e-009  6.93e-011  6.44e-011  4.06e-011  3.10e-011  
3.78818e+016 1.08e-021  8.02e-001  8.10e-003  8.80e-002  1.01e-001  1.23e-003  1.40e-009  8.52e-011  7.93e-011  4.99e-011  3.82e-011  
3.79076e+016 9.60e-022  7.52e-001  7.61e-003  1.13e-001  1.26e-001  1.52e-003  1.65e-009  1.01e-010  9.40e-011  5.92e-011  4.52e-011  
3.79253e+016 9.06e-022  7.25e-001  7.33e-003  1.27e-001  1.39e-001  1.67e-003  1.77e-009  1.08e-010  1.01e-010  6.33e-011  4.84e-011  
3.79502e+016 8.49e-022  6.84e-001  6.91e-003  1.47e-001  1.60e-001  1.88e-003  1.93e-009  1.18e-010  1.10e-010  6.91e-011  5.29e-011  
3.79755e+016 8.09e-022  6.43e-001  6.49e-003  1.68e-001  1.80e-001  2.09e-003  2.08e-009  1.27e-010  1.18e-010  7.43e-011  5.69e-011  
3.79897e+016 7.84e-022  6.20e-001  6.27e-003  1.80e-001  1.91e-001  2.21e-003  2.14e-009  1.31e-010  1.22e-010  7.71e-011  5.90e-011  
3.79918e+016 7.80e-022  6.17e-001  6.23e-003  1.82e-001  1.92e-001  2.22e-003  2.15e-009  1.32e-010  1.23e-010  7.75e-011  5.93e-011  
3.79956e+016 7.71e-022  6.11e-001  6.17e-003  1.85e-001  1.96e-001  2.24e-003  2.18e-009  1.34e-010  1.24e-010  7.82e-011  5.98e-011  
3.80017e+016 7.58e-022  6.00e-001  6.05e-003  1.91e-001  2.00e-001  2.29e-003  2.20e-009  1.35e-010  1.26e-010  7.91e-011  6.05e-011  
3.80129e+016 7.26e-022  5.81e-001  5.87e-003  2.01e-001  2.09e-001  2.38e-003  2.26e-009  1.38e-010  1.29e-010  8.11e-011  6.20e-011  
3.80319e+016 6.46e-022  5.51e-001  5.56e-003  2.18e-001  2.23e-001  2.54e-003  2.35e-009  1.44e-010  1.34e-010  8.42e-011  6.44e-011  
3.80578e+016 4.69e-022  5.10e-001  5.14e-003  2.39e-001  2.43e-001  2.71e-003  2.43e-009  1.49e-010  1.39e-010  8.75e-011  6.68e-011  
3.80629e+016 4.25e-022  5.01e-001  5.08e-003  2.45e-001  2.47e-001  2.75e-003  2.45e-009  1.50e-010  1.40e-010  8.79e-011  6.72e-011  
3.80713e+016 3.51e-022  4.90e-001  4.96e-003  2.50e-001  2.52e-001  2.80e-003  2.48e-009  1.52e-010  1.41e-010  8.89e-011  6.81e-011  
3.80859e+016 2.32e-022  4.69e-001  4.74e-003  2.61e-001  2.62e-001  2.89e-003  2.52e-009  1.54e-010  1.44e-010  9.05e-011  6.93e-011  
3.81083e+016 1.13e-022  4.39e-001  4.44e-003  2.78e-001  2.75e-001  3.00e-003  2.56e-009  1.57e-010  1.46e-010  9.19e-011  7.04e-011  
3.81265e+016 7.80e-023  4.16e-001  4.21e-003  2.92e-001  2.85e-001  3.09e-003  2.59e-009  1.59e-010  1.47e-010  9.31e-011  7.12e-011  
3.81480e+016 6.65e-023  3.90e-001  3.94e-003  3.08e-001  2.95e-001  3.20e-003  2.63e-009  1.61e-010  1.50e-010  9.43e-011  7.21e-011  
3.81769e+016 6.61e-023  3.60e-001  3.63e-003  3.24e-001  3.09e-001  3.30e-003  2.65e-009  1.62e-010  1.51e-010  9.49e-011  7.25e-011  
3.81836e+016 6.87e-023  3.54e-001  3.57e-003  3.28e-001  3.12e-001  3.33e-003  2.65e-009  1.62e-010  1.51e-010  9.49e-011  7.27e-011  
3.81952e+016 7.72e-023  3.42e-001  3.46e-003  3.34e-001  3.17e-001  3.37e-003  2.65e-009  1.62e-010  1.52e-010  9.52e-011  7.28e-011  
3.82149e+016 1.12e-022  3.24e-001  3.26e-003  3.46e-001  3.24e-001  3.42e-003  2.65e-009  1.62e-010  1.51e-010  9.50e-011  7.27e-011  
3.82433e+016 2.77e-022  2.99e-001  3.02e-003  3.62e-001  3.33e-001  3.50e-003  2.65e-009  1.62e-010  1.51e-010  9.51e-011  7.27e-011  
3.82740e+016 9.52e-022  2.73e-001  2.76e-003  3.77e-001  3.43e-001  3.57e-003  2.65e-009  1.62e-010  1.50e-010  9.48e-011  7.26e-011  
3.83054e+016 3.42e-021  2.51e-001  2.53e-003  3.89e-001  3.54e-001  3.66e-003  2.64e-009  1.62e-010  1.50e-010  9.48e-011  7.25e-011  
3.83376e+016 7.66e-021  2.29e-001  2.31e-003  4.05e-001  3.61e-001  3.70e-003  2.61e-009  1.61e-010  1.49e-010  9.39e-011  7.18e-011  
3.83751e+016 9.32e-021  2.06e-001  2.08e-003  4.20e-001  3.68e-001  3.75e-003  2.60e-009  1.59e-010  1.48e-010  9.30e-011  7.11e-011  
3.84132e+016 7.87e-021  1.87e-001  1.89e-003  4.32e-001  3.76e-001  3.81e-003  2.57e-009  1.57e-010  1.46e-010  9.22e-011  7.05e-011  
3.84531e+016 6.34e-021  1.69e-001  1.70e-003  4.44e-001  3.82e-001  3.82e-003  2.53e-009  1.55e-010  1.44e-010  9.08e-011  6.95e-011  
3.84962e+016 6.78e-021  1.53e-001  1.55e-003  4.56e-001  3.85e-001  3.87e-003  2.49e-009  1.52e-010  1.42e-010  8.94e-011  6.85e-011  
3.85449e+016 1.22e-020  1.40e-001  1.41e-003  4.65e-001  3.90e-001  3.88e-003  2.45e-009  1.49e-010  1.40e-010  8.79e-011  6.71e-011  
3.85990e+016 3.04e-020  1.27e-001  1.29e-003  4.73e-001  3.94e-001  3.88e-003  2.40e-009  1.47e-010  1.37e-010  8.61e-011  6.57e-011  
3.86597e+016 8.30e-020  1.16e-001  1.17e-003  4.83e-001  3.95e-001  3.89e-003  2.34e-009  1.43e-010  1.34e-010  8.39e-011  6.41e-011  
3.87288e+016 2.48e-019  1.07e-001  1.08e-003  4.92e-001  3.96e-001  3.89e-003  2.28e-009  1.39e-010  1.30e-010  8.18e-011  6.25e-011  
3.88139e+016 7.82e-019  1.03e-001  1.04e-003  4.95e-001  3.97e-001  3.90e-003  2.22e-009  1.35e-010  1.26e-010  7.96e-011  6.08e-011  
3.89093e+016 1.92e-018  1.03e-001  1.04e-003  4.97e-001  3.95e-001  3.85e-003  2.14e-009  1.31e-010  1.22e-010  7.69e-011  5.87e-011  
3.90068e+016 3.39e-018  1.11e-001  1.12e-003  4.95e-001  3.89e-001  3.77e-003  2.06e-009  1.26e-010  1.17e-010  7.40e-011  5.66e-011  
3.91088e+016 4.74e-018  1.27e-001  1.29e-003  4.88e-001  3.80e-001  3.69e-003  1.98e-009  1.21e-010  1.13e-010  7.11e-011  5.45e-011  
3.92181e+016 5.70e-018  1.55e-001  1.56e-003  4.72e-001  3.68e-001  3.58e-003  1.89e-009  1.16e-010  1.08e-010  6.79e-011  5.19e-011  
3.93325e+016 6.26e-018  1.93e-001  1.95e-003  4.50e-001  3.51e-001  3.42e-003  1.79e-009  1.09e-010  1.02e-010  6.40e-011  4.89e-011  
3.94519e+016 6.62e-018  2.43e-001  2.46e-003  4.22e-001  3.29e-001  3.20e-003  1.66e-009  1.02e-010  9.46e-011  5.95e-011  4.56e-011  
3.95803e+016 7.02e-018  3.05e-001  3.08e-003  3.87e-001  3.02e-001  2.95e-003  1.52e-009  9.30e-011  8.66e-011  5.45e-011  4.17e-011  
3.97190e+016 7.71e-018  3.76e-001  3.80e-003  3.46e-001  2.71e-001  2.66e-003  1.36e-009  8.37e-011  7.78e-011  4.90e-011  3.75e-011  
3.98699e+016 8.92e-018  4.53e-001  4.57e-003  3.03e-001  2.38e-001  2.35e-003  1.21e-009  7.41e-011  6.90e-011  4.35e-011  3.32e-011  
4.00514e+016 1.13e-017  5.39e-001  5.45e-003  2.53e-001  2.00e-001  2.01e-003  1.04e-009  6.35e-011  5.91e-011  3.72e-011  2.85e-011  
4.02549e+016 1.57e-017  6.25e-001  6.31e-003  2.03e-001  1.64e-001  1.66e-003  8.67e-010  5.30e-011  4.94e-011  3.11e-011  2.38e-011  
4.04761e+016 2.31e-017  7.05e-001  7.13e-003  1.57e-001  1.30e-001  1.34e-003  7.09e-010  4.32e-011  4.05e-011  2.55e-011  1.95e-011  
4.07070e+016 3.50e-017  7.73e-001  7.79e-003  1.18e-001  9.99e-002  1.05e-003  5.71e-010  3.48e-011  3.25e-011  2.05e-011  1.57e-011  
4.09451e+016 5.37e-017  8.31e-001  8.40e-003  8.57e-002  7.43e-002  8.01e-004  4.49e-010  2.74e-011  2.55e-011  1.61e-011  1.23e-011  
4.11988e+016 8.16e-017  8.79e-001  8.88e-003  5.89e-002  5.25e-002  5.85e-004  3.40e-010  2.07e-011  1.94e-011  1.22e-011  9.31e-012  
4.14624e+016 1.17e-016  9.16e-001  9.25e-003  3.85e-002  3.58e-002  4.11e-004  2.50e-010  1.53e-011  1.42e-011  8.99e-012  6.85e-012  
4.17462e+016 1.55e-016  9.44e-001  9.57e-003  2.32e-002  2.26e-002  2.70e-004  1.74e-010  1.06e-011  9.90e-012  6.23e-012  4.77e-012  
4.20512e+016 1.74e-016  9.64e-001  9.76e-003  1.29e-002  1.31e-002  1.65e-004  1.14e-010  6.94e-012  6.48e-012  4.08e-012  3.12e-012  
4.23867e+016 1.46e-016  9.77e-001  9.90e-003  6.39e-003  6.90e-003  9.29e-005  6.90e-011  4.23e-012  3.94e-012  2.48e-012  1.90e-012  
4.27356e+016 8.03e-017  9.84e-001  9.94e-003  2.89e-003  3.34e-003  4.81e-005  3.95e-011  2.42e-012  2.25e-012  1.42e-012  1.08e-012  
4.30994e+016 2.74e-017  9.87e-001  9.95e-003  1.18e-003  1.46e-003  2.32e-005  2.12e-011  1.29e-012  1.21e-012  7.58e-013  5.79e-013  
4.34671e+016 1.13e-017  9.89e-001  9.98e-003  3.82e-004  5.10e-004  9.01e-006  9.18e-012  5.63e-013  5.25e-013  3.30e-013  2.53e-013  
4.38104e+016 4.08e-017  9.90e-001  1.00e-002  1.16e-004  1.65e-004  3.28e-006  3.75e-012  2.30e-013  2.14e-013  1.35e-013  1.03e-013  
4.41007e+016 1.66e-016  9.90e-001  1.00e-002  4.00e-005  6.04e-005  1.34e-006  1.71e-012  1.04e-013  9.72e-014  6.16e-014  4.68e-014  
4.42181e+016 2.82e-016  9.90e-001  1.00e-002  2.57e-005  3.97e-005  9.26e-007  1.23e-012  7.52e-014  7.03e-014  4.44e-014  3.38e-014  
4.42811e+016 3.70e-016  9.90e-001  1.00e-002  2.03e-005  3.16e-005  7.57e-007  1.03e-012  6.33e-014  5.90e-014  3.71e-014  2.84e-014  
4.43809e+016 5.63e-016  9.90e-001  1.00e-002  1.39e-005  2.20e-005  5.49e-007  7.78e-013  4.76e-014  4.43e-014  2.79e-014  2.13e-014  
4.45030e+016 9.01e-016  9.90e-001  1.00e-002  8.70e-006  1.42e-005  3.74e-007  5.55e-013  3.40e-014  3.16e-014  1.99e-014  1.52e-014  
4.45401e+016 1.03e-015  9.90e-001  1.00e-002  7.54e-006  1.24e-005  3.33e-007  5.01e-013  3.07e-014  2.85e-014  1.80e-014  1.38e-014  
4.45998e+016 1.27e-015  9.90e-001  9.98e-003  5.98e-006  9.98e-006  2.75e-007  4.24e-013  2.59e-014  2.41e-014  1.52e-014  1.16e-014  
4.46779e+016 1.64e-015  9.90e-001  9.96e-003  4.45e-006  7.64e-006  2.16e-007  3.44e-013  2.11e-014  1.96e-014  1.23e-014  9.47e-015  
4.48006e+016 2.29e-015  9.90e-001  1.00e-002  2.91e-006  5.06e-006  1.53e-007  2.56e-013  1.57e-014  1.46e-014  9.16e-015  7.02e-015  
4.48529e+016 2.62e-015  9.90e-001  1.00e-002  2.39e-006  4.24e-006  1.32e-007  2.25e-013  1.38e-014  1.28e-014  8.07e-015  6.19e-015  
4.48834e+016 2.81e-015  9.90e-001  1.00e-002  2.15e-006  3.85e-006  1.21e-007  2.10e-013  1.29e-014  1.20e-014  7.55e-015  5.77e-015  
4.49346e+016 3.13e-015  9.90e-001  1.00e-002  1.85e-006  3.32e-006  1.07e-007  1.89e-013  1.16e-014  1.08e-014  6.80e-015  5.21e-015  
4.49870e+016 3.47e-015  9.90e-001  9.99e-003  1.59e-006  2.84e-006  9.47e-008  1.71e-013  1.05e-014  9.76e-015  6.13e-015  4.69e-015  
4.50684e+016 4.02e-015  9.90e-001  1.00e-002  1.26e-006  2.28e-006  7.93e-008  1.49e-013  9.10e-015  8.48e-015  5.32e-015  4.08e-015  
4.51867e+016 4.83e-015  9.90e-001  1.00e-002  9.15e-007  1.72e-006  6.34e-008  1.25e-013  7.64e-015  7.12e-015  4.47e-015  3.42e-015  
4.51946e+016 4.89e-015  9.90e-001  1.00e-002  8.80e-007  1.65e-006  6.20e-008  1.23e-013  7.51e-015  7.00e-015  4.40e-015  3.35e-015  
4.52061e+016 4.98e-015  9.90e-001  9.98e-003  8.49e-007  1.60e-006  6.06e-008  1.20e-013  7.37e-015  6.87e-015  4.32e-015  3.31e-015  
4.52265e+016 5.11e-015  9.90e-001  1.00e-002  8.12e-007  1.54e-006  5.87e-008  1.18e-013  7.20e-015  6.71e-015  4.23e-015  3.23e-015  
4.52632e+016 5.37e-015  9.90e-001  9.99e-003  7.44e-007  1.43e-006  5.53e-008  1.13e-013  6.89e-015  6.42e-015  4.04e-015  3.09e-015  
4.53239e+016 5.81e-015  9.90e-001  1.00e-002  6.47e-007  1.27e-006  5.04e-008  1.06e-013  6.47e-015  6.03e-015  3.79e-015  2.89e-015  
4.54167e+016 6.51e-015  9.90e-001  9.99e-003  5.33e-007  1.06e-006  4.41e-008  9.68e-014  5.92e-015  5.52e-015  3.47e-015  2.66e-015  
4.55446e+016 7.53e-015  9.90e-001  9.99e-003  4.12e-007  8.28e-007  3.75e-008  8.70e-014  5.33e-015  4.96e-015  3.12e-015  2.39e-015  
4.55658e+016 7.70e-015  9.90e-001  1.00e-002  3.92e-007  7.95e-007  3.65e-008  8.56e-014  5.24e-015  4.89e-015  3.07e-015  2.35e-015  
4.55697e+016 7.72e-015  9.90e-001  1.00e-002  3.78e-007  7.88e-007  3.62e-008  8.51e-014  5.21e-015  4.85e-015  3.06e-015  2.33e-015  
4.55761e+016 7.77e-015  9.90e-001  1.00e-002  3.72e-007  7.78e-007  3.59e-008  8.46e-014  5.18e-015  4.83e-015  3.04e-015  2.32e-015  
4.55871e+016 7.86e-015  9.90e-001  1.00e-002  3.65e-007  7.63e-007  3.55e-008  8.40e-014  5.14e-015  4.78e-015  3.02e-015  2.30e-015  
4.56066e+016 8.03e-015  9.90e-001  1.00e-002  3.52e-007  7.37e-007  3.46e-008  8.29e-014  5.07e-015  4.72e-015  2.98e-015  2.28e-015  
4.56410e+016 8.32e-015  9.90e-001  1.00e-002  3.33e-007  6.94e-007  3.34e-008  8.12e-014  4.97e-015  4.63e-015  2.91e-015  2.22e-015  
4.56849e+016 8.72e-015  9.90e-001  1.00e-002  3.09e-007  6.42e-007  3.19e-008  7.90e-014  4.84e-015  4.51e-015  2.83e-015  2.17e-015  
4.57241e+016 9.08e-015  9.90e-001  1.00e-002  2.87e-007  6.02e-007  3.05e-008  7.73e-014  4.72e-015  4.40e-015  2.78e-015  2.11e-015  
4.57850e+016 9.66e-015  9.90e-001  1.00e-002  2.57e-007  5.47e-007  2.86e-008  7.47e-014  4.57e-015  4.26e-015  2.68e-015  2.05e-015  
4.58802e+016 1.06e-014  9.90e-001  9.99e-003  2.12e-007  4.69e-007  2.59e-008  7.10e-014  4.35e-015  4.04e-015  2.55e-015  1.95e-015  
4.59720e+016 1.16e-014  9.90e-001  9.99e-003  1.78e-007  4.03e-007  2.36e-008  6.78e-014  4.15e-015  3.86e-015  2.43e-015  1.86e-015  
4.59734e+016 1.16e-014  9.90e-001  9.99e-003  1.76e-007  4.01e-007  2.36e-008  6.77e-014  4.14e-015  3.86e-015  2.43e-015  1.86e-015  
4.59759e+016 1.16e-014  9.90e-001  9.99e-003  1.74e-007  3.94e-007  2.35e-008  6.74e-014  4.12e-015  3.84e-015  2.42e-015  1.85e-015  
4.59802e+016 1.16e-014  9.90e-001  9.99e-003  1.71e-007  3.90e-007  2.35e-008  6.75e-014  4.13e-015  3.85e-015  2.42e-015  1.85e-015  
4.59873e+016 1.17e-014  9.90e-001  9.99e-003  1.69e-007  3.86e-007  2.33e-008  6.72e-014  4.11e-015  3.82e-015  2.41e-015  1.84e-015  
4.59993e+016 1.18e-014  9.90e-001  1.01e-002  1.66e-007  3.80e-007  2.31e-008  6.69e-014  4.10e-015  3.82e-015  2.40e-015  1.84e-015  
4.60196e+016 1.21e-014  9.90e-001  9.98e-003  1.58e-007  3.66e-007  2.25e-008  6.60e-014  4.03e-015  3.76e-015  2.37e-015  1.81e-015  
4.60580e+016 1.25e-014  9.90e-001  9.98e-003  1.48e-007  3.47e-007  2.17e-008  6.51e-014  3.98e-015  3.71e-015  2.34e-015  1.79e-015  
4.61139e+016 1.32e-014  9.90e-001  9.98e-003  1.35e-007  3.17e-007  2.06e-008  6.35e-014  3.88e-015  3.62e-015  2.27e-015  1.74e-015  
4.61801e+016 1.40e-014  9.90e-001  1.00e-002  1.21e-007  2.85e-007  1.93e-008  6.19e-014  3.79e-015  3.53e-015  2.22e-015  1.70e-015  
4.62829e+016 1.55e-014  9.90e-001  1.00e-002  1.00e-007  2.39e-007  1.75e-008  5.93e-014  3.62e-015  3.38e-015  2.12e-015  1.62e-015  
4.63958e+016 1.72e-014  9.90e-001  9.96e-003  7.98e-008  1.99e-007  1.57e-008  5.64e-014  3.45e-015  3.21e-015  2.02e-015  1.55e-015  
4.64165e+016 1.75e-014  9.90e-001  1.00e-002  7.61e-008  1.92e-007  1.53e-008  5.60e-014  3.43e-015  3.19e-015  2.01e-015  1.53e-015  
4.64187e+016 1.75e-014  9.90e-001  9.96e-003  7.50e-008  1.89e-007  1.53e-008  5.58e-014  3.42e-015  3.18e-015  2.00e-015  1.53e-015  
4.64224e+016 1.75e-014  9.90e-001  1.00e-002  7.27e-008  1.87e-007  1.53e-008  5.57e-014  3.41e-015  3.17e-015  2.00e-015  1.53e-015  
4.64286e+016 1.76e-014  9.90e-001  9.96e-003  7.11e-008  1.85e-007  1.51e-008  5.55e-014  3.40e-015  3.16e-015  1.99e-015  1.52e-015  
4.64396e+016 1.77e-014  9.90e-001  1.00e-002  7.01e-008  1.82e-007  1.50e-008  5.55e-014  3.39e-015  3.16e-015  1.99e-015  1.52e-015  
4.64596e+016 1.81e-014  9.90e-001  9.96e-003  6.75e-008  1.75e-007  1.47e-008  5.48e-014  3.36e-015  3.12e-015  1.97e-015  1.50e-015  
4.64933e+016 1.86e-014  9.90e-001  1.00e-002  6.35e-008  1.66e-007  1.43e-008  5.43e-014  3.33e-015  3.09e-015  1.95e-015  1.49e-015  
4.65501e+016 1.96e-014  9.90e-001  1.00e-002  5.72e-008  1.53e-007  1.35e-008  5.31e-014  3.25e-015  3.03e-015  1.90e-015  1.45e-015  
4.66259e+016 2.10e-014  9.90e-001  1.00e-002  4.85e-008  1.34e-007  1.25e-008  5.14e-014  3.15e-015  2.94e-015  1.85e-015  1.41e-015  
4.67450e+016 2.33e-014  9.90e-001  9.99e-003  3.90e-008  1.09e-007  1.11e-008  4.93e-014  3.01e-015  2.80e-015  1.77e-015  1.35e-015  
4.68726e+016 2.60e-014  9.90e-001  1.00e-002  3.00e-008  8.63e-008  9.82e-009  4.70e-014  2.88e-015  2.68e-015  1.69e-015  1.29e-015  
4.69009e+016 2.67e-014  9.90e-001  1.00e-002  2.80e-008  8.17e-008  9.52e-009  4.65e-014  2.84e-015  2.65e-015  1.67e-015  1.27e-015  
4.69024e+016 2.67e-014  9.90e-001  1.00e-002  2.77e-008  8.14e-008  9.52e-009  4.65e-014  2.84e-015  2.65e-015  1.66e-015  1.27e-015  
4.69048e+016 2.67e-014  9.90e-001  1.00e-002  2.71e-008  8.14e-008  9.49e-009  4.65e-014  2.83e-015  2.64e-015  1.66e-015  1.27e-015  
4.69090e+016 2.67e-014  9.90e-001  1.00e-002  2.60e-008  8.06e-008  9.45e-009  4.61e-014  2.83e-015  2.64e-015  1.66e-015  1.27e-015  
4.69160e+016 2.68e-014  9.90e-001  1.00e-002  2.47e-008  7.88e-008  9.38e-009  4.60e-014  2.82e-015  2.63e-015  1.65e-015  1.26e-015  
4.69279e+016 2.71e-014  9.90e-001  1.00e-002  2.40e-008  7.72e-008  9.27e-009  4.58e-014  2.80e-015  2.61e-015  1.64e-015  1.26e-015  
4.69476e+016 2.76e-014  9.90e-001  9.97e-003  2.32e-008  7.43e-008  9.07e-009  4.53e-014  2.78e-015  2.59e-015  1.63e-015  1.25e-015  
4.69806e+016 2.84e-014  9.90e-001  9.97e-003  2.19e-008  7.01e-008  8.77e-009  4.47e-014  2.75e-015  2.56e-015  1.61e-015  1.23e-015  
4.70337e+016 2.97e-014  9.90e-001  1.00e-002  1.99e-008  6.33e-008  8.32e-009  4.41e-014  2.70e-015  2.52e-015  1.58e-015  1.21e-015  
4.70622e+016 3.05e-014  9.90e-001  1.00e-002  1.88e-008  6.00e-008  8.06e-009  4.36e-014  2.67e-015  2.48e-015  1.56e-015  1.20e-015  
4.71061e+016 3.16e-014  9.90e-001  9.99e-003  1.71e-008  5.60e-008  7.72e-009  4.30e-014  2.63e-015  2.45e-015  1.54e-015  1.18e-015  
4.71746e+016 3.35e-014  9.90e-001  1.00e-002  1.47e-008  4.98e-008  7.19e-009  4.20e-014  2.57e-015  2.39e-015  1.51e-015  1.15e-015  
4.72860e+016 3.69e-014  9.90e-001  1.00e-002  1.12e-008  4.01e-008  6.37e-009  4.01e-014  2.46e-015  2.29e-015  1.44e-015  1.10e-015  
4.74240e+016 4.14e-014  9.90e-001  1.00e-002  8.06e-009  3.04e-008  5.48e-009  3.82e-014  2.34e-015  2.18e-015  1.37e-015  1.05e-015  
4.74305e+016 4.16e-014  9.90e-001  1.00e-002  7.95e-009  3.00e-008  5.43e-009  3.82e-014  2.33e-015  2.17e-015  1.37e-015  1.05e-015  
4.74313e+016 4.16e-014  9.90e-001  1.00e-002  7.93e-009  2.98e-008  5.43e-009  3.82e-014  2.34e-015  2.17e-015  1.37e-015  1.05e-015  
4.74348e+016 4.17e-014  9.90e-001  1.00e-002  7.81e-009  2.97e-008  5.42e-009  3.81e-014  2.33e-015  2.17e-015  1.37e-015  1.05e-015  
4.74406e+016 4.19e-014  9.90e-001  1.00e-002  7.54e-009  2.93e-008  5.37e-009  3.79e-014  2.32e-015  2.16e-015  1.36e-015  1.04e-015  
4.74503e+016 4.21e-014  9.90e-001  1.00e-002  7.00e-009  2.85e-008  5.34e-009  3.77e-014  2.31e-015  2.15e-015  1.36e-015  1.04e-015  
4.74676e+016 4.26e-014  9.90e-001  9.99e-003  6.55e-009  2.72e-008  5.23e-009  3.75e-014  2.29e-015  2.13e-015  1.34e-015  1.03e-015  
4.74972e+016 4.36e-014  9.90e-001  9.99e-003  5.98e-009  2.54e-008  5.09e-009  3.71e-014  2.26e-015  2.11e-015  1.33e-015  1.02e-015  
4.75283e+016 4.47e-014  9.90e-001  1.00e-002  5.50e-009  2.39e-008  4.92e-009  3.66e-014  2.23e-015  2.09e-015  1.31e-015  1.01e-015  
4.75365e+016 4.51e-014  9.90e-001  1.00e-002  5.37e-009  2.35e-008  4.86e-009  3.66e-014  2.24e-015  2.08e-015  1.31e-015  1.00e-015  
4.75556e+016 4.59e-014  9.90e-001  9.99e-003  5.15e-009  2.27e-008  4.75e-009  3.62e-014  2.22e-015  2.07e-015  1.30e-015  9.94e-016  
4.75856e+016 4.71e-014  9.90e-001  9.99e-003  4.84e-009  2.12e-008  4.59e-009  3.59e-014  2.19e-015  2.04e-015  1.29e-015  9.84e-016  
4.76342e+016 4.90e-014  9.90e-001  1.00e-002  4.37e-009  1.92e-008  4.35e-009  3.53e-014  2.16e-015  2.01e-015  1.27e-015  9.68e-016  
4.77120e+016 5.23e-014  9.90e-001  1.00e-002  3.57e-009  1.60e-008  3.98e-009  3.44e-014  2.10e-015  1.95e-015  1.23e-015  9.42e-016  
4.78339e+016 5.79e-014  9.90e-001  1.00e-002  2.56e-009  1.25e-008  3.46e-009  3.28e-014  2.00e-015  1.87e-015  1.18e-015  9.00e-016  
4.79819e+016 6.53e-014  9.90e-001  1.00e-002  1.59e-009  8.89e-009  2.90e-009  3.11e-014  1.90e-015  1.78e-015  1.12e-015  8.54e-016  
4.80101e+016 6.68e-014  9.90e-001  1.00e-002  1.45e-009  8.33e-009  2.80e-009  3.09e-014  1.89e-015  1.75e-015  1.10e-015  8.45e-016  
4.80156e+016 6.71e-014  9.90e-001  1.00e-002  1.43e-009  8.23e-009  2.79e-009  3.07e-014  1.88e-015  1.74e-015  1.10e-015  8.42e-016  
4.80288e+016 6.78e-014  9.90e-001  1.00e-002  1.37e-009  7.97e-009  2.74e-009  3.05e-014  1.87e-015  1.74e-015  1.10e-015  8.38e-016  
4.80511e+016 6.90e-014  9.90e-001  1.00e-002  1.27e-009  7.54e-009  2.67e-009  3.03e-014  1.86e-015  1.72e-015  1.09e-015  8.32e-016  
4.80875e+016 7.10e-014  9.90e-001  1.00e-002  1.11e-009  6.86e-009  2.55e-009  2.99e-014  1.83e-015  1.70e-015  1.07e-015  8.20e-016  
4.81463e+016 7.43e-014  9.90e-001  1.00e-002  8.89e-010  5.88e-009  2.37e-009  2.92e-014  1.79e-015  1.67e-015  1.05e-015  8.03e-016  
4.82445e+016 8.04e-014  9.90e-001  1.00e-002  6.47e-010  4.59e-009  2.10e-009  2.82e-014  1.73e-015  1.60e-015  1.01e-015  7.74e-016  
4.83636e+016 8.84e-014  9.90e-001  1.00e-002  4.28e-010  3.32e-009  1.80e-009  2.70e-014  1.65e-015  1.54e-015  9.70e-016  7.41e-016  
4.84912e+016 9.77e-014  9.90e-001  1.00e-002  2.62e-010  2.28e-009  1.54e-009  2.58e-014  1.58e-015  1.47e-015  9.27e-016  7.08e-016  
4.86294e+016 1.09e-013  9.90e-001  9.99e-003  1.51e-010  1.49e-009  1.27e-009  2.45e-014  1.49e-015  1.39e-015  8.78e-016  6.72e-016  
4.87591e+016 1.20e-013  9.90e-001  9.98e-003  8.57e-011  9.90e-010  1.07e-009  2.35e-014  1.43e-015  1.33e-015  8.40e-016  6.42e-016  
4.88968e+016 1.33e-013  9.90e-001  9.98e-003  4.39e-011  6.20e-010  8.93e-010  2.23e-014  1.37e-015  1.27e-015  8.03e-016  6.12e-016  
4.90444e+016 1.48e-013  9.90e-001  1.00e-002  2.01e-011  3.60e-010  7.27e-010  2.12e-014  1.30e-015  1.21e-015  7.61e-016  5.82e-016  
4.91980e+016 1.66e-013  9.90e-001  1.00e-002  8.27e-012  1.94e-010  5.86e-010  2.02e-014  1.23e-015  1.15e-015  7.24e-016  5.52e-016  
4.93317e+016 1.83e-013  9.90e-001  1.00e-002  3.48e-012  1.06e-010  4.80e-010  1.91e-014  1.17e-015  1.09e-015  6.89e-016  5.26e-016  
4.94239e+016 1.95e-013  9.90e-001  1.00e-002  1.75e-012  6.62e-011  4.19e-010  1.86e-014  1.14e-015  1.06e-015  6.67e-016  5.09e-016  
4.95192e+016 2.08e-013  9.90e-001  1.00e-002  8.17e-013  4.01e-011  3.63e-010  1.80e-014  1.10e-015  1.02e-015  6.44e-016  4.95e-016  
4.96202e+016 2.22e-013  9.90e-001  9.99e-003  3.83e-013  2.45e-011  3.12e-010  1.74e-014  1.07e-015  9.95e-016  6.26e-016  4.77e-016  
4.97297e+016 2.39e-013  9.90e-001  9.98e-003  1.47e-013  1.35e-011  2.62e-010  1.68e-014  1.03e-015  9.57e-016  6.02e-016  4.60e-016  
4.98461e+016 2.58e-013  9.90e-001  1.00e-002  4.66e-014  6.64e-012  2.18e-010  1.62e-014  9.94e-016  9.24e-016  5.82e-016  4.46e-016  
4.99670e+016 2.78e-013  9.90e-001  1.00e-002  1.22e-014  2.89e-012  1.81e-010  1.56e-014  9.58e-016  8.89e-016  5.62e-016  4.28e-016  
5.00936e+016 3.00e-013  9.90e-001  1.00e-002  2.59e-015  1.03e-012  1.48e-010  1.50e-014  9.20e-016  8.57e-016  5.40e-016  4.13e-016  
5.02240e+016 3.23e-013  9.90e-001  1.00e-002  4.39e-016  2.86e-013  1.20e-010  1.45e-014  8.88e-016  8.26e-016  5.20e-016  3.99e-016  
5.03584e+016 3.48e-013  9.90e-001  1.00e-002  7.46e-017  7.32e-014  9.58e-011  1.40e-014  8.55e-016  7.95e-016  5.02e-016  3.85e-016  
5.05026e+016 3.76e-013  9.90e-001  1.00e-002  7.16e-018  1.93e-014  7.42e-011  1.35e-014  8.25e-016  7.66e-016  4.84e-016  3.70e-016  
5.05959e+016 3.95e-013  9.90e-001  1.00e-002  1.27e-018  7.19e-015  6.30e-011  1.32e-014  8.08e-016  7.52e-016  4.73e-016  3.62e-016  
5.06957e+016 4.17e-013  9.90e-001  1.00e-002  1.62e-019  2.02e-015  5.37e-011  1.29e-014  7.89e-016  7.34e-016  4.63e-016  3.52e-016  
5.07988e+016 4.40e-013  9.90e-001  9.99e-003  2.50e-020  4.50e-016  4.52e-011  1.26e-014  7.70e-016  7.18e-016  4.52e-016  3.45e-016  
5.09058e+016 4.66e-013  9.90e-001  1.00e-002  2.77e-021  8.03e-017  3.76e-011  1.23e-014  7.54e-016  7.02e-016  4.42e-016  3.37e-016  
5.10237e+016 4.95e-013  9.90e-001  9.98e-003  2.00e-022  1.04e-017  3.03e-011  1.20e-014  7.35e-016  6.85e-016  4.32e-016  3.29e-016  
5.11496e+016 5.27e-013  9.90e-001  9.99e-003  9.86e-024  1.02e-018  2.39e-011  1.18e-014  7.21e-016  6.69e-016  4.21e-016  3.22e-016  
5.12843e+016 5.64e-013  9.90e-001  9.99e-003  2.95e-025  1.05e-019  1.64e-011  1.15e-014  7.04e-016  6.55e-016  4.13e-016  3.16e-016  
5.14296e+016 6.04e-013  9.90e-001  1.00e-002  9.52e-027  1.07e-020  1.08e-011  1.13e-014  6.90e-016  6.42e-016  4.04e-016  3.10e-016  
5.15425e+016 6.37e-013  9.90e-001  9.99e-003  1.80e-027  3.20e-021  7.81e-012  1.11e-014  6.79e-016  6.34e-016  3.99e-016  3.04e-016  
5.16792e+016 6.80e-013  9.90e-001  9.99e-003  3.59e-029  1.87e-022  5.18e-012  1.09e-014  6.69e-016  6.24e-016  3.93e-016  3.00e-016  
5.18319e+016 7.28e-013  9.90e-001  1.00e-002  3.61e-031  6.04e-024  3.21e-012  1.08e-014  6.60e-016  6.15e-016  3.87e-016  2.97e-016  
5.19950e+016 7.83e-013  9.90e-001  9.99e-003  2.01e-033  1.28e-025  1.85e-012  1.06e-014  6.50e-016  6.06e-016  3.82e-016  2.91e-016  
5.21655e+016 8.42e-013  9.90e-001  1.00e-002  7.05e-036  1.45e-027  1.01e-012  1.05e-014  6.43e-016  5.99e-016  3.77e-016  2.88e-016  
5.23457e+016 9.07e-013  9.90e-001  1.00e-002  1.63e-037  3.09e-029  4.96e-013  1.04e-014  6.37e-016  5.93e-016  3.74e-016  2.86e-016  
5.25384e+016 9.80e-013  9.90e-001  1.00e-002  2.20e-039  2.11e-031  2.29e-013  1.03e-014  6.33e-016  5.90e-016  3.72e-016  2.84e-016  
5.27451e+016 1.06e-012  9.90e-001  9.99e-003  2.77e-042  1.03e-033  8.70e-014  1.03e-014  6.30e-016  5.86e-016  3.69e-016  2.82e-016  
5.29668e+016 1.15e-012  9.90e-001  9.99e-003  9.73e-046  2.41e-036  2.50e-014  1.02e-014  6.28e-016  5.84e-016  3.68e-016  2.81e-016  
5.31993e+016 1.24e-012  9.90e-001  1.01e-002  3.59e-050  2.18e-039  3.81e-015  1.03e-014  6.30e-016  5.87e-016  3.69e-016  2.82e-016  
5.34440e+016 1.35e-012  9.90e-001  9.97e-003  6.30e-051  1.74e-040  4.85e-016  1.03e-014  6.29e-016  5.86e-016  3.69e-016  2.82e-016  
5.36995e+016 1.46e-012  9.90e-001  9.97e-003  7.44e-055  6.48e-045  6.58e-017  1.03e-014  6.32e-016  5.89e-016  3.71e-016  2.83e-016  
5.39765e+016 1.59e-012  9.90e-001  9.96e-003  2.10e-060  1.13e-048  2.42e-018  1.05e-014  6.37e-016  5.95e-016  3.75e-016  2.86e-016  
5.42627e+016 1.71e-012  9.90e-001  1.00e-002  4.19e-061  6.15e-050  4.66e-020  1.06e-014  6.50e-016  6.03e-016  3.80e-016  2.91e-016  
5.45738e+016 1.84e-012  9.90e-001  1.00e-002  3.19e-066  3.35e-055  9.95e-022  1.08e-014  6.58e-016  6.15e-016  3.87e-016  2.96e-016  
5.49079e+016 1.97e-012  9.90e-001  1.00e-002  4.70e-068  1.80e-056  1.74e-024  1.11e-014  6.80e-016  6.30e-016  3.98e-016  3.04e-016  
5.52575e+016 2.10e-012  9.90e-001  1.00e-002  1.28e-073  2.39e-062  1.33e-026  1.14e-014  7.00e-016  6.52e-016  4.09e-016  3.13e-016  
5.56155e+016 2.22e-012  9.90e-001  9.99e-003  1.03e-075  4.43e-064  3.44e-030  1.18e-014  7.20e-016  6.71e-016  4.23e-016  3.24e-016  
5.59918e+016 2.33e-012  9.90e-001  9.99e-003  2.78e-082  4.67e-070  1.02e-032  1.23e-014  7.50e-016  6.99e-016  4.41e-016  3.37e-016  
5.63913e+016 2.43e-012  9.90e-001  9.98e-003  2.33e-083  9.49e-073  2.41e-036  1.29e-014  7.85e-016  7.31e-016  4.60e-016  3.52e-016  
5.68226e+016 2.52e-012  9.90e-001  9.98e-003  0.00e+000  1.52e-078  1.04e-042  1.36e-014  8.27e-016  7.71e-016  4.85e-016  3.71e-016  
5.72780e+016 2.57e-012  9.90e-001  9.98e-003  0.00e+000  3.65e-081  4.25e-044  1.44e-014  8.81e-016  8.19e-016  5.14e-016  3.94e-016  
5.77650e+016 2.59e-012  9.90e-001  1.00e-002  0.00e+000  0.00e+000  3.43e-051  1.54e-014  9.44e-016  8.78e-016  5.53e-016  4.22e-016  
5.82707e+016 2.58e-012  9.90e-001  1.00e-002  0.00e+000  0.00e+000  2.07e-055  1.66e-014  1.02e-015  9.47e-016  5.94e-016  4.54e-016  
5.88124e+016 2.54e-012  9.90e-001  1.00e-002  0.00e+000  0.00e+000  4.61e-064  1.79e-014  1.10e-015  1.02e-015  6.43e-016  4.93e-016  
5.93801e+016 2.46e-012  9.90e-001  9.98e-003  0.00e+000  0.00e+000  2.43e-068  1.95e-014  1.19e-015  1.11e-015  6.98e-016  5.36e-016  
5.99878e+016 2.35e-012  9.90e-001  1.00e-002  0.00e+000  0.00e+000  1.45e-075  2.14e-014  1.31e-015  1.22e-015  7.69e-016  5.86e-016  
6.06254e+016 2.23e-012  9.90e-001  9.99e-003  0.00e+000  0.00e+000  1.57e-079  2.34e-014  1.43e-015  1.33e-015  8.42e-016  6.41e-016  
6.12860e+016 2.08e-012  9.90e-001  1.00e-002  0.00e+000  0.00e+000  6.54e-084  2.59e-014  1.59e-015  1.48e-015  9.28e-016  7.11e-016  
6.19772e+016 1.93e-012  9.90e-001  1.00e-002  0.00e+000  0.00e+000  0.00e+000  2.86e-014  1.75e-015  1.63e-015  1.03e-015  7.83e-016  
6.27006e+016 1.77e-012  9.90e-001  1.00e-002  0.00e+000  0.00e+000  0.00e+000  3.17e-014  1.94e-015  1.80e-015  1.14e-015  8.71e-016  
6.34752e+016 1.61e-012  9.90e-001  1.00e-002  0.00e+000  0.00e+000  0.00e+000  3.53e-014  2.16e-015  2.01e-015  1.26e-015  9.71e-016  
6.43223e+016 1.44e-012  9.90e-001  9.97e-003  0.00e+000  0.00e+000  0.00e+000  3.97e-014  2.42e-015  2.26e-015  1.42e-015  1.09e-015  
6.52408e+016 1.28e-012  9.90e-001  1.01e-002  0.00e+000  0.00e+000  0.00e+000  4.51e-014  2.76e-015  2.56e-015  1.61e-015  1.23e-015  
6.62440e+016 1.13e-012  9.90e-001  1.01e-002  0.00e+000  0.00e+000  0.00e+000  5.16e-014  3.16e-015  2.94e-015  1.85e-015  1.41e-015  
6.73219e+016 9.98e-013  9.90e-001  1.00e-002  0.00e+000  0.00e+000  0.00e+000  5.93e-014  3.64e-015  3.39e-015  2.13e-015  1.63e-015  
6.84641e+016 8.76e-013  9.90e-001  1.00e-002  0.00e+000  0.00e+000  0.00e+000  6.91e-014  4.22e-015  3.94e-015  2.48e-015  1.90e-015  
6.96945e+016 7.68e-013  9.90e-001  9.99e-003  0.00e+000  0.00e+000  0.00e+000  8.13e-014  4.98e-015  4.64e-015  2.92e-015  2.23e-015  
7.10391e+016 6.72e-013  9.90e-001  1.00e-002  0.00e+000  0.00e+000  0.00e+000  9.74e-014  5.95e-015  5.55e-015  3.50e-015  2.66e-015  
7.25155e+016 5.90e-013  9.90e-001  9.98e-003  0.00e+000  0.00e+000  0.00e+000  1.18e-013  7.26e-015  6.75e-015  4.26e-015  3.25e-015  
7.42223e+016 5.16e-013  9.90e-001  1.00e-002  0.00e+000  0.00e+000  0.00e+000  1.49e-013  9.14e-015  8.51e-015  5.35e-015  4.09e-015  
7.63108e+016 4.51e-013  9.90e-001  1.00e-002  0.00e+000  0.00e+000  0.00e+000  1.98e-013  1.21e-014  1.13e-014  7.13e-015  5.44e-015  
7.86896e+016 3.98e-013  9.90e-001  1.00e-002  0.00e+000  0.00e+000  0.00e+000  2.76e-013  1.69e-014  1.57e-014  9.87e-015  7.56e-015  
8.18150e+016 3.53e-013  9.90e-001  9.99e-003  0.00e+000  0.00e+000  0.00e+000  4.26e-013  2.60e-014  2.42e-014  1.52e-014  1.16e-014  
8.55776e+016 3.17e-013  9.90e-001  9.99e-003  0.00e+000  0.00e+000  0.00e+000  7.16e-013  4.38e-014  4.07e-014  2.57e-014  1.96e-014  
9.00548e+016 2.89e-013  9.90e-001  1.00e-002  0.00e+000  0.00e+000  0.00e+000  1.34e-012  8.17e-014  7.62e-014  4.78e-014  3.67e-014  
9.53916e+016 2.67e-013  9.90e-001  9.98e-003  0.00e+000  0.00e+000  0.00e+000  2.77e-012  1.70e-013  1.58e-013  9.94e-014  7.61e-014  
1.01535e+017 2.47e-013  9.90e-001  9.98e-003  0.00e+000  0.00e+000  0.00e+000  6.26e-012  3.84e-013  3.58e-013  2.25e-013  1.72e-013  
1.09249e+017 2.28e-013  9.90e-001  1.00e-002  0.00e+000  0.00e+000  0.00e+000  1.62e-011  9.90e-013  9.24e-013  5.83e-013  4.42e-013  
1.19176e+017 2.10e-013  9.90e-001  1.00e-002  0.00e+000  0.00e+000  0.00e+000  4.27e-011  2.61e-012  2.43e-012  1.53e-012  1.17e-012  
1.32448e+017 1.90e-013  9.90e-001  1.00e-002  0.00e+000  0.00e+000  0.00e+000  8.74e-011  5.37e-012  4.99e-012  3.14e-012  2.41e-012  
