! 0       CH3OCH4+ + e- -> CH3OH + CH3
! 1       CH3OCH4+ + e- -> CH3 + CH4 + O
! 2       CH3OCH4+ + e- -> CH3OCH3 + H
! 3       CH3OCH4+ + GRAIN -> CH3OCH3 + H + GRAIN
!            tot_rate   0          1          2          3          
1.58188e+013 8.75e-021  4.90e-001  4.40e-001  7.00e-002  1.95e-004  
3.50727e+014 8.75e-021  4.90e-001  4.40e-001  6.99e-002  1.95e-004  
5.21628e+015 8.72e-021  4.90e-001  4.40e-001  7.00e-002  1.95e-004  
2.67137e+016 3.23e-021  4.90e-001  4.40e-001  7.00e-002  1.84e-004  
3.33598e+016 9.79e-022  4.89e-001  4.40e-001  7.00e-002  5.50e-004  
3.42055e+016 8.32e-022  4.89e-001  4.40e-001  7.00e-002  7.08e-004  
3.44017e+016 7.96e-022  4.90e-001  4.40e-001  6.99e-002  7.65e-004  
3.46353e+016 7.51e-022  4.90e-001  4.39e-001  7.00e-002  8.48e-004  
3.48860e+016 7.06e-022  4.90e-001  4.39e-001  7.00e-002  9.64e-004  
3.51370e+016 6.82e-022  4.89e-001  4.40e-001  6.99e-002  1.12e-003  
3.53250e+016 7.28e-022  4.89e-001  4.40e-001  6.99e-002  1.28e-003  
3.55515e+016 9.67e-022  4.89e-001  4.40e-001  6.98e-002  1.53e-003  
3.57182e+016 1.29e-021  4.89e-001  4.39e-001  6.99e-002  1.79e-003  
3.58524e+016 1.58e-021  4.89e-001  4.39e-001  6.98e-002  2.08e-003  
3.60047e+016 1.83e-021  4.89e-001  4.39e-001  7.00e-002  2.52e-003  
3.61718e+016 1.98e-021  4.89e-001  4.39e-001  6.96e-002  3.20e-003  
3.62899e+016 2.04e-021  4.88e-001  4.38e-001  6.97e-002  3.85e-003  
3.63893e+016 2.07e-021  4.88e-001  4.38e-001  6.96e-002  4.53e-003  
3.64972e+016 2.33e-021  4.89e-001  4.37e-001  6.94e-002  4.84e-003  
3.66124e+016 2.70e-021  4.89e-001  4.37e-001  6.96e-002  5.18e-003  
3.67348e+016 3.29e-021  4.87e-001  4.38e-001  6.97e-002  5.57e-003  
3.68621e+016 4.68e-021  4.87e-001  4.38e-001  6.94e-002  6.02e-003  
3.69700e+016 7.97e-021  4.87e-001  4.37e-001  6.95e-002  6.48e-003  
3.70376e+016 1.26e-020  4.87e-001  4.37e-001  6.95e-002  6.80e-003  
3.71087e+016 2.24e-020  4.87e-001  4.37e-001  6.96e-002  7.14e-003  
3.71826e+016 4.33e-020  4.87e-001  4.36e-001  6.95e-002  7.55e-003  
3.72589e+016 8.97e-020  4.86e-001  4.37e-001  6.94e-002  7.96e-003  
3.73370e+016 1.94e-019  4.86e-001  4.36e-001  6.96e-002  8.41e-003  
3.74165e+016 4.31e-019  4.85e-001  4.36e-001  6.94e-002  8.91e-003  
3.74829e+016 8.44e-019  4.86e-001  4.36e-001  6.93e-002  9.31e-003  
3.75505e+016 1.68e-018  4.85e-001  4.36e-001  6.95e-002  9.74e-003  
3.76194e+016 3.40e-018  4.85e-001  4.35e-001  6.94e-002  1.02e-002  
3.76839e+016 6.54e-018  4.85e-001  4.36e-001  6.92e-002  1.06e-002  
3.76854e+016 6.64e-018  4.85e-001  4.35e-001  6.93e-002  1.06e-002  
3.76877e+016 6.80e-018  4.85e-001  4.35e-001  6.92e-002  1.06e-002  
3.76917e+016 7.08e-018  4.85e-001  4.35e-001  6.93e-002  1.07e-002  
3.76980e+016 7.55e-018  4.85e-001  4.36e-001  6.92e-002  1.07e-002  
3.77083e+016 8.37e-018  4.85e-001  4.35e-001  6.93e-002  1.08e-002  
3.77248e+016 9.88e-018  4.85e-001  4.35e-001  6.93e-002  1.09e-002  
3.77450e+016 1.21e-017  4.85e-001  4.35e-001  6.92e-002  1.10e-002  
3.77655e+016 1.50e-017  4.84e-001  4.35e-001  6.94e-002  1.12e-002  
3.77936e+016 1.96e-017  4.84e-001  4.35e-001  6.90e-002  1.14e-002  
3.78016e+016 2.10e-017  4.85e-001  4.34e-001  6.90e-002  1.15e-002  
3.78111e+016 2.27e-017  4.85e-001  4.35e-001  6.92e-002  1.15e-002  
3.78273e+016 2.58e-017  4.85e-001  4.34e-001  6.90e-002  1.16e-002  
3.78530e+016 3.08e-017  4.84e-001  4.35e-001  6.92e-002  1.19e-002  
3.78818e+016 3.71e-017  4.85e-001  4.34e-001  6.92e-002  1.21e-002  
3.79076e+016 4.31e-017  4.85e-001  4.34e-001  6.91e-002  1.23e-002  
3.79253e+016 4.75e-017  4.85e-001  4.34e-001  6.91e-002  1.24e-002  
3.79502e+016 5.40e-017  4.83e-001  4.35e-001  6.91e-002  1.26e-002  
3.79755e+016 6.10e-017  4.84e-001  4.34e-001  6.92e-002  1.29e-002  
3.79897e+016 6.51e-017  4.84e-001  4.34e-001  6.91e-002  1.30e-002  
3.79918e+016 6.58e-017  4.83e-001  4.35e-001  6.91e-002  1.30e-002  
3.79956e+016 6.70e-017  4.84e-001  4.34e-001  6.90e-002  1.30e-002  
3.80017e+016 6.86e-017  4.84e-001  4.34e-001  6.92e-002  1.31e-002  
3.80129e+016 7.21e-017  4.84e-001  4.34e-001  6.90e-002  1.32e-002  
3.80319e+016 7.81e-017  4.84e-001  4.34e-001  6.91e-002  1.33e-002  
3.80578e+016 8.67e-017  4.83e-001  4.34e-001  6.90e-002  1.36e-002  
3.80629e+016 8.84e-017  4.83e-001  4.34e-001  6.90e-002  1.37e-002  
3.80713e+016 9.13e-017  4.83e-001  4.34e-001  6.90e-002  1.38e-002  
3.80859e+016 9.63e-017  4.83e-001  4.34e-001  6.91e-002  1.39e-002  
3.81083e+016 1.04e-016  4.83e-001  4.33e-001  6.90e-002  1.42e-002  
3.81265e+016 1.11e-016  4.83e-001  4.34e-001  6.90e-002  1.43e-002  
3.81480e+016 1.19e-016  4.83e-001  4.33e-001  6.90e-002  1.46e-002  
3.81769e+016 1.30e-016  4.83e-001  4.33e-001  6.89e-002  1.50e-002  
3.81836e+016 1.33e-016  4.83e-001  4.33e-001  6.89e-002  1.51e-002  
3.81952e+016 1.37e-016  4.82e-001  4.34e-001  6.89e-002  1.52e-002  
3.82149e+016 1.45e-016  4.83e-001  4.33e-001  6.90e-002  1.54e-002  
3.82433e+016 1.56e-016  4.82e-001  4.33e-001  6.91e-002  1.57e-002  
3.82740e+016 1.68e-016  4.82e-001  4.33e-001  6.89e-002  1.60e-002  
3.83054e+016 1.80e-016  4.82e-001  4.33e-001  6.87e-002  1.63e-002  
3.83376e+016 1.92e-016  4.82e-001  4.33e-001  6.87e-002  1.68e-002  
3.83751e+016 2.04e-016  4.82e-001  4.33e-001  6.86e-002  1.72e-002  
3.84132e+016 2.14e-016  4.82e-001  4.32e-001  6.87e-002  1.78e-002  
3.84531e+016 2.20e-016  4.81e-001  4.32e-001  6.85e-002  1.84e-002  
3.84962e+016 2.23e-016  4.81e-001  4.31e-001  6.88e-002  1.91e-002  
3.85449e+016 2.17e-016  4.79e-001  4.32e-001  6.87e-002  1.99e-002  
3.85990e+016 2.04e-016  4.80e-001  4.31e-001  6.86e-002  2.09e-002  
3.86597e+016 1.86e-016  4.79e-001  4.30e-001  6.85e-002  2.22e-002  
3.87288e+016 1.63e-016  4.78e-001  4.29e-001  6.85e-002  2.36e-002  
3.88139e+016 1.37e-016  4.78e-001  4.29e-001  6.82e-002  2.56e-002  
3.89093e+016 1.09e-016  4.76e-001  4.28e-001  6.81e-002  2.80e-002  
3.90068e+016 8.51e-017  4.75e-001  4.27e-001  6.78e-002  3.07e-002  
3.91088e+016 6.40e-017  4.74e-001  4.25e-001  6.75e-002  3.39e-002  
3.92181e+016 4.61e-017  4.72e-001  4.23e-001  6.74e-002  3.77e-002  
3.93325e+016 3.22e-017  4.69e-001  4.22e-001  6.70e-002  4.22e-002  
3.94519e+016 2.19e-017  4.66e-001  4.20e-001  6.68e-002  4.71e-002  
3.95803e+016 1.43e-017  4.64e-001  4.16e-001  6.63e-002  5.32e-002  
3.97190e+016 8.95e-018  4.60e-001  4.14e-001  6.58e-002  6.02e-002  
3.98699e+016 5.37e-018  4.56e-001  4.10e-001  6.52e-002  6.84e-002  
4.00514e+016 2.91e-018  4.51e-001  4.06e-001  6.43e-002  7.88e-002  
4.02549e+016 1.47e-018  4.46e-001  4.00e-001  6.36e-002  9.08e-002  
4.04761e+016 6.99e-019  4.39e-001  3.95e-001  6.28e-002  1.03e-001  
4.07070e+016 3.25e-019  4.34e-001  3.88e-001  6.19e-002  1.16e-001  
4.09451e+016 1.47e-019  4.28e-001  3.84e-001  6.12e-002  1.27e-001  
4.11988e+016 6.24e-020  4.23e-001  3.80e-001  6.05e-002  1.37e-001  
4.14624e+016 2.53e-020  4.20e-001  3.76e-001  5.98e-002  1.44e-001  
4.17462e+016 9.23e-021  4.16e-001  3.74e-001  5.95e-002  1.51e-001  
4.20512e+016 2.97e-021  4.14e-001  3.73e-001  5.92e-002  1.53e-001  
4.23867e+016 7.95e-022  4.15e-001  3.72e-001  5.94e-002  1.53e-001  
4.27356e+016 1.84e-022  4.16e-001  3.73e-001  5.92e-002  1.52e-001  
4.30994e+016 3.57e-023  4.17e-001  3.75e-001  5.99e-002  1.47e-001  
4.34671e+016 6.19e-024  4.22e-001  3.78e-001  6.01e-002  1.40e-001  
4.38104e+016 1.48e-024  4.24e-001  3.81e-001  6.07e-002  1.34e-001  
4.41007e+016 1.18e-024  4.28e-001  3.84e-001  6.11e-002  1.27e-001  
4.42181e+016 1.36e-024  4.29e-001  3.85e-001  6.13e-002  1.25e-001  
4.42811e+016 1.52e-024  4.29e-001  3.86e-001  6.13e-002  1.24e-001  
4.43809e+016 1.94e-024  4.31e-001  3.87e-001  6.18e-002  1.21e-001  
4.45030e+016 2.36e-024  4.32e-001  3.88e-001  6.18e-002  1.18e-001  
4.45401e+016 2.52e-024  4.33e-001  3.88e-001  6.19e-002  1.17e-001  
4.45998e+016 2.83e-024  4.34e-001  3.88e-001  6.18e-002  1.16e-001  
4.46779e+016 3.31e-024  4.35e-001  3.89e-001  6.19e-002  1.14e-001  
4.48006e+016 4.07e-024  4.35e-001  3.91e-001  6.22e-002  1.12e-001  
4.48529e+016 4.40e-024  4.36e-001  3.91e-001  6.23e-002  1.10e-001  
4.48834e+016 4.62e-024  4.37e-001  3.91e-001  6.23e-002  1.09e-001  
4.49346e+016 5.04e-024  4.36e-001  3.93e-001  6.25e-002  1.08e-001  
4.49870e+016 5.49e-024  4.37e-001  3.93e-001  6.25e-002  1.07e-001  
4.50684e+016 6.17e-024  4.38e-001  3.94e-001  6.26e-002  1.05e-001  
4.51867e+016 7.12e-024  4.40e-001  3.95e-001  6.28e-002  1.03e-001  
4.51946e+016 7.18e-024  4.40e-001  3.94e-001  6.28e-002  1.03e-001  
4.52061e+016 7.28e-024  4.40e-001  3.94e-001  6.28e-002  1.03e-001  
4.52265e+016 7.46e-024  4.40e-001  3.95e-001  6.29e-002  1.02e-001  
4.52632e+016 7.81e-024  4.40e-001  3.95e-001  6.30e-002  1.01e-001  
4.53239e+016 8.44e-024  4.41e-001  3.96e-001  6.31e-002  1.00e-001  
4.54167e+016 9.37e-024  4.42e-001  3.97e-001  6.32e-002  9.80e-002  
4.55446e+016 1.08e-023  4.43e-001  3.98e-001  6.33e-002  9.56e-002  
4.55658e+016 1.09e-023  4.43e-001  3.98e-001  6.34e-002  9.50e-002  
4.55697e+016 1.10e-023  4.44e-001  3.98e-001  6.34e-002  9.48e-002  
4.55761e+016 1.10e-023  4.43e-001  3.98e-001  6.33e-002  9.50e-002  
4.55871e+016 1.11e-023  4.44e-001  3.98e-001  6.34e-002  9.42e-002  
4.56066e+016 1.13e-023  4.44e-001  3.98e-001  6.34e-002  9.43e-002  
4.56410e+016 1.17e-023  4.44e-001  3.98e-001  6.34e-002  9.37e-002  
4.56849e+016 1.23e-023  4.45e-001  3.99e-001  6.35e-002  9.28e-002  
4.57241e+016 1.28e-023  4.45e-001  4.00e-001  6.36e-002  9.17e-002  
4.57850e+016 1.35e-023  4.46e-001  4.00e-001  6.36e-002  9.09e-002  
4.58802e+016 1.47e-023  4.46e-001  4.01e-001  6.38e-002  8.91e-002  
4.59720e+016 1.58e-023  4.47e-001  4.02e-001  6.37e-002  8.71e-002  
4.59734e+016 1.58e-023  4.47e-001  4.02e-001  6.37e-002  8.71e-002  
4.59759e+016 1.59e-023  4.47e-001  4.02e-001  6.36e-002  8.70e-002  
4.59802e+016 1.59e-023  4.47e-001  4.02e-001  6.40e-002  8.72e-002  
4.59873e+016 1.60e-023  4.48e-001  4.02e-001  6.37e-002  8.68e-002  
4.59993e+016 1.62e-023  4.48e-001  4.02e-001  6.41e-002  8.63e-002  
4.60196e+016 1.65e-023  4.48e-001  4.02e-001  6.41e-002  8.59e-002  
4.60580e+016 1.72e-023  4.48e-001  4.02e-001  6.39e-002  8.54e-002  
4.61139e+016 1.83e-023  4.49e-001  4.03e-001  6.40e-002  8.48e-002  
4.61801e+016 1.95e-023  4.49e-001  4.04e-001  6.39e-002  8.34e-002  
4.62829e+016 2.15e-023  4.50e-001  4.04e-001  6.41e-002  8.17e-002  
4.63958e+016 2.39e-023  4.52e-001  4.05e-001  6.44e-002  7.91e-002  
4.64165e+016 2.44e-023  4.52e-001  4.05e-001  6.45e-002  7.89e-002  
4.64187e+016 2.41e-023  4.51e-001  4.05e-001  6.46e-002  7.91e-002  
4.64224e+016 2.41e-023  4.52e-001  4.05e-001  6.42e-002  7.92e-002  
4.64286e+016 2.44e-023  4.52e-001  4.05e-001  6.45e-002  7.89e-002  
4.64396e+016 2.46e-023  4.51e-001  4.06e-001  6.46e-002  7.84e-002  
4.64596e+016 2.52e-023  4.52e-001  4.05e-001  6.47e-002  7.82e-002  
4.64933e+016 2.63e-023  4.52e-001  4.06e-001  6.45e-002  7.78e-002  
4.65501e+016 2.85e-023  4.52e-001  4.07e-001  6.45e-002  7.68e-002  
4.66259e+016 3.13e-023  4.54e-001  4.06e-001  6.49e-002  7.57e-002  
4.67450e+016 3.59e-023  4.54e-001  4.07e-001  6.49e-002  7.41e-002  
4.68726e+016 4.16e-023  4.55e-001  4.09e-001  6.49e-002  7.17e-002  
4.69009e+016 4.30e-023  4.54e-001  4.10e-001  6.49e-002  7.15e-002  
4.69024e+016 4.31e-023  4.55e-001  4.09e-001  6.50e-002  7.15e-002  
4.69048e+016 4.33e-023  4.55e-001  4.09e-001  6.49e-002  7.16e-002  
4.69090e+016 4.34e-023  4.56e-001  4.07e-001  6.49e-002  7.18e-002  
4.69160e+016 4.38e-023  4.55e-001  4.09e-001  6.51e-002  7.15e-002  
4.69279e+016 4.44e-023  4.55e-001  4.10e-001  6.50e-002  7.09e-002  
4.69476e+016 4.57e-023  4.55e-001  4.09e-001  6.50e-002  7.07e-002  
4.69806e+016 4.81e-023  4.55e-001  4.09e-001  6.51e-002  7.03e-002  
4.70337e+016 5.18e-023  4.56e-001  4.10e-001  6.51e-002  6.95e-002  
4.70622e+016 5.44e-023  4.56e-001  4.10e-001  6.51e-002  6.93e-002  
4.71061e+016 5.85e-023  4.56e-001  4.10e-001  6.53e-002  6.87e-002  
4.71746e+016 6.53e-023  4.56e-001  4.11e-001  6.53e-002  6.77e-002  
4.72860e+016 7.71e-023  4.58e-001  4.11e-001  6.53e-002  6.61e-002  
4.74240e+016 9.52e-023  4.58e-001  4.12e-001  6.56e-002  6.46e-002  
4.74305e+016 9.62e-023  4.58e-001  4.12e-001  6.55e-002  6.44e-002  
4.74313e+016 9.64e-023  4.58e-001  4.12e-001  6.54e-002  6.44e-002  
4.74348e+016 9.69e-023  4.58e-001  4.12e-001  6.54e-002  6.45e-002  
4.74406e+016 9.77e-023  4.59e-001  4.11e-001  6.55e-002  6.45e-002  
4.74503e+016 9.93e-023  4.58e-001  4.12e-001  6.55e-002  6.44e-002  
4.74676e+016 1.02e-022  4.59e-001  4.12e-001  6.56e-002  6.40e-002  
4.74972e+016 1.07e-022  4.59e-001  4.12e-001  6.56e-002  6.35e-002  
4.75283e+016 1.14e-022  4.59e-001  4.12e-001  6.56e-002  6.32e-002  
4.75365e+016 1.16e-022  4.59e-001  4.12e-001  6.56e-002  6.30e-002  
4.75556e+016 1.20e-022  4.59e-001  4.12e-001  6.56e-002  6.28e-002  
4.75856e+016 1.28e-022  4.59e-001  4.12e-001  6.57e-002  6.25e-002  
4.76342e+016 1.41e-022  4.60e-001  4.13e-001  6.57e-002  6.19e-002  
4.77120e+016 1.64e-022  4.60e-001  4.13e-001  6.58e-002  6.09e-002  
4.78339e+016 2.07e-022  4.61e-001  4.14e-001  6.58e-002  5.95e-002  
4.79819e+016 2.73e-022  4.62e-001  4.14e-001  6.63e-002  5.82e-002  
4.80101e+016 2.89e-022  4.61e-001  4.16e-001  6.61e-002  5.78e-002  
4.80156e+016 2.92e-022  4.62e-001  4.14e-001  6.61e-002  5.75e-002  
4.80288e+016 2.99e-022  4.62e-001  4.15e-001  6.62e-002  5.75e-002  
4.80511e+016 3.14e-022  4.63e-001  4.15e-001  6.57e-002  5.71e-002  
4.80875e+016 3.35e-022  4.62e-001  4.15e-001  6.62e-002  5.67e-002  
4.81463e+016 3.78e-022  4.63e-001  4.15e-001  6.59e-002  5.58e-002  
4.82445e+016 4.61e-022  4.62e-001  4.17e-001  6.62e-002  5.47e-002  
4.83636e+016 5.89e-022  4.64e-001  4.16e-001  6.63e-002  5.37e-002  
4.84912e+016 7.66e-022  4.65e-001  4.17e-001  6.63e-002  5.22e-002  
4.86294e+016 1.02e-021  4.65e-001  4.18e-001  6.65e-002  5.02e-002  
4.87591e+016 1.36e-021  4.67e-001  4.19e-001  6.66e-002  4.83e-002  
4.88968e+016 1.84e-021  4.68e-001  4.20e-001  6.68e-002  4.46e-002  
4.90444e+016 2.53e-021  4.70e-001  4.23e-001  6.71e-002  4.03e-002  
4.91980e+016 3.51e-021  4.72e-001  4.24e-001  6.74e-002  3.61e-002  
4.93317e+016 4.66e-021  4.74e-001  4.25e-001  6.76e-002  3.31e-002  
4.94239e+016 5.65e-021  4.75e-001  4.27e-001  6.78e-002  3.06e-002  
4.95192e+016 6.86e-021  4.77e-001  4.27e-001  6.81e-002  2.81e-002  
4.96202e+016 8.40e-021  4.77e-001  4.29e-001  6.82e-002  2.57e-002  
4.97297e+016 1.04e-020  4.79e-001  4.30e-001  6.84e-002  2.34e-002  
4.98461e+016 1.30e-020  4.80e-001  4.31e-001  6.85e-002  2.09e-002  
4.99670e+016 1.62e-020  4.81e-001  4.32e-001  6.90e-002  1.85e-002  
5.00936e+016 2.03e-020  4.82e-001  4.33e-001  6.88e-002  1.62e-002  
5.02240e+016 2.54e-020  4.84e-001  4.33e-001  6.89e-002  1.41e-002  
5.03584e+016 3.15e-020  4.83e-001  4.35e-001  6.93e-002  1.24e-002  
5.05026e+016 3.89e-020  4.86e-001  4.34e-001  6.91e-002  1.10e-002  
5.05959e+016 4.48e-020  4.85e-001  4.36e-001  6.92e-002  1.06e-002  
5.06957e+016 5.23e-020  4.84e-001  4.36e-001  6.93e-002  1.02e-002  
5.07988e+016 6.15e-020  4.85e-001  4.36e-001  6.93e-002  9.78e-003  
5.09058e+016 7.32e-020  4.85e-001  4.36e-001  6.93e-002  9.42e-003  
5.10237e+016 8.92e-020  4.86e-001  4.36e-001  6.93e-002  9.04e-003  
5.11496e+016 1.12e-019  4.86e-001  4.36e-001  6.94e-002  8.72e-003  
5.12843e+016 1.44e-019  4.86e-001  4.37e-001  6.93e-002  8.32e-003  
5.14296e+016 1.95e-019  4.86e-001  4.37e-001  6.93e-002  7.95e-003  
5.15425e+016 2.50e-019  4.87e-001  4.35e-001  6.95e-002  7.75e-003  
5.16792e+016 3.46e-019  4.86e-001  4.37e-001  6.95e-002  7.44e-003  
5.18319e+016 4.99e-019  4.87e-001  4.37e-001  6.95e-002  7.19e-003  
5.19950e+016 7.48e-019  4.87e-001  4.37e-001  6.95e-002  6.91e-003  
5.21655e+016 1.15e-018  4.87e-001  4.37e-001  6.95e-002  6.66e-003  
5.23457e+016 1.80e-018  4.87e-001  4.37e-001  6.95e-002  6.34e-003  
5.25384e+016 2.86e-018  4.87e-001  4.38e-001  6.97e-002  6.16e-003  
5.27451e+016 4.60e-018  4.87e-001  4.37e-001  6.96e-002  5.87e-003  
5.29668e+016 7.47e-018  4.87e-001  4.38e-001  6.96e-002  5.65e-003  
5.31993e+016 1.20e-017  4.87e-001  4.38e-001  6.96e-002  5.40e-003  
5.34440e+016 1.93e-017  4.88e-001  4.38e-001  6.94e-002  5.17e-003  
5.36995e+016 3.06e-017  4.87e-001  4.38e-001  6.97e-002  4.94e-003  
5.39765e+016 4.84e-017  4.88e-001  4.38e-001  6.98e-002  4.75e-003  
5.42627e+016 7.54e-017  4.88e-001  4.38e-001  6.96e-002  4.56e-003  
5.45738e+016 1.18e-016  4.88e-001  4.38e-001  6.97e-002  4.35e-003  
5.49079e+016 1.82e-016  4.88e-001  4.38e-001  6.97e-002  4.18e-003  
5.52575e+016 2.77e-016  4.87e-001  4.40e-001  6.96e-002  4.00e-003  
5.56155e+016 4.11e-016  4.89e-001  4.38e-001  6.98e-002  3.84e-003  
5.59918e+016 6.00e-016  4.88e-001  4.38e-001  6.98e-002  3.72e-003  
5.63913e+016 8.64e-016  4.88e-001  4.38e-001  6.98e-002  3.60e-003  
5.68226e+016 1.24e-015  4.88e-001  4.39e-001  6.97e-002  3.47e-003  
5.72780e+016 1.73e-015  4.89e-001  4.38e-001  6.98e-002  3.37e-003  
5.77650e+016 2.40e-015  4.88e-001  4.38e-001  7.01e-002  3.27e-003  
5.82707e+016 3.25e-015  4.90e-001  4.37e-001  6.99e-002  3.17e-003  
5.88124e+016 4.33e-015  4.88e-001  4.39e-001  6.98e-002  3.12e-003  
5.93801e+016 5.65e-015  4.88e-001  4.39e-001  6.97e-002  3.03e-003  
5.99878e+016 7.27e-015  4.88e-001  4.39e-001  6.99e-002  2.98e-003  
6.06254e+016 9.18e-015  4.88e-001  4.39e-001  6.98e-002  2.94e-003  
6.12860e+016 1.13e-014  4.88e-001  4.39e-001  6.98e-002  2.89e-003  
6.19772e+016 1.38e-014  4.88e-001  4.39e-001  6.98e-002  2.87e-003  
6.27006e+016 1.65e-014  4.89e-001  4.39e-001  6.98e-002  2.85e-003  
6.34752e+016 1.95e-014  4.89e-001  4.39e-001  6.97e-002  2.84e-003  
6.43223e+016 2.30e-014  4.88e-001  4.40e-001  6.97e-002  2.82e-003  
6.52408e+016 2.66e-014  4.88e-001  4.39e-001  6.98e-002  2.81e-003  
6.62440e+016 3.07e-014  4.88e-001  4.39e-001  6.99e-002  2.83e-003  
6.73219e+016 3.53e-014  4.88e-001  4.40e-001  6.98e-002  2.84e-003  
6.84641e+016 3.99e-014  4.89e-001  4.39e-001  6.97e-002  2.86e-003  
6.96945e+016 4.49e-014  4.88e-001  4.39e-001  6.98e-002  2.88e-003  
7.10391e+016 5.01e-014  4.89e-001  4.39e-001  6.98e-002  2.91e-003  
7.25155e+016 5.56e-014  4.89e-001  4.39e-001  6.97e-002  2.93e-003  
7.42223e+016 6.18e-014  4.89e-001  4.39e-001  6.97e-002  2.98e-003  
7.63108e+016 6.84e-014  4.88e-001  4.39e-001  6.99e-002  2.98e-003  
7.86896e+016 7.47e-014  4.88e-001  4.39e-001  6.98e-002  3.00e-003  
8.18150e+016 8.07e-014  4.88e-001  4.39e-001  6.99e-002  3.00e-003  
8.55776e+016 8.47e-014  4.89e-001  4.38e-001  6.98e-002  2.98e-003  
9.00548e+016 8.56e-014  4.88e-001  4.39e-001  6.98e-002  2.98e-003  
9.53916e+016 8.34e-014  4.88e-001  4.39e-001  6.98e-002  2.96e-003  
1.01535e+017 7.82e-014  4.89e-001  4.39e-001  6.98e-002  2.93e-003  
1.09249e+017 7.00e-014  4.89e-001  4.39e-001  6.97e-002  2.86e-003  
1.19176e+017 5.81e-014  4.89e-001  4.39e-001  6.97e-002  2.82e-003  
1.32448e+017 4.07e-014  4.88e-001  4.39e-001  6.97e-002  2.63e-003  
