! 0       C + HCO -> C2O + H
! 1       HC2O+ + e- -> C2O + H
! 2       HC2O+ + GRAIN -> C2O + H + GRAIN
! 3       O + C3O -> C2O + CO
! 4       O + C2H- -> C2O + H + e-
! 5       O2 + C3H+ -> C2O + HCO+
! 6       C2O+ + GRAIN -> C2O + GRAIN
! 7       *C2O + He -> C2O + He
! 8       *C2O + H2 -> C2O + H2
! 9       *O + *C2 -> C2O
!            tot_rate   0          1          2          3          4          5          6          7          8          9          
1.58188e+013 2.37e-018  1.48e-001  8.36e-001  5.53e-003  4.16e-033  1.00e-002  9.67e-005  5.24e-005  0.00e+000  0.00e+000  1.10e-013  
3.50727e+014 2.37e-018  1.48e-001  8.36e-001  5.53e-003  4.16e-033  1.00e-002  9.67e-005  5.24e-005  0.00e+000  0.00e+000  1.10e-013  
5.21628e+015 2.37e-018  1.48e-001  8.36e-001  5.53e-003  4.15e-033  1.00e-002  9.72e-005  5.24e-005  0.00e+000  0.00e+000  1.10e-013  
2.67137e+016 2.20e-018  1.53e-001  8.32e-001  4.82e-003  4.91e-033  1.07e-002  1.69e-004  3.40e-005  0.00e+000  0.00e+000  4.50e-013  
3.33598e+016 1.77e-018  1.81e-001  7.95e-001  9.58e-003  3.52e-032  1.30e-002  1.18e-003  3.74e-005  0.00e+000  0.00e+000  2.33e-012  
3.42055e+016 1.78e-018  1.78e-001  7.96e-001  1.15e-002  1.78e-031  1.28e-002  1.52e-003  4.00e-005  0.00e+000  0.00e+000  4.07e-012  
3.44017e+016 1.78e-018  1.77e-001  7.96e-001  1.22e-002  3.30e-031  1.28e-002  1.53e-003  4.11e-005  0.00e+000  0.00e+000  5.07e-012  
3.46353e+016 1.78e-018  1.76e-001  7.96e-001  1.33e-002  8.35e-031  1.28e-002  1.54e-003  4.30e-005  0.00e+000  0.00e+000  7.18e-012  
3.48860e+016 1.77e-018  1.76e-001  7.95e-001  1.47e-002  3.11e-030  1.30e-002  1.56e-003  4.56e-005  0.00e+000  0.00e+000  1.22e-011  
3.51370e+016 1.76e-018  1.75e-001  7.94e-001  1.66e-002  1.83e-029  1.30e-002  1.55e-003  4.93e-005  2.41e-073  0.00e+000  2.50e-011  
3.53250e+016 1.74e-018  1.76e-001  7.91e-001  1.84e-002  1.04e-028  1.32e-002  1.50e-003  5.29e-005  9.86e-058  0.00e+000  5.07e-011  
3.55515e+016 1.78e-018  1.71e-001  7.94e-001  2.04e-002  1.56e-027  1.31e-002  1.23e-003  5.63e-005  1.55e-039  0.00e+000  1.50e-010  
3.57182e+016 1.84e-018  1.64e-001  8.00e-001  2.19e-002  2.01e-026  1.27e-002  9.58e-004  5.83e-005  4.97e-028  0.00e+000  3.98e-010  
3.58524e+016 1.90e-018  1.58e-001  8.06e-001  2.30e-002  2.46e-025  1.24e-002  8.11e-004  6.01e-005  9.70e-022  0.00e+000  1.00e-009  
3.60047e+016 1.98e-018  1.50e-001  8.13e-001  2.45e-002  7.57e-024  1.20e-002  7.47e-004  6.21e-005  1.55e-015  1.08e-073  3.30e-009  
3.61718e+016 2.08e-018  1.42e-001  8.19e-001  2.65e-002  7.71e-022  1.16e-002  7.23e-004  6.50e-005  2.23e-012  2.50e-047  1.51e-008  
3.62899e+016 2.16e-018  1.36e-001  8.24e-001  2.81e-002  3.63e-020  1.13e-002  7.08e-004  6.76e-005  2.64e-011  4.15e-039  4.91e-008  
3.63893e+016 2.23e-018  1.30e-001  8.28e-001  2.97e-002  1.38e-018  1.10e-002  6.98e-004  7.03e-005  9.40e-011  4.28e-027  1.41e-007  
3.64972e+016 2.34e-018  1.24e-001  8.33e-001  3.13e-002  1.03e-016  1.06e-002  6.79e-004  7.27e-005  3.03e-010  1.25e-017  4.57e-007  
3.66124e+016 2.47e-018  1.17e-001  8.39e-001  3.36e-002  1.43e-014  1.03e-002  6.64e-004  7.62e-005  8.67e-010  1.45e-013  1.67e-006  
3.67348e+016 2.64e-018  1.09e-001  8.44e-001  3.63e-002  3.28e-012  9.88e-003  6.40e-004  8.03e-005  3.40e-009  3.27e-011  6.17e-006  
3.68621e+016 2.87e-018  9.94e-002  8.51e-001  3.97e-002  8.61e-010  9.38e-003  6.17e-004  8.58e-005  1.15e-008  8.40e-010  1.05e-005  
3.69700e+016 3.11e-018  9.14e-002  8.56e-001  4.31e-002  7.14e-008  8.98e-003  5.92e-004  9.11e-005  1.71e-008  2.45e-009  6.08e-006  
3.70376e+016 3.29e-018  8.62e-002  8.59e-001  4.55e-002  8.98e-007  8.68e-003  5.77e-004  9.47e-005  2.03e-008  3.79e-009  3.79e-006  
3.71087e+016 3.52e-018  8.06e-002  8.62e-001  4.79e-002  1.00e-005  8.37e-003  5.59e-004  9.84e-005  2.39e-008  5.70e-009  2.25e-006  
3.71826e+016 3.81e-018  7.45e-002  8.66e-001  5.09e-002  8.97e-005  8.00e-003  5.40e-004  1.03e-004  2.89e-008  8.16e-009  1.33e-006  
3.72589e+016 4.17e-018  6.80e-002  8.69e-001  5.37e-002  5.89e-004  7.62e-003  5.25e-004  1.07e-004  3.47e-008  1.15e-008  7.98e-007  
3.73370e+016 4.63e-018  6.16e-002  8.71e-001  5.72e-002  2.72e-003  7.22e-003  5.08e-004  1.12e-004  4.19e-008  1.57e-008  4.88e-007  
3.74165e+016 5.22e-018  5.48e-002  8.68e-001  6.06e-002  8.93e-003  6.75e-003  5.00e-004  1.16e-004  5.00e-008  2.15e-008  3.26e-007  
3.74829e+016 5.84e-018  4.93e-002  8.62e-001  6.29e-002  1.94e-002  6.34e-003  5.00e-004  1.19e-004  5.98e-008  2.76e-008  2.67e-007  
3.75505e+016 6.58e-018  4.41e-002  8.57e-001  6.53e-002  2.73e-002  5.92e-003  5.16e-004  1.21e-004  7.61e-008  3.90e-008  2.92e-007  
3.76194e+016 7.45e-018  3.94e-002  8.55e-001  6.84e-002  3.11e-002  5.56e-003  5.58e-004  1.25e-004  1.31e-007  7.18e-008  5.68e-007  
3.76839e+016 8.43e-018  3.59e-002  8.51e-001  7.11e-002  3.64e-002  5.20e-003  6.30e-004  1.27e-004  5.81e-007  3.48e-007  2.80e-006  
3.76854e+016 8.45e-018  3.58e-002  8.50e-001  7.11e-002  3.67e-002  5.19e-003  6.33e-004  1.27e-004  6.15e-007  3.68e-007  2.96e-006  
3.76877e+016 8.49e-018  3.58e-002  8.50e-001  7.12e-002  3.69e-002  5.18e-003  6.36e-004  1.27e-004  6.77e-007  4.06e-007  3.24e-006  
3.76917e+016 8.56e-018  3.56e-002  8.50e-001  7.14e-002  3.73e-002  5.15e-003  6.43e-004  1.27e-004  7.99e-007  4.80e-007  3.78e-006  
3.76980e+016 8.67e-018  3.53e-002  8.49e-001  7.15e-002  3.80e-002  5.12e-003  6.53e-004  1.27e-004  1.07e-006  6.47e-007  4.93e-006  
3.77083e+016 8.84e-018  3.49e-002  8.48e-001  7.20e-002  3.91e-002  5.07e-003  6.72e-004  1.28e-004  1.83e-006  1.12e-006  7.95e-006  
3.77248e+016 9.15e-018  3.43e-002  8.46e-001  7.26e-002  4.13e-002  4.97e-003  7.07e-004  1.28e-004  5.19e-006  3.18e-006  1.93e-005  
3.77450e+016 9.53e-018  3.39e-002  8.43e-001  7.32e-002  4.44e-002  4.86e-003  7.67e-004  1.28e-004  2.49e-005  1.56e-005  6.31e-005  
3.77655e+016 9.96e-018  3.37e-002  8.39e-001  7.39e-002  4.79e-002  4.74e-003  8.70e-004  1.29e-004  7.41e-005  4.80e-005  3.26e-005  
3.77936e+016 1.05e-017  3.40e-002  8.39e-001  7.54e-002  4.61e-002  4.61e-003  1.01e-003  1.30e-004  3.96e-005  2.64e-005  1.25e-005  
3.78016e+016 1.07e-017  3.42e-002  8.39e-001  7.58e-002  4.53e-002  4.57e-003  1.02e-003  1.30e-004  4.33e-005  2.90e-005  1.23e-005  
3.78111e+016 1.08e-017  3.44e-002  8.39e-001  7.63e-002  4.45e-002  4.53e-003  1.02e-003  1.31e-004  4.83e-005  3.26e-005  1.22e-005  
3.78273e+016 1.12e-017  3.49e-002  8.39e-001  7.72e-002  4.32e-002  4.45e-003  1.02e-003  1.31e-004  5.78e-005  3.94e-005  1.21e-005  
3.78530e+016 1.17e-017  3.59e-002  8.39e-001  7.86e-002  4.10e-002  4.33e-003  9.72e-004  1.32e-004  7.53e-005  5.22e-005  1.19e-005  
3.78818e+016 1.24e-017  3.75e-002  8.38e-001  8.01e-002  3.86e-002  4.18e-003  9.19e-004  1.34e-004  9.75e-005  6.95e-005  1.14e-005  
3.79076e+016 1.30e-017  3.94e-002  8.37e-001  8.14e-002  3.65e-002  4.05e-003  8.60e-004  1.34e-004  1.18e-004  8.60e-005  1.09e-005  
3.79253e+016 1.34e-017  4.12e-002  8.36e-001  8.28e-002  3.52e-002  3.96e-003  8.36e-004  1.36e-004  1.28e-004  9.55e-005  1.06e-005  
3.79502e+016 1.41e-017  4.36e-002  8.35e-001  8.35e-002  3.30e-002  3.79e-003  7.78e-004  1.35e-004  1.42e-004  1.07e-004  1.01e-005  
3.79755e+016 1.48e-017  4.70e-002  8.33e-001  8.46e-002  3.09e-002  3.62e-003  7.38e-004  1.36e-004  1.56e-004  1.18e-004  9.68e-006  
3.79897e+016 1.52e-017  4.90e-002  8.32e-001  8.51e-002  2.96e-002  3.50e-003  7.13e-004  1.37e-004  1.62e-004  1.25e-004  9.44e-006  
3.79918e+016 1.52e-017  4.96e-002  8.31e-001  8.57e-002  2.95e-002  3.50e-003  7.12e-004  1.37e-004  1.64e-004  1.27e-004  9.43e-006  
3.79956e+016 1.53e-017  5.01e-002  8.30e-001  8.57e-002  2.92e-002  3.47e-003  7.06e-004  1.37e-004  1.65e-004  1.28e-004  9.35e-006  
3.80017e+016 1.54e-017  5.11e-002  8.29e-001  8.62e-002  2.86e-002  3.42e-003  7.00e-004  1.37e-004  1.68e-004  1.32e-004  9.33e-006  
3.80129e+016 1.58e-017  5.28e-002  8.29e-001  8.67e-002  2.75e-002  3.30e-003  6.77e-004  1.37e-004  1.73e-004  1.37e-004  9.11e-006  
3.80319e+016 1.63e-017  5.62e-002  8.26e-001  8.75e-002  2.57e-002  3.12e-003  6.49e-004  1.38e-004  1.81e-004  1.46e-004  8.81e-006  
3.80578e+016 1.71e-017  6.13e-002  8.23e-001  8.87e-002  2.30e-002  2.82e-003  6.13e-004  1.38e-004  1.91e-004  1.55e-004  8.46e-006  
3.80629e+016 1.73e-017  6.20e-002  8.23e-001  8.87e-002  2.25e-002  2.76e-003  6.03e-004  1.39e-004  1.93e-004  1.57e-004  8.40e-006  
3.80713e+016 1.74e-017  6.43e-002  8.21e-001  8.95e-002  2.16e-002  2.67e-003  5.97e-004  1.40e-004  1.97e-004  1.61e-004  8.32e-006  
3.80859e+016 1.78e-017  6.73e-002  8.18e-001  9.08e-002  2.00e-002  2.48e-003  5.77e-004  1.41e-004  2.01e-004  1.65e-004  8.13e-006  
3.81083e+016 1.85e-017  7.19e-002  8.16e-001  9.13e-002  1.74e-002  2.15e-003  5.51e-004  1.42e-004  2.06e-004  1.72e-004  7.84e-006  
3.81265e+016 1.90e-017  7.51e-002  8.14e-001  9.25e-002  1.52e-002  1.87e-003  5.31e-004  1.42e-004  2.10e-004  1.78e-004  7.67e-006  
3.81480e+016 1.95e-017  7.95e-002  8.11e-001  9.44e-002  1.27e-002  1.55e-003  5.13e-004  1.45e-004  2.16e-004  1.85e-004  7.49e-006  
3.81769e+016 2.02e-017  8.34e-002  8.09e-001  9.63e-002  9.43e-003  1.11e-003  4.89e-004  1.48e-004  2.20e-004  1.91e-004  7.24e-006  
3.81836e+016 2.03e-017  8.43e-002  8.08e-001  9.66e-002  8.68e-003  1.02e-003  4.84e-004  1.48e-004  2.21e-004  1.92e-004  7.20e-006  
3.81952e+016 2.05e-017  8.47e-002  8.08e-001  9.74e-002  7.45e-003  8.57e-004  4.76e-004  1.50e-004  2.22e-004  1.93e-004  7.06e-006  
3.82149e+016 2.08e-017  8.56e-002  8.08e-001  9.91e-002  5.58e-003  6.20e-004  4.65e-004  1.52e-004  2.24e-004  1.98e-004  6.93e-006  
3.82433e+016 2.11e-017  8.35e-002  8.11e-001  1.01e-001  3.31e-003  3.46e-004  4.52e-004  1.57e-004  2.21e-004  1.99e-004  6.59e-006  
3.82740e+016 2.13e-017  7.70e-002  8.17e-001  1.04e-001  1.61e-003  1.54e-004  4.41e-004  1.63e-004  2.05e-004  1.86e-004  5.82e-006  
3.83054e+016 2.12e-017  6.64e-002  8.25e-001  1.07e-001  6.31e-004  5.47e-005  4.36e-004  1.71e-004  1.46e-004  1.33e-004  3.92e-006  
3.83376e+016 2.11e-017  5.27e-002  8.35e-001  1.11e-001  1.84e-004  1.42e-005  4.32e-004  1.79e-004  5.60e-005  5.22e-005  1.32e-006  
3.83751e+016 2.08e-017  3.59e-002  8.47e-001  1.16e-001  2.98e-005  1.99e-006  4.29e-004  1.91e-004  1.53e-005  1.45e-005  2.00e-007  
3.84132e+016 2.05e-017  2.37e-002  8.54e-001  1.22e-001  3.80e-006  2.18e-007  4.26e-004  2.03e-004  9.18e-006  8.74e-006  2.45e-008  
3.84531e+016 2.03e-017  1.68e-002  8.57e-001  1.26e-001  1.38e-006  6.65e-008  4.21e-004  2.14e-004  8.96e-006  8.72e-006  8.57e-009  
3.84962e+016 2.00e-017  1.39e-002  8.55e-001  1.30e-001  1.28e-006  5.05e-008  4.18e-004  2.28e-004  9.40e-006  9.30e-006  7.10e-009  
3.85449e+016 1.96e-017  1.34e-002  8.51e-001  1.35e-001  1.31e-006  4.10e-008  4.15e-004  2.44e-004  9.99e-006  9.99e-006  6.32e-009  
3.85990e+016 1.91e-017  1.77e-002  8.41e-001  1.41e-001  1.45e-006  3.40e-008  4.15e-004  2.62e-004  1.08e-005  1.08e-005  6.11e-009  
3.86597e+016 1.89e-017  5.28e-002  8.03e-001  1.43e-001  1.89e-006  3.12e-008  4.08e-004  2.78e-004  1.14e-005  1.17e-005  6.87e-009  
3.87288e+016 2.12e-017  2.04e-001  6.69e-001  1.26e-001  2.77e-006  2.96e-008  3.54e-004  2.57e-004  3.60e-006  3.74e-006  8.39e-009  
3.88139e+016 2.79e-017  4.51e-001  4.55e-001  9.35e-002  3.76e-006  2.20e-008  2.60e-004  2.03e-004  8.81e-006  9.20e-006  9.56e-009  
3.89093e+016 2.54e-017  4.69e-001  4.33e-001  9.77e-002  7.25e-006  1.93e-008  2.80e-004  2.28e-004  1.05e-005  1.11e-005  1.68e-008  
3.90068e+016 1.46e-017  2.01e-001  6.40e-001  1.59e-001  2.02e-005  2.14e-008  4.99e-004  3.99e-004  1.98e-005  2.13e-005  4.80e-008  
3.91088e+016 1.09e-017  9.78e-002  7.07e-001  1.94e-001  4.04e-005  1.67e-008  7.55e-004  5.31e-004  2.93e-005  3.16e-005  1.12e-007  
3.92181e+016 1.01e-017  1.98e-001  6.12e-001  1.88e-001  6.11e-005  1.44e-008  1.06e-003  5.63e-004  3.63e-005  3.94e-005  2.32e-007  
3.93325e+016 9.86e-018  3.36e-001  4.93e-001  1.69e-001  8.18e-005  1.54e-008  1.57e-003  5.58e-004  4.62e-005  5.00e-005  4.91e-007  
3.94519e+016 9.76e-018  4.63e-001  3.84e-001  1.50e-001  1.01e-004  1.53e-008  2.35e-003  5.37e-004  6.34e-005  6.84e-005  1.05e-006  
3.95803e+016 9.52e-018  5.65e-001  2.99e-001  1.31e-001  1.18e-004  1.38e-008  3.40e-003  5.15e-004  9.40e-005  1.02e-004  2.20e-006  
3.97190e+016 9.04e-018  6.35e-001  2.39e-001  1.21e-001  1.33e-004  1.19e-008  4.65e-003  4.98e-004  1.43e-004  1.54e-004  4.36e-006  
3.98699e+016 8.25e-018  6.76e-001  2.01e-001  1.16e-001  1.44e-004  1.05e-008  5.90e-003  4.92e-004  2.07e-004  2.23e-004  7.96e-006  
4.00514e+016 7.12e-018  6.91e-001  1.80e-001  1.21e-001  1.55e-004  9.46e-009  6.93e-003  4.95e-004  2.88e-004  3.06e-004  1.40e-005  
4.02549e+016 5.80e-018  6.81e-001  1.74e-001  1.36e-001  1.63e-004  8.57e-009  7.28e-003  5.07e-004  3.60e-004  3.76e-004  2.23e-005  
4.04761e+016 4.47e-018  6.53e-001  1.78e-001  1.60e-001  1.71e-004  7.88e-009  6.80e-003  5.30e-004  4.05e-004  4.12e-004  3.22e-005  
4.07070e+016 3.27e-018  6.14e-001  1.87e-001  1.92e-001  1.81e-004  7.45e-009  5.71e-003  5.62e-004  4.12e-004  4.09e-004  4.28e-005  
4.09451e+016 2.27e-018  5.67e-001  2.00e-001  2.27e-001  1.97e-004  7.39e-009  4.44e-003  6.07e-004  3.88e-004  3.74e-004  5.28e-005  
4.11988e+016 1.47e-018  5.12e-001  2.15e-001  2.68e-001  2.26e-004  7.73e-009  3.14e-003  6.74e-004  3.43e-004  3.20e-004  6.15e-005  
4.14624e+016 8.89e-019  4.46e-001  2.36e-001  3.14e-001  2.79e-004  8.71e-009  2.09e-003  7.66e-004  3.00e-004  2.69e-004  6.87e-005  
4.17462e+016 4.94e-019  3.65e-001  2.65e-001  3.67e-001  3.85e-004  1.09e-008  1.32e-003  8.89e-004  2.74e-004  2.31e-004  7.40e-005  
4.20512e+016 2.53e-019  2.69e-001  3.01e-001  4.27e-001  6.08e-004  1.58e-008  8.61e-004  1.04e-003  2.71e-004  2.20e-004  7.58e-005  
4.23867e+016 1.24e-019  1.65e-001  3.43e-001  4.89e-001  1.11e-003  2.60e-008  6.32e-004  1.17e-003  2.96e-004  2.24e-004  6.84e-005  
4.27356e+016 6.64e-020  7.98e-002  3.81e-001  5.35e-001  2.09e-003  4.46e-008  5.05e-004  1.14e-003  3.10e-004  2.20e-004  4.85e-005  
4.30994e+016 4.45e-020  2.87e-002  4.11e-001  5.55e-001  4.13e-003  7.97e-008  3.41e-004  8.69e-004  2.56e-004  1.68e-004  2.74e-005  
4.34671e+016 4.51e-020  7.96e-003  4.33e-001  5.52e-001  6.34e-003  1.12e-007  1.57e-004  4.64e-004  1.13e-004  6.88e-005  7.65e-006  
4.38104e+016 5.39e-020  2.69e-003  4.49e-001  5.41e-001  6.69e-003  1.09e-007  6.64e-005  2.48e-004  3.93e-005  2.23e-005  1.28e-006  
4.41007e+016 5.70e-020  1.55e-003  4.63e-001  5.28e-001  6.79e-003  1.04e-007  3.61e-005  1.81e-004  1.70e-005  8.91e-006  2.51e-007  
4.42181e+016 5.77e-020  1.37e-003  4.68e-001  5.23e-001  6.90e-003  1.03e-007  2.88e-005  1.66e-004  1.20e-005  6.19e-006  1.29e-007  
4.42811e+016 5.83e-020  1.28e-003  4.72e-001  5.20e-001  7.20e-003  1.06e-007  2.54e-005  1.58e-004  1.00e-005  5.06e-006  9.42e-008  
4.43809e+016 5.95e-020  1.28e-003  4.77e-001  5.14e-001  7.26e-003  1.04e-007  2.08e-005  1.49e-004  7.31e-006  3.65e-006  5.21e-008  
4.45030e+016 5.98e-020  1.45e-003  4.85e-001  5.06e-001  7.12e-003  9.91e-008  1.71e-005  1.41e-004  5.17e-006  2.49e-006  2.52e-008  
4.45401e+016 5.96e-020  1.61e-003  4.86e-001  5.05e-001  6.89e-003  9.54e-008  1.61e-005  1.40e-004  4.65e-006  2.21e-006  1.95e-008  
4.45998e+016 5.86e-020  1.91e-003  4.90e-001  5.02e-001  6.77e-003  9.21e-008  1.52e-005  1.40e-004  4.01e-006  1.86e-006  1.36e-008  
4.46779e+016 5.75e-020  2.05e-003  4.94e-001  4.97e-001  7.02e-003  9.39e-008  1.40e-005  1.41e-004  3.30e-006  1.50e-006  9.11e-009  
4.48006e+016 5.59e-020  2.52e-003  4.99e-001  4.92e-001  7.11e-003  9.26e-008  1.24e-005  1.42e-004  2.48e-006  1.10e-006  4.88e-009  
4.48529e+016 5.52e-020  3.01e-003  5.02e-001  4.88e-001  6.91e-003  8.92e-008  1.18e-005  1.43e-004  2.19e-006  9.46e-007  3.59e-009  
4.48834e+016 5.42e-020  3.77e-003  5.04e-001  4.86e-001  6.52e-003  8.29e-008  1.17e-005  1.45e-004  2.09e-006  8.90e-007  2.92e-009  
4.49346e+016 5.26e-020  4.13e-003  5.06e-001  4.83e-001  6.85e-003  8.61e-008  1.15e-005  1.49e-004  1.92e-006  8.18e-007  2.43e-009  
4.49870e+016 5.15e-020  4.33e-003  5.09e-001  4.80e-001  7.13e-003  8.85e-008  1.12e-005  1.52e-004  1.75e-006  7.46e-007  2.04e-009  
4.50684e+016 5.02e-020  4.94e-003  5.14e-001  4.74e-001  7.29e-003  8.88e-008  1.07e-005  1.56e-004  1.54e-006  6.43e-007  1.54e-009  
4.51867e+016 4.84e-020  6.49e-003  5.19e-001  4.67e-001  7.34e-003  8.70e-008  1.01e-005  1.62e-004  1.32e-006  5.29e-007  1.05e-009  
4.51946e+016 4.83e-020  6.92e-003  5.18e-001  4.68e-001  7.21e-003  8.59e-008  1.00e-005  1.63e-004  1.28e-006  5.09e-007  9.71e-010  
4.52061e+016 4.79e-020  8.08e-003  5.20e-001  4.65e-001  6.64e-003  7.85e-008  1.00e-005  1.64e-004  1.26e-006  5.01e-007  8.60e-010  
4.52265e+016 4.72e-020  9.31e-003  5.20e-001  4.64e-001  6.49e-003  7.63e-008  1.01e-005  1.66e-004  1.25e-006  4.92e-007  7.95e-010  
4.52632e+016 4.59e-020  1.04e-002  5.21e-001  4.62e-001  6.78e-003  7.89e-008  1.02e-005  1.71e-004  1.23e-006  4.77e-007  7.52e-010  
4.53239e+016 4.43e-020  1.13e-002  5.23e-001  4.58e-001  7.22e-003  8.28e-008  1.02e-005  1.78e-004  1.18e-006  4.49e-007  6.90e-010  
4.54167e+016 4.27e-020  1.31e-002  5.29e-001  4.50e-001  7.50e-003  8.41e-008  9.98e-006  1.86e-004  1.11e-006  4.10e-007  5.83e-010  
4.55446e+016 4.09e-020  1.75e-002  5.35e-001  4.40e-001  7.52e-003  8.18e-008  9.72e-006  1.96e-004  1.00e-006  3.62e-007  4.47e-010  
4.55658e+016 4.06e-020  1.86e-002  5.35e-001  4.39e-001  7.52e-003  8.16e-008  9.71e-006  1.98e-004  9.86e-007  3.53e-007  4.26e-010  
4.55697e+016 4.07e-020  1.92e-002  5.33e-001  4.40e-001  7.42e-003  8.11e-008  9.66e-006  1.98e-004  9.76e-007  3.37e-007  4.08e-010  
4.55761e+016 4.06e-020  2.11e-002  5.33e-001  4.39e-001  7.10e-003  7.67e-008  9.67e-006  1.99e-004  9.69e-007  3.33e-007  3.85e-010  
4.55871e+016 4.03e-020  2.36e-002  5.33e-001  4.36e-001  6.57e-003  7.09e-008  9.70e-006  2.00e-004  9.67e-007  3.32e-007  3.50e-010  
4.56066e+016 3.96e-020  2.68e-002  5.32e-001  4.34e-001  6.46e-003  6.91e-008  9.79e-006  2.04e-004  9.67e-007  3.31e-007  3.33e-010  
4.56410e+016 3.85e-020  3.06e-002  5.32e-001  4.31e-001  6.69e-003  7.11e-008  9.99e-006  2.11e-004  9.62e-007  3.29e-007  3.27e-010  
4.56849e+016 3.75e-020  3.38e-002  5.33e-001  4.26e-001  7.03e-003  7.38e-008  1.01e-005  2.18e-004  9.48e-007  3.25e-007  3.22e-010  
4.57241e+016 3.68e-020  3.59e-002  5.33e-001  4.24e-001  7.28e-003  7.58e-008  1.02e-005  2.24e-004  9.35e-007  3.18e-007  3.13e-010  
4.57850e+016 3.61e-020  3.96e-002  5.35e-001  4.18e-001  7.42e-003  7.59e-008  1.02e-005  2.32e-004  9.11e-007  3.02e-007  2.88e-010  
4.58802e+016 3.50e-020  4.83e-002  5.35e-001  4.09e-001  7.44e-003  7.47e-008  1.02e-005  2.44e-004  8.72e-007  2.74e-007  2.51e-010  
4.59720e+016 3.41e-020  6.07e-002  5.33e-001  3.98e-001  7.33e-003  7.18e-008  1.02e-005  2.55e-004  8.29e-007  2.51e-007  2.18e-010  
4.59734e+016 3.41e-020  6.09e-002  5.33e-001  3.98e-001  7.29e-003  7.18e-008  1.02e-005  2.55e-004  8.23e-007  2.47e-007  2.15e-010  
4.59759e+016 3.42e-020  6.20e-002  5.33e-001  3.98e-001  7.29e-003  7.20e-008  1.02e-005  2.56e-004  8.08e-007  2.42e-007  2.09e-010  
4.59802e+016 3.42e-020  6.52e-002  5.30e-001  3.98e-001  7.14e-003  7.02e-008  1.02e-005  2.57e-004  7.99e-007  2.38e-007  2.02e-010  
4.59873e+016 3.42e-020  7.01e-002  5.29e-001  3.94e-001  6.75e-003  6.57e-008  1.02e-005  2.56e-004  7.94e-007  2.36e-007  1.89e-010  
4.59993e+016 3.40e-020  7.67e-002  5.26e-001  3.91e-001  6.29e-003  6.11e-008  1.02e-005  2.58e-004  7.93e-007  2.34e-007  1.74e-010  
4.60196e+016 3.37e-020  8.55e-002  5.22e-001  3.86e-001  6.05e-003  5.88e-008  1.03e-005  2.62e-004  7.92e-007  2.31e-007  1.64e-010  
4.60580e+016 3.30e-020  9.89e-002  5.16e-001  3.79e-001  6.22e-003  5.94e-008  1.05e-005  2.71e-004  7.88e-007  2.24e-007  1.60e-010  
4.61139e+016 3.23e-020  1.14e-001  5.11e-001  3.69e-001  6.50e-003  6.16e-008  1.07e-005  2.81e-004  7.71e-007  2.18e-007  1.57e-010  
4.61801e+016 3.19e-020  1.28e-001  5.05e-001  3.60e-001  6.67e-003  6.20e-008  1.07e-005  2.90e-004  7.40e-007  2.07e-007  1.48e-010  
4.62829e+016 3.16e-020  1.55e-001  4.93e-001  3.45e-001  6.58e-003  5.98e-008  1.08e-005  3.01e-004  6.86e-007  1.85e-007  1.28e-010  
4.63958e+016 3.19e-020  1.94e-001  4.77e-001  3.23e-001  6.24e-003  5.49e-008  1.06e-005  3.07e-004  6.21e-007  1.56e-007  1.05e-010  
4.64165e+016 3.20e-020  2.03e-001  4.72e-001  3.19e-001  6.16e-003  5.41e-008  1.06e-005  3.08e-004  6.06e-007  1.51e-007  1.01e-010  
4.64187e+016 3.20e-020  2.04e-001  4.71e-001  3.18e-001  6.15e-003  5.46e-008  1.06e-005  3.09e-004  5.96e-007  1.47e-007  9.89e-011  
4.64224e+016 3.22e-020  2.08e-001  4.69e-001  3.17e-001  6.12e-003  5.40e-008  1.05e-005  3.09e-004  5.87e-007  1.41e-007  9.63e-011  
4.64286e+016 3.24e-020  2.17e-001  4.66e-001  3.11e-001  5.95e-003  5.21e-008  1.05e-005  3.06e-004  5.80e-007  1.38e-007  9.28e-011  
4.64396e+016 3.27e-020  2.29e-001  4.59e-001  3.06e-001  5.57e-003  4.86e-008  1.04e-005  3.03e-004  5.69e-007  1.35e-007  8.69e-011  
4.64596e+016 3.30e-020  2.48e-001  4.48e-001  2.98e-001  5.15e-003  4.45e-008  1.03e-005  3.02e-004  5.54e-007  1.31e-007  7.94e-011  
4.64933e+016 3.34e-020  2.74e-001  4.34e-001  2.87e-001  4.94e-003  4.25e-008  1.02e-005  3.03e-004  5.33e-007  1.24e-007  7.40e-011  
4.65501e+016 3.40e-020  3.09e-001  4.15e-001  2.71e-001  4.92e-003  4.15e-008  1.02e-005  3.03e-004  5.06e-007  1.14e-007  6.92e-011  
4.66259e+016 3.51e-020  3.50e-001  3.93e-001  2.52e-001  4.87e-003  4.04e-008  9.90e-006  2.99e-004  4.61e-007  9.79e-008  6.32e-011  
4.67450e+016 3.78e-020  4.10e-001  3.60e-001  2.25e-001  4.55e-003  3.68e-008  9.34e-006  2.88e-004  3.86e-007  7.89e-008  5.24e-011  
4.68726e+016 4.18e-020  4.74e-001  3.25e-001  1.97e-001  4.11e-003  3.21e-008  8.61e-006  2.70e-004  3.06e-007  5.84e-008  4.16e-011  
4.69009e+016 4.29e-020  4.88e-001  3.17e-001  1.91e-001  4.04e-003  3.10e-008  8.45e-006  2.68e-004  2.89e-007  5.41e-008  3.97e-011  
4.69024e+016 4.29e-020  4.88e-001  3.17e-001  1.91e-001  4.04e-003  3.13e-008  8.45e-006  2.68e-004  2.87e-007  5.32e-008  3.94e-011  
4.69048e+016 4.31e-020  4.90e-001  3.16e-001  1.90e-001  4.02e-003  3.13e-008  8.40e-006  2.67e-004  2.85e-007  5.15e-008  3.85e-011  
4.69090e+016 4.33e-020  4.92e-001  3.14e-001  1.90e-001  4.04e-003  3.14e-008  8.36e-006  2.68e-004  2.82e-007  4.87e-008  3.79e-011  
4.69160e+016 4.39e-020  4.99e-001  3.10e-001  1.87e-001  4.03e-003  3.12e-008  8.25e-006  2.64e-004  2.73e-007  4.51e-008  3.69e-011  
4.69279e+016 4.46e-020  5.09e-001  3.05e-001  1.82e-001  4.03e-003  3.09e-008  8.13e-006  2.58e-004  2.67e-007  4.35e-008  3.63e-011  
4.69476e+016 4.60e-020  5.24e-001  2.96e-001  1.76e-001  3.93e-003  3.00e-008  7.93e-006  2.52e-004  2.54e-007  4.13e-008  3.50e-011  
4.69806e+016 4.82e-020  5.43e-001  2.84e-001  1.68e-001  3.77e-003  2.84e-008  7.63e-006  2.43e-004  2.34e-007  3.80e-008  3.30e-011  
4.70337e+016 5.17e-020  5.72e-001  2.67e-001  1.57e-001  3.58e-003  2.67e-008  7.21e-006  2.32e-004  2.07e-007  3.33e-008  3.02e-011  
4.70622e+016 5.35e-020  5.85e-001  2.60e-001  1.51e-001  3.50e-003  2.58e-008  7.03e-006  2.26e-004  1.94e-007  3.08e-008  2.88e-011  
4.71061e+016 5.62e-020  6.03e-001  2.49e-001  1.44e-001  3.38e-003  2.47e-008  6.76e-006  2.19e-004  1.78e-007  2.74e-008  2.69e-011  
4.71746e+016 6.02e-020  6.26e-001  2.36e-001  1.34e-001  3.29e-003  2.36e-008  6.43e-006  2.09e-004  1.57e-007  2.26e-008  2.56e-011  
4.72860e+016 6.72e-020  6.59e-001  2.17e-001  1.20e-001  3.24e-003  2.25e-008  5.92e-006  1.93e-004  1.25e-007  1.62e-008  2.43e-011  
4.74240e+016 7.76e-020  6.92e-001  1.97e-001  1.07e-001  3.31e-003  2.20e-008  5.32e-006  1.77e-004  9.21e-008  1.08e-008  2.29e-011  
4.74305e+016 7.82e-020  6.93e-001  1.97e-001  1.06e-001  3.31e-003  2.20e-008  5.30e-006  1.75e-004  9.06e-008  1.05e-008  2.29e-011  
4.74313e+016 7.83e-020  6.94e-001  1.97e-001  1.06e-001  3.31e-003  2.20e-008  5.29e-006  1.75e-004  9.04e-008  1.05e-008  2.29e-011  
4.74348e+016 7.85e-020  6.94e-001  1.96e-001  1.06e-001  3.33e-003  2.20e-008  5.27e-006  1.75e-004  8.97e-008  1.03e-008  2.28e-011  
4.74406e+016 7.89e-020  6.94e-001  1.96e-001  1.06e-001  3.34e-003  2.22e-008  5.26e-006  1.75e-004  8.83e-008  9.82e-009  2.26e-011  
4.74503e+016 7.93e-020  6.95e-001  1.96e-001  1.06e-001  3.43e-003  2.27e-008  5.24e-006  1.74e-004  8.58e-008  8.91e-009  2.25e-011  
4.74676e+016 8.02e-020  6.95e-001  1.96e-001  1.05e-001  3.64e-003  2.39e-008  5.20e-006  1.73e-004  8.20e-008  8.20e-009  2.27e-011  
4.74972e+016 8.30e-020  6.97e-001  1.95e-001  1.04e-001  3.99e-003  2.59e-008  5.07e-006  1.67e-004  7.59e-008  7.27e-009  2.32e-011  
4.75283e+016 8.72e-020  7.01e-001  1.93e-001  1.02e-001  4.22e-003  2.72e-008  4.88e-006  1.62e-004  6.99e-008  6.41e-009  2.36e-011  
4.75365e+016 8.84e-020  7.02e-001  1.92e-001  1.01e-001  4.26e-003  2.74e-008  4.82e-006  1.60e-004  6.84e-008  6.20e-009  2.37e-011  
4.75556e+016 9.10e-020  7.04e-001  1.91e-001  1.01e-001  4.33e-003  2.77e-008  4.72e-006  1.56e-004  6.50e-008  5.83e-009  2.36e-011  
4.75856e+016 9.53e-020  7.06e-001  1.90e-001  9.94e-002  4.39e-003  2.78e-008  4.54e-006  1.51e-004  6.00e-008  5.34e-009  2.34e-011  
4.76342e+016 1.02e-019  7.09e-001  1.88e-001  9.75e-002  4.42e-003  2.76e-008  4.32e-006  1.43e-004  5.27e-008  4.60e-009  2.29e-011  
4.77120e+016 1.11e-019  7.15e-001  1.86e-001  9.44e-002  4.47e-003  2.73e-008  4.06e-006  1.35e-004  4.31e-008  3.54e-009  2.21e-011  
4.78339e+016 1.25e-019  7.21e-001  1.83e-001  9.09e-002  4.76e-003  2.80e-008  3.73e-006  1.24e-004  3.31e-008  2.34e-009  2.11e-011  
4.79819e+016 1.44e-019  7.24e-001  1.82e-001  8.84e-002  5.46e-003  3.08e-008  3.41e-006  1.14e-004  2.33e-008  1.27e-009  2.03e-011  
4.80101e+016 1.48e-019  7.24e-001  1.83e-001  8.73e-002  5.63e-003  3.14e-008  3.34e-006  1.12e-004  2.18e-008  1.14e-009  2.02e-011  
4.80156e+016 1.49e-019  7.25e-001  1.82e-001  8.72e-002  5.64e-003  3.14e-008  3.32e-006  1.11e-004  2.15e-008  1.11e-009  2.01e-011  
4.80288e+016 1.50e-019  7.24e-001  1.83e-001  8.71e-002  5.75e-003  3.18e-008  3.30e-006  1.10e-004  2.08e-008  1.06e-009  2.01e-011  
4.80511e+016 1.54e-019  7.23e-001  1.84e-001  8.73e-002  5.91e-003  3.25e-008  3.26e-006  1.09e-004  1.97e-008  9.57e-010  1.99e-011  
4.80875e+016 1.58e-019  7.21e-001  1.86e-001  8.72e-002  6.25e-003  3.39e-008  3.20e-006  1.07e-004  1.79e-008  8.09e-010  1.99e-011  
4.81463e+016 1.67e-019  7.17e-001  1.89e-001  8.72e-002  6.81e-003  3.63e-008  3.08e-006  1.03e-004  1.52e-008  6.03e-010  1.97e-011  
4.82445e+016 1.87e-019  7.11e-001  1.93e-001  8.77e-002  7.70e-003  3.98e-008  2.83e-006  9.52e-005  1.16e-008  3.99e-010  1.91e-011  
4.83636e+016 2.15e-019  7.06e-001  1.98e-001  8.77e-002  8.77e-003  4.34e-008  2.55e-006  8.59e-005  8.08e-009  2.27e-010  1.81e-011  
4.84912e+016 2.50e-019  7.00e-001  2.02e-001  8.72e-002  9.92e-003  4.60e-008  2.28e-006  7.68e-005  5.36e-009  1.18e-010  1.69e-011  
4.86294e+016 2.93e-019  6.95e-001  2.07e-001  8.59e-002  1.13e-002  4.84e-008  2.03e-006  6.75e-005  3.38e-009  5.66e-011  1.53e-011  
4.87591e+016 3.45e-019  6.95e-001  2.08e-001  8.40e-002  1.25e-002  4.95e-008  1.78e-006  5.97e-005  2.12e-009  2.58e-011  1.38e-011  
4.88968e+016 4.12e-019  6.99e-001  2.06e-001  8.09e-002  1.36e-002  4.95e-008  1.55e-006  5.20e-005  1.26e-009  1.02e-011  1.19e-011  
4.90444e+016 5.02e-019  7.09e-001  2.01e-001  7.53e-002  1.45e-002  4.78e-008  1.32e-006  4.40e-005  6.85e-010  3.43e-012  9.96e-012  
4.91980e+016 6.23e-019  7.27e-001  1.89e-001  6.90e-002  1.51e-002  4.46e-008  1.10e-006  3.71e-005  3.42e-010  9.80e-013  7.94e-012  
4.93317e+016 7.63e-019  7.47e-001  1.76e-001  6.25e-002  1.51e-002  4.04e-008  9.26e-007  3.17e-005  1.73e-010  2.87e-013  6.30e-012  
4.94239e+016 8.87e-019  7.64e-001  1.65e-001  5.68e-002  1.49e-002  3.69e-008  8.13e-007  2.80e-005  1.02e-010  1.04e-013  5.27e-012  
4.95192e+016 1.04e-018  7.84e-001  1.51e-001  5.09e-002  1.43e-002  3.32e-008  7.09e-007  2.43e-005  5.76e-011  3.49e-014  4.28e-012  
4.96202e+016 1.24e-018  8.05e-001  1.36e-001  4.45e-002  1.37e-002  2.92e-008  6.08e-007  2.10e-005  3.24e-011  1.19e-014  3.40e-012  
4.97297e+016 1.51e-018  8.29e-001  1.20e-001  3.83e-002  1.28e-002  2.50e-008  5.11e-007  1.78e-005  1.62e-011  2.99e-015  2.61e-012  
4.98461e+016 1.89e-018  8.54e-001  1.03e-001  3.17e-002  1.17e-002  2.07e-008  4.19e-007  1.47e-005  7.16e-012  5.62e-016  1.90e-012  
4.99670e+016 2.37e-018  8.78e-001  8.70e-002  2.60e-002  8.91e-003  1.70e-008  3.42e-007  1.22e-005  2.81e-012  8.19e-017  1.37e-012  
5.00936e+016 3.02e-018  9.01e-001  7.22e-002  2.08e-002  5.93e-003  1.35e-008  2.76e-007  9.94e-006  9.08e-013  8.91e-018  9.44e-013  
5.02240e+016 3.86e-018  9.19e-001  6.13e-002  1.63e-002  3.73e-003  1.07e-008  2.22e-007  8.07e-006  2.32e-013  6.37e-019  6.42e-013  
5.03584e+016 4.91e-018  9.34e-001  5.15e-002  1.23e-002  2.24e-003  8.44e-009  1.80e-007  6.49e-006  5.49e-014  5.21e-020  4.29e-013  
5.05026e+016 6.24e-018  9.48e-001  4.20e-002  9.19e-003  1.24e-003  6.70e-009  1.47e-007  5.24e-006  1.33e-014  2.10e-021  2.81e-013  
5.05959e+016 7.19e-018  9.54e-001  3.70e-002  7.90e-003  8.40e-004  5.98e-009  1.31e-007  4.74e-006  4.83e-015  1.79e-022  2.21e-013  
5.06957e+016 8.28e-018  9.60e-001  3.28e-002  6.80e-003  5.52e-004  5.34e-009  1.18e-007  4.32e-006  1.36e-015  9.98e-024  1.68e-013  
5.07988e+016 9.51e-018  9.64e-001  2.93e-002  5.85e-003  3.53e-004  4.77e-009  1.06e-007  3.98e-006  3.10e-016  7.63e-025  1.28e-013  
5.09058e+016 1.08e-017  9.68e-001  2.63e-002  5.10e-003  2.26e-004  4.31e-009  9.68e-008  3.74e-006  5.83e-017  3.50e-026  9.96e-014  
5.10237e+016 1.24e-017  9.72e-001  2.34e-002  4.39e-003  1.36e-004  3.86e-009  8.92e-008  3.53e-006  8.11e-018  9.16e-028  7.42e-014  
5.11496e+016 1.43e-017  9.75e-001  2.08e-002  3.80e-003  7.86e-005  3.48e-009  8.21e-008  3.38e-006  8.70e-019  1.47e-029  5.52e-014  
5.12843e+016 1.63e-017  9.78e-001  1.86e-002  3.27e-003  4.43e-005  3.14e-009  7.69e-008  3.28e-006  9.47e-020  1.29e-031  4.07e-014  
5.14296e+016 1.88e-017  9.81e-001  1.64e-002  2.78e-003  2.30e-005  2.80e-009  7.14e-008  3.19e-006  1.02e-020  2.21e-033  2.89e-014  
5.15425e+016 2.09e-017  9.83e-001  1.49e-002  2.47e-003  1.42e-005  2.58e-009  6.81e-008  3.13e-006  3.03e-021  1.90e-034  2.25e-014  
5.16792e+016 2.35e-017  9.85e-001  1.33e-002  2.15e-003  7.97e-006  2.36e-009  6.52e-008  3.07e-006  2.05e-022  9.04e-037  1.67e-014  
5.18319e+016 2.65e-017  9.86e-001  1.19e-002  1.87e-003  4.12e-006  2.15e-009  6.27e-008  3.01e-006  7.90e-024  1.90e-039  1.19e-014  
5.19950e+016 2.97e-017  9.88e-001  1.07e-002  1.62e-003  1.89e-006  1.97e-009  6.14e-008  2.93e-006  2.07e-025  1.96e-042  8.49e-015  
5.21655e+016 3.29e-017  9.89e-001  9.68e-003  1.43e-003  9.07e-007  1.83e-009  6.06e-008  2.85e-006  3.00e-027  1.11e-045  5.96e-015  
5.23457e+016 3.62e-017  9.90e-001  8.79e-003  1.26e-003  4.09e-007  1.70e-009  6.08e-008  2.75e-006  7.00e-029  2.38e-047  4.18e-015  
5.25384e+016 3.94e-017  9.91e-001  8.08e-003  1.12e-003  1.93e-007  1.61e-009  6.22e-008  2.67e-006  6.99e-031  4.85e-050  2.87e-015  
5.27451e+016 4.25e-017  9.92e-001  7.47e-003  9.99e-004  8.38e-008  1.52e-009  6.48e-008  2.57e-006  4.88e-033  7.35e-054  1.96e-015  
5.29668e+016 4.52e-017  9.92e-001  6.98e-003  9.08e-004  3.90e-008  1.47e-009  6.93e-008  2.52e-006  1.71e-035  2.55e-058  1.31e-015  
5.31993e+016 4.76e-017  9.93e-001  6.56e-003  8.24e-004  1.64e-008  1.42e-009  7.53e-008  2.46e-006  2.42e-038  4.18e-064  8.71e-016  
5.34440e+016 4.94e-017  9.93e-001  6.23e-003  7.58e-004  7.87e-009  1.39e-009  8.33e-008  2.47e-006  2.10e-039  7.87e-065  5.66e-016  
5.36995e+016 5.07e-017  9.93e-001  5.99e-003  7.04e-004  3.33e-009  1.38e-009  9.38e-008  2.48e-006  1.56e-043  6.31e-070  3.69e-016  
5.39765e+016 5.16e-017  9.94e-001  5.77e-003  6.59e-004  1.61e-009  1.38e-009  1.07e-007  2.54e-006  4.82e-047  4.88e-077  2.30e-016  
5.42627e+016 5.21e-017  9.94e-001  5.60e-003  6.20e-004  7.19e-010  1.38e-009  1.27e-007  2.61e-006  2.94e-048  1.07e-077  1.44e-016  
5.45738e+016 5.22e-017  9.94e-001  5.48e-003  5.84e-004  3.03e-010  1.39e-009  1.64e-007  2.72e-006  3.56e-053  0.00e+000  8.45e-017  
5.49079e+016 5.21e-017  9.94e-001  5.34e-003  5.55e-004  1.39e-010  1.41e-009  2.17e-007  2.84e-006  2.15e-054  0.00e+000  4.91e-017  
5.52575e+016 5.20e-017  9.94e-001  5.21e-003  5.25e-004  6.00e-011  1.43e-009  2.75e-007  2.98e-006  6.69e-060  0.00e+000  2.75e-017  
5.56155e+016 5.20e-017  9.94e-001  5.08e-003  4.98e-004  2.39e-011  1.44e-009  3.19e-007  3.08e-006  1.37e-061  0.00e+000  1.54e-017  
5.59918e+016 5.22e-017  9.95e-001  4.94e-003  4.71e-004  1.10e-011  1.46e-009  3.45e-007  3.16e-006  3.49e-067  0.00e+000  8.57e-018  
5.63913e+016 5.26e-017  9.95e-001  4.79e-003  4.49e-004  4.77e-012  1.47e-009  3.58e-007  3.27e-006  8.92e-070  0.00e+000  4.74e-018  
5.68226e+016 5.34e-017  9.95e-001  4.65e-003  4.22e-004  1.89e-012  1.47e-009  3.60e-007  3.35e-006  3.07e-075  0.00e+000  2.64e-018  
5.72780e+016 5.45e-017  9.95e-001  4.48e-003  4.00e-004  6.66e-013  1.47e-009  3.53e-007  3.41e-006  8.94e-078  0.00e+000  1.53e-018  
5.77650e+016 5.59e-017  9.95e-001  4.33e-003  3.81e-004  2.77e-013  1.48e-009  3.38e-007  3.49e-006  0.00e+000  0.00e+000  9.63e-019  
5.82707e+016 5.74e-017  9.95e-001  4.22e-003  3.63e-004  1.12e-013  1.50e-009  3.21e-007  3.52e-006  0.00e+000  0.00e+000  6.69e-019  
5.88124e+016 5.90e-017  9.96e-001  4.12e-003  3.53e-004  4.10e-014  1.53e-009  3.00e-007  3.61e-006  0.00e+000  0.00e+000  4.99e-019  
5.93801e+016 6.06e-017  9.96e-001  4.06e-003  3.43e-004  1.37e-014  1.58e-009  2.77e-007  3.70e-006  0.00e+000  0.00e+000  4.03e-019  
5.99878e+016 6.22e-017  9.96e-001  4.04e-003  3.38e-004  5.42e-015  1.66e-009  2.54e-007  3.80e-006  0.00e+000  0.00e+000  3.39e-019  
6.06254e+016 6.37e-017  9.96e-001  4.04e-003  3.36e-004  1.99e-015  1.76e-009  2.31e-007  3.93e-006  0.00e+000  0.00e+000  3.00e-019  
6.12860e+016 6.51e-017  9.96e-001  4.09e-003  3.38e-004  7.36e-016  1.87e-009  2.10e-007  4.06e-006  0.00e+000  0.00e+000  2.77e-019  
6.19772e+016 6.64e-017  9.95e-001  4.16e-003  3.45e-004  2.70e-016  2.05e-009  1.91e-007  4.25e-006  0.00e+000  0.00e+000  2.61e-019  
6.27006e+016 6.75e-017  9.95e-001  4.28e-003  3.55e-004  9.70e-017  2.27e-009  1.75e-007  4.44e-006  0.00e+000  0.00e+000  2.52e-019  
6.34752e+016 6.84e-017  9.95e-001  4.44e-003  3.70e-004  3.36e-017  2.57e-009  1.59e-007  4.66e-006  0.00e+000  0.00e+000  2.51e-019  
6.43223e+016 6.92e-017  9.95e-001  4.65e-003  3.91e-004  1.09e-017  2.97e-009  1.47e-007  4.97e-006  0.00e+000  0.00e+000  2.60e-019  
6.52408e+016 6.98e-017  9.95e-001  4.93e-003  4.17e-004  3.33e-018  3.54e-009  1.37e-007  5.32e-006  0.00e+000  0.00e+000  2.79e-019  
6.62440e+016 6.99e-017  9.94e-001  5.29e-003  4.51e-004  9.51e-019  4.35e-009  1.29e-007  5.77e-006  0.00e+000  0.00e+000  3.10e-019  
6.73219e+016 6.96e-017  9.94e-001  5.73e-003  4.97e-004  2.60e-019  5.49e-009  1.23e-007  6.32e-006  0.00e+000  0.00e+000  3.58e-019  
6.84641e+016 6.89e-017  9.93e-001  6.27e-003  5.55e-004  6.87e-020  7.14e-009  1.21e-007  7.03e-006  0.00e+000  0.00e+000  4.30e-019  
6.96945e+016 6.74e-017  9.92e-001  6.96e-003  6.22e-004  1.72e-020  9.63e-009  1.21e-007  7.80e-006  0.00e+000  0.00e+000  5.44e-019  
7.10391e+016 6.54e-017  9.91e-001  7.80e-003  7.13e-004  4.30e-021  1.35e-008  1.25e-007  8.89e-006  0.00e+000  0.00e+000  7.31e-019  
7.25155e+016 6.25e-017  9.90e-001  8.88e-003  8.18e-004  9.28e-022  2.00e-008  1.32e-007  1.01e-005  0.00e+000  0.00e+000  1.05e-018  
7.42223e+016 5.87e-017  9.89e-001  1.03e-002  9.73e-004  1.72e-022  3.19e-008  1.44e-007  1.20e-005  0.00e+000  0.00e+000  1.66e-018  
7.63108e+016 5.35e-017  9.86e-001  1.24e-002  1.18e-003  2.24e-023  5.72e-008  1.65e-007  1.44e-005  0.00e+000  0.00e+000  3.06e-018  
7.86896e+016 4.79e-017  9.83e-001  1.50e-002  1.45e-003  2.53e-024  1.12e-007  1.94e-007  1.78e-005  0.00e+000  0.00e+000  6.39e-018  
8.18150e+016 4.15e-017  9.79e-001  1.89e-002  1.85e-003  1.59e-025  2.65e-007  2.41e-007  2.26e-005  0.00e+000  0.00e+000  1.75e-017  
8.55776e+016 3.64e-017  9.75e-001  2.31e-002  2.26e-003  6.84e-027  6.97e-007  2.94e-007  2.80e-005  0.00e+000  0.00e+000  5.79e-017  
9.00548e+016 3.45e-017  9.71e-001  2.62e-002  2.59e-003  1.88e-028  1.90e-006  3.33e-007  3.25e-005  0.00e+000  0.00e+000  2.21e-016  
9.53916e+016 3.78e-017  9.71e-001  2.61e-002  2.61e-003  3.18e-030  4.95e-006  3.28e-007  3.33e-005  0.00e+000  0.00e+000  9.29e-016  
1.01535e+017 5.04e-017  9.75e-001  2.30e-002  2.30e-003  3.89e-032  1.09e-005  2.70e-007  3.02e-005  0.00e+000  0.00e+000  3.85e-015  
1.09249e+017 8.24e-017  9.78e-001  2.01e-002  1.99e-003  2.74e-034  2.05e-005  1.99e-007  2.74e-005  0.00e+000  0.00e+000  1.71e-014  
1.19176e+017 1.46e-016  9.75e-001  2.25e-002  2.21e-003  1.48e-036  3.32e-005  1.57e-007  3.28e-005  0.00e+000  0.00e+000  7.76e-014  
1.32448e+017 1.95e-016  9.56e-001  4.01e-002  3.73e-003  1.12e-038  5.29e-005  2.07e-007  6.12e-005  0.00e+000  0.00e+000  2.99e-013  
