! 0       CH + CH3OH -> CH3CHO + H
! 1       CH3OCH2 + H -> CH3CHO + H2
! 2       NH3 + CH3CHOH+ -> CH3CHO + NH4+
! 3       O + C2H5 -> CH3CHO + H
! 4       CH3CHOH+ + e- -> CH3CHO + H
! 5       CH3CHCH2 + OH -> CH3CHO + CH3
! 6       CH3CHOH+ + GRAIN -> CH3CHO + H + GRAIN
! 7       *H + *CH3CO -> CH3CHO
! 8       CH3COCH4+ + e- -> CH3CHO + CH3
! 9       *CH3CHO + He -> CH3CHO + He
! 10      *CH3CHO + H2 -> CH3CHO + H2
!            tot_rate   0          1          2          3          4          5          6          7          8          9          10         
1.58188e+013 3.25e-018  5.14e-002  6.93e-004  2.13e-003  7.24e-001  2.20e-001  6.35e-004  2.20e-004  9.98e-004  1.91e-005  0.00e+000  0.00e+000  
3.50727e+014 3.25e-018  5.15e-002  6.93e-004  2.12e-003  7.24e-001  2.20e-001  6.35e-004  2.19e-004  9.98e-004  1.91e-005  0.00e+000  0.00e+000  
5.21628e+015 3.24e-018  5.15e-002  6.94e-004  2.11e-003  7.25e-001  2.19e-001  6.36e-004  2.18e-004  1.00e-003  1.91e-005  0.00e+000  0.00e+000  
2.67137e+016 2.63e-018  6.34e-002  8.84e-004  2.31e-004  8.92e-001  4.14e-002  7.93e-004  3.95e-005  1.32e-003  1.46e-005  0.00e+000  0.00e+000  
3.33598e+016 2.57e-018  6.50e-002  9.96e-004  3.74e-005  9.22e-001  9.49e-003  1.08e-003  2.92e-005  1.56e-003  6.03e-006  0.00e+000  0.00e+000  
3.42055e+016 2.57e-018  6.47e-002  1.01e-003  2.77e-005  9.23e-001  8.18e-003  1.40e-003  3.27e-005  1.28e-003  5.45e-006  0.00e+000  0.00e+000  
3.44017e+016 2.57e-018  6.47e-002  1.01e-003  2.56e-005  9.24e-001  7.87e-003  1.55e-003  3.39e-005  1.20e-003  5.30e-006  0.00e+000  0.00e+000  
3.46353e+016 2.57e-018  6.47e-002  1.01e-003  2.32e-005  9.24e-001  7.48e-003  1.79e-003  3.59e-005  1.09e-003  5.15e-006  0.00e+000  0.00e+000  
3.48860e+016 2.57e-018  6.47e-002  1.01e-003  2.08e-005  9.24e-001  7.02e-003  2.21e-003  3.84e-005  9.59e-004  4.95e-006  0.00e+000  0.00e+000  
3.51370e+016 2.57e-018  6.47e-002  1.01e-003  1.85e-005  9.24e-001  6.55e-003  2.92e-003  4.17e-005  8.23e-004  4.87e-006  0.00e+000  0.00e+000  
3.53250e+016 2.57e-018  6.50e-002  1.00e-003  1.69e-005  9.23e-001  6.15e-003  3.84e-003  4.52e-005  7.17e-004  5.06e-006  0.00e+000  0.00e+000  
3.55515e+016 2.57e-018  6.57e-002  9.99e-004  1.51e-005  9.21e-001  5.67e-003  5.87e-003  5.01e-005  5.87e-004  6.30e-006  2.39e-076  0.00e+000  
3.57182e+016 2.58e-018  6.70e-002  9.95e-004  1.39e-005  9.17e-001  5.23e-003  8.75e-003  5.50e-005  4.95e-004  8.44e-006  3.37e-055  0.00e+000  
3.58524e+016 2.60e-018  6.82e-002  9.86e-004  1.29e-005  9.13e-001  4.85e-003  1.28e-002  5.93e-005  4.24e-004  1.07e-005  6.62e-044  0.00e+000  
3.60047e+016 2.62e-018  6.94e-002  9.76e-004  1.19e-005  9.03e-001  4.38e-003  2.15e-002  6.52e-005  3.48e-004  1.35e-005  1.20e-028  0.00e+000  
3.61718e+016 2.69e-018  7.00e-002  9.50e-004  1.07e-005  8.83e-001  3.80e-003  4.21e-002  7.26e-005  2.71e-004  1.65e-005  6.81e-018  0.00e+000  
3.62899e+016 2.77e-018  6.92e-002  9.15e-004  9.77e-006  8.54e-001  3.38e-003  7.17e-002  7.86e-005  2.21e-004  1.85e-005  1.57e-012  0.00e+000  
3.63893e+016 2.91e-018  6.76e-002  8.71e-004  8.89e-006  8.13e-001  3.02e-003  1.15e-001  8.27e-005  1.82e-004  1.98e-005  4.56e-011  1.70e-065  
3.64972e+016 3.19e-018  6.33e-002  7.92e-004  7.77e-006  7.42e-001  2.88e-003  1.90e-001  8.49e-005  1.41e-004  2.04e-005  9.24e-010  3.09e-039  
3.66124e+016 3.76e-018  5.77e-002  6.73e-004  6.46e-006  6.30e-001  2.65e-003  3.08e-001  8.32e-005  1.00e-004  1.98e-005  3.91e-009  4.31e-027  
3.67348e+016 4.94e-018  6.54e-002  5.10e-004  5.93e-006  4.80e-001  2.25e-003  4.52e-001  7.57e-005  6.42e-005  1.73e-005  1.18e-008  7.21e-019  
3.68621e+016 7.16e-018  1.14e-001  3.52e-004  6.33e-006  3.31e-001  1.79e-003  5.52e-001  6.55e-005  3.97e-005  1.40e-005  2.56e-008  2.26e-011  
3.69700e+016 1.01e-017  2.11e-001  2.48e-004  8.40e-006  2.34e-001  1.51e-003  5.53e-001  5.94e-005  2.54e-005  1.13e-005  4.45e-008  8.65e-010  
3.70376e+016 1.28e-017  3.11e-001  1.97e-004  1.12e-005  1.86e-001  1.39e-003  5.01e-001  5.78e-005  1.89e-005  9.85e-006  6.06e-008  3.16e-009  
3.71087e+016 1.68e-017  4.52e-001  1.50e-004  1.60e-005  1.42e-001  1.30e-003  4.05e-001  5.66e-005  1.36e-005  8.32e-006  7.79e-008  7.79e-009  
3.71826e+016 2.37e-017  6.20e-001  1.08e-004  2.37e-005  1.01e-001  1.21e-003  2.78e-001  5.57e-005  9.32e-006  6.62e-006  9.28e-008  1.37e-008  
3.72589e+016 3.68e-017  7.76e-001  7.03e-005  3.45e-005  6.51e-002  1.09e-003  1.57e-001  5.29e-005  5.97e-006  4.83e-006  9.63e-008  1.91e-008  
3.73370e+016 6.29e-017  8.86e-001  4.26e-005  4.86e-005  3.85e-002  9.48e-004  7.49e-002  4.88e-005  3.61e-006  3.24e-006  8.70e-008  2.11e-008  
3.74165e+016 1.14e-016  9.46e-001  2.52e-005  6.55e-005  2.14e-002  8.03e-004  3.20e-002  4.37e-005  2.12e-006  2.08e-006  6.98e-008  2.08e-008  
3.74829e+016 1.88e-016  9.70e-001  1.80e-005  8.15e-005  1.32e-002  7.04e-004  1.59e-002  3.99e-005  1.38e-006  1.44e-006  5.97e-008  1.92e-008  
3.75505e+016 2.28e-016  9.74e-001  2.37e-005  1.30e-004  1.11e-002  8.21e-004  1.36e-002  4.87e-005  1.19e-006  1.36e-006  7.11e-008  2.64e-008  
3.76194e+016 1.80e-016  9.63e-001  8.12e-005  2.89e-004  1.44e-002  1.45e-003  2.11e-002  9.07e-005  1.45e-006  2.00e-006  1.54e-007  6.06e-008  
3.76839e+016 8.40e-017  9.02e-001  6.26e-004  9.21e-004  3.19e-002  4.14e-003  6.00e-002  2.70e-004  2.62e-006  4.94e-006  8.00e-007  3.51e-007  
3.76854e+016 8.20e-017  8.99e-001  6.63e-004  9.52e-004  3.27e-002  4.27e-003  6.19e-002  2.78e-004  2.66e-006  5.08e-006  8.46e-007  3.71e-007  
3.76877e+016 7.86e-017  8.94e-001  7.26e-004  1.00e-003  3.42e-002  4.50e-003  6.54e-002  2.94e-004  2.75e-006  5.31e-006  9.31e-007  4.09e-007  
3.76917e+016 7.33e-017  8.84e-001  8.46e-004  1.10e-003  3.68e-002  4.91e-003  7.18e-002  3.21e-004  2.89e-006  5.76e-006  1.10e-006  4.83e-007  
3.76980e+016 6.51e-017  8.66e-001  1.09e-003  1.27e-003  4.16e-002  5.68e-003  8.38e-002  3.73e-004  3.15e-006  6.57e-006  1.46e-006  6.48e-007  
3.77083e+016 5.33e-017  8.28e-001  1.67e-003  1.63e-003  5.13e-002  7.25e-003  1.09e-001  4.79e-004  3.61e-006  8.23e-006  2.48e-006  1.10e-006  
3.77248e+016 3.82e-017  7.38e-001  3.37e-003  2.44e-003  7.22e-002  1.08e-002  1.73e-001  7.25e-004  4.34e-006  1.19e-005  7.12e-006  3.19e-006  
3.77450e+016 2.70e-017  5.68e-001  7.57e-003  3.71e-003  1.04e-001  1.67e-002  2.99e-001  1.13e-003  4.15e-006  1.76e-005  5.23e-005  2.43e-005  
3.77655e+016 2.36e-017  3.48e-001  1.41e-002  4.53e-003  1.21e-001  2.07e-002  4.87e-001  1.42e-003  1.73e-007  2.10e-005  1.51e-003  7.19e-004  
3.77936e+016 2.22e-017  1.72e-001  2.66e-002  5.28e-003  1.33e-001  2.47e-002  6.36e-001  1.73e-003  6.86e-010  2.39e-005  2.48e-006  1.22e-006  
3.78016e+016 2.21e-017  1.48e-001  3.07e-002  5.42e-003  1.34e-001  2.56e-002  6.55e-001  1.80e-003  5.64e-010  2.43e-005  2.11e-006  1.04e-006  
3.78111e+016 2.23e-017  1.26e-001  3.57e-002  5.57e-003  1.34e-001  2.64e-002  6.70e-001  1.87e-003  5.44e-010  2.47e-005  2.15e-006  1.07e-006  
3.78273e+016 2.28e-017  9.99e-002  4.47e-002  5.69e-003  1.33e-001  2.73e-002  6.88e-001  1.96e-003  5.12e-010  2.50e-005  2.44e-006  1.23e-006  
3.78530e+016 2.45e-017  7.70e-002  5.91e-002  5.71e-003  1.27e-001  2.80e-002  7.01e-001  2.04e-003  4.52e-010  2.46e-005  3.05e-006  1.56e-006  
3.78818e+016 2.78e-017  5.86e-002  7.22e-002  5.43e-003  1.15e-001  2.73e-002  7.19e-001  2.03e-003  3.74e-010  2.31e-005  3.70e-006  1.95e-006  
3.79076e+016 3.22e-017  4.51e-002  7.71e-002  5.03e-003  1.02e-001  2.57e-002  7.43e-001  1.95e-003  2.77e-010  2.11e-005  4.13e-006  2.24e-006  
3.79253e+016 3.59e-017  3.76e-002  7.47e-002  4.71e-003  9.31e-002  2.44e-002  7.63e-001  1.87e-003  2.18e-010  1.97e-005  4.21e-006  2.32e-006  
3.79502e+016 4.26e-017  2.91e-002  6.22e-002  4.20e-003  7.96e-002  2.23e-002  8.01e-001  1.73e-003  1.42e-010  1.75e-005  4.23e-006  2.37e-006  
3.79755e+016 5.14e-017  2.30e-002  4.36e-002  3.70e-003  6.58e-002  1.98e-002  8.42e-001  1.58e-003  7.96e-011  1.53e-005  4.12e-006  2.33e-006  
3.79897e+016 5.74e-017  2.02e-002  3.36e-002  3.42e-003  5.79e-002  1.87e-002  8.65e-001  1.49e-003  5.40e-011  1.41e-005  4.03e-006  2.30e-006  
3.79918e+016 5.84e-017  1.99e-002  3.24e-002  3.37e-003  5.65e-002  1.83e-002  8.68e-001  1.47e-003  5.03e-011  1.39e-005  4.01e-006  2.29e-006  
3.79956e+016 6.01e-017  1.93e-002  3.01e-002  3.31e-003  5.44e-002  1.81e-002  8.73e-001  1.45e-003  4.54e-011  1.36e-005  3.98e-006  2.28e-006  
3.80017e+016 6.32e-017  1.84e-002  2.68e-002  3.18e-003  5.08e-002  1.74e-002  8.82e-001  1.41e-003  3.72e-011  1.31e-005  3.93e-006  2.26e-006  
3.80129e+016 6.91e-017  1.69e-002  2.19e-002  2.98e-003  4.43e-002  1.65e-002  8.96e-001  1.34e-003  2.66e-011  1.22e-005  3.81e-006  2.23e-006  
3.80319e+016 8.02e-017  1.52e-002  1.60e-002  2.67e-003  3.31e-002  1.50e-002  9.17e-001  1.23e-003  1.50e-011  1.10e-005  3.64e-006  2.17e-006  
3.80578e+016 9.73e-017  1.41e-002  1.11e-002  2.31e-003  1.79e-002  1.32e-002  9.40e-001  1.11e-003  7.56e-012  9.50e-006  3.43e-006  2.07e-006  
3.80629e+016 1.01e-016  1.40e-002  1.04e-002  2.25e-003  1.51e-002  1.29e-002  9.44e-001  1.08e-003  6.71e-012  9.26e-006  3.40e-006  2.06e-006  
3.80713e+016 1.06e-016  1.39e-002  9.50e-003  2.17e-003  1.10e-002  1.25e-002  9.50e-001  1.06e-003  4.63e-012  8.91e-006  3.35e-006  2.03e-006  
3.80859e+016 1.17e-016  1.40e-002  8.15e-003  2.03e-003  5.49e-003  1.18e-002  9.57e-001  1.01e-003  5.65e-012  8.33e-006  3.27e-006  1.98e-006  
3.81083e+016 1.32e-016  1.50e-002  6.69e-003  1.87e-003  1.27e-003  1.10e-002  9.63e-001  9.56e-004  3.12e-012  7.74e-006  3.21e-006  1.99e-006  
3.81265e+016 1.42e-016  1.65e-002  5.69e-003  1.78e-003  3.67e-004  1.06e-002  9.64e-001  9.43e-004  2.41e-012  7.39e-006  3.24e-006  2.05e-006  
3.81480e+016 1.51e-016  1.87e-002  4.17e-003  1.73e-003  1.52e-004  1.04e-002  9.64e-001  9.44e-004  1.94e-012  7.20e-006  3.43e-006  2.20e-006  
3.81769e+016 1.53e-016  2.45e-002  2.95e-003  1.78e-003  6.14e-005  1.10e-002  9.59e-001  1.01e-003  1.54e-012  7.43e-006  4.27e-006  2.76e-006  
3.81836e+016 1.52e-016  2.64e-002  2.79e-003  1.82e-003  5.06e-005  1.12e-002  9.57e-001  1.04e-003  1.47e-012  7.65e-006  4.68e-006  3.02e-006  
3.81952e+016 1.48e-016  2.99e-002  2.55e-003  1.89e-003  3.66e-005  1.17e-002  9.53e-001  1.09e-003  1.66e-012  7.97e-006  5.71e-006  3.69e-006  
3.82149e+016 1.37e-016  3.80e-002  2.27e-003  2.10e-003  2.11e-005  1.32e-002  9.43e-001  1.24e-003  1.26e-012  8.92e-006  9.72e-006  6.40e-006  
3.82433e+016 1.11e-016  5.76e-002  2.12e-003  2.68e-003  9.73e-006  1.69e-002  9.19e-001  1.64e-003  9.10e-013  1.14e-005  3.43e-005  2.31e-005  
3.82740e+016 7.73e-017  9.73e-002  2.24e-003  3.96e-003  4.33e-006  2.55e-002  8.68e-001  2.51e-003  7.71e-013  1.71e-005  1.98e-004  1.35e-004  
3.83054e+016 4.66e-017  1.77e-001  2.62e-003  6.74e-003  1.87e-006  4.40e-002  7.64e-001  4.44e-003  2.23e-013  2.92e-005  1.10e-003  7.53e-004  
3.83376e+016 2.61e-017  3.15e-001  3.08e-003  1.23e-002  7.23e-007  8.11e-002  5.74e-001  8.38e-003  3.75e-014  5.32e-005  3.46e-003  2.42e-003  
3.83751e+016 1.53e-017  4.68e-001  2.76e-003  2.13e-002  1.57e-007  1.42e-001  3.37e-001  1.51e-002  2.74e-014  9.27e-005  7.31e-003  5.19e-003  
3.84132e+016 1.08e-017  4.51e-001  1.55e-003  3.06e-002  2.20e-008  2.06e-001  2.66e-001  2.27e-002  3.63e-014  1.33e-004  1.19e-002  8.53e-003  
3.84531e+016 9.24e-018  4.22e-001  4.38e-004  3.62e-002  7.44e-009  2.45e-001  2.37e-001  2.78e-002  2.49e-014  1.58e-004  1.74e-002  1.27e-002  
3.84962e+016 8.90e-018  4.94e-001  4.56e-005  3.78e-002  6.62e-009  2.57e-001  1.32e-001  3.04e-002  1.93e-014  1.66e-004  2.71e-002  2.01e-002  
3.85449e+016 8.89e-018  5.49e-001  9.46e-007  3.79e-002  6.73e-009  2.59e-001  3.16e-002  3.20e-002  1.33e-013  1.67e-004  5.01e-002  3.76e-002  
3.85990e+016 6.76e-018  3.39e-001  7.09e-008  4.96e-002  9.45e-009  3.39e-001  3.45e-003  4.41e-002  9.23e-015  2.19e-004  1.25e-001  9.42e-002  
3.86597e+016 5.49e-018  3.64e-002  1.09e-007  5.96e-002  1.61e-008  4.10e-001  2.64e-004  5.65e-002  8.02e-015  2.66e-004  2.40e-001  1.86e-001  
3.87288e+016 5.45e-018  1.22e-003  1.05e-007  5.59e-002  3.47e-008  3.93e-001  1.56e-004  5.76e-002  0.00e+000  2.62e-004  2.70e-001  2.11e-001  
3.88139e+016 4.16e-018  1.80e-004  7.67e-008  6.22e-002  1.12e-007  4.61e-001  3.46e-004  7.35e-002  0.00e+000  3.29e-004  2.19e-001  1.73e-001  
3.89093e+016 2.51e-018  4.03e-005  3.13e-008  7.70e-002  3.81e-007  6.46e-001  1.03e-003  1.12e-001  6.50e-015  5.15e-004  8.74e-002  6.98e-002  
3.90068e+016 1.74e-018  2.42e-005  5.06e-009  7.48e-002  8.46e-007  7.54e-001  2.42e-003  1.44e-001  0.00e+000  6.79e-004  1.11e-002  9.04e-003  
3.91088e+016 1.36e-018  2.28e-005  1.93e-009  5.97e-002  1.35e-006  7.65e-001  4.57e-003  1.63e-001  1.57e-014  7.87e-004  2.32e-003  1.91e-003  
3.92181e+016 1.10e-018  2.16e-005  3.31e-009  4.58e-002  1.80e-006  7.57e-001  7.74e-003  1.80e-001  2.74e-014  8.56e-004  2.93e-003  2.40e-003  
3.93325e+016 9.64e-019  1.91e-005  5.76e-009  3.56e-002  2.03e-006  7.44e-001  1.14e-002  1.99e-001  1.45e-013  8.49e-004  3.43e-003  2.82e-003  
3.94519e+016 9.27e-019  1.61e-005  8.85e-009  2.90e-002  1.98e-006  7.28e-001  1.42e-002  2.19e-001  8.47e-013  7.53e-004  3.35e-003  2.74e-003  
3.95803e+016 9.74e-019  1.33e-005  1.20e-008  2.50e-002  1.73e-006  7.10e-001  1.50e-002  2.42e-001  4.07e-014  5.99e-004  2.78e-003  2.28e-003  
3.97190e+016 1.08e-018  1.11e-005  1.49e-008  2.29e-002  1.42e-006  6.89e-001  1.36e-002  2.68e-001  0.00e+000  4.40e-004  2.05e-003  1.68e-003  
3.98699e+016 1.23e-018  9.79e-006  1.73e-008  2.24e-002  1.14e-006  6.66e-001  1.07e-002  2.97e-001  1.31e-011  3.10e-004  1.42e-003  1.16e-003  
4.00514e+016 1.41e-018  9.03e-006  1.98e-008  2.37e-002  9.24e-007  6.36e-001  7.11e-003  3.30e-001  0.00e+000  2.05e-004  9.10e-004  7.32e-004  
4.02549e+016 1.60e-018  8.63e-006  2.18e-008  2.70e-002  7.69e-007  6.02e-001  4.28e-003  3.65e-001  0.00e+000  1.33e-004  5.60e-004  4.42e-004  
4.04761e+016 1.80e-018  8.34e-006  2.32e-008  3.25e-002  6.56e-007  5.67e-001  2.57e-003  3.97e-001  1.91e-012  8.45e-005  3.33e-004  2.56e-004  
4.07070e+016 2.00e-018  8.03e-006  2.34e-008  4.05e-002  5.79e-007  5.34e-001  1.70e-003  4.23e-001  3.53e-012  5.39e-005  1.92e-004  1.43e-004  
4.09451e+016 2.23e-018  7.53e-006  2.25e-008  5.16e-002  5.11e-007  5.02e-001  1.24e-003  4.44e-001  5.70e-012  3.42e-005  1.05e-004  7.67e-005  
4.11988e+016 2.53e-018  6.79e-006  2.03e-008  6.71e-002  4.42e-007  4.74e-001  9.55e-004  4.58e-001  9.28e-012  2.08e-005  5.25e-005  3.70e-005  
4.14624e+016 2.91e-018  5.81e-006  1.74e-008  8.77e-002  3.78e-007  4.50e-001  7.87e-004  4.61e-001  1.48e-011  1.24e-005  2.42e-005  1.63e-005  
4.17462e+016 3.40e-018  4.56e-006  1.36e-008  1.14e-001  3.21e-007  4.26e-001  6.88e-004  4.59e-001  2.60e-011  7.03e-006  9.88e-006  6.29e-006  
4.20512e+016 4.04e-018  3.15e-006  9.02e-009  1.45e-001  2.65e-007  4.06e-001  6.32e-004  4.48e-001  6.71e-011  3.79e-006  3.52e-006  2.15e-006  
4.23867e+016 4.82e-018  1.86e-006  4.20e-009  1.77e-001  2.20e-007  3.90e-001  6.02e-004  4.32e-001  1.53e-010  1.93e-006  1.11e-006  6.33e-007  
4.27356e+016 5.70e-018  9.98e-007  1.28e-009  2.03e-001  1.88e-007  3.80e-001  6.03e-004  4.16e-001  4.96e-010  9.54e-007  3.31e-007  1.75e-007  
4.30994e+016 6.62e-018  5.60e-007  4.26e-010  2.23e-001  2.05e-007  3.79e-001  6.72e-004  3.97e-001  1.89e-009  4.59e-007  9.25e-008  4.56e-008  
4.34671e+016 7.61e-018  3.92e-007  2.31e-010  2.39e-001  2.91e-007  3.81e-001  8.53e-004  3.79e-001  8.10e-009  2.13e-007  1.58e-008  7.10e-009  
4.38104e+016 8.62e-018  3.98e-007  2.15e-010  2.52e-001  3.64e-007  3.85e-001  9.85e-004  3.62e-001  3.41e-008  9.97e-008  2.44e-009  1.01e-009  
4.41007e+016 9.53e-018  5.32e-007  3.15e-010  2.62e-001  4.23e-007  3.90e-001  1.09e-003  3.46e-001  1.15e-007  4.99e-008  6.53e-010  2.48e-010  
4.42181e+016 9.94e-018  6.09e-007  4.47e-010  2.67e-001  4.66e-007  3.92e-001  1.16e-003  3.40e-001  1.88e-007  3.71e-008  4.57e-010  1.68e-010  
4.42811e+016 1.02e-017  6.78e-007  6.14e-010  2.69e-001  5.24e-007  3.93e-001  1.30e-003  3.37e-001  2.44e-007  3.15e-008  4.01e-010  1.45e-010  
4.43809e+016 1.05e-017  7.92e-007  8.79e-010  2.72e-001  5.57e-007  3.96e-001  1.46e-003  3.31e-001  3.75e-007  2.07e-008  3.46e-010  1.23e-010  
4.45030e+016 1.10e-017  9.49e-007  1.56e-009  2.77e-001  5.99e-007  3.98e-001  1.70e-003  3.23e-001  6.20e-007  1.51e-008  3.20e-010  1.09e-010  
4.45401e+016 1.11e-017  1.02e-006  2.16e-009  2.78e-001  6.43e-007  3.99e-001  1.80e-003  3.21e-001  7.23e-007  1.36e-008  3.15e-010  1.05e-010  
4.45998e+016 1.13e-017  1.16e-006  3.34e-009  2.81e-001  6.59e-007  4.00e-001  2.21e-003  3.18e-001  9.09e-007  1.16e-008  3.11e-010  1.01e-010  
4.46779e+016 1.17e-017  1.30e-006  4.57e-009  2.83e-001  6.78e-007  4.01e-001  2.43e-003  3.14e-001  1.23e-006  9.34e-009  3.08e-010  9.60e-011  
4.48006e+016 1.22e-017  1.52e-006  8.78e-009  2.87e-001  7.33e-007  4.03e-001  2.85e-003  3.07e-001  1.92e-006  6.60e-009  3.05e-010  9.19e-011  
4.48529e+016 1.24e-017  1.66e-006  1.41e-008  2.89e-001  8.78e-007  4.03e-001  2.96e-003  3.04e-001  2.31e-006  5.69e-009  3.05e-010  8.78e-011  
4.48834e+016 1.25e-017  1.75e-006  1.92e-008  2.90e-001  8.45e-007  4.04e-001  3.36e-003  3.02e-001  2.55e-006  5.28e-009  3.04e-010  8.69e-011  
4.49346e+016 1.28e-017  1.89e-006  2.42e-008  2.92e-001  8.46e-007  4.05e-001  4.09e-003  2.99e-001  2.98e-006  4.64e-009  3.01e-010  8.53e-011  
4.49870e+016 1.30e-017  2.01e-006  2.92e-008  2.94e-001  8.62e-007  4.05e-001  4.56e-003  2.96e-001  3.48e-006  4.08e-009  2.98e-010  8.38e-011  
4.50684e+016 1.34e-017  2.18e-006  4.13e-008  2.97e-001  9.11e-007  4.07e-001  5.08e-003  2.91e-001  4.34e-006  3.40e-009  2.96e-010  8.06e-011  
4.51867e+016 1.40e-017  2.44e-006  7.29e-008  3.01e-001  1.00e-006  4.08e-001  6.03e-003  2.85e-001  5.81e-006  2.78e-009  2.93e-010  7.44e-011  
4.51946e+016 1.40e-017  2.55e-006  9.34e-008  3.01e-001  1.26e-006  4.08e-001  5.68e-003  2.85e-001  6.01e-006  2.76e-009  2.90e-010  7.35e-011  
4.52061e+016 1.41e-017  2.60e-006  1.07e-007  3.02e-001  1.20e-006  4.08e-001  5.47e-003  2.85e-001  6.20e-006  2.77e-009  2.90e-010  7.26e-011  
4.52265e+016 1.42e-017  2.65e-006  1.21e-007  3.02e-001  1.15e-006  4.09e-001  5.94e-003  2.83e-001  6.46e-006  2.82e-009  2.89e-010  7.20e-011  
4.52632e+016 1.44e-017  2.76e-006  1.42e-007  3.04e-001  1.16e-006  4.09e-001  6.82e-003  2.81e-001  6.94e-006  3.02e-009  2.88e-010  6.96e-011  
4.53239e+016 1.47e-017  2.93e-006  1.69e-007  3.06e-001  1.17e-006  4.09e-001  8.11e-003  2.77e-001  7.83e-006  3.34e-009  2.85e-010  6.63e-011  
4.54167e+016 1.52e-017  3.15e-006  2.28e-007  3.09e-001  1.25e-006  4.10e-001  9.60e-003  2.71e-001  9.34e-006  3.85e-009  2.80e-010  6.27e-011  
4.55446e+016 1.60e-017  3.48e-006  3.71e-007  3.13e-001  1.40e-006  4.12e-001  1.12e-002  2.64e-001  1.18e-005  8.45e-009  2.72e-010  5.77e-011  
4.55658e+016 1.61e-017  3.57e-006  4.24e-007  3.14e-001  1.51e-006  4.12e-001  1.14e-002  2.62e-001  1.22e-005  8.46e-009  2.71e-010  5.62e-011  
4.55697e+016 1.61e-017  3.71e-006  5.19e-007  3.14e-001  1.89e-006  4.12e-001  1.07e-002  2.63e-001  1.24e-005  8.50e-009  2.71e-010  5.38e-011  
4.55761e+016 1.61e-017  3.77e-006  5.66e-007  3.14e-001  1.93e-006  4.13e-001  9.73e-003  2.63e-001  1.25e-005  8.68e-009  2.71e-010  5.31e-011  
4.55871e+016 1.62e-017  3.79e-006  5.96e-007  3.15e-001  1.79e-006  4.13e-001  9.64e-003  2.62e-001  1.28e-005  8.77e-009  2.70e-010  5.29e-011  
4.56066e+016 1.63e-017  3.86e-006  6.44e-007  3.16e-001  1.72e-006  4.13e-001  1.01e-002  2.61e-001  1.31e-005  9.02e-009  2.69e-010  5.24e-011  
4.56410e+016 1.65e-017  3.97e-006  7.08e-007  3.17e-001  1.71e-006  4.13e-001  1.10e-002  2.59e-001  1.39e-005  9.62e-009  2.65e-010  5.14e-011  
4.56849e+016 1.68e-017  4.13e-006  7.79e-007  3.18e-001  1.73e-006  4.13e-001  1.22e-002  2.56e-001  1.48e-005  1.06e-008  2.61e-010  5.02e-011  
4.57241e+016 1.71e-017  4.25e-006  8.49e-007  3.20e-001  1.76e-006  4.13e-001  1.31e-002  2.54e-001  1.57e-005  1.16e-008  2.58e-010  4.86e-011  
4.57850e+016 1.75e-017  4.45e-006  1.00e-006  3.22e-001  1.84e-006  4.14e-001  1.42e-002  2.51e-001  1.72e-005  1.32e-008  2.54e-010  4.57e-011  
4.58802e+016 1.81e-017  4.78e-006  1.34e-006  3.25e-001  2.02e-006  4.14e-001  1.54e-002  2.45e-001  1.98e-005  1.59e-008  2.47e-010  4.05e-011  
4.59720e+016 1.88e-017  5.14e-006  1.82e-006  3.28e-001  2.25e-006  4.15e-001  1.61e-002  2.40e-001  2.25e-005  1.87e-008  2.39e-010  3.65e-011  
4.59734e+016 1.88e-017  5.22e-006  1.99e-006  3.29e-001  2.44e-006  4.15e-001  1.59e-002  2.40e-001  2.26e-005  1.88e-008  2.38e-010  3.57e-011  
4.59759e+016 1.88e-017  5.44e-006  2.42e-006  3.29e-001  3.11e-006  4.15e-001  1.50e-002  2.41e-001  2.28e-005  1.83e-008  2.36e-010  3.52e-011  
4.59802e+016 1.88e-017  5.54e-006  2.68e-006  3.29e-001  3.50e-006  4.16e-001  1.35e-002  2.41e-001  2.30e-005  1.85e-008  2.34e-010  3.46e-011  
4.59873e+016 1.88e-017  5.59e-006  2.75e-006  3.30e-001  3.34e-006  4.17e-001  1.25e-002  2.41e-001  2.33e-005  1.87e-008  2.34e-010  3.44e-011  
4.59993e+016 1.89e-017  5.62e-006  2.83e-006  3.31e-001  3.09e-006  4.17e-001  1.24e-002  2.40e-001  2.37e-005  1.92e-008  2.33e-010  3.39e-011  
4.60196e+016 1.90e-017  5.69e-006  2.96e-006  3.32e-001  2.94e-006  4.17e-001  1.28e-002  2.38e-001  2.43e-005  2.00e-008  2.32e-010  3.30e-011  
4.60580e+016 1.93e-017  5.86e-006  3.17e-006  3.33e-001  2.92e-006  4.17e-001  1.36e-002  2.37e-001  2.54e-005  2.16e-008  2.28e-010  3.10e-011  
4.61139e+016 1.97e-017  6.19e-006  3.44e-006  3.35e-001  2.95e-006  4.17e-001  1.48e-002  2.34e-001  2.72e-005  2.39e-008  2.22e-010  2.95e-011  
4.61801e+016 2.02e-017  6.52e-006  3.86e-006  3.37e-001  3.11e-006  4.17e-001  1.58e-002  2.31e-001  2.96e-005  2.67e-008  2.14e-010  2.76e-011  
4.62829e+016 2.10e-017  7.13e-006  4.90e-006  3.41e-001  3.52e-006  4.17e-001  1.62e-002  2.25e-001  3.36e-005  3.06e-008  2.00e-010  2.41e-011  
4.63958e+016 2.19e-017  7.90e-006  6.71e-006  3.46e-001  4.17e-006  4.19e-001  1.59e-002  2.19e-001  3.83e-005  3.44e-008  1.86e-010  1.96e-011  
4.64165e+016 2.21e-017  8.06e-006  7.16e-006  3.47e-001  4.34e-006  4.19e-001  1.58e-002  2.18e-001  3.91e-005  3.51e-008  1.83e-010  1.86e-011  
4.64187e+016 2.21e-017  8.42e-006  7.70e-006  3.46e-001  5.07e-006  4.19e-001  1.53e-002  2.19e-001  3.94e-005  3.51e-008  1.80e-010  1.82e-011  
4.64224e+016 2.21e-017  8.78e-006  8.33e-006  3.47e-001  6.70e-006  4.20e-001  1.37e-002  2.20e-001  3.96e-005  3.55e-008  1.79e-010  1.72e-011  
4.64286e+016 2.21e-017  8.93e-006  8.88e-006  3.48e-001  7.75e-006  4.21e-001  1.19e-002  2.19e-001  4.00e-005  3.59e-008  1.79e-010  1.67e-011  
4.64396e+016 2.21e-017  8.95e-006  9.45e-006  3.49e-001  7.51e-006  4.22e-001  1.10e-002  2.18e-001  4.06e-005  3.63e-008  1.77e-010  1.65e-011  
4.64596e+016 2.23e-017  9.07e-006  1.04e-005  3.50e-001  6.96e-006  4.22e-001  1.11e-002  2.17e-001  4.14e-005  3.69e-008  1.74e-010  1.61e-011  
4.64933e+016 2.26e-017  9.30e-006  1.18e-005  3.51e-001  6.69e-006  4.22e-001  1.15e-002  2.16e-001  4.29e-005  3.80e-008  1.69e-010  1.53e-011  
4.65501e+016 2.31e-017  9.80e-006  1.36e-005  3.53e-001  6.68e-006  4.21e-001  1.23e-002  2.13e-001  4.55e-005  3.99e-008  1.63e-010  1.37e-011  
4.66259e+016 2.37e-017  1.06e-005  1.58e-005  3.56e-001  7.12e-006  4.21e-001  1.28e-002  2.10e-001  4.88e-005  4.21e-008  1.53e-010  1.15e-011  
4.67450e+016 2.49e-017  1.20e-005  2.08e-005  3.61e-001  8.73e-006  4.22e-001  1.25e-002  2.04e-001  5.47e-005  4.55e-008  1.36e-010  9.38e-012  
4.68726e+016 2.60e-017  1.39e-005  2.96e-005  3.66e-001  1.19e-005  4.23e-001  1.14e-002  1.99e-001  6.16e-005  4.85e-008  1.16e-010  6.93e-012  
4.69009e+016 2.62e-017  1.44e-005  3.22e-005  3.68e-001  1.28e-005  4.23e-001  1.11e-002  1.98e-001  6.33e-005  4.92e-008  1.12e-010  6.37e-012  
4.69024e+016 2.62e-017  1.46e-005  3.28e-005  3.68e-001  1.29e-005  4.23e-001  1.10e-002  1.98e-001  6.33e-005  4.96e-008  1.11e-010  6.21e-012  
4.69048e+016 2.62e-017  1.51e-005  3.50e-005  3.68e-001  1.37e-005  4.23e-001  1.06e-002  1.98e-001  6.36e-005  4.95e-008  1.12e-010  5.98e-012  
4.69090e+016 2.62e-017  1.57e-005  3.89e-005  3.68e-001  1.59e-005  4.23e-001  9.64e-003  1.99e-001  6.37e-005  4.95e-008  1.11e-010  5.45e-012  
4.69160e+016 2.62e-017  1.64e-005  4.35e-005  3.70e-001  2.00e-005  4.23e-001  8.12e-003  1.99e-001  6.41e-005  5.00e-008  1.09e-010  4.88e-012  
4.69279e+016 2.63e-017  1.67e-005  4.71e-005  3.70e-001  2.54e-005  4.26e-001  6.88e-003  1.97e-001  6.46e-005  5.02e-008  1.08e-010  4.71e-012  
4.69476e+016 2.64e-017  1.68e-005  5.12e-005  3.72e-001  2.98e-005  4.24e-001  6.63e-003  1.97e-001  6.59e-005  5.08e-008  1.05e-010  4.59e-012  
4.69806e+016 2.68e-017  1.71e-005  5.71e-005  3.72e-001  3.19e-005  4.26e-001  6.76e-003  1.95e-001  6.76e-005  5.23e-008  1.01e-010  4.33e-012  
4.70337e+016 2.73e-017  1.78e-005  6.60e-005  3.74e-001  3.25e-005  4.26e-001  7.12e-003  1.93e-001  7.08e-005  6.42e-008  9.35e-011  3.93e-012  
4.70622e+016 2.76e-017  1.83e-005  7.03e-005  3.77e-001  3.27e-005  4.24e-001  7.25e-003  1.91e-001  7.25e-005  6.38e-008  8.99e-011  3.70e-012  
4.71061e+016 2.79e-017  1.93e-005  7.81e-005  3.80e-001  3.42e-005  4.23e-001  7.38e-003  1.90e-001  7.52e-005  6.37e-008  8.60e-011  3.32e-012  
4.71746e+016 2.86e-017  2.11e-005  9.21e-005  3.82e-001  3.92e-005  4.24e-001  7.21e-003  1.87e-001  7.91e-005  6.37e-008  7.91e-011  2.71e-012  
4.72860e+016 2.99e-017  2.43e-005  1.23e-004  3.91e-001  5.45e-005  4.21e-001  6.42e-003  1.81e-001  8.49e-005  6.45e-008  6.65e-011  1.85e-012  
4.74240e+016 3.18e-017  2.86e-005  1.85e-004  4.09e-001  9.16e-005  4.12e-001  5.19e-003  1.73e-001  9.22e-005  6.61e-008  5.19e-011  1.15e-012  
4.74305e+016 3.18e-017  2.89e-005  1.90e-004  4.09e-001  9.44e-005  4.12e-001  5.13e-003  1.73e-001  9.28e-005  6.64e-008  5.13e-011  1.13e-012  
4.74313e+016 3.18e-017  2.89e-005  1.90e-004  4.09e-001  9.47e-005  4.12e-001  5.13e-003  1.73e-001  9.28e-005  6.64e-008  5.13e-011  1.12e-012  
4.74348e+016 3.18e-017  2.93e-005  1.95e-004  4.09e-001  9.63e-005  4.12e-001  5.10e-003  1.73e-001  9.31e-005  6.64e-008  5.10e-011  1.10e-012  
4.74406e+016 3.20e-017  2.99e-005  2.07e-004  4.10e-001  9.91e-005  4.13e-001  4.85e-003  1.73e-001  9.32e-005  6.63e-008  5.00e-011  1.01e-012  
4.74503e+016 3.21e-017  3.15e-005  2.34e-004  4.12e-001  1.08e-004  4.12e-001  4.27e-003  1.72e-001  9.35e-005  6.67e-008  4.83e-011  8.45e-013  
4.74676e+016 3.22e-017  3.32e-005  2.82e-004  4.13e-001  1.27e-004  4.13e-001  3.38e-003  1.71e-001  9.46e-005  6.70e-008  4.62e-011  7.54e-013  
4.74972e+016 3.25e-017  3.45e-005  3.41e-004  4.15e-001  1.67e-004  4.12e-001  2.69e-003  1.69e-001  9.63e-005  6.80e-008  4.34e-011  6.55e-013  
4.75283e+016 3.29e-017  3.43e-005  3.83e-004  4.19e-001  2.09e-004  4.10e-001  2.54e-003  1.67e-001  9.81e-005  6.93e-008  4.13e-011  5.68e-013  
4.75365e+016 3.30e-017  3.42e-005  3.91e-004  4.21e-001  2.20e-004  4.09e-001  2.53e-003  1.67e-001  9.84e-005  6.93e-008  4.06e-011  5.48e-013  
4.75556e+016 3.33e-017  3.42e-005  4.11e-004  4.23e-001  2.45e-004  4.08e-001  2.54e-003  1.66e-001  9.96e-005  7.02e-008  3.93e-011  5.16e-013  
4.75856e+016 3.38e-017  3.41e-005  4.41e-004  4.27e-001  2.82e-004  4.06e-001  2.58e-003  1.64e-001  1.01e-004  7.14e-008  3.73e-011  4.83e-013  
4.76342e+016 3.45e-017  3.45e-005  4.96e-004  4.32e-001  3.39e-004  4.03e-001  2.59e-003  1.61e-001  1.04e-004  7.34e-008  3.36e-011  4.18e-013  
4.77120e+016 3.57e-017  3.58e-005  6.05e-004  4.42e-001  4.31e-004  3.98e-001  2.46e-003  1.56e-001  1.08e-004  7.67e-008  2.79e-011  3.05e-013  
4.78339e+016 3.75e-017  3.87e-005  8.62e-004  4.56e-001  6.19e-004  3.90e-001  2.08e-003  1.50e-001  1.15e-004  8.25e-008  2.21e-011  1.84e-013  
4.79819e+016 3.99e-017  4.08e-005  1.35e-003  4.73e-001  9.57e-004  3.81e-001  1.61e-003  1.42e-001  1.23e-004  8.89e-008  1.56e-011  7.71e-014  
4.80101e+016 4.04e-017  4.09e-005  1.48e-003  4.76e-001  1.04e-003  3.79e-001  1.53e-003  1.41e-001  1.25e-004  9.05e-008  1.46e-011  6.72e-014  
4.80156e+016 4.05e-017  4.08e-005  1.50e-003  4.77e-001  1.06e-003  3.78e-001  1.51e-003  1.40e-001  1.25e-004  9.07e-008  1.44e-011  6.53e-014  
4.80288e+016 4.07e-017  4.11e-005  1.57e-003  4.80e-001  1.10e-003  3.76e-001  1.48e-003  1.40e-001  1.26e-004  9.13e-008  1.40e-011  6.08e-014  
4.80511e+016 4.10e-017  4.10e-005  1.69e-003  4.81e-001  1.18e-003  3.76e-001  1.41e-003  1.38e-001  1.27e-004  9.25e-008  1.32e-011  5.35e-014  
4.80875e+016 4.16e-017  4.09e-005  1.92e-003  4.86e-001  1.31e-003  3.73e-001  1.29e-003  1.36e-001  1.29e-004  9.46e-008  1.19e-011  4.14e-014  
4.81463e+016 4.26e-017  3.99e-005  2.29e-003  4.93e-001  1.57e-003  3.69e-001  1.16e-003  1.33e-001  1.33e-004  9.77e-008  1.00e-011  2.68e-014  
4.82445e+016 4.43e-017  3.79e-005  2.89e-003  5.03e-001  2.07e-003  3.63e-001  1.07e-003  1.28e-001  1.39e-004  1.04e-007  7.65e-012  1.60e-014  
4.83636e+016 4.66e-017  3.39e-005  3.54e-003  5.17e-001  2.79e-003  3.54e-001  1.06e-003  1.22e-001  1.46e-004  1.13e-007  5.30e-012  7.44e-015  
4.84912e+016 4.91e-017  2.95e-005  4.03e-003  5.32e-001  3.73e-003  3.44e-001  1.13e-003  1.15e-001  1.54e-004  1.23e-007  3.42e-012  3.01e-015  
4.86294e+016 5.18e-017  2.57e-005  4.15e-003  5.48e-001  5.02e-003  3.34e-001  1.32e-003  1.08e-001  1.63e-004  1.37e-007  2.08e-012  1.15e-015  
4.87591e+016 5.46e-017  2.40e-005  3.87e-003  5.59e-001  6.49e-003  3.28e-001  1.64e-003  1.01e-001  1.72e-004  1.51e-007  1.26e-012  3.83e-016  
4.88968e+016 5.59e-017  2.68e-005  3.47e-003  5.63e-001  8.62e-003  3.29e-001  2.22e-003  9.28e-002  1.88e-004  1.73e-007  7.28e-013  1.05e-016  
4.90444e+016 5.69e-017  3.59e-005  2.95e-003  5.68e-001  1.16e-002  3.30e-001  3.23e-003  8.37e-002  2.07e-004  2.02e-007  3.80e-013  2.29e-017  
4.91980e+016 5.78e-017  5.44e-005  2.42e-003  5.70e-001  1.54e-002  3.32e-001  4.92e-003  7.50e-002  2.30e-004  2.35e-007  1.77e-013  3.98e-018  
4.93317e+016 5.83e-017  8.13e-005  2.01e-003  5.68e-001  1.96e-002  3.35e-001  7.22e-003  6.83e-002  2.52e-004  2.71e-007  8.25e-014  6.92e-019  
4.94239e+016 5.85e-017  1.09e-004  1.76e-003  5.66e-001  2.27e-002  3.37e-001  9.52e-003  6.34e-002  2.70e-004  2.99e-007  4.39e-014  1.44e-019  
4.95192e+016 5.88e-017  1.47e-004  1.53e-003  5.63e-001  2.65e-002  3.38e-001  1.27e-002  5.81e-002  2.87e-004  3.30e-007  2.26e-014  3.01e-020  
4.96202e+016 5.91e-017  2.03e-004  1.33e-003  5.57e-001  3.10e-002  3.40e-001  1.71e-002  5.30e-002  3.10e-004  3.66e-007  1.24e-014  7.33e-021  
4.97297e+016 5.94e-017  2.88e-004  1.15e-003  5.49e-001  3.65e-002  3.42e-001  2.36e-002  4.80e-002  3.33e-004  4.07e-007  5.67e-015  9.56e-022  
4.98461e+016 5.98e-017  4.15e-004  1.01e-003  5.37e-001  4.30e-002  3.43e-001  3.25e-002  4.27e-002  3.61e-004  4.55e-007  2.16e-015  8.00e-023  
4.99670e+016 6.02e-017  5.51e-004  9.05e-004  5.21e-001  5.05e-002  3.42e-001  4.67e-002  3.77e-002  3.92e-004  5.06e-007  6.76e-016  4.50e-024  
5.00936e+016 6.13e-017  6.85e-004  8.18e-004  4.97e-001  5.87e-002  3.39e-001  7.09e-002  3.23e-002  4.21e-004  5.57e-007  1.49e-016  1.76e-025  
5.02240e+016 6.32e-017  8.42e-004  7.55e-004  4.67e-001  6.74e-002  3.31e-001  1.05e-001  2.74e-002  4.46e-004  6.32e-007  2.01e-017  1.68e-027  
5.03584e+016 6.61e-017  1.02e-003  7.11e-004  4.31e-001  7.59e-002  3.18e-001  1.50e-001  2.28e-002  4.66e-004  6.97e-007  2.72e-018  3.57e-029  
5.05026e+016 7.08e-017  1.20e-003  6.73e-004  3.90e-001  8.40e-002  2.96e-001  2.09e-001  1.86e-002  4.76e-004  7.31e-007  4.42e-019  2.80e-031  
5.05959e+016 7.60e-017  1.29e-003  6.49e-004  3.70e-001  8.72e-002  2.78e-001  2.46e-001  1.68e-002  4.72e-004  7.24e-007  9.08e-020  3.97e-033  
5.06957e+016 8.21e-017  1.38e-003  6.31e-004  3.47e-001  9.02e-002  2.58e-001  2.87e-001  1.50e-002  4.66e-004  7.16e-007  1.18e-020  2.92e-035  
5.07988e+016 8.94e-017  1.47e-003  6.16e-004  3.23e-001  9.28e-002  2.38e-001  3.30e-001  1.33e-002  4.57e-004  7.00e-007  1.06e-021  4.43e-037  
5.09058e+016 9.80e-017  1.55e-003  6.06e-004  3.00e-001  9.50e-002  2.18e-001  3.72e-001  1.17e-002  4.47e-004  6.78e-007  6.82e-023  2.07e-039  
5.10237e+016 1.09e-016  1.63e-003  5.97e-004  2.75e-001  9.66e-002  1.98e-001  4.18e-001  1.02e-002  4.34e-004  6.49e-007  2.79e-024  4.02e-042  
5.11496e+016 1.22e-016  1.70e-003  5.89e-004  2.52e-001  9.84e-002  1.77e-001  4.61e-001  8.77e-003  4.18e-004  6.10e-007  7.55e-026  3.57e-045  
5.12843e+016 1.38e-016  1.76e-003  5.88e-004  2.28e-001  9.96e-002  1.59e-001  5.04e-001  7.49e-003  4.02e-004  5.66e-007  3.06e-027  1.32e-048  
5.14296e+016 1.56e-016  1.84e-003  5.93e-004  2.05e-001  1.01e-001  1.40e-001  5.44e-001  6.29e-003  3.86e-004  5.12e-007  1.47e-028  1.72e-050  
5.15425e+016 1.72e-016  1.90e-003  6.03e-004  1.90e-001  1.02e-001  1.28e-001  5.71e-001  5.58e-003  3.74e-004  4.68e-007  2.56e-029  6.38e-053  
5.16792e+016 1.93e-016  2.00e-003  6.26e-004  1.74e-001  1.03e-001  1.15e-001  6.00e-001  4.81e-003  3.61e-004  4.16e-007  3.12e-031  6.93e-057  
5.18319e+016 2.18e-016  2.14e-003  6.59e-004  1.58e-001  1.05e-001  1.02e-001  6.27e-001  4.11e-003  3.48e-004  3.62e-007  1.73e-033  2.40e-061  
5.19950e+016 2.47e-016  2.34e-003  7.20e-004  1.44e-001  1.08e-001  9.06e-002  6.51e-001  3.50e-003  3.36e-004  3.11e-007  5.38e-036  2.83e-066  
5.21655e+016 2.79e-016  2.61e-003  8.18e-004  1.31e-001  1.11e-001  8.04e-002  6.71e-001  3.00e-003  3.27e-004  2.70e-007  7.21e-039  1.23e-071  
5.23457e+016 3.14e-016  2.95e-003  9.71e-004  1.20e-001  1.14e-001  7.16e-002  6.88e-001  2.54e-003  3.18e-004  2.40e-007  1.19e-040  2.70e-073  
5.25384e+016 3.54e-016  3.39e-003  1.21e-003  1.09e-001  1.18e-001  6.36e-002  7.02e-001  2.18e-003  3.14e-004  2.21e-007  3.56e-044  2.78e-078  
5.27451e+016 3.96e-016  3.96e-003  1.58e-003  1.00e-001  1.24e-001  5.65e-002  7.12e-001  1.85e-003  3.10e-004  2.14e-007  1.36e-047  0.00e+000  
5.29668e+016 4.44e-016  4.68e-003  2.16e-003  9.23e-002  1.30e-001  5.04e-002  7.18e-001  1.58e-003  3.09e-004  2.16e-007  1.97e-051  0.00e+000  
5.31993e+016 4.95e-016  5.62e-003  3.05e-003  8.49e-002  1.38e-001  4.51e-002  7.22e-001  1.34e-003  3.07e-004  2.26e-007  8.57e-056  0.00e+000  
5.34440e+016 5.51e-016  6.68e-003  4.41e-003  7.85e-002  1.46e-001  4.01e-002  7.23e-001  1.15e-003  3.11e-004  2.40e-007  7.25e-057  0.00e+000  
5.36995e+016 6.05e-016  8.11e-003  6.46e-003  7.32e-002  1.56e-001  3.62e-002  7.19e-001  9.88e-004  3.16e-004  2.58e-007  2.94e-063  0.00e+000  
5.39765e+016 6.71e-016  9.73e-003  9.55e-003  6.78e-002  1.67e-001  3.23e-002  7.12e-001  8.45e-004  3.19e-004  2.79e-007  1.35e-068  0.00e+000  
5.42627e+016 7.35e-016  1.18e-002  1.40e-002  6.35e-002  1.78e-001  2.93e-002  7.02e-001  7.31e-004  3.25e-004  3.03e-007  7.84e-070  0.00e+000  
5.45738e+016 8.03e-016  1.44e-002  2.08e-002  5.94e-002  1.92e-001  2.64e-002  6.86e-001  6.29e-004  3.34e-004  3.31e-007  2.40e-077  0.00e+000  
5.49079e+016 8.80e-016  1.76e-002  3.07e-002  5.55e-002  2.05e-001  2.38e-002  6.67e-001  5.42e-004  3.41e-004  3.61e-007  1.41e-078  0.00e+000  
5.52575e+016 9.57e-016  2.14e-002  4.43e-002  5.21e-002  2.19e-001  2.15e-002  6.40e-001  4.70e-004  3.49e-004  3.95e-007  0.00e+000  0.00e+000  
5.56155e+016 1.03e-015  2.63e-002  6.26e-002  4.93e-002  2.35e-001  1.97e-002  6.06e-001  4.12e-004  3.57e-004  4.31e-007  0.00e+000  0.00e+000  
5.59918e+016 1.12e-015  3.14e-002  8.56e-002  4.65e-002  2.48e-001  1.78e-002  5.70e-001  3.61e-004  3.62e-004  4.66e-007  0.00e+000  0.00e+000  
5.63913e+016 1.21e-015  3.76e-002  1.14e-001  4.39e-002  2.62e-001  1.63e-002  5.25e-001  3.18e-004  3.65e-004  5.03e-007  0.00e+000  0.00e+000  
5.68226e+016 1.30e-015  4.54e-002  1.50e-001  4.18e-002  2.75e-001  1.49e-002  4.72e-001  2.81e-004  3.67e-004  5.46e-007  0.00e+000  0.00e+000  
5.72780e+016 1.40e-015  5.49e-002  1.91e-001  3.99e-002  2.88e-001  1.39e-002  4.12e-001  2.51e-004  3.66e-004  5.92e-007  0.00e+000  0.00e+000  
5.77650e+016 1.52e-015  6.44e-002  2.33e-001  3.83e-002  2.96e-001  1.28e-002  3.55e-001  2.25e-004  3.58e-004  6.35e-007  0.00e+000  0.00e+000  
5.82707e+016 1.65e-015  7.56e-002  2.74e-001  3.72e-002  3.02e-001  1.20e-002  2.99e-001  2.06e-004  3.47e-004  6.77e-007  0.00e+000  0.00e+000  
5.88124e+016 1.79e-015  8.86e-002  3.12e-001  3.68e-002  3.07e-001  1.15e-002  2.43e-001  1.93e-004  3.33e-004  7.30e-007  0.00e+000  0.00e+000  
5.93801e+016 1.94e-015  1.04e-001  3.44e-001  3.73e-002  3.11e-001  1.14e-002  1.92e-001  1.86e-004  3.17e-004  7.83e-007  0.00e+000  0.00e+000  
5.99878e+016 2.12e-015  1.19e-001  3.65e-001  4.11e-002  3.11e-001  1.22e-002  1.51e-001  1.95e-004  2.97e-004  8.31e-007  0.00e+000  0.00e+000  
6.06254e+016 2.31e-015  1.36e-001  3.77e-001  4.85e-002  3.08e-001  1.40e-002  1.16e-001  2.20e-004  2.76e-004  9.60e-007  0.00e+000  0.00e+000  
6.12860e+016 2.52e-015  1.54e-001  3.80e-001  5.71e-002  3.04e-001  1.60e-002  8.84e-002  2.47e-004  2.53e-004  1.11e-006  0.00e+000  0.00e+000  
6.19772e+016 2.76e-015  1.73e-001  3.77e-001  6.67e-002  2.98e-001  1.83e-002  6.67e-002  2.80e-004  2.31e-004  1.29e-006  0.00e+000  0.00e+000  
6.27006e+016 3.02e-015  1.93e-001  3.68e-001  7.78e-002  2.90e-001  2.08e-002  5.03e-002  3.15e-004  2.10e-004  1.50e-006  0.00e+000  0.00e+000  
6.34752e+016 3.33e-015  2.15e-001  3.54e-001  9.03e-002  2.79e-001  2.36e-002  3.75e-002  3.54e-004  1.89e-004  1.74e-006  0.00e+000  0.00e+000  
6.43223e+016 3.71e-015  2.38e-001  3.37e-001  1.05e-001  2.66e-001  2.65e-002  2.77e-002  3.99e-004  1.68e-004  2.03e-006  0.00e+000  0.00e+000  
6.52408e+016 4.17e-015  2.61e-001  3.19e-001  1.20e-001  2.49e-001  2.97e-002  2.03e-002  4.41e-004  1.48e-004  2.39e-006  0.00e+000  0.00e+000  
6.62440e+016 4.76e-015  2.86e-001  3.00e-001  1.35e-001  2.31e-001  3.26e-002  1.46e-002  4.87e-004  1.28e-004  2.81e-006  0.00e+000  0.00e+000  
6.73219e+016 5.45e-015  3.08e-001  2.81e-001  1.51e-001  2.13e-001  3.56e-002  1.06e-002  5.36e-004  1.12e-004  3.36e-006  0.00e+000  0.00e+000  
6.84641e+016 6.26e-015  3.31e-001  2.62e-001  1.66e-001  1.95e-001  3.83e-002  7.71e-003  5.80e-004  9.74e-005  4.04e-006  0.00e+000  0.00e+000  
6.96945e+016 7.23e-015  3.53e-001  2.45e-001  1.78e-001  1.77e-001  4.07e-002  5.60e-003  6.17e-004  8.53e-005  4.94e-006  0.00e+000  0.00e+000  
7.10391e+016 8.33e-015  3.73e-001  2.29e-001  1.90e-001  1.60e-001  4.29e-002  4.13e-003  6.57e-004  7.57e-005  6.16e-006  0.00e+000  0.00e+000  
7.25155e+016 9.63e-015  3.95e-001  2.15e-001  1.97e-001  1.44e-001  4.46e-002  3.01e-003  6.83e-004  6.78e-005  7.80e-006  0.00e+000  0.00e+000  
7.42223e+016 1.11e-014  4.16e-001  2.04e-001  2.02e-001  1.29e-001  4.59e-002  2.19e-003  7.12e-004  6.20e-005  1.01e-005  0.00e+000  0.00e+000  
7.63108e+016 1.29e-014  4.39e-001  1.94e-001  2.02e-001  1.16e-001  4.70e-002  1.54e-003  7.28e-004  5.83e-005  1.37e-005  0.00e+000  0.00e+000  
7.86896e+016 1.48e-014  4.64e-001  1.86e-001  1.96e-001  1.04e-001  4.78e-002  1.10e-003  7.45e-004  5.79e-005  1.87e-005  0.00e+000  0.00e+000  
8.18150e+016 1.67e-014  4.90e-001  1.80e-001  1.86e-001  9.38e-002  4.87e-002  7.53e-004  7.59e-004  6.15e-005  2.65e-005  0.00e+000  0.00e+000  
8.55776e+016 1.84e-014  5.15e-001  1.77e-001  1.71e-001  8.55e-002  5.00e-002  5.14e-004  7.68e-004  7.19e-005  3.77e-005  0.00e+000  0.00e+000  
9.00548e+016 1.93e-014  5.38e-001  1.73e-001  1.55e-001  8.02e-002  5.22e-002  3.54e-004  8.02e-004  9.10e-005  5.33e-005  0.00e+000  0.00e+000  
9.53916e+016 1.96e-014  5.57e-001  1.71e-001  1.39e-001  7.61e-002  5.62e-002  2.44e-004  8.53e-004  1.22e-004  7.46e-005  0.00e+000  0.00e+000  
1.01535e+017 1.90e-014  5.73e-001  1.66e-001  1.24e-001  7.41e-002  6.20e-002  1.72e-004  9.30e-004  1.64e-004  1.03e-004  0.00e+000  0.00e+000  
1.09249e+017 1.73e-014  5.75e-001  1.61e-001  1.12e-001  7.73e-002  7.33e-002  1.25e-004  1.07e-003  2.26e-004  1.47e-004  0.00e+000  0.00e+000  
