! 0       CH3OCH3 + H3O+ -> H2O + CH3OCH4+
! 1       CH3OH + CH3OH2+ -> H2O + CH3OCH4+
! 2       CH3OCH3 + H3+ -> H2 + CH3OCH4+
! 3       CH3OCH3 + HCO+ -> CO + CH3OCH4+
! 4       CH3OH + CH3+ -> CH3OCH4+
!            tot_rate   0          1          2          3          4          
1.58188e+013 8.74e-021  1.13e-001  7.17e-002  1.35e-001  2.59e-001  4.22e-001  
3.50727e+014 8.74e-021  1.13e-001  7.17e-002  1.35e-001  2.59e-001  4.22e-001  
5.21628e+015 8.72e-021  1.13e-001  7.11e-002  1.35e-001  2.59e-001  4.22e-001  
2.67137e+016 3.05e-021  1.43e-001  6.66e-003  2.77e-001  3.10e-001  2.63e-001  
3.33598e+016 9.43e-022  1.43e-001  2.34e-003  3.24e-001  3.62e-001  1.69e-001  
3.42055e+016 7.63e-022  1.36e-001  2.83e-003  3.07e-001  3.54e-001  2.00e-001  
3.44017e+016 7.24e-022  1.34e-001  2.97e-003  3.01e-001  3.51e-001  2.11e-001  
3.46353e+016 6.86e-022  1.30e-001  3.10e-003  2.88e-001  3.42e-001  2.36e-001  
3.48860e+016 7.36e-022  1.10e-001  2.87e-003  2.43e-001  2.92e-001  3.52e-001  
3.51370e+016 1.31e-021  5.57e-002  1.60e-003  1.21e-001  1.49e-001  6.73e-001  
3.53250e+016 2.96e-021  2.28e-002  7.07e-004  4.94e-002  6.12e-002  8.66e-001  
3.55515e+016 7.38e-021  8.47e-003  2.85e-004  1.82e-002  2.29e-002  9.50e-001  
3.57182e+016 1.10e-020  5.57e-003  1.93e-004  1.19e-002  1.51e-002  9.67e-001  
3.58524e+016 1.25e-020  5.00e-003  1.70e-004  1.05e-002  1.37e-002  9.71e-001  
3.60047e+016 1.28e-020  5.16e-003  1.67e-004  1.08e-002  1.42e-002  9.70e-001  
3.61718e+016 1.30e-020  5.46e-003  1.67e-004  1.12e-002  1.51e-002  9.68e-001  
3.62899e+016 1.31e-020  5.77e-003  1.67e-004  1.18e-002  1.61e-002  9.66e-001  
3.63893e+016 1.34e-020  6.17e-003  1.67e-004  1.25e-002  1.72e-002  9.64e-001  
3.64972e+016 1.39e-020  8.41e-003  1.64e-004  1.69e-002  2.53e-002  9.49e-001  
3.66124e+016 1.59e-020  1.85e-002  1.54e-004  3.44e-002  5.83e-002  8.89e-001  
3.67348e+016 2.69e-020  3.79e-002  1.35e-004  6.14e-002  1.19e-001  7.81e-001  
3.68621e+016 7.25e-020  4.76e-002  1.29e-004  6.60e-002  1.50e-001  7.36e-001  
3.69700e+016 1.91e-019  4.76e-002  1.36e-004  5.72e-002  1.51e-001  7.45e-001  
3.70376e+016 3.51e-019  4.64e-002  1.48e-004  5.13e-002  1.47e-001  7.55e-001  
3.71087e+016 6.69e-019  4.51e-002  1.72e-004  4.48e-002  1.43e-001  7.67e-001  
3.71826e+016 1.30e-018  4.38e-002  2.18e-004  4.19e-002  1.39e-001  7.75e-001  
3.72589e+016 2.56e-018  4.29e-002  3.19e-004  3.94e-002  1.37e-001  7.80e-001  
3.73370e+016 5.09e-018  4.26e-002  5.31e-004  3.66e-002  1.36e-001  7.84e-001  
3.74165e+016 1.02e-017  4.28e-002  9.79e-004  3.33e-002  1.36e-001  7.86e-001  
3.74829e+016 1.82e-017  4.33e-002  1.71e-003  3.02e-002  1.37e-001  7.88e-001  
3.75505e+016 3.24e-017  4.47e-002  3.08e-003  2.70e-002  1.39e-001  7.86e-001  
3.76194e+016 5.79e-017  4.70e-002  5.67e-003  2.37e-002  1.41e-001  7.83e-001  
3.76839e+016 9.85e-017  5.03e-002  1.00e-002  2.05e-002  1.42e-001  7.77e-001  
3.76854e+016 9.96e-017  5.04e-002  1.01e-002  2.05e-002  1.42e-001  7.77e-001  
3.76877e+016 1.02e-016  5.05e-002  1.03e-002  2.04e-002  1.42e-001  7.77e-001  
3.76917e+016 1.05e-016  5.08e-002  1.07e-002  2.01e-002  1.42e-001  7.76e-001  
3.76980e+016 1.11e-016  5.12e-002  1.13e-002  1.98e-002  1.42e-001  7.76e-001  
3.77083e+016 1.20e-016  5.18e-002  1.24e-002  1.94e-002  1.42e-001  7.74e-001  
3.77248e+016 1.38e-016  5.29e-002  1.43e-002  1.86e-002  1.42e-001  7.73e-001  
3.77450e+016 1.65e-016  5.44e-002  1.71e-002  1.76e-002  1.42e-001  7.69e-001  
3.77655e+016 2.00e-016  5.56e-002  2.06e-002  1.66e-002  1.40e-001  7.67e-001  
3.77936e+016 2.08e-016  5.82e-002  2.58e-002  1.55e-002  1.40e-001  7.60e-001  
3.78016e+016 2.10e-016  5.87e-002  2.73e-002  1.52e-002  1.40e-001  7.59e-001  
3.78111e+016 2.11e-016  5.96e-002  2.90e-002  1.48e-002  1.40e-001  7.57e-001  
3.78273e+016 2.14e-016  6.12e-002  3.21e-002  1.42e-002  1.40e-001  7.52e-001  
3.78530e+016 2.17e-016  6.35e-002  3.72e-002  1.33e-002  1.41e-001  7.45e-001  
3.78818e+016 2.22e-016  6.58e-002  4.27e-002  1.24e-002  1.41e-001  7.39e-001  
3.79076e+016 2.27e-016  6.75e-002  4.77e-002  1.17e-002  1.40e-001  7.33e-001  
3.79253e+016 2.29e-016  6.93e-002  5.10e-002  1.12e-002  1.40e-001  7.28e-001  
3.79502e+016 2.33e-016  7.13e-002  5.63e-002  1.05e-002  1.40e-001  7.21e-001  
3.79755e+016 2.36e-016  7.36e-002  6.13e-002  9.90e-003  1.40e-001  7.15e-001  
3.79897e+016 2.38e-016  7.48e-002  6.43e-002  9.63e-003  1.41e-001  7.10e-001  
3.79918e+016 2.39e-016  7.49e-002  6.44e-002  9.54e-003  1.40e-001  7.11e-001  
3.79956e+016 2.39e-016  7.52e-002  6.51e-002  9.44e-003  1.40e-001  7.10e-001  
3.80017e+016 2.40e-016  7.58e-002  6.66e-002  9.33e-003  1.40e-001  7.08e-001  
3.80129e+016 2.41e-016  7.67e-002  6.88e-002  9.12e-003  1.41e-001  7.05e-001  
3.80319e+016 2.44e-016  7.82e-002  7.29e-002  8.72e-003  1.40e-001  7.00e-001  
3.80578e+016 2.47e-016  8.10e-002  7.81e-002  8.26e-003  1.40e-001  6.92e-001  
3.80629e+016 2.49e-016  8.09e-002  7.89e-002  8.13e-003  1.40e-001  6.92e-001  
3.80713e+016 2.49e-016  8.18e-002  8.06e-002  7.98e-003  1.40e-001  6.90e-001  
3.80859e+016 2.51e-016  8.33e-002  8.37e-002  7.73e-003  1.40e-001  6.85e-001  
3.81083e+016 2.53e-016  8.52e-002  8.84e-002  7.42e-003  1.40e-001  6.79e-001  
3.81265e+016 2.55e-016  8.69e-002  9.24e-002  7.13e-003  1.40e-001  6.74e-001  
3.81480e+016 2.57e-016  8.89e-002  9.67e-002  6.84e-003  1.39e-001  6.68e-001  
3.81769e+016 2.60e-016  9.15e-002  1.03e-001  6.46e-003  1.38e-001  6.61e-001  
3.81836e+016 2.61e-016  9.20e-002  1.04e-001  6.37e-003  1.38e-001  6.60e-001  
3.81952e+016 2.61e-016  9.32e-002  1.07e-001  6.25e-003  1.38e-001  6.56e-001  
3.82149e+016 2.62e-016  9.42e-002  1.11e-001  5.99e-003  1.36e-001  6.52e-001  
3.82433e+016 2.62e-016  9.57e-002  1.17e-001  5.64e-003  1.33e-001  6.48e-001  
3.82740e+016 2.60e-016  9.51e-002  1.25e-001  5.20e-003  1.28e-001  6.47e-001  
3.83054e+016 2.55e-016  9.11e-002  1.35e-001  4.60e-003  1.17e-001  6.52e-001  
3.83376e+016 2.44e-016  8.15e-002  1.47e-001  3.82e-003  1.01e-001  6.67e-001  
3.83751e+016 2.23e-016  6.25e-002  1.64e-001  2.70e-003  7.37e-002  6.97e-001  
3.84132e+016 1.92e-016  3.71e-002  1.85e-001  1.49e-003  4.16e-002  7.35e-001  
3.84531e+016 1.53e-016  1.42e-002  2.03e-001  5.25e-004  1.51e-002  7.67e-001  
3.84962e+016 1.01e-016  2.64e-003  2.13e-001  9.10e-005  2.66e-003  7.81e-001  
3.85449e+016 4.31e-017  1.50e-004  2.15e-001  4.81e-006  1.42e-004  7.85e-001  
3.85990e+016 7.31e-018  2.45e-006  2.08e-001  7.26e-008  2.15e-006  7.92e-001  
3.86597e+016 2.29e-019  1.82e-005  1.96e-001  5.02e-007  1.48e-005  8.04e-001  
3.87288e+016 2.56e-021  1.07e-003  1.81e-001  2.77e-005  7.94e-004  8.17e-001  
3.88139e+016 9.64e-023  1.83e-002  1.58e-001  4.43e-004  1.21e-002  8.11e-001  
3.89093e+016 6.65e-024  1.73e-001  1.02e-001  4.00e-003  1.01e-001  6.20e-001  
3.90068e+016 2.19e-024  3.63e-001  5.26e-002  8.19e-003  1.87e-001  3.89e-001  
3.91088e+016 1.26e-024  4.54e-001  3.17e-002  1.02e-002  2.06e-001  2.97e-001  
3.92181e+016 8.27e-025  5.21e-001  1.94e-002  1.19e-002  2.07e-001  2.41e-001  
3.93325e+016 5.94e-025  5.72e-001  1.24e-002  1.34e-002  1.99e-001  2.04e-001  
3.94519e+016 4.60e-025  6.09e-001  8.72e-003  1.49e-002  1.85e-001  1.82e-001  
3.95803e+016 3.72e-025  6.32e-001  7.07e-003  1.65e-002  1.69e-001  1.75e-001  
3.97190e+016 3.09e-025  6.40e-001  6.76e-003  1.81e-002  1.53e-001  1.81e-001  
3.98699e+016 2.61e-025  6.32e-001  7.54e-003  1.97e-002  1.39e-001  2.02e-001  
4.00514e+016 2.19e-025  6.02e-001  9.58e-003  2.13e-002  1.26e-001  2.41e-001  
4.02549e+016 1.86e-025  5.53e-001  1.31e-002  2.24e-002  1.17e-001  2.94e-001  
4.04761e+016 1.61e-025  4.91e-001  1.79e-002  2.27e-002  1.10e-001  3.58e-001  
4.07070e+016 1.44e-025  4.25e-001  2.36e-002  2.19e-002  1.04e-001  4.25e-001  
4.09451e+016 1.33e-025  3.61e-001  3.00e-002  2.01e-002  9.58e-002  4.93e-001  
4.11988e+016 1.27e-025  2.98e-001  3.67e-002  1.73e-002  8.37e-002  5.65e-001  
4.14624e+016 1.25e-025  2.40e-001  4.34e-002  1.40e-002  6.94e-002  6.34e-001  
4.17462e+016 1.24e-025  1.83e-001  5.00e-002  1.04e-002  5.32e-002  7.03e-001  
4.20512e+016 1.22e-025  1.23e-001  5.63e-002  6.70e-003  3.51e-002  7.79e-001  
4.23867e+016 1.17e-025  5.81e-002  6.17e-002  2.98e-003  1.59e-002  8.61e-001  
4.27356e+016 1.27e-025  1.51e-002  6.37e-002  7.26e-004  3.97e-003  9.17e-001  
4.30994e+016 1.78e-025  2.91e-003  6.24e-002  1.32e-004  7.37e-004  9.34e-001  
4.34671e+016 3.27e-025  7.29e-004  6.22e-002  3.15e-005  1.77e-004  9.37e-001  
4.38104e+016 6.80e-025  3.05e-004  6.25e-002  1.25e-005  7.11e-005  9.37e-001  
4.41007e+016 1.31e-024  2.09e-004  6.36e-002  8.22e-006  4.72e-005  9.36e-001  
4.42181e+016 1.66e-024  2.20e-004  6.40e-002  8.57e-006  4.91e-005  9.36e-001  
4.42811e+016 1.95e-024  2.44e-004  6.42e-002  9.41e-006  5.40e-005  9.35e-001  
4.43809e+016 2.36e-024  2.77e-004  6.43e-002  1.05e-005  6.09e-005  9.35e-001  
4.45030e+016 2.90e-024  3.76e-004  6.48e-002  1.40e-005  8.14e-005  9.35e-001  
4.45401e+016 3.12e-024  4.42e-004  6.50e-002  1.65e-005  9.57e-005  9.34e-001  
4.45998e+016 3.63e-024  5.65e-004  6.53e-002  2.08e-005  1.21e-004  9.34e-001  
4.46779e+016 4.12e-024  6.72e-004  6.57e-002  2.45e-005  1.43e-004  9.33e-001  
4.48006e+016 4.87e-024  1.01e-003  6.61e-002  3.64e-005  2.14e-004  9.33e-001  
4.48529e+016 5.24e-024  1.27e-003  6.65e-002  4.55e-005  2.67e-004  9.32e-001  
4.48834e+016 5.59e-024  1.59e-003  6.65e-002  5.63e-005  3.31e-004  9.32e-001  
4.49346e+016 6.10e-024  1.85e-003  6.66e-002  6.54e-005  3.84e-004  9.31e-001  
4.49870e+016 6.52e-024  2.07e-003  6.68e-002  7.28e-005  4.28e-004  9.31e-001  
4.50684e+016 7.11e-024  2.59e-003  6.72e-002  9.00e-005  5.30e-004  9.30e-001  
4.51867e+016 8.02e-024  3.68e-003  6.76e-002  1.26e-004  7.43e-004  9.28e-001  
4.51946e+016 8.09e-024  3.82e-003  6.77e-002  1.31e-004  7.72e-004  9.28e-001  
4.52061e+016 8.25e-024  4.13e-003  6.76e-002  1.41e-004  8.33e-004  9.27e-001  
4.52265e+016 8.52e-024  4.59e-003  6.78e-002  1.56e-004  9.22e-004  9.27e-001  
4.52632e+016 8.95e-024  5.15e-003  6.78e-002  1.73e-004  1.03e-003  9.26e-001  
4.53239e+016 9.57e-024  5.79e-003  6.80e-002  1.92e-004  1.15e-003  9.25e-001  
4.54167e+016 1.04e-023  6.86e-003  6.83e-002  2.28e-004  1.34e-003  9.23e-001  
4.55446e+016 1.15e-023  8.94e-003  6.89e-002  3.00e-004  1.71e-003  9.20e-001  
4.55658e+016 1.17e-023  9.37e-003  6.89e-002  3.14e-004  1.78e-003  9.20e-001  
4.55697e+016 1.18e-023  9.45e-003  6.85e-002  3.16e-004  1.79e-003  9.20e-001  
4.55761e+016 1.19e-023  9.70e-003  6.91e-002  3.26e-004  1.84e-003  9.19e-001  
4.55871e+016 1.21e-023  1.00e-002  6.90e-002  3.38e-004  1.90e-003  9.19e-001  
4.56066e+016 1.24e-023  1.06e-002  6.89e-002  3.56e-004  1.99e-003  9.18e-001  
4.56410e+016 1.30e-023  1.13e-002  6.88e-002  3.80e-004  2.11e-003  9.17e-001  
4.56849e+016 1.35e-023  1.20e-002  6.90e-002  4.08e-004  2.24e-003  9.16e-001  
4.57241e+016 1.40e-023  1.27e-002  6.93e-002  4.30e-004  2.35e-003  9.15e-001  
4.57850e+016 1.47e-023  1.37e-002  6.96e-002  4.66e-004  2.51e-003  9.14e-001  
4.58802e+016 1.58e-023  1.55e-002  6.96e-002  5.30e-004  2.79e-003  9.12e-001  
4.59720e+016 1.70e-023  1.73e-002  6.98e-002  5.92e-004  3.07e-003  9.09e-001  
4.59734e+016 1.70e-023  1.74e-002  6.98e-002  5.98e-004  3.07e-003  9.09e-001  
4.59759e+016 1.71e-023  1.75e-002  6.98e-002  5.98e-004  3.08e-003  9.09e-001  
4.59802e+016 1.72e-023  1.75e-002  6.99e-002  6.06e-004  3.10e-003  9.09e-001  
4.59873e+016 1.74e-023  1.77e-002  6.96e-002  6.10e-004  3.11e-003  9.09e-001  
4.59993e+016 1.76e-023  1.80e-002  6.98e-002  6.19e-004  3.17e-003  9.08e-001  
4.60196e+016 1.82e-023  1.83e-002  6.99e-002  6.33e-004  3.21e-003  9.08e-001  
4.60580e+016 1.90e-023  1.90e-002  7.01e-002  6.54e-004  3.31e-003  9.07e-001  
4.61139e+016 2.01e-023  1.98e-002  7.02e-002  6.87e-004  3.41e-003  9.06e-001  
4.61801e+016 2.13e-023  2.10e-002  7.03e-002  7.31e-004  3.58e-003  9.04e-001  
4.62829e+016 2.32e-023  2.43e-002  7.06e-002  8.53e-004  4.07e-003  9.00e-001  
4.63958e+016 2.58e-023  2.92e-002  7.05e-002  1.03e-003  4.80e-003  8.95e-001  
4.64165e+016 2.63e-023  3.02e-002  7.07e-002  1.07e-003  4.94e-003  8.93e-001  
4.64187e+016 2.63e-023  3.04e-002  7.07e-002  1.08e-003  4.98e-003  8.93e-001  
4.64224e+016 2.64e-023  3.09e-002  7.07e-002  1.09e-003  5.03e-003  8.92e-001  
4.64286e+016 2.67e-023  3.18e-002  7.08e-002  1.12e-003  5.20e-003  8.91e-001  
4.64396e+016 2.73e-023  3.32e-002  7.03e-002  1.18e-003  5.42e-003  8.90e-001  
4.64596e+016 2.82e-023  3.55e-002  7.03e-002  1.26e-003  5.78e-003  8.87e-001  
4.64933e+016 2.97e-023  3.88e-002  7.01e-002  1.38e-003  6.24e-003  8.83e-001  
4.65501e+016 3.18e-023  4.21e-002  7.01e-002  1.51e-003  6.72e-003  8.80e-001  
4.66259e+016 3.47e-023  4.52e-002  7.00e-002  1.62e-003  7.12e-003  8.76e-001  
4.67450e+016 3.94e-023  5.05e-002  7.02e-002  1.83e-003  7.78e-003  8.70e-001  
4.68726e+016 4.58e-023  5.79e-002  7.02e-002  2.11e-003  8.74e-003  8.61e-001  
4.69009e+016 4.74e-023  5.97e-002  7.01e-002  2.17e-003  8.97e-003  8.59e-001  
4.69024e+016 4.74e-023  5.99e-002  7.03e-002  2.19e-003  8.99e-003  8.59e-001  
4.69048e+016 4.75e-023  6.02e-002  7.03e-002  2.21e-003  9.03e-003  8.58e-001  
4.69090e+016 4.78e-023  6.07e-002  7.01e-002  2.22e-003  9.10e-003  8.58e-001  
4.69160e+016 4.84e-023  6.17e-002  7.00e-002  2.27e-003  9.27e-003  8.57e-001  
4.69279e+016 4.96e-023  6.39e-002  6.99e-002  2.34e-003  9.55e-003  8.54e-001  
4.69476e+016 5.16e-023  6.69e-002  6.96e-002  2.46e-003  9.96e-003  8.51e-001  
4.69806e+016 5.48e-023  7.10e-002  6.95e-002  2.63e-003  1.05e-002  8.46e-001  
4.70337e+016 5.99e-023  7.56e-002  6.93e-002  2.80e-003  1.11e-002  8.41e-001  
4.70622e+016 6.27e-023  7.72e-002  6.93e-002  2.87e-003  1.13e-002  8.39e-001  
4.71061e+016 6.68e-023  7.95e-002  6.93e-002  2.98e-003  1.15e-002  8.37e-001  
4.71746e+016 7.38e-023  8.24e-002  6.94e-002  3.10e-003  1.17e-002  8.33e-001  
4.72860e+016 8.69e-023  8.68e-002  6.96e-002  3.31e-003  1.17e-002  8.29e-001  
4.74240e+016 1.08e-022  9.25e-002  6.98e-002  3.59e-003  1.19e-002  8.22e-001  
4.74305e+016 1.09e-022  9.28e-002  6.98e-002  3.59e-003  1.20e-002  8.22e-001  
4.74313e+016 1.09e-022  9.27e-002  6.98e-002  3.60e-003  1.19e-002  8.22e-001  
4.74348e+016 1.10e-022  9.31e-002  6.98e-002  3.61e-003  1.20e-002  8.22e-001  
4.74406e+016 1.11e-022  9.31e-002  6.98e-002  3.62e-003  1.19e-002  8.22e-001  
4.74503e+016 1.13e-022  9.41e-002  6.97e-002  3.65e-003  1.20e-002  8.21e-001  
4.74676e+016 1.17e-022  9.61e-002  6.97e-002  3.71e-003  1.21e-002  8.18e-001  
4.74972e+016 1.24e-022  1.00e-001  6.96e-002  3.85e-003  1.24e-002  8.14e-001  
4.75283e+016 1.33e-022  1.03e-001  6.92e-002  3.94e-003  1.25e-002  8.11e-001  
4.75365e+016 1.35e-022  1.04e-001  6.96e-002  4.00e-003  1.26e-002  8.10e-001  
4.75556e+016 1.41e-022  1.06e-001  6.91e-002  4.03e-003  1.26e-002  8.09e-001  
4.75856e+016 1.50e-022  1.08e-001  6.87e-002  4.09e-003  1.27e-002  8.07e-001  
4.76342e+016 1.64e-022  1.11e-001  6.93e-002  4.20e-003  1.26e-002  8.03e-001  
4.77120e+016 1.90e-022  1.15e-001  6.94e-002  4.28e-003  1.25e-002  7.99e-001  
4.78339e+016 2.38e-022  1.20e-001  6.97e-002  4.37e-003  1.20e-002  7.94e-001  
4.79819e+016 3.15e-022  1.24e-001  7.01e-002  4.44e-003  1.16e-002  7.90e-001  
4.80101e+016 3.33e-022  1.25e-001  7.02e-002  4.44e-003  1.16e-002  7.89e-001  
4.80156e+016 3.37e-022  1.25e-001  7.00e-002  4.45e-003  1.15e-002  7.89e-001  
4.80288e+016 3.46e-022  1.25e-001  7.02e-002  4.45e-003  1.15e-002  7.89e-001  
4.80511e+016 3.61e-022  1.25e-001  7.03e-002  4.45e-003  1.15e-002  7.88e-001  
4.80875e+016 3.88e-022  1.26e-001  7.03e-002  4.45e-003  1.14e-002  7.88e-001  
4.81463e+016 4.37e-022  1.27e-001  7.06e-002  4.46e-003  1.12e-002  7.87e-001  
4.82445e+016 5.35e-022  1.28e-001  7.11e-002  4.43e-003  1.10e-002  7.85e-001  
4.83636e+016 6.83e-022  1.28e-001  7.18e-002  4.37e-003  1.05e-002  7.85e-001  
4.84912e+016 8.89e-022  1.27e-001  7.25e-002  4.25e-003  9.98e-003  7.86e-001  
4.86294e+016 1.19e-021  1.24e-001  7.36e-002  4.10e-003  9.36e-003  7.89e-001  
4.87591e+016 1.55e-021  1.21e-001  7.47e-002  3.94e-003  8.69e-003  7.92e-001  
4.88968e+016 2.08e-021  1.15e-001  7.59e-002  3.74e-003  8.02e-003  7.97e-001  
4.90444e+016 2.83e-021  1.10e-001  7.80e-002  3.56e-003  7.37e-003  8.01e-001  
4.91980e+016 3.89e-021  1.05e-001  7.97e-002  3.37e-003  6.79e-003  8.05e-001  
4.93317e+016 5.10e-021  1.01e-001  8.14e-002  3.27e-003  6.37e-003  8.08e-001  
4.94239e+016 6.15e-021  9.96e-002  8.23e-002  3.21e-003  6.13e-003  8.09e-001  
4.95192e+016 7.42e-021  9.88e-002  8.34e-002  3.19e-003  5.97e-003  8.09e-001  
4.96202e+016 9.02e-021  9.92e-002  8.46e-002  3.22e-003  5.88e-003  8.07e-001  
4.97297e+016 1.11e-020  1.02e-001  8.55e-002  3.30e-003  5.88e-003  8.04e-001  
4.98461e+016 1.38e-020  1.06e-001  8.64e-002  3.45e-003  6.02e-003  7.98e-001  
4.99670e+016 1.70e-020  1.15e-001  8.70e-002  3.76e-003  6.41e-003  7.88e-001  
5.00936e+016 2.12e-020  1.27e-001  8.73e-002  4.21e-003  6.99e-003  7.74e-001  
5.02240e+016 2.62e-020  1.47e-001  8.58e-002  4.88e-003  7.89e-003  7.55e-001  
5.03584e+016 3.24e-020  1.75e-001  8.15e-002  5.87e-003  9.17e-003  7.29e-001  
5.05026e+016 4.03e-020  2.15e-001  7.62e-002  7.30e-003  1.11e-002  6.90e-001  
5.05959e+016 4.65e-020  2.50e-001  7.28e-002  8.44e-003  1.26e-002  6.57e-001  
5.06957e+016 5.42e-020  2.91e-001  6.82e-002  9.83e-003  1.44e-002  6.16e-001  
5.07988e+016 6.37e-020  3.41e-001  6.32e-002  1.15e-002  1.66e-002  5.68e-001  
5.09058e+016 7.58e-020  3.98e-001  5.75e-002  1.35e-002  1.91e-002  5.12e-001  
5.10237e+016 9.26e-020  4.67e-001  5.05e-002  1.57e-002  2.20e-002  4.45e-001  
5.11496e+016 1.16e-019  5.44e-001  4.25e-002  1.82e-002  2.51e-002  3.71e-001  
5.12843e+016 1.51e-019  6.24e-001  3.41e-002  2.08e-002  2.84e-002  2.93e-001  
5.14296e+016 2.04e-019  7.02e-001  2.59e-002  2.34e-002  3.15e-002  2.17e-001  
5.15425e+016 2.63e-019  7.54e-001  2.04e-002  2.51e-002  3.34e-002  1.67e-001  
5.16792e+016 3.63e-019  8.05e-001  1.50e-002  2.66e-002  3.50e-002  1.18e-001  
5.18319e+016 5.25e-019  8.46e-001  1.07e-002  2.78e-002  3.62e-002  7.98e-002  
5.19950e+016 7.87e-019  8.75e-001  7.58e-003  2.87e-002  3.67e-002  5.23e-002  
5.21655e+016 1.21e-018  8.94e-001  5.48e-003  2.92e-002  3.67e-002  3.43e-002  
5.23457e+016 1.88e-018  9.07e-001  4.12e-003  2.95e-002  3.62e-002  2.30e-002  
5.25384e+016 2.99e-018  9.16e-001  3.24e-003  2.98e-002  3.54e-002  1.58e-002  
5.27451e+016 4.79e-018  9.21e-001  2.67e-003  3.01e-002  3.47e-002  1.13e-002  
5.29668e+016 7.76e-018  9.26e-001  2.27e-003  3.02e-002  3.38e-002  8.29e-003  
5.31993e+016 1.25e-017  9.29e-001  1.98e-003  3.02e-002  3.27e-002  6.22e-003  
5.34440e+016 1.99e-017  9.31e-001  1.79e-003  3.05e-002  3.18e-002  4.78e-003  
5.36995e+016 3.14e-017  9.33e-001  1.63e-003  3.06e-002  3.07e-002  3.70e-003  
5.39765e+016 4.96e-017  9.35e-001  1.52e-003  3.08e-002  2.96e-002  2.88e-003  
5.42627e+016 7.71e-017  9.37e-001  1.44e-003  3.10e-002  2.87e-002  2.27e-003  
5.45738e+016 1.19e-016  9.38e-001  1.38e-003  3.13e-002  2.78e-002  1.79e-003  
5.49079e+016 1.85e-016  9.39e-001  1.33e-003  3.15e-002  2.67e-002  1.42e-003  
5.52575e+016 2.82e-016  9.40e-001  1.30e-003  3.17e-002  2.58e-002  1.13e-003  
5.56155e+016 4.17e-016  9.41e-001  1.28e-003  3.22e-002  2.50e-002  9.17e-004  
5.59918e+016 6.08e-016  9.41e-001  1.27e-003  3.24e-002  2.42e-002  7.47e-004  
5.63913e+016 8.74e-016  9.42e-001  1.27e-003  3.28e-002  2.36e-002  6.16e-004  
5.68226e+016 1.24e-015  9.42e-001  1.29e-003  3.35e-002  2.29e-002  5.11e-004  
5.72780e+016 1.75e-015  9.42e-001  1.30e-003  3.38e-002  2.22e-002  4.25e-004  
5.77650e+016 2.42e-015  9.42e-001  1.32e-003  3.45e-002  2.17e-002  3.58e-004  
5.82707e+016 3.27e-015  9.42e-001  1.35e-003  3.52e-002  2.12e-002  3.06e-004  
5.88124e+016 4.35e-015  9.42e-001  1.39e-003  3.61e-002  2.07e-002  2.62e-004  
5.93801e+016 5.67e-015  9.41e-001  1.43e-003  3.68e-002  2.03e-002  2.27e-004  
5.99878e+016 7.30e-015  9.41e-001  1.48e-003  3.78e-002  2.00e-002  2.23e-004  
6.06254e+016 9.20e-015  9.40e-001  1.53e-003  3.88e-002  1.97e-002  2.30e-004  
6.12860e+016 1.14e-014  9.39e-001  1.84e-003  3.97e-002  1.94e-002  2.39e-004  
6.19772e+016 1.38e-014  9.37e-001  2.51e-003  4.10e-002  1.92e-002  2.52e-004  
6.27006e+016 1.65e-014  9.35e-001  3.41e-003  4.21e-002  1.91e-002  2.66e-004  
6.34752e+016 1.95e-014  9.33e-001  4.67e-003  4.32e-002  1.91e-002  2.83e-004  
6.43223e+016 2.29e-014  9.30e-001  6.51e-003  4.41e-002  1.90e-002  3.04e-004  
6.52408e+016 2.67e-014  9.26e-001  9.11e-003  4.54e-002  1.90e-002  3.28e-004  
6.62440e+016 3.08e-014  9.21e-001  1.29e-002  4.64e-002  1.91e-002  3.57e-004  
6.73219e+016 3.53e-014  9.15e-001  1.81e-002  4.73e-002  1.92e-002  3.85e-004  
6.84641e+016 3.99e-014  9.07e-001  2.53e-002  4.83e-002  1.94e-002  4.18e-004  
6.96945e+016 4.48e-014  8.96e-001  3.48e-002  4.88e-002  1.96e-002  4.50e-004  
7.10391e+016 5.01e-014  8.83e-001  4.69e-002  4.95e-002  1.97e-002  4.83e-004  
7.25155e+016 5.56e-014  8.68e-001  6.18e-002  4.98e-002  1.99e-002  5.12e-004  
7.42223e+016 6.18e-014  8.50e-001  7.98e-002  4.97e-002  2.02e-002  5.37e-004  
7.63108e+016 6.84e-014  8.29e-001  1.01e-001  4.98e-002  2.05e-002  5.57e-004  
7.86896e+016 7.48e-014  8.09e-001  1.19e-001  4.99e-002  2.07e-002  5.69e-004  
8.18150e+016 8.07e-014  7.93e-001  1.35e-001  5.03e-002  2.13e-002  5.71e-004  
8.55776e+016 8.47e-014  7.85e-001  1.42e-001  5.12e-002  2.19e-002  5.62e-004  
9.00548e+016 8.57e-014  7.88e-001  1.35e-001  5.30e-002  2.30e-002  5.42e-004  
9.53916e+016 8.34e-014  8.01e-001  1.18e-001  5.54e-002  2.44e-002  5.09e-004  
1.01535e+017 7.82e-014  8.23e-001  9.30e-002  5.81e-002  2.58e-002  4.61e-004  
1.09249e+017 6.99e-014  8.50e-001  6.15e-002  6.07e-002  2.76e-002  3.88e-004  
1.19176e+017 5.80e-014  8.77e-001  3.14e-002  6.22e-002  2.91e-002  2.91e-004  
1.32448e+017 4.07e-014  8.99e-001  1.07e-002  5.99e-002  3.00e-002  1.77e-004  
