! 0       C2H4 + H3O+ -> C2H5OH2+
! 1       C2H5OH + H3O+ -> H2O + C2H5OH2+
! 2       C2H5OH + HCO+ -> CO + C2H5OH2+
! 3       C2H5OH + HCS+ -> CS + C2H5OH2+
!            tot_rate   0          1          2          3          
1.58188e+013 2.47e-019  9.92e-001  2.55e-003  5.91e-003  4.86e-007  
3.50727e+014 2.47e-019  9.92e-001  2.55e-003  5.91e-003  4.86e-007  
5.21628e+015 2.44e-019  9.91e-001  2.58e-003  5.98e-003  4.92e-007  
2.67137e+016 3.70e-021  7.62e-001  7.46e-002  1.63e-001  8.14e-006  
3.33598e+016 3.50e-022  1.41e-001  2.42e-001  6.17e-001  1.77e-005  
3.42055e+016 2.88e-022  1.80e-001  2.26e-001  5.94e-001  1.55e-005  
3.44017e+016 2.74e-022  1.92e-001  2.22e-001  5.87e-001  1.50e-005  
3.46353e+016 2.57e-022  2.08e-001  2.17e-001  5.75e-001  1.43e-005  
3.48860e+016 2.41e-022  2.26e-001  2.10e-001  5.64e-001  1.36e-005  
3.51370e+016 2.25e-022  2.49e-001  2.03e-001  5.48e-001  1.31e-005  
3.53250e+016 2.13e-022  2.67e-001  1.97e-001  5.36e-001  1.32e-005  
3.55515e+016 1.99e-022  2.93e-001  1.89e-001  5.18e-001  1.50e-005  
3.57182e+016 1.89e-022  3.14e-001  1.83e-001  5.03e-001  1.79e-005  
3.58524e+016 1.81e-022  3.34e-001  1.77e-001  4.90e-001  2.07e-005  
3.60047e+016 1.73e-022  3.57e-001  1.70e-001  4.73e-001  2.36e-005  
3.61718e+016 1.64e-022  3.86e-001  1.61e-001  4.52e-001  2.60e-005  
3.62899e+016 1.59e-022  4.09e-001  1.55e-001  4.35e-001  2.74e-005  
3.63893e+016 1.54e-022  4.30e-001  1.50e-001  4.20e-001  3.07e-005  
3.64972e+016 1.55e-022  4.41e-001  1.39e-001  4.20e-001  3.35e-005  
3.66124e+016 1.59e-022  4.44e-001  1.33e-001  4.23e-001  3.58e-005  
3.67348e+016 1.65e-022  4.44e-001  1.33e-001  4.24e-001  3.79e-005  
3.68621e+016 1.73e-022  4.43e-001  1.33e-001  4.24e-001  3.99e-005  
3.69700e+016 1.82e-022  4.43e-001  1.33e-001  4.24e-001  4.16e-005  
3.70376e+016 1.88e-022  4.42e-001  1.33e-001  4.25e-001  4.25e-005  
3.71087e+016 1.96e-022  4.41e-001  1.33e-001  4.26e-001  4.35e-005  
3.71826e+016 2.07e-022  4.39e-001  1.33e-001  4.28e-001  4.44e-005  
3.72589e+016 2.20e-022  4.35e-001  1.34e-001  4.31e-001  4.54e-005  
3.73370e+016 2.38e-022  4.28e-001  1.35e-001  4.37e-001  4.66e-005  
3.74165e+016 2.65e-022  4.16e-001  1.38e-001  4.46e-001  4.76e-005  
3.74829e+016 2.95e-022  4.00e-001  1.43e-001  4.57e-001  4.91e-005  
3.75505e+016 3.46e-022  3.76e-001  1.50e-001  4.74e-001  5.06e-005  
3.76194e+016 4.26e-022  3.41e-001  1.64e-001  4.96e-001  5.31e-005  
3.76839e+016 5.53e-022  2.98e-001  1.83e-001  5.19e-001  5.57e-005  
3.76854e+016 5.57e-022  2.98e-001  1.83e-001  5.19e-001  5.57e-005  
3.76877e+016 5.63e-022  2.97e-001  1.83e-001  5.20e-001  5.58e-005  
3.76917e+016 5.74e-022  2.93e-001  1.85e-001  5.23e-001  5.59e-005  
3.76980e+016 5.93e-022  2.88e-001  1.87e-001  5.24e-001  5.62e-005  
3.77083e+016 6.24e-022  2.80e-001  1.91e-001  5.29e-001  5.69e-005  
3.77248e+016 6.85e-022  2.64e-001  1.99e-001  5.37e-001  5.78e-005  
3.77450e+016 7.83e-022  2.43e-001  2.08e-001  5.49e-001  5.91e-005  
3.77655e+016 9.42e-022  2.12e-001  2.22e-001  5.66e-001  6.10e-005  
3.77936e+016 1.03e-021  2.10e-001  2.30e-001  5.60e-001  6.07e-005  
3.78016e+016 1.04e-021  2.11e-001  2.31e-001  5.58e-001  6.05e-005  
3.78111e+016 1.05e-021  2.13e-001  2.33e-001  5.54e-001  6.01e-005  
3.78273e+016 1.08e-021  2.15e-001  2.36e-001  5.49e-001  5.97e-005  
3.78530e+016 1.12e-021  2.20e-001  2.41e-001  5.39e-001  5.90e-005  
3.78818e+016 1.16e-021  2.25e-001  2.45e-001  5.30e-001  5.81e-005  
3.79076e+016 1.20e-021  2.29e-001  2.49e-001  5.22e-001  5.73e-005  
3.79253e+016 1.23e-021  2.32e-001  2.52e-001  5.16e-001  5.68e-005  
3.79502e+016 1.27e-021  2.37e-001  2.56e-001  5.08e-001  5.60e-005  
3.79755e+016 1.31e-021  2.41e-001  2.59e-001  5.00e-001  5.52e-005  
3.79897e+016 1.33e-021  2.43e-001  2.61e-001  4.96e-001  5.49e-005  
3.79918e+016 1.34e-021  2.43e-001  2.61e-001  4.95e-001  5.48e-005  
3.79956e+016 1.34e-021  2.44e-001  2.62e-001  4.94e-001  5.46e-005  
3.80017e+016 1.35e-021  2.45e-001  2.63e-001  4.92e-001  5.44e-005  
3.80129e+016 1.37e-021  2.47e-001  2.64e-001  4.89e-001  5.41e-005  
3.80319e+016 1.40e-021  2.50e-001  2.67e-001  4.83e-001  5.34e-005  
3.80578e+016 1.44e-021  2.56e-001  2.70e-001  4.74e-001  5.25e-005  
3.80629e+016 1.44e-021  2.57e-001  2.70e-001  4.72e-001  5.24e-005  
3.80713e+016 1.45e-021  2.59e-001  2.72e-001  4.69e-001  5.20e-005  
3.80859e+016 1.47e-021  2.63e-001  2.73e-001  4.64e-001  5.14e-005  
3.81083e+016 1.49e-021  2.71e-001  2.74e-001  4.55e-001  5.04e-005  
3.81265e+016 1.49e-021  2.80e-001  2.75e-001  4.45e-001  4.93e-005  
3.81480e+016 1.46e-021  2.95e-001  2.73e-001  4.32e-001  4.77e-005  
3.81769e+016 1.39e-021  3.25e-001  2.67e-001  4.07e-001  4.49e-005  
3.81836e+016 1.36e-021  3.35e-001  2.64e-001  4.01e-001  4.41e-005  
3.81952e+016 1.31e-021  3.53e-001  2.60e-001  3.88e-001  4.26e-005  
3.82149e+016 1.20e-021  3.90e-001  2.48e-001  3.62e-001  3.96e-005  
3.82433e+016 9.75e-022  4.48e-001  2.29e-001  3.23e-001  3.51e-005  
3.82740e+016 6.38e-022  4.66e-001  2.27e-001  3.07e-001  3.29e-005  
3.83054e+016 2.55e-022  2.72e-001  3.17e-001  4.11e-001  4.35e-005  
3.83376e+016 9.13e-023  1.54e-002  4.38e-001  5.46e-001  5.64e-005  
3.83751e+016 3.73e-023  7.99e-003  4.53e-001  5.39e-001  5.36e-005  
3.84132e+016 1.99e-023  6.58e-003  4.66e-001  5.27e-001  5.02e-005  
3.84531e+016 2.11e-023  2.74e-003  4.80e-001  5.18e-001  4.65e-005  
3.84962e+016 3.33e-023  9.00e-004  4.95e-001  5.04e-001  4.23e-005  
3.85449e+016 4.85e-023  3.65e-004  5.11e-001  4.88e-001  3.77e-005  
3.85990e+016 4.61e-023  2.36e-004  5.29e-001  4.71e-001  3.32e-005  
3.86597e+016 2.29e-023  3.28e-004  5.50e-001  4.50e-001  2.82e-005  
3.87288e+016 5.80e-024  1.13e-003  5.71e-001  4.28e-001  2.35e-005  
3.88139e+016 7.43e-025  8.29e-003  5.93e-001  3.98e-001  1.83e-005  
3.89093e+016 7.06e-026  7.44e-002  5.81e-001  3.44e-001  1.33e-005  
3.90068e+016 2.77e-026  1.42e-001  5.64e-001  2.94e-001  1.03e-005  
3.91088e+016 4.93e-026  5.42e-002  6.47e-001  2.98e-001  1.14e-005  
3.92181e+016 8.99e-026  1.91e-002  6.99e-001  2.81e-001  1.55e-005  
3.93325e+016 1.40e-025  7.91e-003  7.34e-001  2.58e-001  2.35e-005  
3.94519e+016 1.92e-025  3.85e-003  7.62e-001  2.34e-001  3.52e-005  
3.95803e+016 2.33e-025  2.22e-003  7.85e-001  2.13e-001  5.02e-005  
3.97190e+016 2.60e-025  1.51e-003  8.04e-001  1.95e-001  6.65e-005  
3.98699e+016 2.69e-025  1.21e-003  8.17e-001  1.82e-001  8.17e-005  
4.00514e+016 2.63e-025  1.12e-003  8.24e-001  1.74e-001  9.27e-005  
4.02549e+016 2.45e-025  1.24e-003  8.23e-001  1.76e-001  9.45e-005  
4.04761e+016 2.24e-025  1.57e-003  8.13e-001  1.85e-001  8.49e-005  
4.07070e+016 2.03e-025  2.21e-003  7.99e-001  1.98e-001  6.76e-005  
4.09451e+016 1.87e-025  3.34e-003  7.86e-001  2.11e-001  4.79e-005  
4.11988e+016 1.73e-025  5.56e-003  7.75e-001  2.20e-001  3.02e-005  
4.14624e+016 1.57e-025  1.01e-002  7.66e-001  2.24e-001  1.76e-005  
4.17462e+016 1.35e-025  2.07e-002  7.57e-001  2.23e-001  9.57e-006  
4.20512e+016 1.02e-025  4.97e-002  7.37e-001  2.13e-001  5.04e-006  
4.23867e+016 5.95e-026  1.58e-001  6.59e-001  1.83e-001  2.56e-006  
4.27356e+016 3.20e-026  5.34e-001  3.68e-001  9.80e-002  9.49e-007  
4.30994e+016 3.54e-026  9.35e-001  5.17e-002  1.32e-002  1.06e-007  
4.34671e+016 7.63e-026  9.98e-001  1.69e-003  4.14e-004  3.19e-009  
4.38104e+016 2.12e-025  1.00e+000  2.83e-005  6.70e-006  5.85e-011  
4.41007e+016 6.22e-025  1.00e+000  6.29e-007  1.44e-007  1.52e-012  
4.42181e+016 8.84e-025  1.00e+000  1.80e-007  4.05e-008  4.66e-013  
4.42811e+016 1.13e-024  1.00e+000  1.04e-007  2.32e-008  2.82e-013  
4.43809e+016 1.40e-024  1.00e+000  7.64e-008  1.69e-008  2.26e-013  
4.45030e+016 1.98e-024  1.00e+000  5.10e-008  1.12e-008  1.65e-013  
4.45401e+016 2.67e-024  1.00e+000  4.23e-008  9.21e-009  1.41e-013  
4.45998e+016 3.35e-024  1.00e+000  4.63e-008  1.01e-008  1.67e-013  
4.46779e+016 3.77e-024  1.00e+000  4.91e-008  1.06e-008  1.91e-013  
4.48006e+016 5.46e-024  1.00e+000  4.80e-008  1.02e-008  2.05e-013  
4.48529e+016 8.91e-024  1.00e+000  3.82e-008  8.06e-009  1.71e-013  
4.48834e+016 1.13e-023  1.00e+000  4.49e-008  9.47e-009  2.12e-013  
4.49346e+016 1.17e-023  1.00e+000  5.72e-008  1.20e-008  2.95e-013  
4.49870e+016 1.24e-023  1.00e+000  6.02e-008  1.25e-008  3.29e-013  
4.50684e+016 1.55e-023  1.00e+000  5.99e-008  1.24e-008  3.49e-013  
4.51867e+016 2.40e-023  1.00e+000  6.37e-008  1.30e-008  4.11e-013  
4.51946e+016 2.76e-023  1.00e+000  6.12e-008  1.25e-008  3.99e-013  
4.52061e+016 3.56e-023  1.00e+000  5.84e-008  1.19e-008  3.88e-013  
4.52265e+016 4.46e-023  1.00e+000  6.01e-008  1.22e-008  4.15e-013  
4.52632e+016 5.16e-023  1.00e+000  7.34e-008  1.48e-008  5.48e-013  
4.53239e+016 5.56e-023  1.00e+000  8.87e-008  1.77e-008  7.25e-013  
4.54167e+016 6.79e-023  1.00e+000  9.38e-008  1.84e-008  8.28e-013  
4.55446e+016 1.05e-022  1.00e+000  1.08e-007  2.07e-008  1.06e-012  
4.55658e+016 1.14e-022  1.00e+000  1.11e-007  2.11e-008  1.11e-012  
4.55697e+016 1.17e-022  1.00e+000  1.18e-007  2.26e-008  1.19e-012  
4.55761e+016 1.22e-022  1.00e+000  1.39e-007  2.65e-008  1.41e-012  
4.55871e+016 1.32e-022  1.00e+000  1.45e-007  2.76e-008  1.50e-012  
4.56066e+016 1.49e-022  1.00e+000  1.48e-007  2.82e-008  1.60e-012  
4.56410e+016 1.77e-022  1.00e+000  1.52e-007  2.88e-008  1.77e-012  
4.56849e+016 2.11e-022  1.00e+000  1.59e-007  2.99e-008  1.99e-012  
4.57241e+016 2.40e-022  1.00e+000  1.66e-007  3.10e-008  2.18e-012  
4.57850e+016 2.85e-022  1.00e+000  1.82e-007  3.36e-008  2.52e-012  
4.58802e+016 3.64e-022  1.00e+000  2.18e-007  3.96e-008  3.24e-012  
4.59720e+016 4.53e-022  1.00e+000  2.67e-007  4.79e-008  4.28e-012  
4.59734e+016 4.54e-022  1.00e+000  2.89e-007  5.18e-008  4.65e-012  
4.59759e+016 4.56e-022  1.00e+000  2.59e-007  4.63e-008  4.19e-012  
4.59802e+016 4.60e-022  1.00e+000  2.87e-007  5.11e-008  4.63e-012  
4.59873e+016 4.67e-022  1.00e+000  3.21e-007  5.72e-008  5.25e-012  
4.59993e+016 4.80e-022  1.00e+000  3.69e-007  6.56e-008  6.15e-012  
4.60196e+016 5.01e-022  1.00e+000  4.27e-007  7.58e-008  7.41e-012  
4.60580e+016 5.42e-022  1.00e+000  4.87e-007  8.58e-008  9.08e-012  
4.61139e+016 6.05e-022  1.00e+000  5.21e-007  9.07e-008  1.05e-011  
4.61801e+016 6.83e-022  1.00e+000  5.55e-007  9.56e-008  1.19e-011  
4.62829e+016 8.12e-022  1.00e+000  6.71e-007  1.14e-007  1.53e-011  
4.63958e+016 9.59e-022  1.00e+000  9.00e-007  1.49e-007  2.21e-011  
4.64165e+016 9.87e-022  1.00e+000  9.54e-007  1.58e-007  2.37e-011  
4.64187e+016 9.88e-022  1.00e+000  9.67e-007  1.60e-007  2.41e-011  
4.64224e+016 9.92e-022  1.00e+000  9.33e-007  1.54e-007  2.33e-011  
4.64286e+016 9.98e-022  1.00e+000  9.67e-007  1.59e-007  2.42e-011  
4.64396e+016 1.01e-021  1.00e+000  1.07e-006  1.76e-007  2.72e-011  
4.64596e+016 1.03e-021  1.00e+000  1.25e-006  2.06e-007  3.27e-011  
4.64933e+016 1.07e-021  1.00e+000  1.53e-006  2.50e-007  4.17e-011  
4.65501e+016 1.15e-021  1.00e+000  1.89e-006  3.04e-007  5.49e-011  
4.66259e+016 1.25e-021  1.00e+000  2.29e-006  3.63e-007  6.99e-011  
4.67450e+016 1.41e-021  1.00e+000  2.96e-006  4.61e-007  9.50e-011  
4.68726e+016 1.60e-021  1.00e+000  3.92e-006  5.98e-007  1.32e-010  
4.69009e+016 1.64e-021  1.00e+000  4.18e-006  6.34e-007  1.42e-010  
4.69024e+016 1.64e-021  1.00e+000  4.18e-006  6.34e-007  1.42e-010  
4.69048e+016 1.64e-021  1.00e+000  4.21e-006  6.40e-007  1.43e-010  
4.69090e+016 1.64e-021  1.00e+000  4.27e-006  6.46e-007  1.46e-010  
4.69160e+016 1.65e-021  1.00e+000  4.36e-006  6.61e-007  1.49e-010  
4.69279e+016 1.67e-021  1.00e+000  4.54e-006  6.89e-007  1.57e-010  
4.69476e+016 1.69e-021  1.00e+000  4.84e-006  7.28e-007  1.69e-010  
4.69806e+016 1.74e-021  1.00e+000  5.29e-006  7.93e-007  1.89e-010  
4.70337e+016 1.81e-021  1.00e+000  6.13e-006  9.12e-007  2.27e-010  
4.70622e+016 1.85e-021  1.00e+000  6.54e-006  9.68e-007  2.44e-010  
4.71061e+016 1.91e-021  1.00e+000  7.17e-006  1.05e-006  2.71e-010  
4.71746e+016 2.02e-021  1.00e+000  8.07e-006  1.16e-006  3.11e-010  
4.72860e+016 2.19e-021  1.00e+000  9.77e-006  1.34e-006  3.81e-010  
4.74240e+016 2.41e-021  1.00e+000  1.20e-005  1.56e-006  4.77e-010  
4.74305e+016 2.42e-021  1.00e+000  1.21e-005  1.57e-006  4.79e-010  
4.74313e+016 2.43e-021  1.00e+000  1.21e-005  1.57e-006  4.77e-010  
4.74348e+016 2.43e-021  1.00e+000  1.21e-005  1.58e-006  4.81e-010  
4.74406e+016 2.44e-021  1.00e+000  1.23e-005  1.59e-006  4.88e-010  
4.74503e+016 2.45e-021  1.00e+000  1.24e-005  1.60e-006  4.94e-010  
4.74676e+016 2.48e-021  1.00e+000  1.31e-005  1.67e-006  5.20e-010  
4.74972e+016 2.52e-021  1.00e+000  1.35e-005  1.69e-006  5.36e-010  
4.75283e+016 2.56e-021  1.00e+000  1.43e-005  1.75e-006  5.62e-010  
4.75365e+016 2.58e-021  1.00e+000  1.44e-005  1.76e-006  5.66e-010  
4.75556e+016 2.61e-021  1.00e+000  1.48e-005  1.79e-006  5.82e-010  
4.75856e+016 2.65e-021  1.00e+000  1.56e-005  1.85e-006  6.11e-010  
4.76342e+016 2.73e-021  1.00e+000  1.68e-005  1.93e-006  6.52e-010  
4.77120e+016 2.86e-021  1.00e+000  1.88e-005  2.05e-006  7.13e-010  
4.78339e+016 3.06e-021  1.00e+000  2.23e-005  2.25e-006  8.17e-010  
4.79819e+016 3.31e-021  1.00e+000  2.69e-005  2.55e-006  9.52e-010  
4.80101e+016 3.36e-021  1.00e+000  2.79e-005  2.62e-006  9.79e-010  
4.80156e+016 3.36e-021  1.00e+000  2.82e-005  2.64e-006  9.85e-010  
4.80288e+016 3.39e-021  1.00e+000  2.86e-005  2.66e-006  9.97e-010  
4.80511e+016 3.42e-021  1.00e+000  2.95e-005  2.72e-006  1.02e-009  
4.80875e+016 3.49e-021  1.00e+000  3.07e-005  2.80e-006  1.05e-009  
4.81463e+016 3.59e-021  1.00e+000  3.29e-005  2.95e-006  1.11e-009  
4.82445e+016 3.76e-021  1.00e+000  3.70e-005  3.19e-006  1.21e-009  
4.83636e+016 3.97e-021  1.00e+000  4.23e-005  3.50e-006  1.38e-009  
4.84912e+016 4.21e-021  1.00e+000  4.85e-005  3.85e-006  1.57e-009  
4.86294e+016 4.47e-021  1.00e+000  5.59e-005  4.25e-006  1.82e-009  
4.87591e+016 4.72e-021  1.00e+000  6.38e-005  4.64e-006  2.07e-009  
4.88968e+016 4.97e-021  1.00e+000  7.26e-005  5.09e-006  2.37e-009  
4.90444e+016 5.22e-021  1.00e+000  8.26e-005  5.59e-006  2.74e-009  
4.91980e+016 5.49e-021  1.00e+000  9.34e-005  6.10e-006  3.13e-009  
4.93317e+016 5.72e-021  1.00e+000  1.03e-004  6.56e-006  3.53e-009  
4.94239e+016 5.88e-021  1.00e+000  1.10e-004  6.87e-006  3.81e-009  
4.95192e+016 6.05e-021  1.00e+000  1.18e-004  7.17e-006  4.10e-009  
4.96202e+016 6.22e-021  1.00e+000  1.26e-004  7.51e-006  4.44e-009  
4.97297e+016 6.41e-021  1.00e+000  1.34e-004  7.86e-006  4.80e-009  
4.98461e+016 6.62e-021  1.00e+000  1.43e-004  8.23e-006  5.20e-009  
4.99670e+016 6.82e-021  1.00e+000  1.52e-004  8.62e-006  5.63e-009  
5.00936e+016 7.03e-021  1.00e+000  1.64e-004  9.02e-006  6.09e-009  
5.02240e+016 7.25e-021  1.00e+000  1.74e-004  9.38e-006  6.37e-009  
5.03584e+016 7.46e-021  1.00e+000  1.84e-004  9.76e-006  6.42e-009  
5.05026e+016 7.70e-021  1.00e+000  1.95e-004  1.01e-005  6.38e-009  
5.05959e+016 7.90e-021  1.00e+000  2.02e-004  1.03e-005  6.40e-009  
5.06957e+016 8.12e-021  1.00e+000  2.11e-004  1.06e-005  6.38e-009  
5.07988e+016 8.34e-021  1.00e+000  2.19e-004  1.08e-005  6.34e-009  
5.09058e+016 8.59e-021  1.00e+000  2.29e-004  1.11e-005  6.26e-009  
5.10237e+016 8.85e-021  1.00e+000  2.41e-004  1.14e-005  6.12e-009  
5.11496e+016 9.13e-021  1.00e+000  2.53e-004  1.18e-005  5.95e-009  
5.12843e+016 9.43e-021  1.00e+000  2.68e-004  1.23e-005  5.68e-009  
5.14296e+016 9.73e-021  1.00e+000  2.85e-004  1.28e-005  5.37e-009  
5.15425e+016 9.97e-021  1.00e+000  2.99e-004  1.33e-005  5.12e-009  
5.16792e+016 1.02e-020  1.00e+000  3.19e-004  1.40e-005  4.84e-009  
5.18319e+016 1.05e-020  1.00e+000  3.40e-004  1.47e-005  4.56e-009  
5.19950e+016 1.08e-020  1.00e+000  3.65e-004  1.55e-005  4.34e-009  
5.21655e+016 1.11e-020  1.00e+000  3.93e-004  1.63e-005  4.23e-009  
5.23457e+016 1.13e-020  1.00e+000  4.27e-004  1.72e-005  4.28e-009  
5.25384e+016 1.16e-020  1.00e+000  4.63e-004  1.82e-005  4.42e-009  
5.27451e+016 1.18e-020  9.99e-001  5.08e-004  1.93e-005  4.70e-009  
5.29668e+016 1.21e-020  9.99e-001  5.55e-004  2.05e-005  5.06e-009  
5.31993e+016 1.24e-020  9.99e-001  6.08e-004  2.17e-005  5.50e-009  
5.34440e+016 1.27e-020  9.99e-001  6.69e-004  2.30e-005  6.06e-009  
5.36995e+016 1.30e-020  9.99e-001  7.35e-004  2.44e-005  6.68e-009  
5.39765e+016 1.34e-020  9.99e-001  8.05e-004  2.59e-005  7.40e-009  
5.42627e+016 1.38e-020  9.99e-001  8.90e-004  2.74e-005  8.25e-009  
5.45738e+016 1.42e-020  9.99e-001  9.78e-004  2.93e-005  9.29e-009  
5.49079e+016 1.46e-020  9.99e-001  1.09e-003  3.13e-005  1.05e-008  
5.52575e+016 1.51e-020  9.99e-001  1.20e-003  3.34e-005  1.19e-008  
5.56155e+016 1.56e-020  9.99e-001  1.33e-003  3.57e-005  1.34e-008  
5.59918e+016 1.61e-020  9.98e-001  1.47e-003  3.83e-005  1.53e-008  
5.63913e+016 1.66e-020  9.98e-001  1.63e-003  4.11e-005  1.75e-008  
5.68226e+016 1.71e-020  9.98e-001  1.82e-003  4.46e-005  2.02e-008  
5.72780e+016 1.76e-020  9.98e-001  2.03e-003  4.84e-005  2.34e-008  
5.77650e+016 1.82e-020  9.98e-001  2.26e-003  5.25e-005  2.71e-008  
5.82707e+016 1.87e-020  9.97e-001  2.52e-003  5.71e-005  3.15e-008  
5.88124e+016 1.93e-020  9.97e-001  2.83e-003  6.28e-005  3.68e-008  
5.93801e+016 1.97e-020  9.97e-001  3.18e-003  6.92e-005  4.31e-008  
5.99878e+016 2.35e-020  9.97e-001  3.08e-003  6.60e-005  4.35e-008  
6.06254e+016 3.73e-020  9.98e-001  2.36e-003  4.99e-005  3.49e-008  
6.12860e+016 5.93e-020  9.98e-001  1.94e-003  4.06e-005  3.02e-008  
6.19772e+016 9.47e-020  9.98e-001  1.73e-003  3.59e-005  2.81e-008  
6.27006e+016 1.51e-019  9.98e-001  1.67e-003  3.44e-005  2.82e-008  
6.34752e+016 2.45e-019  9.98e-001  1.69e-003  3.49e-005  3.00e-008  
6.43223e+016 4.07e-019  9.98e-001  1.80e-003  3.71e-005  3.34e-008  
6.52408e+016 6.84e-019  9.98e-001  1.97e-003  4.08e-005  3.86e-008  
6.62440e+016 1.17e-018  9.98e-001  2.20e-003  4.61e-005  4.55e-008  
6.73219e+016 2.02e-018  9.97e-001  2.49e-003  5.31e-005  5.46e-008  
6.84641e+016 3.44e-018  9.97e-001  2.85e-003  6.16e-005  6.57e-008  
6.96945e+016 5.84e-018  9.97e-001  3.29e-003  7.24e-005  8.05e-008  
7.10391e+016 9.88e-018  9.96e-001  3.82e-003  8.63e-005  9.94e-008  
7.25155e+016 1.66e-017  9.95e-001  4.48e-003  1.04e-004  1.24e-007  
7.42223e+016 2.79e-017  9.95e-001  5.35e-003  1.28e-004  1.58e-007  
7.63108e+016 4.79e-017  9.93e-001  6.53e-003  1.63e-004  2.08e-007  
7.86896e+016 7.98e-017  9.92e-001  8.04e-003  2.08e-004  2.76e-007  
8.18150e+016 1.36e-016  9.90e-001  1.02e-002  2.76e-004  3.80e-007  
8.55776e+016 2.28e-016  9.87e-001  1.29e-002  3.64e-004  5.18e-007  
9.00548e+016 3.69e-016  9.83e-001  1.61e-002  4.74e-004  6.94e-007  
9.53916e+016 5.89e-016  9.80e-001  1.97e-002  6.03e-004  9.07e-007  
1.01535e+017 9.24e-016  9.76e-001  2.34e-002  7.42e-004  1.14e-006  
1.09249e+017 1.50e-015  9.72e-001  2.72e-002  8.92e-004  1.39e-006  
1.19176e+017 2.57e-015  9.68e-001  3.11e-002  1.05e-003  1.62e-006  
1.32448e+017 4.91e-015  9.65e-001  3.38e-002  1.13e-003  1.63e-006  
