! 0       HCOOH + H3CO+ -> H2CO + HCOOH2+
! 1       HCOOH + HCO+ -> CO + HCOOH2+
! 2       H2O + HCO+ -> HCOOH2+
! 3       HCOOH + CH3OH2+ -> CH3OH + HCOOH2+
! 4       CH4 + O2+ -> H + HCOOH2+
!            tot_rate   0          1          2          3          4          
1.58188e+013 2.19e-017  1.01e-003  2.58e-001  3.37e-001  2.35e-006  4.03e-001  
3.50727e+014 2.19e-017  1.01e-003  2.58e-001  3.37e-001  2.35e-006  4.03e-001  
5.21628e+015 2.18e-017  1.01e-003  2.59e-001  3.37e-001  2.35e-006  4.02e-001  
2.67137e+016 4.02e-018  1.63e-003  5.87e-001  2.59e-001  3.08e-006  1.53e-001  
3.33598e+016 1.11e-018  1.52e-003  7.68e-001  1.80e-001  2.21e-006  4.96e-002  
3.42055e+016 9.60e-019  1.29e-003  7.08e-001  2.27e-001  1.82e-006  6.33e-002  
3.44017e+016 9.25e-019  1.24e-003  6.92e-001  2.40e-001  1.74e-006  6.73e-002  
3.46353e+016 8.85e-019  1.16e-003  6.69e-001  2.58e-001  1.63e-006  7.24e-002  
3.48860e+016 8.43e-019  1.09e-003  6.43e-001  2.78e-001  1.51e-006  7.85e-002  
3.51370e+016 8.03e-019  1.01e-003  6.12e-001  3.01e-001  1.38e-006  8.53e-002  
3.53250e+016 7.74e-019  9.51e-004  5.88e-001  3.20e-001  1.29e-006  9.09e-002  
3.55515e+016 7.43e-019  8.78e-004  5.56e-001  3.45e-001  1.18e-006  9.82e-002  
3.57182e+016 7.19e-019  8.27e-004  5.30e-001  3.65e-001  1.10e-006  1.04e-001  
3.58524e+016 7.02e-019  7.85e-004  5.08e-001  3.82e-001  1.04e-006  1.09e-001  
3.60047e+016 6.86e-019  7.35e-004  4.81e-001  4.03e-001  9.61e-007  1.16e-001  
3.61718e+016 6.70e-019  6.79e-004  4.49e-001  4.25e-001  8.73e-007  1.25e-001  
3.62899e+016 6.64e-019  6.36e-004  4.23e-001  4.40e-001  8.08e-007  1.36e-001  
3.63893e+016 6.65e-019  5.95e-004  3.97e-001  4.49e-001  7.54e-007  1.53e-001  
3.64972e+016 7.03e-019  5.76e-004  3.80e-001  4.38e-001  7.24e-007  1.82e-001  
3.66124e+016 7.88e-019  5.34e-004  3.54e-001  4.05e-001  6.60e-007  2.41e-001  
3.67348e+016 9.98e-019  4.69e-004  3.12e-001  3.43e-001  5.71e-007  3.45e-001  
3.68621e+016 1.65e-018  4.32e-004  2.91e-001  2.76e-001  5.24e-007  4.33e-001  
3.69700e+016 3.24e-018  4.60e-004  3.12e-001  2.59e-001  5.74e-007  4.29e-001  
3.70376e+016 5.35e-018  4.91e-004  3.36e-001  2.67e-001  6.52e-007  3.96e-001  
3.71087e+016 9.39e-018  5.28e-004  3.62e-001  2.90e-001  7.89e-007  3.48e-001  
3.71826e+016 1.72e-017  5.60e-004  3.87e-001  3.19e-001  1.04e-006  2.93e-001  
3.72589e+016 3.28e-017  5.97e-004  4.14e-001  3.50e-001  1.58e-006  2.35e-001  
3.73370e+016 6.40e-017  6.36e-004  4.45e-001  3.78e-001  2.73e-006  1.76e-001  
3.74165e+016 1.28e-016  6.80e-004  4.77e-001  4.00e-001  5.23e-006  1.22e-001  
3.74829e+016 2.32e-016  7.25e-004  5.05e-001  4.11e-001  9.41e-006  8.29e-002  
3.75505e+016 4.27e-016  7.84e-004  5.36e-001  4.12e-001  1.74e-005  5.13e-002  
3.76194e+016 7.99e-016  8.73e-004  5.70e-001  3.99e-001  3.31e-005  2.98e-002  
3.76839e+016 1.45e-015  1.01e-003  6.13e-001  3.69e-001  6.15e-005  1.73e-002  
3.76854e+016 1.47e-015  1.02e-003  6.14e-001  3.68e-001  6.23e-005  1.72e-002  
3.76877e+016 1.51e-015  1.03e-003  6.16e-001  3.66e-001  6.38e-005  1.68e-002  
3.76917e+016 1.57e-015  1.04e-003  6.19e-001  3.64e-001  6.64e-005  1.62e-002  
3.76980e+016 1.66e-015  1.06e-003  6.25e-001  3.59e-001  7.09e-005  1.54e-002  
3.77083e+016 1.84e-015  1.10e-003  6.35e-001  3.50e-001  7.87e-005  1.40e-002  
3.77248e+016 2.20e-015  1.17e-003  6.56e-001  3.31e-001  9.34e-005  1.19e-002  
3.77450e+016 2.81e-015  1.28e-003  6.91e-001  2.98e-001  1.17e-004  9.47e-003  
3.77655e+016 4.09e-015  1.48e-003  7.62e-001  2.30e-001  1.54e-004  6.62e-003  
3.77936e+016 4.97e-015  1.66e-003  7.97e-001  1.95e-001  2.01e-004  5.58e-003  
3.78016e+016 5.05e-015  1.70e-003  8.00e-001  1.93e-001  2.14e-004  5.52e-003  
3.78111e+016 5.13e-015  1.73e-003  8.01e-001  1.91e-001  2.28e-004  5.48e-003  
3.78273e+016 5.21e-015  1.80e-003  8.02e-001  1.91e-001  2.53e-004  5.47e-003  
3.78530e+016 5.32e-015  1.92e-003  8.03e-001  1.90e-001  2.91e-004  5.47e-003  
3.78818e+016 5.44e-015  2.02e-003  8.01e-001  1.91e-001  3.36e-004  5.48e-003  
3.79076e+016 5.54e-015  2.15e-003  8.01e-001  1.91e-001  3.75e-004  5.48e-003  
3.79253e+016 5.61e-015  2.21e-003  8.01e-001  1.91e-001  4.03e-004  5.49e-003  
3.79502e+016 5.71e-015  2.33e-003  8.01e-001  1.91e-001  4.42e-004  5.50e-003  
3.79755e+016 5.79e-015  2.45e-003  8.02e-001  1.90e-001  4.82e-004  5.53e-003  
3.79897e+016 5.84e-015  2.52e-003  8.01e-001  1.90e-001  5.03e-004  5.53e-003  
3.79918e+016 5.85e-015  2.53e-003  8.00e-001  1.91e-001  5.08e-004  5.54e-003  
3.79956e+016 5.86e-015  2.54e-003  8.00e-001  1.91e-001  5.14e-004  5.55e-003  
3.80017e+016 5.88e-015  2.57e-003  8.01e-001  1.90e-001  5.24e-004  5.54e-003  
3.80129e+016 5.92e-015  2.63e-003  8.00e-001  1.91e-001  5.40e-004  5.56e-003  
3.80319e+016 5.98e-015  2.72e-003  8.01e-001  1.91e-001  5.72e-004  5.57e-003  
3.80578e+016 6.06e-015  2.85e-003  8.00e-001  1.91e-001  6.13e-004  5.59e-003  
3.80629e+016 6.09e-015  2.88e-003  7.99e-001  1.92e-001  6.21e-004  5.60e-003  
3.80713e+016 6.11e-015  2.92e-003  7.99e-001  1.92e-001  6.35e-004  5.60e-003  
3.80859e+016 6.16e-015  2.99e-003  7.99e-001  1.92e-001  6.58e-004  5.62e-003  
3.81083e+016 6.22e-015  3.12e-003  7.98e-001  1.93e-001  6.93e-004  5.64e-003  
3.81265e+016 6.28e-015  3.22e-003  7.96e-001  1.94e-001  7.21e-004  5.65e-003  
3.81480e+016 6.33e-015  3.33e-003  7.96e-001  1.94e-001  7.56e-004  5.69e-003  
3.81769e+016 6.40e-015  3.50e-003  7.93e-001  1.97e-001  8.03e-004  5.72e-003  
3.81836e+016 6.41e-015  3.54e-003  7.93e-001  1.96e-001  8.14e-004  5.72e-003  
3.81952e+016 6.45e-015  3.60e-003  7.91e-001  1.99e-001  8.32e-004  5.72e-003  
3.82149e+016 6.48e-015  3.72e-003  7.90e-001  1.99e-001  8.63e-004  5.76e-003  
3.82433e+016 6.52e-015  3.88e-003  7.87e-001  2.02e-001  9.08e-004  5.81e-003  
3.82740e+016 6.53e-015  4.07e-003  7.84e-001  2.05e-001  9.55e-004  5.89e-003  
3.83054e+016 6.49e-015  4.28e-003  7.81e-001  2.08e-001  1.00e-003  6.02e-003  
3.83376e+016 6.38e-015  4.49e-003  7.75e-001  2.13e-001  1.05e-003  6.24e-003  
3.83751e+016 6.07e-015  4.70e-003  7.63e-001  2.24e-001  1.09e-003  6.73e-003  
3.84132e+016 5.50e-015  4.87e-003  7.41e-001  2.45e-001  1.12e-003  7.63e-003  
3.84531e+016 4.61e-015  4.86e-003  6.94e-001  2.91e-001  1.08e-003  9.37e-003  
3.84962e+016 3.39e-015  4.42e-003  5.90e-001  3.92e-001  9.37e-004  1.30e-002  
3.85449e+016 2.16e-015  3.00e-003  3.65e-001  6.10e-001  5.69e-004  2.09e-002  
3.85990e+016 1.47e-015  8.41e-004  9.30e-002  8.75e-001  1.36e-004  3.07e-002  
3.86597e+016 1.30e-015  4.18e-005  4.17e-003  9.62e-001  5.52e-006  3.35e-002  
3.87288e+016 1.24e-015  1.44e-007  1.31e-005  9.68e-001  1.52e-008  3.19e-002  
3.88139e+016 1.15e-015  1.58e-009  1.34e-007  9.71e-001  1.34e-010  2.87e-002  
3.89093e+016 1.06e-015  1.08e-009  8.76e-008  9.75e-001  7.42e-011  2.45e-002  
3.90068e+016 9.47e-016  8.02e-010  6.20e-008  9.79e-001  4.46e-011  2.09e-002  
3.91088e+016 8.37e-016  6.20e-010  4.57e-008  9.82e-001  2.82e-011  1.77e-002  
3.92181e+016 7.25e-016  4.99e-010  3.46e-008  9.85e-001  1.89e-011  1.49e-002  
3.93325e+016 6.17e-016  4.20e-010  2.72e-008  9.87e-001  1.38e-011  1.29e-002  
3.94519e+016 5.20e-016  3.65e-010  2.21e-008  9.89e-001  1.10e-011  1.14e-002  
3.95803e+016 4.34e-016  3.25e-010  1.85e-008  9.90e-001  9.80e-012  1.04e-002  
3.97190e+016 3.61e-016  2.91e-010  1.58e-008  9.90e-001  9.62e-012  9.76e-003  
3.98699e+016 3.04e-016  2.62e-010  1.39e-008  9.91e-001  1.01e-011  9.31e-003  
4.00514e+016 2.60e-016  2.26e-010  1.23e-008  9.91e-001  1.10e-011  8.84e-003  
4.02549e+016 2.35e-016  1.84e-010  1.12e-008  9.92e-001  1.18e-011  8.13e-003  
4.04761e+016 2.26e-016  1.43e-010  1.04e-008  9.93e-001  1.22e-011  7.09e-003  
4.07070e+016 2.26e-016  1.09e-010  1.02e-008  9.94e-001  1.22e-011  5.92e-003  
4.09451e+016 2.34e-016  8.46e-011  1.04e-008  9.95e-001  1.22e-011  4.78e-003  
4.11988e+016 2.47e-016  6.76e-011  1.12e-008  9.96e-001  1.22e-011  3.73e-003  
4.14624e+016 2.63e-016  5.79e-011  1.29e-008  9.97e-001  1.26e-011  2.82e-003  
4.17462e+016 2.82e-016  5.40e-011  1.62e-008  9.98e-001  1.34e-011  2.05e-003  
4.20512e+016 3.05e-016  5.47e-011  2.22e-008  9.99e-001  1.47e-011  1.39e-003  
4.23867e+016 3.32e-016  6.14e-011  3.43e-008  9.99e-001  1.70e-011  8.64e-004  
4.27356e+016 3.62e-016  7.65e-011  5.85e-008  1.00e+000  2.18e-011  4.86e-004  
4.30994e+016 3.95e-016  1.09e-010  1.11e-007  1.00e+000  3.34e-011  2.45e-004  
4.34671e+016 4.33e-016  1.82e-010  2.29e-007  1.00e+000  6.21e-011  1.13e-004  
4.38104e+016 4.73e-016  2.88e-010  4.08e-007  1.00e+000  1.07e-010  5.39e-005  
4.41007e+016 5.11e-016  4.01e-010  6.09e-007  1.00e+000  1.61e-010  3.03e-005  
4.42181e+016 5.27e-016  4.52e-010  7.04e-007  1.00e+000  1.87e-010  2.49e-005  
4.42811e+016 5.36e-016  5.06e-010  7.98e-007  1.00e+000  2.13e-010  2.24e-005  
4.43809e+016 5.50e-016  5.78e-010  9.29e-007  1.00e+000  2.49e-010  1.95e-005  
4.45030e+016 5.69e-016  6.56e-010  1.08e-006  1.00e+000  2.93e-010  1.67e-005  
4.45401e+016 5.74e-016  6.97e-010  1.16e-006  1.00e+000  3.14e-010  1.61e-005  
4.45998e+016 5.84e-016  7.91e-010  1.33e-006  1.00e+000  3.63e-010  1.52e-005  
4.46779e+016 5.96e-016  8.76e-010  1.49e-006  1.00e+000  4.11e-010  1.42e-005  
4.48006e+016 6.16e-016  9.90e-010  1.74e-006  1.00e+000  4.82e-010  1.30e-005  
4.48529e+016 6.25e-016  1.05e-009  1.87e-006  1.00e+000  5.22e-010  1.26e-005  
4.48834e+016 6.30e-016  1.12e-009  2.02e-006  1.00e+000  5.62e-010  1.24e-005  
4.49346e+016 6.39e-016  1.22e-009  2.22e-006  1.00e+000  6.21e-010  1.21e-005  
4.49870e+016 6.48e-016  1.31e-009  2.39e-006  1.00e+000  6.76e-010  1.18e-005  
4.50684e+016 6.63e-016  1.43e-009  2.67e-006  1.00e+000  7.59e-010  1.15e-005  
4.51867e+016 6.85e-016  1.62e-009  3.12e-006  1.00e+000  8.96e-010  1.11e-005  
4.51946e+016 6.86e-016  1.63e-009  3.16e-006  1.00e+000  9.08e-010  1.11e-005  
4.52061e+016 6.88e-016  1.66e-009  3.24e-006  1.00e+000  9.29e-010  1.10e-005  
4.52265e+016 6.91e-016  1.71e-009  3.36e-006  1.00e+000  9.65e-010  1.10e-005  
4.52632e+016 6.98e-016  1.81e-009  3.57e-006  1.00e+000  1.03e-009  1.09e-005  
4.53239e+016 7.08e-016  1.93e-009  3.90e-006  1.00e+000  1.13e-009  1.08e-005  
4.54167e+016 7.23e-016  2.13e-009  4.41e-006  1.00e+000  1.30e-009  1.08e-005  
4.55446e+016 7.43e-016  2.41e-009  5.17e-006  1.00e+000  1.55e-009  1.08e-005  
4.55658e+016 7.47e-016  2.45e-009  5.29e-006  1.00e+000  1.59e-009  1.07e-005  
4.55697e+016 7.47e-016  2.45e-009  5.31e-006  1.00e+000  1.61e-009  1.07e-005  
4.55761e+016 7.47e-016  2.48e-009  5.37e-006  1.00e+000  1.62e-009  1.07e-005  
4.55871e+016 7.49e-016  2.50e-009  5.45e-006  1.00e+000  1.64e-009  1.07e-005  
4.56066e+016 7.52e-016  2.55e-009  5.60e-006  1.00e+000  1.69e-009  1.07e-005  
4.56410e+016 7.58e-016  2.63e-009  5.84e-006  1.00e+000  1.77e-009  1.07e-005  
4.56849e+016 7.66e-016  2.73e-009  6.16e-006  1.00e+000  1.88e-009  1.07e-005  
4.57241e+016 7.72e-016  2.81e-009  6.45e-006  1.00e+000  1.98e-009  1.08e-005  
4.57850e+016 7.83e-016  2.94e-009  6.88e-006  1.00e+000  2.13e-009  1.08e-005  
4.58802e+016 7.99e-016  3.13e-009  7.61e-006  1.00e+000  2.39e-009  1.08e-005  
4.59720e+016 8.15e-016  3.30e-009  8.33e-006  1.00e+000  2.64e-009  1.09e-005  
4.59734e+016 8.15e-016  3.30e-009  8.34e-006  1.00e+000  2.65e-009  1.09e-005  
4.59759e+016 8.15e-016  3.30e-009  8.36e-006  1.00e+000  2.65e-009  1.09e-005  
4.59802e+016 8.15e-016  3.31e-009  8.40e-006  1.00e+000  2.66e-009  1.09e-005  
4.59873e+016 8.16e-016  3.32e-009  8.46e-006  1.00e+000  2.70e-009  1.09e-005  
4.59993e+016 8.19e-016  3.35e-009  8.55e-006  1.00e+000  2.72e-009  1.09e-005  
4.60196e+016 8.22e-016  3.37e-009  8.73e-006  1.00e+000  2.79e-009  1.09e-005  
4.60580e+016 8.29e-016  3.44e-009  9.05e-006  1.00e+000  2.91e-009  1.09e-005  
4.61139e+016 8.39e-016  3.52e-009  9.52e-006  1.00e+000  3.08e-009  1.10e-005  
4.61801e+016 8.51e-016  3.61e-009  1.01e-005  1.00e+000  3.29e-009  1.11e-005  
4.62829e+016 8.70e-016  3.72e-009  1.10e-005  1.00e+000  3.63e-009  1.11e-005  
4.63958e+016 8.90e-016  3.83e-009  1.20e-005  1.00e+000  4.03e-009  1.12e-005  
4.64165e+016 8.94e-016  3.84e-009  1.22e-005  1.00e+000  4.11e-009  1.13e-005  
4.64187e+016 8.93e-016  3.84e-009  1.22e-005  1.00e+000  4.12e-009  1.13e-005  
4.64224e+016 8.93e-016  3.84e-009  1.22e-005  1.00e+000  4.13e-009  1.13e-005  
4.64286e+016 8.94e-016  3.85e-009  1.23e-005  1.00e+000  4.15e-009  1.13e-005  
4.64396e+016 8.96e-016  3.85e-009  1.24e-005  1.00e+000  4.20e-009  1.14e-005  
4.64596e+016 9.00e-016  3.86e-009  1.26e-005  1.00e+000  4.27e-009  1.13e-005  
4.64933e+016 9.06e-016  3.86e-009  1.29e-005  1.00e+000  4.39e-009  1.14e-005  
4.65501e+016 9.17e-016  3.87e-009  1.34e-005  1.00e+000  4.60e-009  1.15e-005  
4.66259e+016 9.32e-016  3.89e-009  1.42e-005  1.00e+000  4.89e-009  1.16e-005  
4.67450e+016 9.54e-016  3.96e-009  1.52e-005  1.00e+000  5.38e-009  1.17e-005  
4.68726e+016 9.78e-016  4.02e-009  1.65e-005  1.00e+000  5.92e-009  1.19e-005  
4.69009e+016 9.83e-016  4.03e-009  1.68e-005  1.00e+000  6.04e-009  1.19e-005  
4.69024e+016 9.83e-016  4.03e-009  1.68e-005  1.00e+000  6.05e-009  1.19e-005  
4.69048e+016 9.83e-016  4.03e-009  1.68e-005  1.00e+000  6.05e-009  1.19e-005  
4.69090e+016 9.83e-016  4.03e-009  1.69e-005  1.00e+000  6.07e-009  1.19e-005  
4.69160e+016 9.83e-016  4.03e-009  1.69e-005  1.00e+000  6.10e-009  1.20e-005  
4.69279e+016 9.85e-016  4.02e-009  1.71e-005  1.00e+000  6.16e-009  1.20e-005  
4.69476e+016 9.89e-016  4.01e-009  1.72e-005  1.00e+000  6.24e-009  1.20e-005  
4.69806e+016 9.95e-016  4.01e-009  1.76e-005  1.00e+000  6.39e-009  1.21e-005  
4.70337e+016 1.01e-015  3.98e-009  1.80e-005  1.00e+000  6.60e-009  1.21e-005  
4.70622e+016 1.01e-015  4.00e-009  1.84e-005  1.00e+000  6.77e-009  1.22e-005  
4.71061e+016 1.01e-015  4.02e-009  1.89e-005  1.00e+000  7.04e-009  1.24e-005  
4.71746e+016 1.01e-015  4.05e-009  1.96e-005  1.00e+000  7.47e-009  1.26e-005  
4.72860e+016 1.01e-015  4.04e-009  2.06e-005  1.00e+000  8.20e-009  1.30e-005  
4.74240e+016 1.00e-015  4.01e-009  2.21e-005  1.00e+000  9.26e-009  1.36e-005  
4.74305e+016 1.00e-015  4.00e-009  2.22e-005  1.00e+000  9.31e-009  1.36e-005  
4.74313e+016 1.00e-015  4.00e-009  2.22e-005  1.00e+000  9.32e-009  1.36e-005  
4.74348e+016 1.00e-015  4.00e-009  2.22e-005  1.00e+000  9.34e-009  1.36e-005  
4.74406e+016 1.00e-015  3.99e-009  2.23e-005  1.00e+000  9.38e-009  1.36e-005  
4.74503e+016 1.00e-015  3.98e-009  2.23e-005  1.00e+000  9.44e-009  1.36e-005  
4.74676e+016 9.98e-016  3.95e-009  2.25e-005  1.00e+000  9.58e-009  1.37e-005  
4.74972e+016 9.97e-016  3.90e-009  2.29e-005  1.00e+000  9.80e-009  1.38e-005  
4.75283e+016 9.96e-016  3.86e-009  2.32e-005  1.00e+000  1.00e-008  1.40e-005  
4.75365e+016 9.96e-016  3.84e-009  2.32e-005  1.00e+000  1.01e-008  1.40e-005  
4.75556e+016 9.95e-016  3.82e-009  2.34e-005  1.00e+000  1.03e-008  1.41e-005  
4.75856e+016 9.93e-016  3.79e-009  2.38e-005  1.00e+000  1.06e-008  1.42e-005  
4.76342e+016 9.91e-016  3.73e-009  2.42e-005  1.00e+000  1.10e-008  1.43e-005  
4.77120e+016 9.86e-016  3.66e-009  2.52e-005  1.00e+000  1.17e-008  1.47e-005  
4.78339e+016 9.79e-016  3.52e-009  2.64e-005  1.00e+000  1.29e-008  1.52e-005  
4.79819e+016 9.68e-016  3.38e-009  2.88e-005  1.00e+000  1.44e-008  1.58e-005  
4.80101e+016 9.66e-016  3.37e-009  2.93e-005  1.00e+000  1.47e-008  1.59e-005  
4.80156e+016 9.65e-016  3.37e-009  2.94e-005  1.00e+000  1.48e-008  1.60e-005  
4.80288e+016 9.64e-016  3.37e-009  2.97e-005  1.00e+000  1.50e-008  1.61e-005  
4.80511e+016 9.62e-016  3.36e-009  3.01e-005  1.00e+000  1.54e-008  1.61e-005  
4.80875e+016 9.60e-016  3.34e-009  3.08e-005  1.00e+000  1.59e-008  1.64e-005  
4.81463e+016 9.55e-016  3.31e-009  3.20e-005  1.00e+000  1.70e-008  1.65e-005  
4.82445e+016 9.46e-016  3.30e-009  3.41e-005  1.00e+000  1.87e-008  1.70e-005  
4.83636e+016 9.36e-016  3.33e-009  3.68e-005  1.00e+000  2.12e-008  1.76e-005  
4.84912e+016 9.24e-016  3.45e-009  3.97e-005  1.00e+000  2.40e-008  1.83e-005  
4.86294e+016 9.10e-016  3.76e-009  4.32e-005  1.00e+000  2.76e-008  1.90e-005  
4.87591e+016 8.97e-016  4.28e-009  4.66e-005  1.00e+000  3.13e-008  1.97e-005  
4.88968e+016 8.83e-016  5.20e-009  5.04e-005  1.00e+000  3.59e-008  2.05e-005  
4.90444e+016 8.67e-016  6.84e-009  5.47e-005  1.00e+000  4.14e-008  2.13e-005  
4.91980e+016 8.50e-016  9.74e-009  5.93e-005  1.00e+000  4.79e-008  2.24e-005  
4.93317e+016 8.36e-016  1.38e-008  6.35e-005  1.00e+000  5.42e-008  2.32e-005  
4.94239e+016 8.25e-016  1.77e-008  6.65e-005  1.00e+000  5.90e-008  2.39e-005  
4.95192e+016 8.15e-016  2.32e-008  6.97e-005  1.00e+000  6.43e-008  2.44e-005  
4.96202e+016 8.03e-016  3.10e-008  7.31e-005  1.00e+000  7.04e-008  2.52e-005  
4.97297e+016 7.91e-016  4.26e-008  7.69e-005  1.00e+000  7.74e-008  2.59e-005  
4.98461e+016 7.78e-016  5.94e-008  8.10e-005  1.00e+000  8.53e-008  2.67e-005  
4.99670e+016 7.64e-016  8.38e-008  8.55e-005  1.00e+000  9.44e-008  2.76e-005  
5.00936e+016 7.51e-016  1.19e-007  9.00e-005  1.00e+000  1.04e-007  2.85e-005  
5.02240e+016 7.35e-016  1.69e-007  9.50e-005  1.00e+000  1.13e-007  2.92e-005  
5.03584e+016 7.19e-016  2.39e-007  1.00e-004  1.00e+000  1.19e-007  2.96e-005  
5.05026e+016 7.03e-016  3.44e-007  1.05e-004  1.00e+000  1.26e-007  2.97e-005  
5.05959e+016 6.94e-016  4.39e-007  1.09e-004  1.00e+000  1.31e-007  3.00e-005  
5.06957e+016 6.85e-016  5.65e-007  1.13e-004  1.00e+000  1.35e-007  3.02e-005  
5.07988e+016 6.77e-016  7.25e-007  1.17e-004  1.00e+000  1.39e-007  3.04e-005  
5.09058e+016 6.69e-016  9.37e-007  1.22e-004  1.00e+000  1.43e-007  3.06e-005  
5.10237e+016 6.62e-016  1.22e-006  1.26e-004  1.00e+000  1.45e-007  3.08e-005  
5.11496e+016 6.54e-016  1.62e-006  1.32e-004  1.00e+000  1.46e-007  3.10e-005  
5.12843e+016 6.48e-016  2.14e-006  1.38e-004  1.00e+000  1.44e-007  3.12e-005  
5.14296e+016 6.41e-016  2.89e-006  1.45e-004  1.00e+000  1.40e-007  3.14e-005  
5.15425e+016 6.37e-016  3.61e-006  1.50e-004  1.00e+000  1.36e-007  3.14e-005  
5.16792e+016 6.31e-016  4.69e-006  1.57e-004  1.00e+000  1.30e-007  3.14e-005  
5.18319e+016 6.24e-016  6.26e-006  1.65e-004  1.00e+000  1.26e-007  3.16e-005  
5.19950e+016 6.15e-016  8.42e-006  1.74e-004  1.00e+000  1.23e-007  3.17e-005  
5.21655e+016 6.04e-016  1.14e-005  1.84e-004  1.00e+000  1.26e-007  3.19e-005  
5.23457e+016 5.91e-016  1.55e-005  1.96e-004  1.00e+000  1.36e-007  3.23e-005  
5.25384e+016 5.76e-016  2.13e-005  2.08e-004  1.00e+000  1.56e-007  3.28e-005  
5.27451e+016 5.58e-016  2.99e-005  2.24e-004  1.00e+000  1.90e-007  3.33e-005  
5.29668e+016 5.39e-016  4.23e-005  2.43e-004  1.00e+000  2.41e-007  3.39e-005  
5.31993e+016 5.19e-016  5.99e-005  2.66e-004  1.00e+000  3.16e-007  3.47e-005  
5.34440e+016 4.98e-016  8.59e-005  2.93e-004  1.00e+000  4.30e-007  3.55e-005  
5.36995e+016 4.78e-016  1.24e-004  3.26e-004  1.00e+000  5.96e-007  3.62e-005  
5.39765e+016 4.56e-016  1.83e-004  3.75e-004  9.99e-001  8.64e-007  3.70e-005  
5.42627e+016 4.35e-016  2.73e-004  4.36e-004  9.99e-001  1.28e-006  3.77e-005  
5.45738e+016 4.13e-016  4.21e-004  5.25e-004  9.99e-001  1.97e-006  3.85e-005  
5.49079e+016 3.92e-016  6.69e-004  6.49e-004  9.99e-001  3.17e-006  3.93e-005  
5.52575e+016 3.69e-016  1.08e-003  8.30e-004  9.98e-001  5.26e-006  4.01e-005  
5.56155e+016 3.48e-016  1.76e-003  1.07e-003  9.97e-001  8.82e-006  4.08e-005  
5.59918e+016 3.29e-016  2.89e-003  1.42e-003  9.96e-001  1.50e-005  4.10e-005  
5.63913e+016 3.10e-016  4.80e-003  1.91e-003  9.93e-001  2.60e-005  4.13e-005  
5.68226e+016 2.91e-016  8.14e-003  2.60e-003  9.89e-001  4.57e-005  4.16e-005  
5.72780e+016 2.73e-016  1.36e-002  3.57e-003  9.83e-001  8.10e-005  4.14e-005  
5.77650e+016 2.56e-016  2.28e-002  4.88e-003  9.72e-001  1.43e-004  4.10e-005  
5.82707e+016 2.42e-016  3.70e-002  6.58e-003  9.56e-001  2.46e-004  3.99e-005  
5.88124e+016 2.29e-016  5.91e-002  8.75e-003  9.32e-001  4.17e-004  3.85e-005  
5.93801e+016 2.19e-016  9.11e-002  1.14e-002  8.97e-001  6.86e-004  3.65e-005  
5.99878e+016 2.37e-016  1.22e-001  1.29e-002  8.64e-001  9.82e-004  3.92e-005  
6.06254e+016 2.75e-016  1.49e-001  1.35e-002  8.36e-001  1.28e-003  4.00e-005  
6.12860e+016 3.21e-016  1.77e-001  1.38e-002  8.08e-001  1.63e-003  4.05e-005  
6.19772e+016 3.75e-016  2.05e-001  1.40e-002  7.79e-001  2.02e-003  4.11e-005  
6.27006e+016 4.38e-016  2.33e-001  1.41e-002  7.51e-001  2.46e-003  4.13e-005  
6.34752e+016 5.16e-016  2.60e-001  1.40e-002  7.23e-001  2.97e-003  4.13e-005  
6.43223e+016 6.12e-016  2.88e-001  1.38e-002  6.95e-001  3.52e-003  4.14e-005  
6.52408e+016 7.30e-016  3.15e-001  1.35e-002  6.67e-001  4.15e-003  4.12e-005  
6.62440e+016 8.76e-016  3.42e-001  1.34e-002  6.39e-001  4.86e-003  4.10e-005  
6.73219e+016 1.05e-015  3.70e-001  1.31e-002  6.11e-001  5.66e-003  4.08e-005  
6.84641e+016 1.27e-015  3.97e-001  1.30e-002  5.83e-001  6.51e-003  4.05e-005  
6.96945e+016 1.52e-015  4.25e-001  1.29e-002  5.54e-001  7.42e-003  4.01e-005  
7.10391e+016 1.84e-015  4.56e-001  1.28e-002  5.23e-001  8.44e-003  3.95e-005  
7.25155e+016 2.22e-015  4.87e-001  1.29e-002  4.91e-001  9.46e-003  3.87e-005  
7.42223e+016 2.71e-015  5.23e-001  1.32e-002  4.53e-001  1.05e-002  3.76e-005  
7.63108e+016 3.38e-015  5.66e-001  1.36e-002  4.09e-001  1.17e-002  3.64e-005  
7.86896e+016 4.22e-015  6.11e-001  1.41e-002  3.62e-001  1.26e-002  3.48e-005  
8.18150e+016 5.44e-015  6.61e-001  1.50e-002  3.10e-001  1.34e-002  3.31e-005  
8.55776e+016 7.07e-015  7.10e-001  1.60e-002  2.60e-001  1.35e-002  3.18e-005  
9.00548e+016 9.13e-015  7.53e-001  1.72e-002  2.17e-001  1.28e-002  3.14e-005  
9.53916e+016 1.17e-014  7.87e-001  1.88e-002  1.82e-001  1.15e-002  3.25e-005  
1.01535e+017 1.44e-014  8.12e-001  2.08e-002  1.58e-001  9.58e-003  3.64e-005  
1.09249e+017 1.72e-014  8.26e-001  2.41e-002  1.43e-001  7.21e-003  4.65e-005  
1.19176e+017 1.89e-014  8.22e-001  3.07e-002  1.43e-001  4.69e-003  7.69e-005  
1.32448e+017 1.68e-014  7.66e-001  4.89e-002  1.82e-001  2.55e-003  2.16e-004  
