! 0       *H + *C2H3 -> *C2H4
! 1       C2H4 + GRAIN -> *C2H4 + GRAIN
! 2       *CH3CH3 + CRPhoton -> *C2H4 + *H2
! 3       *CH3CH3 + CRPhoton -> *C2H4 + *H2
! 4       *CH3CHCH2 + CRPhoton -> *C2H4 + *CH2
! 5       *CH2 + *CH2 -> *C2H4
! 6       *CH3CHCH2 + ISPhoton -> *C2H4 + *CH2
! 7       *CH + *CH3 -> *C2H4
! 8       *C2H5 + CRPhoton -> *C2H4 + *H
! 9       *CH3CH3 + ISPhoton -> *C2H4 + *H2
!            tot_rate   0          1          2          3          4          5          6          7          8          9          
1.58188e+013 2.75e-016  3.30e-001  9.54e-003  6.30e-001  2.77e-002  3.02e-003  1.17e-007  8.52e-006  7.68e-008  1.47e-012  4.51e-016  
3.50727e+014 2.75e-016  3.30e-001  9.54e-003  6.30e-001  2.77e-002  3.02e-003  1.17e-007  8.52e-006  7.68e-008  1.47e-012  4.51e-016  
5.21628e+015 2.75e-016  3.30e-001  9.57e-003  6.30e-001  2.77e-002  3.02e-003  1.17e-007  8.52e-006  7.68e-008  1.47e-012  4.51e-016  
2.67137e+016 3.08e-016  3.80e-001  2.66e-002  5.66e-001  2.49e-002  2.71e-003  9.72e-008  7.67e-006  4.65e-008  1.46e-012  4.03e-016  
3.33598e+016 3.64e-016  4.50e-001  4.03e-002  4.86e-001  2.14e-002  2.33e-003  9.55e-008  6.59e-006  2.50e-008  1.50e-012  3.46e-016  
3.42055e+016 3.36e-016  4.08e-001  3.31e-002  5.33e-001  2.33e-002  2.55e-003  1.47e-007  7.21e-006  2.36e-008  1.86e-012  3.78e-016  
3.44017e+016 3.27e-016  3.95e-001  3.09e-002  5.48e-001  2.40e-002  2.62e-003  1.62e-007  7.40e-006  2.36e-008  2.01e-012  3.92e-016  
3.46353e+016 3.16e-016  3.74e-001  2.80e-002  5.70e-001  2.50e-002  2.72e-003  1.73e-007  7.70e-006  2.36e-008  2.22e-012  4.06e-016  
3.48860e+016 3.02e-016  3.47e-001  2.48e-002  5.99e-001  2.62e-002  2.86e-003  1.68e-007  8.07e-006  2.41e-008  2.53e-012  4.27e-016  
3.51370e+016 2.89e-016  3.18e-001  2.15e-002  6.30e-001  2.76e-002  3.01e-003  1.34e-007  8.51e-006  2.55e-008  2.94e-012  4.46e-016  
3.53250e+016 2.78e-016  2.94e-001  1.90e-002  6.55e-001  2.88e-002  3.14e-003  9.72e-008  8.90e-006  2.77e-008  3.38e-012  4.68e-016  
3.55515e+016 2.66e-016  2.58e-001  1.59e-002  6.92e-001  3.04e-002  3.31e-003  5.15e-008  9.37e-006  3.12e-008  4.06e-012  4.93e-016  
3.57182e+016 2.57e-016  2.31e-001  1.37e-002  7.20e-001  3.17e-002  3.45e-003  2.72e-008  9.73e-006  3.29e-008  4.79e-012  5.14e-016  
3.58524e+016 2.50e-016  2.09e-001  1.19e-002  7.43e-001  3.27e-002  3.56e-003  1.47e-008  1.01e-005  3.04e-008  5.51e-012  5.31e-016  
3.60047e+016 2.44e-016  1.82e-001  1.00e-002  7.70e-001  3.38e-002  3.69e-003  6.51e-009  1.04e-005  2.04e-008  6.51e-012  5.49e-016  
3.61718e+016 2.39e-016  1.55e-001  8.07e-003  7.98e-001  3.50e-002  3.82e-003  2.31e-009  1.08e-005  7.78e-009  7.90e-012  5.69e-016  
3.62899e+016 2.36e-016  1.36e-001  6.82e-003  8.17e-001  3.59e-002  3.91e-003  1.04e-009  1.10e-005  3.14e-009  9.19e-012  5.84e-016  
3.63893e+016 2.35e-016  1.22e-001  5.88e-003  8.31e-001  3.65e-002  3.99e-003  5.07e-010  1.13e-005  1.33e-009  1.04e-011  5.93e-016  
3.64972e+016 2.35e-016  1.08e-001  4.89e-003  8.46e-001  3.71e-002  4.04e-003  2.28e-010  1.14e-005  5.02e-010  1.20e-011  6.04e-016  
3.66124e+016 2.36e-016  9.44e-002  3.99e-003  8.60e-001  3.78e-002  4.12e-003  9.40e-011  1.16e-005  2.36e-010  1.39e-011  6.14e-016  
3.67348e+016 2.40e-016  8.22e-002  3.17e-003  8.72e-001  3.83e-002  4.17e-003  1.53e-011  1.18e-005  0.00e+000  1.62e-011  6.22e-016  
3.68621e+016 2.46e-016  7.53e-002  2.45e-003  8.79e-001  3.86e-002  4.23e-003  9.16e-012  1.19e-005  1.04e-011  1.87e-011  6.27e-016  
3.69700e+016 2.52e-016  6.95e-002  1.97e-003  8.85e-001  3.89e-002  4.29e-003  2.93e-012  1.21e-005  2.76e-012  2.09e-011  6.31e-016  
3.70376e+016 2.56e-016  6.59e-002  1.71e-003  8.89e-001  3.90e-002  4.33e-003  1.42e-012  1.22e-005  1.22e-012  2.24e-011  6.32e-016  
3.71087e+016 2.61e-016  6.28e-002  1.48e-003  8.92e-001  3.91e-002  4.37e-003  6.55e-013  1.24e-005  5.32e-013  2.40e-011  6.36e-016  
3.71826e+016 2.65e-016  6.07e-002  1.29e-003  8.94e-001  3.92e-002  4.45e-003  2.86e-013  1.26e-005  2.30e-013  2.57e-011  6.38e-016  
3.72589e+016 2.67e-016  6.03e-002  1.13e-003  8.95e-001  3.93e-002  4.60e-003  1.16e-013  1.30e-005  1.02e-013  2.73e-011  6.40e-016  
3.73370e+016 2.65e-016  6.11e-002  1.01e-003  8.94e-001  3.92e-002  4.86e-003  4.19e-014  1.37e-005  4.75e-014  2.84e-011  6.37e-016  
3.74165e+016 2.52e-016  6.48e-002  9.61e-004  8.90e-001  3.90e-002  5.36e-003  1.26e-014  1.51e-005  2.56e-014  2.89e-011  6.36e-016  
3.74829e+016 2.26e-016  6.99e-002  9.90e-004  8.84e-001  3.88e-002  6.19e-003  3.81e-015  1.74e-005  1.96e-014  2.84e-011  6.28e-016  
3.75505e+016 1.81e-016  7.91e-002  1.16e-003  8.73e-001  3.84e-002  7.91e-003  1.09e-015  2.23e-005  2.64e-014  2.68e-011  6.25e-016  
3.76194e+016 1.15e-016  9.72e-002  1.71e-003  8.51e-001  3.74e-002  1.23e-002  1.04e-015  3.47e-005  1.11e-013  2.33e-011  6.07e-016  
3.76839e+016 4.82e-017  1.53e-001  3.92e-003  7.82e-001  3.44e-002  2.72e-002  2.22e-014  7.69e-005  3.13e-012  1.72e-011  5.58e-016  
3.76854e+016 4.69e-017  1.55e-001  4.03e-003  7.79e-001  3.41e-002  2.79e-002  2.50e-014  7.87e-005  3.52e-012  1.71e-011  5.55e-016  
3.76877e+016 4.47e-017  1.59e-001  4.22e-003  7.73e-001  3.40e-002  2.91e-002  3.04e-014  8.20e-005  4.27e-012  1.67e-011  5.50e-016  
3.76917e+016 4.11e-017  1.67e-001  4.57e-003  7.63e-001  3.35e-002  3.14e-002  4.28e-014  8.85e-005  6.00e-012  1.62e-011  5.44e-016  
3.76980e+016 3.56e-017  1.82e-001  5.28e-003  7.45e-001  3.26e-002  3.54e-002  7.84e-014  1.00e-004  1.10e-011  1.52e-011  5.31e-016  
3.77083e+016 2.73e-017  2.14e-001  6.85e-003  7.04e-001  3.09e-002  4.47e-002  2.45e-013  1.26e-004  3.39e-011  1.34e-011  5.02e-016  
3.77248e+016 1.61e-017  2.96e-001  1.15e-002  5.96e-001  2.62e-002  6.97e-002  2.78e-012  1.97e-004  3.77e-010  9.84e-012  4.25e-016  
3.77450e+016 6.58e-018  4.97e-001  2.80e-002  3.22e-001  1.41e-002  1.39e-001  4.06e-010  3.92e-004  5.23e-008  4.18e-012  2.29e-016  
3.77655e+016 1.51e-018  6.14e-001  1.21e-001  3.99e-003  1.75e-004  2.60e-001  2.66e-006  7.35e-004  2.66e-005  2.32e-013  2.85e-018  
3.77936e+016 2.87e-019  1.97e-001  6.30e-001  3.35e-006  1.47e-007  1.72e-001  3.93e-006  4.87e-004  1.36e-007  2.22e-013  2.39e-021  
3.78016e+016 2.32e-019  1.07e-001  7.80e-001  4.03e-006  1.77e-007  1.12e-001  4.40e-006  3.17e-004  3.92e-008  2.19e-013  2.87e-021  
3.78111e+016 2.02e-019  4.88e-002  8.93e-001  4.48e-006  1.97e-007  5.80e-002  4.56e-006  1.64e-004  1.13e-008  2.14e-013  3.20e-021  
3.78273e+016 1.86e-019  1.76e-002  9.67e-001  4.62e-006  2.03e-007  1.49e-002  4.29e-006  4.21e-005  2.89e-009  2.05e-013  3.29e-021  
3.78530e+016 1.81e-019  1.21e-002  9.87e-001  4.39e-006  1.92e-007  1.25e-003  3.56e-006  3.52e-006  1.11e-009  2.03e-013  3.13e-021  
3.78818e+016 1.80e-019  1.19e-002  9.88e-001  4.07e-006  1.79e-007  5.28e-005  2.86e-006  1.49e-007  5.83e-010  2.11e-013  2.90e-021  
3.79076e+016 1.80e-019  1.15e-002  9.88e-001  3.80e-006  1.67e-007  2.35e-006  2.44e-006  6.66e-009  3.59e-010  2.23e-013  2.71e-021  
3.79253e+016 1.80e-019  1.14e-002  9.89e-001  3.64e-006  1.59e-007  3.38e-007  2.28e-006  9.55e-010  2.79e-010  2.25e-013  2.59e-021  
3.79502e+016 1.81e-019  1.13e-002  9.89e-001  3.41e-006  1.50e-007  1.27e-007  2.09e-006  3.58e-010  2.07e-010  2.29e-013  2.43e-021  
3.79755e+016 1.81e-019  1.12e-002  9.89e-001  3.23e-006  1.41e-007  1.13e-007  1.96e-006  3.20e-010  1.70e-010  2.34e-013  2.30e-021  
3.79897e+016 1.82e-019  1.10e-002  9.89e-001  3.12e-006  1.37e-007  1.08e-007  1.90e-006  3.07e-010  1.58e-010  2.34e-013  2.23e-021  
3.79918e+016 1.82e-019  1.10e-002  9.89e-001  3.10e-006  1.36e-007  1.08e-007  1.89e-006  3.05e-010  1.56e-010  2.34e-013  2.21e-021  
3.79956e+016 1.82e-019  1.10e-002  9.89e-001  3.08e-006  1.35e-007  1.07e-007  1.88e-006  3.02e-010  1.54e-010  2.34e-013  2.19e-021  
3.80017e+016 1.82e-019  1.09e-002  9.89e-001  3.04e-006  1.34e-007  1.05e-007  1.86e-006  2.97e-010  1.53e-010  2.32e-013  2.16e-021  
3.80129e+016 1.82e-019  1.09e-002  9.89e-001  2.97e-006  1.30e-007  1.02e-007  1.84e-006  2.88e-010  1.51e-010  2.28e-013  2.12e-021  
3.80319e+016 1.83e-019  1.07e-002  9.89e-001  2.85e-006  1.25e-007  9.73e-008  1.79e-006  2.75e-010  1.56e-010  2.10e-013  2.03e-021  
3.80578e+016 1.85e-019  1.04e-002  9.90e-001  2.70e-006  1.18e-007  9.08e-008  1.75e-006  2.56e-010  1.84e-010  1.56e-013  1.93e-021  
3.80629e+016 1.85e-019  1.03e-002  9.90e-001  2.67e-006  1.17e-007  8.98e-008  1.76e-006  2.54e-010  1.94e-010  1.43e-013  1.90e-021  
3.80713e+016 1.86e-019  1.02e-002  9.90e-001  2.62e-006  1.15e-007  8.77e-008  1.75e-006  2.47e-010  2.12e-010  1.18e-013  1.87e-021  
3.80859e+016 1.87e-019  1.01e-002  9.90e-001  2.55e-006  1.12e-007  8.45e-008  1.77e-006  2.39e-010  2.55e-010  7.92e-014  1.82e-021  
3.81083e+016 1.89e-019  9.80e-003  9.90e-001  2.44e-006  1.07e-007  8.00e-008  1.81e-006  2.27e-010  3.91e-010  3.89e-014  1.74e-021  
3.81265e+016 1.90e-019  9.69e-003  9.90e-001  2.37e-006  1.04e-007  7.74e-008  1.86e-006  2.18e-010  5.26e-010  2.70e-014  1.69e-021  
3.81480e+016 1.92e-019  9.59e-003  9.90e-001  2.27e-006  9.96e-008  7.35e-008  1.94e-006  2.09e-010  8.50e-010  2.30e-014  1.62e-021  
3.81769e+016 1.94e-019  1.03e-002  9.90e-001  2.16e-006  9.54e-008  6.96e-008  2.12e-006  1.96e-010  1.98e-009  2.28e-014  1.55e-021  
3.81836e+016 1.94e-019  1.07e-002  9.89e-001  2.15e-006  9.43e-008  6.85e-008  2.17e-006  1.94e-010  2.49e-009  2.38e-014  1.53e-021  
3.81952e+016 1.94e-019  1.18e-002  9.88e-001  2.12e-006  9.32e-008  6.79e-008  2.26e-006  1.91e-010  3.77e-009  2.67e-014  1.51e-021  
3.82149e+016 1.93e-019  1.53e-002  9.85e-001  2.07e-006  9.07e-008  6.58e-008  2.43e-006  1.87e-010  8.34e-009  3.88e-014  1.48e-021  
3.82433e+016 1.78e-019  2.87e-002  9.71e-001  2.13e-006  9.32e-008  6.85e-008  2.80e-006  1.94e-010  3.16e-008  1.04e-013  1.52e-021  
3.82740e+016 1.24e-019  8.21e-002  9.18e-001  2.78e-006  1.22e-007  9.26e-008  4.03e-006  2.62e-010  1.79e-007  5.13e-013  1.98e-021  
3.83054e+016 4.58e-020  4.37e-001  5.63e-001  6.40e-006  2.82e-007  2.34e-007  1.01e-005  6.57e-010  1.83e-006  5.00e-012  4.56e-021  
3.83376e+016 3.52e-020  9.86e-001  1.45e-002  6.82e-006  3.01e-007  2.65e-007  1.08e-005  7.50e-010  5.34e-006  1.44e-011  4.86e-021  
3.83751e+016 5.37e-020  9.98e-001  1.96e-003  3.31e-006  1.45e-007  1.35e-007  5.06e-006  3.80e-010  4.08e-006  1.14e-011  2.36e-021  
3.84132e+016 6.45e-020  9.99e-001  6.96e-004  1.98e-006  8.72e-008  7.34e-008  2.65e-006  2.08e-010  2.39e-006  7.95e-012  1.42e-021  
3.84531e+016 5.86e-020  1.00e+000  3.31e-004  2.01e-006  8.82e-008  4.13e-008  1.84e-006  1.17e-010  2.27e-006  6.93e-012  1.43e-021  
3.84962e+016 3.84e-020  1.00e+000  2.56e-004  3.70e-006  1.62e-007  2.30e-008  2.60e-006  6.51e-011  5.70e-006  1.11e-011  2.63e-021  
3.85449e+016 1.65e-020  1.00e+000  3.45e-004  1.16e-005  5.09e-007  1.20e-008  1.42e-005  3.40e-011  3.57e-005  4.57e-011  8.24e-021  
3.85990e+016 4.55e-021  9.99e-001  7.57e-004  5.39e-005  2.35e-006  6.05e-009  2.44e-004  1.71e-011  3.54e-004  4.07e-010  3.83e-020  
3.86597e+016 8.67e-022  9.85e-001  2.71e-003  3.63e-004  1.59e-005  4.23e-009  7.19e-003  1.20e-011  5.03e-003  5.66e-009  2.59e-019  
3.87288e+016 2.48e-022  7.83e-001  8.24e-003  1.81e-003  7.96e-005  7.63e-009  1.54e-001  2.16e-011  5.25e-002  5.78e-008  1.29e-018  
3.88139e+016 5.09e-022  4.09e-001  3.79e-003  1.27e-003  5.56e-005  4.25e-009  5.07e-001  1.20e-011  7.86e-002  8.65e-008  9.02e-019  
3.89093e+016 1.83e-021  2.69e-001  9.16e-004  4.29e-004  1.88e-005  1.30e-009  6.76e-001  3.67e-012  5.28e-002  5.67e-008  3.06e-019  
3.90068e+016 5.15e-021  2.58e-001  2.53e-004  1.58e-004  6.93e-006  4.88e-010  7.07e-001  1.38e-012  3.42e-002  3.44e-008  1.13e-019  
3.91088e+016 1.10e-020  2.88e-001  8.55e-005  6.89e-005  3.03e-006  2.34e-010  6.88e-001  6.62e-013  2.42e-002  2.17e-008  4.91e-020  
3.92181e+016 1.94e-020  3.41e-001  3.37e-005  3.41e-005  1.50e-006  1.34e-010  6.40e-001  3.80e-013  1.82e-002  1.41e-008  2.43e-020  
3.93325e+016 2.97e-020  4.07e-001  1.55e-005  1.91e-005  8.41e-007  8.91e-011  5.79e-001  2.52e-013  1.45e-002  9.52e-009  1.37e-020  
3.94519e+016 4.24e-020  4.74e-001  8.16e-006  1.19e-005  5.21e-007  6.34e-011  5.14e-001  1.79e-013  1.18e-002  6.56e-009  8.47e-021  
3.95803e+016 5.83e-020  5.37e-001  4.80e-006  8.01e-006  3.52e-007  4.60e-011  4.53e-001  1.30e-013  9.83e-003  4.63e-009  5.73e-021  
3.97190e+016 7.89e-020  5.90e-001  3.16e-006  5.97e-006  2.62e-007  3.25e-011  4.02e-001  9.19e-014  8.39e-003  3.39e-009  4.27e-021  
3.98699e+016 1.07e-019  6.29e-001  2.32e-006  4.92e-006  2.16e-007  2.17e-011  3.64e-001  6.15e-014  7.36e-003  2.57e-009  3.51e-021  
4.00514e+016 1.50e-019  6.57e-001  1.89e-006  4.43e-006  1.95e-007  1.28e-011  3.36e-001  3.63e-014  6.59e-003  1.99e-009  3.16e-021  
4.02549e+016 2.16e-019  6.71e-001  1.73e-006  4.38e-006  1.92e-007  7.03e-012  3.23e-001  1.99e-014  6.06e-003  1.59e-009  3.13e-021  
4.04761e+016 3.13e-019  6.68e-001  1.78e-006  4.67e-006  2.05e-007  4.03e-012  3.26e-001  1.14e-014  5.75e-003  1.33e-009  3.36e-021  
4.07070e+016 4.51e-019  6.51e-001  1.99e-006  5.16e-006  2.26e-007  2.64e-012  3.43e-001  7.49e-015  5.49e-003  1.12e-009  3.70e-021  
4.09451e+016 6.47e-019  6.16e-001  2.38e-006  5.67e-006  2.49e-007  1.96e-012  3.78e-001  5.55e-015  5.27e-003  9.41e-010  4.06e-021  
4.11988e+016 9.10e-019  5.65e-001  3.12e-006  6.27e-006  2.75e-007  1.66e-012  4.30e-001  4.72e-015  4.99e-003  7.71e-010  4.50e-021  
4.14624e+016 1.21e-018  5.00e-001  4.50e-006  6.94e-006  3.05e-007  1.63e-012  4.96e-001  4.65e-015  4.71e-003  6.12e-010  4.97e-021  
4.17462e+016 1.49e-018  4.23e-001  7.32e-006  7.65e-006  3.35e-007  1.92e-012  5.73e-001  5.45e-015  4.36e-003  4.57e-010  5.48e-021  
4.20512e+016 1.62e-018  3.55e-001  1.37e-005  8.19e-006  3.59e-007  2.75e-012  6.41e-001  7.82e-015  3.96e-003  3.09e-010  5.86e-021  
4.23867e+016 1.51e-018  3.65e-001  3.06e-005  7.89e-006  3.47e-007  4.96e-012  6.32e-001  1.41e-014  3.32e-003  1.70e-010  5.68e-021  
4.27356e+016 1.54e-018  6.41e-001  6.20e-005  4.73e-006  2.07e-007  8.55e-012  3.57e-001  2.43e-014  1.89e-003  5.20e-011  3.40e-021  
4.30994e+016 3.56e-018  9.49e-001  5.95e-005  8.42e-007  3.71e-008  7.38e-012  5.05e-002  2.10e-014  3.68e-004  4.13e-012  6.06e-022  
4.34671e+016 1.42e-017  9.97e-001  3.98e-005  5.76e-008  2.53e-009  4.24e-012  2.56e-003  1.21e-014  3.51e-005  1.85e-013  4.14e-023  
4.38104e+016 5.77e-017  1.00e+000  3.14e-005  1.38e-008  6.05e-010  2.67e-012  1.27e-004  7.61e-015  4.12e-006  6.74e-014  9.89e-024  
4.41007e+016 1.94e-016  1.00e+000  3.10e-005  1.75e-008  7.68e-010  2.03e-012  1.01e-005  5.77e-015  8.71e-007  3.69e-014  1.25e-023  
4.42181e+016 3.14e-016  1.00e+000  2.86e-005  2.02e-008  8.85e-010  1.90e-012  3.66e-006  5.41e-015  5.03e-007  2.80e-014  1.45e-023  
4.42811e+016 4.04e-016  1.00e+000  2.92e-005  2.16e-008  9.50e-010  1.98e-012  2.12e-006  5.62e-015  3.79e-007  2.40e-014  1.55e-023  
4.43809e+016 6.01e-016  1.00e+000  2.53e-005  2.41e-008  1.06e-009  1.88e-012  8.97e-007  5.37e-015  2.55e-007  1.85e-014  1.73e-023  
4.45030e+016 9.43e-016  1.00e+000  2.41e-005  2.75e-008  1.21e-009  1.89e-012  3.23e-007  5.38e-015  1.70e-007  1.35e-014  1.97e-023  
4.45401e+016 1.08e-015  1.00e+000  2.87e-005  2.86e-008  1.26e-009  1.99e-012  2.32e-007  5.67e-015  1.51e-007  1.21e-014  2.06e-023  
4.45998e+016 1.32e-015  1.00e+000  3.02e-005  3.04e-008  1.33e-009  2.39e-012  1.42e-007  6.80e-015  1.29e-007  1.03e-014  2.18e-023  
4.46779e+016 1.68e-015  1.00e+000  2.77e-005  3.30e-008  1.45e-009  2.46e-012  7.86e-008  7.02e-015  1.05e-007  8.51e-015  2.37e-023  
4.48006e+016 2.35e-015  1.00e+000  3.02e-005  3.73e-008  1.64e-009  2.82e-012  3.32e-008  8.00e-015  8.17e-008  6.34e-015  2.68e-023  
4.48529e+016 2.67e-015  1.00e+000  4.42e-005  3.97e-008  1.74e-009  3.16e-012  2.30e-008  8.99e-015  7.68e-008  5.58e-015  2.84e-023  
4.48834e+016 2.87e-015  1.00e+000  5.33e-005  4.08e-008  1.79e-009  3.76e-012  1.85e-008  1.08e-014  7.60e-008  5.23e-015  2.93e-023  
4.49346e+016 3.19e-015  1.00e+000  5.05e-005  4.29e-008  1.88e-009  4.64e-012  1.39e-008  1.32e-014  7.18e-008  4.70e-015  3.08e-023  
4.49870e+016 3.53e-015  1.00e+000  4.96e-005  4.53e-008  1.99e-009  5.27e-012  1.07e-008  1.50e-014  6.71e-008  4.28e-015  3.26e-023  
4.50684e+016 4.08e-015  1.00e+000  5.56e-005  4.93e-008  2.16e-009  6.30e-012  7.25e-009  1.79e-014  6.32e-008  3.70e-015  3.53e-023  
4.51867e+016 4.89e-015  1.00e+000  7.57e-005  5.56e-008  2.45e-009  8.63e-012  4.46e-009  2.45e-014  6.15e-008  3.13e-015  4.01e-023  
4.51946e+016 4.96e-015  1.00e+000  8.59e-005  5.66e-008  2.50e-009  8.85e-012  4.15e-009  2.52e-014  6.27e-008  3.06e-015  4.07e-023  
4.52061e+016 5.04e-015  1.00e+000  1.10e-004  5.77e-008  2.54e-009  9.42e-012  3.91e-009  2.68e-014  6.49e-008  3.02e-015  4.15e-023  
4.52265e+016 5.19e-015  1.00e+000  1.34e-004  5.88e-008  2.58e-009  1.05e-011  3.62e-009  2.97e-014  6.70e-008  2.93e-015  4.22e-023  
4.52632e+016 5.45e-015  1.00e+000  1.51e-004  6.09e-008  2.68e-009  1.23e-011  3.21e-009  3.50e-014  6.84e-008  2.81e-015  4.37e-023  
4.53239e+016 5.89e-015  1.00e+000  1.54e-004  6.48e-008  2.85e-009  1.55e-011  2.72e-009  4.40e-014  6.76e-008  2.63e-015  4.65e-023  
4.54167e+016 6.58e-015  1.00e+000  1.75e-004  7.16e-008  3.15e-009  2.08e-011  2.13e-009  5.93e-014  6.69e-008  2.42e-015  5.14e-023  
4.55446e+016 7.61e-015  1.00e+000  2.48e-004  8.25e-008  3.63e-009  3.10e-011  1.54e-009  8.83e-014  6.90e-008  2.18e-015  5.92e-023  
4.55658e+016 7.79e-015  1.00e+000  2.64e-004  8.46e-008  3.71e-009  3.32e-011  1.46e-009  9.45e-014  6.96e-008  2.14e-015  6.07e-023  
4.55697e+016 7.81e-015  1.00e+000  2.71e-004  8.56e-008  3.76e-009  3.37e-011  1.41e-009  9.59e-014  7.08e-008  2.12e-015  6.14e-023  
4.55761e+016 7.86e-015  1.00e+000  2.82e-004  8.65e-008  3.80e-009  3.45e-011  1.37e-009  9.81e-014  7.28e-008  2.11e-015  6.21e-023  
4.55871e+016 7.95e-015  1.00e+000  3.03e-004  8.75e-008  3.85e-009  3.58e-011  1.33e-009  1.02e-013  7.56e-008  2.10e-015  6.29e-023  
4.56066e+016 8.12e-015  1.00e+000  3.37e-004  8.94e-008  3.93e-009  3.85e-011  1.27e-009  1.10e-013  7.92e-008  2.08e-015  6.41e-023  
4.56410e+016 8.42e-015  1.00e+000  3.94e-004  9.27e-008  4.07e-009  4.36e-011  1.19e-009  1.23e-013  8.26e-008  2.03e-015  6.66e-023  
4.56849e+016 8.82e-015  1.00e+000  4.57e-004  9.76e-008  4.28e-009  5.08e-011  1.11e-009  1.44e-013  8.37e-008  1.98e-015  7.00e-023  
4.57241e+016 9.18e-015  9.99e-001  5.06e-004  1.02e-007  4.47e-009  5.77e-011  1.04e-009  1.64e-013  8.33e-008  1.94e-015  7.32e-023  
4.57850e+016 9.77e-015  9.99e-001  5.82e-004  1.10e-007  4.79e-009  6.92e-011  9.36e-010  1.97e-013  8.26e-008  1.86e-015  7.82e-023  
4.58802e+016 1.07e-014  9.99e-001  7.06e-004  1.22e-007  5.38e-009  9.15e-011  7.94e-010  2.61e-013  8.30e-008  1.78e-015  8.79e-023  
4.59720e+016 1.17e-014  9.99e-001  8.38e-004  1.37e-007  6.00e-009  1.19e-010  6.83e-010  3.38e-013  8.51e-008  1.70e-015  9.82e-023  
4.59734e+016 1.17e-014  9.99e-001  8.39e-004  1.37e-007  6.02e-009  1.20e-010  6.76e-010  3.40e-013  8.51e-008  1.70e-015  9.82e-023  
4.59759e+016 1.17e-014  9.99e-001  8.43e-004  1.38e-007  6.09e-009  1.20e-010  6.61e-010  3.43e-013  8.63e-008  1.69e-015  9.91e-023  
4.59802e+016 1.18e-014  9.99e-001  8.44e-004  1.40e-007  6.15e-009  1.22e-010  6.44e-010  3.46e-013  8.64e-008  1.69e-015  1.01e-022  
4.59873e+016 1.18e-014  9.99e-001  8.64e-004  1.42e-007  6.25e-009  1.25e-010  6.36e-010  3.57e-013  8.89e-008  1.68e-015  1.02e-022  
4.59993e+016 1.20e-014  9.99e-001  8.74e-004  1.43e-007  6.29e-009  1.30e-010  6.15e-010  3.69e-013  9.24e-008  1.67e-015  1.03e-022  
4.60196e+016 1.22e-014  9.99e-001  9.01e-004  1.47e-007  6.46e-009  1.38e-010  5.95e-010  3.92e-013  9.66e-008  1.65e-015  1.06e-022  
4.60580e+016 1.27e-014  9.99e-001  9.60e-004  1.53e-007  6.73e-009  1.53e-010  5.63e-010  4.34e-013  1.02e-007  1.63e-015  1.10e-022  
4.61139e+016 1.34e-014  9.99e-001  1.04e-003  1.63e-007  7.18e-009  1.77e-010  5.32e-010  5.04e-013  1.05e-007  1.59e-015  1.17e-022  
4.61801e+016 1.42e-014  9.99e-001  1.14e-003  1.78e-007  7.81e-009  2.12e-010  4.96e-010  6.03e-013  1.06e-007  1.55e-015  1.28e-022  
4.62829e+016 1.56e-014  9.99e-001  1.29e-003  2.03e-007  8.90e-009  2.77e-010  4.33e-010  7.87e-013  1.06e-007  1.49e-015  1.46e-022  
4.63958e+016 1.73e-014  9.99e-001  1.45e-003  2.34e-007  1.03e-008  3.64e-010  3.72e-010  1.03e-012  1.08e-007  1.41e-015  1.69e-022  
4.64165e+016 1.76e-014  9.99e-001  1.48e-003  2.42e-007  1.06e-008  3.83e-010  3.61e-010  1.09e-012  1.08e-007  1.41e-015  1.73e-022  
4.64187e+016 1.76e-014  9.99e-001  1.48e-003  2.43e-007  1.07e-008  3.86e-010  3.55e-010  1.09e-012  1.08e-007  1.40e-015  1.75e-022  
4.64224e+016 1.76e-014  9.99e-001  1.48e-003  2.47e-007  1.08e-008  3.91e-010  3.47e-010  1.11e-012  1.09e-007  1.40e-015  1.78e-022  
4.64286e+016 1.77e-014  9.99e-001  1.49e-003  2.50e-007  1.10e-008  3.97e-010  3.41e-010  1.13e-012  1.10e-007  1.39e-015  1.80e-022  
4.64396e+016 1.79e-014  9.99e-001  1.49e-003  2.54e-007  1.12e-008  4.08e-010  3.33e-010  1.16e-012  1.13e-007  1.38e-015  1.82e-022  
4.64596e+016 1.82e-014  9.98e-001  1.52e-003  2.62e-007  1.15e-008  4.30e-010  3.24e-010  1.22e-012  1.17e-007  1.38e-015  1.88e-022  
4.64933e+016 1.88e-014  9.98e-001  1.56e-003  2.73e-007  1.20e-008  4.66e-010  3.12e-010  1.33e-012  1.23e-007  1.36e-015  1.96e-022  
4.65501e+016 1.98e-014  9.98e-001  1.61e-003  2.91e-007  1.28e-008  5.29e-010  2.99e-010  1.51e-012  1.30e-007  1.33e-015  2.09e-022  
4.66259e+016 2.12e-014  9.98e-001  1.70e-003  3.23e-007  1.42e-008  6.26e-010  2.86e-010  1.78e-012  1.34e-007  1.29e-015  2.32e-022  
4.67450e+016 2.35e-014  9.98e-001  1.83e-003  3.78e-007  1.66e-008  8.16e-010  2.62e-010  2.31e-012  1.37e-007  1.24e-015  2.72e-022  
4.68726e+016 2.63e-014  9.98e-001  1.98e-003  4.57e-007  2.02e-008  1.08e-009  2.35e-010  3.06e-012  1.39e-007  1.18e-015  3.29e-022  
4.69009e+016 2.70e-014  9.98e-001  2.00e-003  4.79e-007  2.10e-008  1.14e-009  2.29e-010  3.25e-012  1.39e-007  1.16e-015  3.43e-022  
4.69024e+016 2.70e-014  9.98e-001  2.00e-003  4.79e-007  2.10e-008  1.15e-009  2.28e-010  3.26e-012  1.39e-007  1.16e-015  3.44e-022  
4.69048e+016 2.70e-014  9.98e-001  2.01e-003  4.82e-007  2.12e-008  1.16e-009  2.25e-010  3.29e-012  1.39e-007  1.16e-015  3.46e-022  
4.69090e+016 2.70e-014  9.98e-001  2.01e-003  4.86e-007  2.14e-008  1.17e-009  2.21e-010  3.33e-012  1.39e-007  1.16e-015  3.50e-022  
4.69160e+016 2.71e-014  9.98e-001  2.01e-003  4.95e-007  2.18e-008  1.19e-009  2.16e-010  3.39e-012  1.39e-007  1.15e-015  3.57e-022  
4.69279e+016 2.74e-014  9.98e-001  2.02e-003  5.08e-007  2.23e-008  1.22e-009  2.12e-010  3.47e-012  1.40e-007  1.15e-015  3.65e-022  
4.69476e+016 2.79e-014  9.98e-001  2.04e-003  5.21e-007  2.29e-008  1.27e-009  2.07e-010  3.59e-012  1.43e-007  1.14e-015  3.73e-022  
4.69806e+016 2.87e-014  9.98e-001  2.07e-003  5.48e-007  2.40e-008  1.36e-009  2.02e-010  3.87e-012  1.47e-007  1.13e-015  3.91e-022  
4.70337e+016 3.00e-014  9.98e-001  2.12e-003  5.91e-007  2.60e-008  1.51e-009  1.97e-010  4.31e-012  1.51e-007  1.11e-015  4.24e-022  
4.70622e+016 3.08e-014  9.98e-001  2.14e-003  6.18e-007  2.71e-008  1.60e-009  1.95e-010  4.55e-012  1.52e-007  1.10e-015  4.42e-022  
4.71061e+016 3.20e-014  9.98e-001  2.18e-003  6.54e-007  2.87e-008  1.74e-009  1.93e-010  4.94e-012  1.54e-007  1.08e-015  4.69e-022  
4.71746e+016 3.39e-014  9.98e-001  2.24e-003  7.20e-007  3.16e-008  1.98e-009  1.97e-010  5.64e-012  1.55e-007  1.05e-015  5.17e-022  
4.72860e+016 3.73e-014  9.98e-001  2.34e-003  8.50e-007  3.73e-008  2.42e-009  1.99e-010  6.87e-012  1.53e-007  1.01e-015  6.09e-022  
4.74240e+016 4.18e-014  9.98e-001  2.46e-003  1.06e-006  4.66e-008  3.09e-009  1.98e-010  8.78e-012  1.49e-007  9.59e-016  7.61e-022  
4.74305e+016 4.20e-014  9.98e-001  2.48e-003  1.07e-006  4.71e-008  3.12e-009  1.98e-010  8.88e-012  1.49e-007  9.57e-016  7.69e-022  
4.74313e+016 4.21e-014  9.98e-001  2.47e-003  1.07e-006  4.70e-008  3.14e-009  1.98e-010  8.88e-012  1.48e-007  9.55e-016  7.70e-022  
4.74348e+016 4.22e-014  9.98e-001  2.46e-003  1.08e-006  4.74e-008  3.15e-009  1.97e-010  8.96e-012  1.48e-007  9.53e-016  7.72e-022  
4.74406e+016 4.23e-014  9.98e-001  2.48e-003  1.09e-006  4.80e-008  3.19e-009  1.95e-010  9.05e-012  1.48e-007  9.53e-016  7.82e-022  
4.74503e+016 4.26e-014  9.98e-001  2.49e-003  1.11e-006  4.88e-008  3.24e-009  1.92e-010  9.22e-012  1.46e-007  9.46e-016  8.00e-022  
4.74676e+016 4.30e-014  9.98e-001  2.49e-003  1.16e-006  5.09e-008  3.35e-009  1.87e-010  9.53e-012  1.45e-007  9.39e-016  8.35e-022  
4.74972e+016 4.41e-014  9.97e-001  2.52e-003  1.23e-006  5.40e-008  3.51e-009  1.82e-010  1.00e-011  1.43e-007  9.27e-016  8.80e-022  
4.75283e+016 4.52e-014  9.97e-001  2.54e-003  1.29e-006  5.68e-008  3.69e-009  1.79e-010  1.05e-011  1.43e-007  9.18e-016  9.27e-022  
4.75365e+016 4.55e-014  9.97e-001  2.55e-003  1.31e-006  5.76e-008  3.76e-009  1.79e-010  1.07e-011  1.42e-007  9.16e-016  9.40e-022  
4.75556e+016 4.63e-014  9.97e-001  2.55e-003  1.35e-006  5.92e-008  3.86e-009  1.77e-010  1.10e-011  1.41e-007  9.09e-016  9.67e-022  
4.75856e+016 4.75e-014  9.97e-001  2.57e-003  1.41e-006  6.19e-008  4.04e-009  1.76e-010  1.15e-011  1.40e-007  8.99e-016  1.01e-021  
4.76342e+016 4.95e-014  9.97e-001  2.60e-003  1.52e-006  6.66e-008  4.36e-009  1.74e-010  1.24e-011  1.37e-007  8.84e-016  1.09e-021  
4.77120e+016 5.28e-014  9.97e-001  2.67e-003  1.74e-006  7.63e-008  4.92e-009  1.71e-010  1.40e-011  1.30e-007  8.61e-016  1.25e-021  
4.78339e+016 5.85e-014  9.97e-001  2.75e-003  2.10e-006  9.22e-008  5.87e-009  1.63e-010  1.67e-011  1.19e-007  8.23e-016  1.51e-021  
4.79819e+016 6.60e-014  9.97e-001  2.85e-003  2.70e-006  1.18e-007  7.20e-009  1.48e-010  2.05e-011  1.04e-007  7.79e-016  1.92e-021  
4.80101e+016 6.75e-014  9.97e-001  2.87e-003  2.82e-006  1.24e-007  7.47e-009  1.45e-010  2.12e-011  1.01e-007  7.70e-016  2.03e-021  
4.80156e+016 6.78e-014  9.97e-001  2.88e-003  2.85e-006  1.25e-007  7.52e-009  1.44e-010  2.14e-011  1.00e-007  7.70e-016  2.05e-021  
4.80288e+016 6.85e-014  9.97e-001  2.88e-003  2.91e-006  1.28e-007  7.65e-009  1.43e-010  2.18e-011  9.91e-008  7.66e-016  2.09e-021  
4.80511e+016 6.97e-014  9.97e-001  2.90e-003  3.03e-006  1.33e-007  7.88e-009  1.40e-010  2.24e-011  9.68e-008  7.59e-016  2.17e-021  
4.80875e+016 7.17e-014  9.97e-001  2.91e-003  3.22e-006  1.41e-007  8.27e-009  1.35e-010  2.36e-011  9.29e-008  7.49e-016  2.31e-021  
4.81463e+016 7.51e-014  9.97e-001  2.96e-003  3.58e-006  1.57e-007  8.91e-009  1.26e-010  2.53e-011  8.65e-008  7.33e-016  2.57e-021  
4.82445e+016 8.12e-014  9.97e-001  3.02e-003  4.22e-006  1.86e-007  1.00e-008  1.13e-010  2.86e-011  7.72e-008  7.07e-016  3.03e-021  
4.83636e+016 8.93e-014  9.97e-001  3.10e-003  5.17e-006  2.27e-007  1.15e-008  9.81e-011  3.28e-011  6.64e-008  6.78e-016  3.72e-021  
4.84912e+016 9.87e-014  9.97e-001  3.18e-003  6.38e-006  2.81e-007  1.33e-008  8.32e-011  3.77e-011  5.63e-008  6.47e-016  4.58e-021  
4.86294e+016 1.09e-013  9.97e-001  3.28e-003  8.04e-006  3.53e-007  1.55e-008  6.88e-011  4.39e-011  4.75e-008  6.18e-016  5.77e-021  
4.87591e+016 1.21e-013  9.97e-001  3.35e-003  9.80e-006  4.31e-007  1.75e-008  5.69e-011  4.97e-011  4.05e-008  5.87e-016  7.03e-021  
4.88968e+016 1.34e-013  9.97e-001  3.46e-003  1.20e-005  5.27e-007  1.99e-008  4.63e-011  5.67e-011  3.50e-008  5.60e-016  8.63e-021  
4.90444e+016 1.50e-013  9.96e-001  3.58e-003  1.47e-005  6.46e-007  2.29e-008  3.72e-011  6.51e-011  3.06e-008  5.33e-016  1.06e-020  
4.91980e+016 1.68e-013  9.96e-001  3.69e-003  1.78e-005  7.82e-007  2.61e-008  2.91e-011  7.40e-011  2.69e-008  5.04e-016  1.28e-020  
4.93317e+016 1.85e-013  9.96e-001  3.78e-003  2.07e-005  9.10e-007  2.91e-008  2.35e-011  8.28e-011  2.45e-008  4.80e-016  1.48e-020  
4.94239e+016 1.97e-013  9.96e-001  3.87e-003  2.29e-005  1.01e-006  3.14e-008  2.03e-011  8.94e-011  2.32e-008  4.66e-016  1.64e-020  
4.95192e+016 2.10e-013  9.96e-001  3.95e-003  2.52e-005  1.11e-006  3.38e-008  1.72e-011  9.63e-011  2.21e-008  4.52e-016  1.81e-020  
4.96202e+016 2.25e-013  9.96e-001  4.04e-003  2.77e-005  1.21e-006  3.65e-008  1.44e-011  1.04e-010  2.10e-008  4.36e-016  1.99e-020  
4.97297e+016 2.42e-013  9.96e-001  4.13e-003  3.05e-005  1.34e-006  3.95e-008  1.20e-011  1.12e-010  2.00e-008  4.21e-016  2.19e-020  
4.98461e+016 2.60e-013  9.96e-001  4.27e-003  3.36e-005  1.48e-006  4.31e-008  9.69e-012  1.22e-010  1.91e-008  4.08e-016  2.41e-020  
4.99670e+016 2.81e-013  9.96e-001  4.37e-003  3.70e-005  1.62e-006  4.66e-008  7.79e-012  1.32e-010  1.82e-008  3.91e-016  2.65e-020  
5.00936e+016 3.03e-013  9.95e-001  4.48e-003  4.05e-005  1.78e-006  5.04e-008  6.13e-012  1.44e-010  1.74e-008  3.76e-016  2.90e-020  
5.02240e+016 3.27e-013  9.95e-001  4.62e-003  4.44e-005  1.95e-006  5.51e-008  4.78e-012  1.56e-010  1.66e-008  3.64e-016  3.19e-020  
5.03584e+016 3.52e-013  9.95e-001  4.78e-003  4.83e-005  2.13e-006  5.97e-008  3.67e-012  1.70e-010  1.58e-008  3.50e-016  3.47e-020  
5.05026e+016 3.80e-013  9.95e-001  4.92e-003  5.29e-005  2.32e-006  6.48e-008  2.74e-012  1.84e-010  1.49e-008  3.37e-016  3.79e-020  
5.05959e+016 3.99e-013  9.95e-001  5.04e-003  5.59e-005  2.45e-006  6.82e-008  2.29e-012  1.94e-010  1.44e-008  3.31e-016  4.01e-020  
5.06957e+016 4.21e-013  9.95e-001  5.13e-003  5.91e-005  2.59e-006  7.17e-008  1.88e-012  2.04e-010  1.39e-008  3.23e-016  4.23e-020  
5.07988e+016 4.44e-013  9.95e-001  5.24e-003  6.23e-005  2.75e-006  7.54e-008  1.53e-012  2.15e-010  1.33e-008  3.15e-016  4.48e-020  
5.09058e+016 4.71e-013  9.95e-001  5.36e-003  6.57e-005  2.89e-006  7.93e-008  1.26e-012  2.25e-010  1.27e-008  3.08e-016  4.72e-020  
5.10237e+016 5.00e-013  9.94e-001  5.48e-003  6.94e-005  3.04e-006  8.36e-008  9.96e-013  2.38e-010  1.21e-008  3.02e-016  4.98e-020  
5.11496e+016 5.32e-013  9.94e-001  5.62e-003  7.35e-005  3.23e-006  8.83e-008  7.86e-013  2.52e-010  1.14e-008  2.95e-016  5.28e-020  
5.12843e+016 5.68e-013  9.94e-001  5.77e-003  7.81e-005  3.43e-006  9.36e-008  6.12e-013  2.66e-010  1.08e-008  2.89e-016  5.60e-020  
5.14296e+016 6.10e-013  9.94e-001  5.90e-003  8.30e-005  3.64e-006  9.92e-008  4.64e-013  2.82e-010  1.00e-008  2.82e-016  5.95e-020  
5.15425e+016 6.44e-013  9.94e-001  6.01e-003  8.68e-005  3.82e-006  1.04e-007  3.79e-013  2.95e-010  9.46e-009  2.78e-016  6.23e-020  
5.16792e+016 6.86e-013  9.94e-001  6.12e-003  9.15e-005  4.02e-006  1.09e-007  2.96e-013  3.10e-010  8.83e-009  2.74e-016  6.57e-020  
5.18319e+016 7.36e-013  9.94e-001  6.24e-003  9.68e-005  4.25e-006  1.16e-007  2.24e-013  3.29e-010  8.16e-009  2.71e-016  6.95e-020  
5.19950e+016 7.90e-013  9.94e-001  6.37e-003  1.02e-004  4.49e-006  1.23e-007  1.68e-013  3.49e-010  7.47e-009  2.67e-016  7.35e-020  
5.21655e+016 8.50e-013  9.93e-001  6.50e-003  1.08e-004  4.76e-006  1.31e-007  1.25e-013  3.71e-010  6.79e-009  2.64e-016  7.77e-020  
5.23457e+016 9.15e-013  9.93e-001  6.62e-003  1.15e-004  5.02e-006  1.39e-007  9.10e-014  3.96e-010  6.13e-009  2.61e-016  8.20e-020  
5.25384e+016 9.90e-013  9.93e-001  6.75e-003  1.20e-004  5.28e-006  1.49e-007  6.52e-014  4.21e-010  5.47e-009  2.60e-016  8.64e-020  
5.27451e+016 1.07e-012  9.93e-001  6.92e-003  1.27e-004  5.60e-006  1.59e-007  4.63e-014  4.52e-010  4.84e-009  2.59e-016  9.15e-020  
5.29668e+016 1.16e-012  9.93e-001  7.10e-003  1.35e-004  5.91e-006  1.71e-007  3.20e-014  4.86e-010  4.22e-009  2.58e-016  9.67e-020  
5.31993e+016 1.26e-012  9.93e-001  7.26e-003  1.42e-004  6.23e-006  1.83e-007  2.20e-014  5.22e-010  3.64e-009  2.57e-016  1.02e-019  
5.34440e+016 1.36e-012  9.92e-001  7.50e-003  1.50e-004  6.60e-006  1.98e-007  1.51e-014  5.65e-010  3.13e-009  2.59e-016  1.08e-019  
5.36995e+016 1.47e-012  9.92e-001  7.75e-003  1.59e-004  7.00e-006  2.15e-007  1.03e-014  6.11e-010  2.67e-009  2.60e-016  1.14e-019  
5.39765e+016 1.59e-012  9.92e-001  8.03e-003  1.68e-004  7.41e-006  2.34e-007  6.97e-015  6.65e-010  2.25e-009  2.63e-016  1.21e-019  
5.42627e+016 1.72e-012  9.92e-001  8.29e-003  1.78e-004  7.83e-006  2.53e-007  4.79e-015  7.19e-010  1.90e-009  2.66e-016  1.28e-019  
5.45738e+016 1.86e-012  9.91e-001  8.62e-003  1.90e-004  8.35e-006  2.79e-007  3.25e-015  7.92e-010  1.58e-009  2.70e-016  1.36e-019  
5.49079e+016 1.99e-012  9.91e-001  9.10e-003  2.03e-004  8.95e-006  3.08e-007  2.29e-015  8.75e-010  1.33e-009  2.78e-016  1.46e-019  
5.52575e+016 2.12e-012  9.90e-001  9.57e-003  2.18e-004  9.57e-006  3.41e-007  1.65e-015  9.71e-010  1.13e-009  2.86e-016  1.57e-019  
5.56155e+016 2.24e-012  9.90e-001  1.01e-002  2.35e-004  1.03e-005  3.79e-007  1.23e-015  1.08e-009  9.67e-010  2.96e-016  1.69e-019  
5.59918e+016 2.36e-012  9.89e-001  1.07e-002  2.54e-004  1.12e-005  4.23e-007  9.68e-016  1.20e-009  8.49e-010  3.08e-016  1.83e-019  
5.63913e+016 2.45e-012  9.88e-001  1.14e-002  2.77e-004  1.22e-005  4.78e-007  7.92e-016  1.36e-009  7.56e-010  3.23e-016  1.99e-019  
5.68226e+016 2.53e-012  9.88e-001  1.21e-002  3.04e-004  1.34e-005  5.41e-007  6.68e-016  1.53e-009  6.79e-010  3.41e-016  2.18e-019  
5.72780e+016 2.58e-012  9.87e-001  1.30e-002  3.35e-004  1.47e-005  6.15e-007  5.84e-016  1.75e-009  6.27e-010  3.62e-016  2.40e-019  
5.77650e+016 2.61e-012  9.86e-001  1.40e-002  3.74e-004  1.64e-005  7.09e-007  5.41e-016  2.01e-009  5.91e-010  3.87e-016  2.68e-019  
5.82707e+016 2.59e-012  9.84e-001  1.52e-002  4.21e-004  1.84e-005  8.22e-007  5.21e-016  2.33e-009  5.67e-010  4.17e-016  3.00e-019  
5.88124e+016 2.55e-012  9.83e-001  1.64e-002  4.74e-004  2.07e-005  9.56e-007  5.17e-016  2.71e-009  5.48e-010  4.50e-016  3.38e-019  
5.93801e+016 2.48e-012  9.82e-001  1.78e-002  5.37e-004  2.36e-005  1.12e-006  5.37e-016  3.17e-009  5.45e-010  4.93e-016  3.84e-019  
5.99878e+016 2.37e-012  9.80e-001  1.95e-002  6.17e-004  2.70e-005  1.32e-006  5.74e-016  3.74e-009  5.49e-010  5.36e-016  4.39e-019  
6.06254e+016 2.24e-012  9.78e-001  2.12e-002  7.06e-004  3.11e-005  1.56e-006  6.39e-016  4.43e-009  5.58e-010  5.90e-016  5.05e-019  
6.12860e+016 2.09e-012  9.76e-001  2.32e-002  8.18e-004  3.59e-005  1.86e-006  7.37e-016  5.26e-009  5.79e-010  6.51e-016  5.84e-019  
6.19772e+016 1.93e-012  9.74e-001  2.54e-002  9.48e-004  4.17e-005  2.21e-006  8.70e-016  6.27e-009  6.06e-010  7.20e-016  6.78e-019  
6.27006e+016 1.77e-012  9.71e-001  2.78e-002  1.11e-003  4.84e-005  2.63e-006  1.04e-015  7.45e-009  6.38e-010  8.02e-016  7.90e-019  
6.34752e+016 1.61e-012  9.68e-001  3.05e-002  1.28e-003  5.65e-005  3.13e-006  1.30e-015  8.87e-009  6.76e-010  8.94e-016  9.18e-019  
6.43223e+016 1.45e-012  9.65e-001  3.37e-002  1.51e-003  6.63e-005  3.75e-006  1.68e-015  1.06e-008  7.30e-010  9.99e-016  1.08e-018  
6.52408e+016 1.29e-012  9.61e-001  3.75e-002  1.79e-003  7.82e-005  4.53e-006  2.26e-015  1.29e-008  8.06e-010  1.13e-015  1.28e-018  
6.62440e+016 1.14e-012  9.56e-001  4.20e-002  2.12e-003  9.29e-005  5.49e-006  3.13e-015  1.55e-008  8.94e-010  1.30e-015  1.52e-018  
6.73219e+016 9.99e-013  9.50e-001  4.75e-002  2.53e-003  1.11e-004  6.67e-006  4.47e-015  1.89e-008  1.00e-009  1.50e-015  1.80e-018  
6.84641e+016 8.76e-013  9.43e-001  5.39e-002  3.00e-003  1.31e-004  8.06e-006  6.55e-015  2.28e-008  1.14e-009  1.75e-015  2.15e-018  
6.96945e+016 7.68e-013  9.35e-001  6.15e-002  3.54e-003  1.56e-004  9.69e-006  9.91e-015  2.73e-008  1.30e-009  2.06e-015  2.53e-018  
7.10391e+016 6.73e-013  9.25e-001  7.08e-002  4.18e-003  1.84e-004  1.16e-005  1.56e-014  3.29e-008  1.49e-009  2.47e-015  2.99e-018  
7.25155e+016 5.90e-013  9.13e-001  8.23e-002  4.92e-003  2.15e-004  1.39e-005  2.56e-014  3.94e-008  1.71e-009  3.00e-015  3.51e-018  
7.42223e+016 5.16e-013  8.97e-001  9.72e-002  5.79e-003  2.54e-004  1.67e-005  4.49e-014  4.71e-008  1.98e-009  3.78e-015  4.13e-018  
7.63108e+016 4.51e-013  8.75e-001  1.17e-001  6.85e-003  3.01e-004  2.00e-005  8.82e-014  5.67e-008  2.24e-009  5.01e-015  4.88e-018  
7.86896e+016 3.99e-013  8.48e-001  1.44e-001  7.98e-003  3.51e-004  2.39e-005  1.88e-013  6.75e-008  2.49e-009  6.98e-015  5.70e-018  
8.18150e+016 3.52e-013  8.09e-001  1.81e-001  9.34e-003  4.09e-004  2.87e-005  4.97e-013  8.09e-008  2.68e-009  1.08e-014  6.67e-018  
8.55776e+016 3.17e-013  7.60e-001  2.29e-001  1.08e-002  4.73e-004  3.41e-005  1.55e-012  9.59e-008  2.74e-009  1.81e-014  7.66e-018  
9.00548e+016 2.89e-013  7.01e-001  2.86e-001  1.22e-002  5.35e-004  4.01e-005  5.77e-012  1.13e-007  2.76e-009  3.37e-014  8.67e-018  
9.53916e+016 2.67e-013  6.33e-001  3.52e-001  1.37e-002  6.03e-004  4.72e-005  2.65e-011  1.34e-007  2.89e-009  7.01e-014  9.78e-018  
1.01535e+017 2.48e-013  5.61e-001  4.23e-001  1.53e-002  6.73e-004  5.61e-005  1.37e-010  1.59e-007  3.41e-009  1.58e-013  1.09e-017  
1.09249e+017 2.30e-013  4.82e-001  5.00e-001  1.72e-002  7.56e-004  6.82e-005  7.52e-010  1.93e-007  5.00e-009  4.07e-013  1.23e-017  
1.19176e+017 2.11e-013  3.97e-001  5.82e-001  1.96e-002  8.62e-004  8.57e-005  2.49e-009  2.42e-007  8.71e-009  1.07e-012  1.40e-017  
1.32448e+017 1.91e-013  3.17e-001  6.59e-001  2.28e-002  1.00e-003  1.13e-004  3.11e-009  3.18e-007  1.13e-008  2.20e-012  1.63e-017  
