! 0       OH + GRAIN -> *OH + GRAIN
! 1       *H2O + CRPhoton -> *OH + *H
! 2       *H2O + CRPhoton -> *OH + *H
! 3       *H + *O -> *OH
! 4       *CH3OH + CRPhoton -> *OH + *CH3
! 5       *CH3OH + CRPhoton -> *OH + *CH3
! 6       *H + *H2O2 -> *H2O + *OH
! 7       *O + *HNO -> *NO + *OH
! 8       *N + *HOCO -> *OH + *OCN
! 9       *HCOOH + CRPhoton -> *HCO + *OH
! 10      *O + *HOCO -> *OH + *CO2
!            tot_rate   0          1          2          3          4          5          6          7          8          9          10         
1.58188e+013 5.85e-014  1.04e-002  1.23e-003  2.10e-001  6.22e-001  1.12e-004  5.07e-003  1.51e-001  3.31e-012  1.34e-007  3.64e-004  1.43e-021  
3.50727e+014 5.85e-014  1.04e-002  1.23e-003  2.10e-001  6.22e-001  1.12e-004  5.07e-003  1.51e-001  3.31e-012  1.34e-007  3.64e-004  1.43e-021  
5.21628e+015 5.86e-014  1.04e-002  1.23e-003  2.10e-001  6.23e-001  1.12e-004  5.07e-003  1.50e-001  3.31e-012  1.35e-007  3.63e-004  1.43e-021  
2.67137e+016 1.08e-013  1.42e-002  6.73e-004  1.15e-001  7.57e-001  6.15e-005  2.77e-003  1.10e-001  4.09e-012  3.02e-007  1.99e-004  3.22e-021  
3.33598e+016 1.74e-013  1.53e-002  4.24e-004  7.26e-002  7.89e-001  3.88e-005  1.75e-003  1.20e-001  8.76e-012  1.14e-006  1.26e-004  1.84e-020  
3.42055e+016 1.37e-013  1.46e-002  5.41e-004  9.26e-002  7.58e-001  4.94e-005  2.23e-003  1.32e-001  2.43e-011  3.57e-006  1.60e-004  9.84e-020  
3.44017e+016 1.27e-013  1.43e-002  5.84e-004  9.97e-002  7.49e-001  5.34e-005  2.41e-003  1.34e-001  3.54e-011  5.21e-006  1.73e-004  1.77e-019  
3.46353e+016 1.15e-013  1.40e-002  6.52e-004  1.11e-001  7.35e-001  5.96e-005  2.69e-003  1.36e-001  6.33e-011  8.91e-006  1.93e-004  4.15e-019  
3.48860e+016 1.01e-013  1.35e-002  7.46e-004  1.27e-001  7.17e-001  6.81e-005  3.07e-003  1.38e-001  1.44e-010  1.73e-005  2.21e-004  1.27e-018  
3.51370e+016 8.67e-014  1.29e-002  8.69e-004  1.49e-001  6.95e-001  7.94e-005  3.59e-003  1.38e-001  4.27e-010  3.67e-005  2.57e-004  5.02e-018  
3.53250e+016 7.67e-014  1.24e-002  9.89e-004  1.68e-001  6.77e-001  9.04e-005  4.08e-003  1.37e-001  1.18e-009  6.82e-005  2.93e-004  1.67e-017  
3.55515e+016 6.53e-014  1.17e-002  1.17e-003  1.99e-001  6.50e-001  1.07e-004  4.83e-003  1.33e-001  5.61e-009  1.62e-004  3.46e-004  9.96e-017  
3.57182e+016 5.76e-014  1.10e-002  1.34e-003  2.27e-001  6.26e-001  1.22e-004  5.50e-003  1.28e-001  2.27e-008  3.42e-004  3.96e-004  4.84e-016  
3.58524e+016 5.20e-014  1.04e-002  1.49e-003  2.54e-001  6.05e-001  1.36e-004  6.13e-003  1.22e-001  8.28e-008  6.61e-004  4.40e-004  2.09e-015  
3.60047e+016 4.64e-014  9.55e-003  1.68e-003  2.87e-001  5.80e-001  1.54e-004  6.94e-003  1.14e-001  4.31e-007  1.43e-003  5.00e-004  1.35e-014  
3.61718e+016 4.11e-014  8.49e-003  1.93e-003  3.28e-001  5.47e-001  1.76e-004  7.95e-003  1.02e-001  3.40e-006  3.06e-003  5.71e-004  1.41e-013  
3.62899e+016 3.79e-014  7.69e-003  2.12e-003  3.62e-001  5.20e-001  1.94e-004  8.74e-003  9.40e-002  1.65e-005  4.41e-003  6.29e-004  8.56e-013  
3.63893e+016 3.54e-014  7.04e-003  2.30e-003  3.93e-001  4.95e-001  2.10e-004  9.47e-003  8.68e-002  6.70e-005  5.29e-003  6.79e-004  4.27e-012  
3.64972e+016 3.31e-014  6.26e-003  2.50e-003  4.26e-001  4.69e-001  2.28e-004  1.03e-002  7.89e-002  3.17e-004  5.74e-003  7.41e-004  2.55e-011  
3.66124e+016 3.10e-014  5.49e-003  2.73e-003  4.65e-001  4.36e-001  2.49e-004  1.12e-002  7.07e-002  1.72e-003  5.81e-003  8.08e-004  1.79e-010  
3.67348e+016 2.80e-014  4.89e-003  3.10e-003  5.28e-001  3.68e-001  2.83e-004  1.28e-002  6.57e-002  1.05e-002  6.00e-003  9.17e-004  1.40e-009  
3.68621e+016 2.16e-014  5.04e-003  4.17e-003  7.13e-001  1.32e-001  3.81e-004  1.72e-002  7.64e-002  4.29e-002  7.73e-003  1.24e-003  6.11e-009  
3.69700e+016 1.94e-014  4.60e-003  4.82e-003  8.19e-001  1.84e-002  4.40e-004  1.98e-002  7.73e-002  4.57e-002  8.50e-003  1.43e-003  7.83e-009  
3.70376e+016 1.94e-014  4.07e-003  4.94e-003  8.45e-001  4.38e-003  4.51e-004  2.04e-002  7.26e-002  3.86e-002  8.14e-003  1.47e-003  7.93e-009  
3.71087e+016 1.96e-014  3.55e-003  5.03e-003  8.61e-001  9.88e-004  4.60e-004  2.07e-002  6.83e-002  3.10e-002  7.64e-003  1.50e-003  7.79e-009  
3.71826e+016 2.00e-014  3.07e-003  5.11e-003  8.71e-001  2.30e-004  4.67e-004  2.11e-002  6.51e-002  2.51e-002  7.01e-003  1.52e-003  7.71e-009  
3.72589e+016 2.05e-014  2.64e-003  5.17e-003  8.78e-001  5.85e-005  4.72e-004  2.13e-002  6.39e-002  2.07e-002  6.19e-003  1.55e-003  7.80e-009  
3.73370e+016 2.11e-014  2.28e-003  5.17e-003  8.81e-001  1.74e-005  4.74e-004  2.14e-002  6.49e-002  1.74e-002  5.31e-003  1.57e-003  8.01e-009  
3.74165e+016 2.15e-014  2.01e-003  5.16e-003  8.78e-001  6.88e-006  4.79e-004  2.15e-002  7.06e-002  1.57e-002  4.40e-003  1.61e-003  8.92e-009  
3.74829e+016 2.15e-014  1.86e-003  5.08e-003  8.71e-001  4.29e-006  4.80e-004  2.17e-002  7.92e-002  1.56e-002  3.73e-003  1.67e-003  1.13e-008  
3.75505e+016 2.06e-014  1.80e-003  4.99e-003  8.53e-001  4.39e-006  4.83e-004  2.18e-002  9.40e-002  1.86e-002  3.33e-003  1.78e-003  1.94e-008  
3.76194e+016 1.83e-014  1.91e-003  4.76e-003  8.14e-001  1.04e-005  4.87e-004  2.20e-002  1.20e-001  3.10e-002  3.42e-003  2.00e-003  6.34e-008  
3.76839e+016 1.43e-014  2.32e-003  4.13e-003  7.06e-001  1.12e-004  4.72e-004  2.13e-002  1.75e-001  8.39e-002  4.29e-003  2.38e-003  5.87e-007  
3.76854e+016 1.42e-014  2.34e-003  4.11e-003  7.01e-001  1.22e-004  4.72e-004  2.13e-002  1.77e-001  8.68e-002  4.33e-003  2.39e-003  6.31e-007  
3.76877e+016 1.40e-014  2.37e-003  4.07e-003  6.94e-001  1.41e-004  4.70e-004  2.13e-002  1.80e-001  9.09e-002  4.39e-003  2.41e-003  7.12e-007  
3.76917e+016 1.37e-014  2.41e-003  3.98e-003  6.80e-001  1.80e-004  4.66e-004  2.11e-002  1.86e-001  9.87e-002  4.49e-003  2.43e-003  8.70e-007  
3.76980e+016 1.32e-014  2.49e-003  3.84e-003  6.55e-001  2.76e-004  4.58e-004  2.07e-002  1.97e-001  1.14e-001  4.65e-003  2.48e-003  1.24e-006  
3.77083e+016 1.24e-014  2.64e-003  3.55e-003  6.06e-001  6.06e-004  4.40e-004  1.99e-002  2.16e-001  1.43e-001  4.94e-003  2.55e-003  2.35e-006  
3.77248e+016 1.10e-014  2.96e-003  2.95e-003  5.03e-001  2.97e-003  3.96e-004  1.79e-002  2.61e-001  2.01e-001  5.45e-003  2.65e-003  8.04e-006  
3.77450e+016 8.26e-015  3.92e-003  1.97e-003  3.35e-001  5.05e-002  3.16e-004  1.43e-002  3.63e-001  2.19e-001  5.52e-003  2.89e-003  6.21e-005  
3.77655e+016 2.28e-015  1.43e-002  4.69e-004  7.98e-002  6.05e-001  1.50e-004  6.75e-003  2.78e-001  2.11e-003  4.69e-003  4.60e-003  4.95e-004  
3.77936e+016 1.35e-015  2.49e-002  1.09e-006  1.87e-004  9.43e-001  1.86e-006  8.39e-005  2.01e-002  4.20e-003  5.12e-003  1.05e-003  9.58e-004  
3.78016e+016 1.30e-015  2.61e-002  1.49e-007  2.55e-005  9.54e-001  4.23e-007  1.91e-005  7.77e-003  4.69e-003  5.22e-003  5.84e-004  1.19e-003  
3.78111e+016 1.25e-015  2.76e-002  1.30e-008  2.22e-006  9.58e-001  6.67e-008  3.01e-006  2.40e-003  5.24e-003  5.35e-003  2.78e-004  1.50e-003  
3.78273e+016 1.18e-015  3.04e-002  7.84e-010  1.34e-007  9.55e-001  2.49e-009  1.12e-007  2.93e-004  6.15e-003  5.57e-003  7.30e-005  2.19e-003  
3.78530e+016 1.08e-015  3.64e-002  6.45e-010  1.10e-007  9.46e-001  8.60e-011  3.88e-009  7.87e-006  7.63e-003  5.90e-003  7.04e-006  3.85e-003  
3.78818e+016 9.61e-016  4.71e-002  6.58e-010  1.12e-007  9.30e-001  8.00e-011  3.61e-009  2.33e-007  9.13e-003  6.37e-003  3.66e-007  6.84e-003  
3.79076e+016 8.45e-016  6.34e-002  6.91e-010  1.18e-007  9.09e-001  8.42e-011  3.80e-009  1.25e-007  1.02e-002  6.63e-003  2.04e-008  1.07e-002  
3.79253e+016 7.93e-016  7.76e-002  7.02e-010  1.20e-007  8.92e-001  8.54e-011  3.85e-009  1.08e-007  1.05e-002  6.60e-003  3.19e-009  1.32e-002  
3.79502e+016 7.24e-016  1.06e-001  7.16e-010  1.22e-007  8.60e-001  8.72e-011  3.94e-009  8.89e-008  1.06e-002  6.55e-003  1.17e-009  1.77e-002  
3.79755e+016 6.68e-016  1.45e-001  7.29e-010  1.25e-007  8.16e-001  8.88e-011  4.01e-009  7.39e-008  1.04e-002  6.45e-003  1.07e-009  2.25e-002  
3.79897e+016 6.41e-016  1.73e-001  7.37e-010  1.26e-007  7.85e-001  8.96e-011  4.04e-009  6.69e-008  1.02e-002  6.40e-003  1.05e-009  2.53e-002  
3.79918e+016 6.37e-016  1.77e-001  7.36e-010  1.26e-007  7.80e-001  8.96e-011  4.03e-009  6.59e-008  1.01e-002  6.37e-003  1.05e-009  2.57e-002  
3.79956e+016 6.30e-016  1.86e-001  7.38e-010  1.26e-007  7.71e-001  8.97e-011  4.05e-009  6.43e-008  1.00e-002  6.36e-003  1.04e-009  2.67e-002  
3.80017e+016 6.20e-016  2.00e-001  7.38e-010  1.26e-007  7.56e-001  8.98e-011  4.05e-009  6.14e-008  9.86e-003  6.33e-003  1.03e-009  2.79e-002  
3.80129e+016 6.04e-016  2.29e-001  7.39e-010  1.26e-007  7.25e-001  8.99e-011  4.06e-009  5.66e-008  9.55e-003  6.26e-003  1.02e-009  3.03e-002  
3.80319e+016 5.80e-016  2.83e-001  7.40e-010  1.26e-007  6.67e-001  9.00e-011  4.05e-009  4.93e-008  8.93e-003  6.14e-003  9.93e-010  3.45e-002  
3.80578e+016 5.58e-016  3.68e-001  7.33e-010  1.25e-007  5.79e-001  8.87e-011  4.00e-009  4.09e-008  7.91e-003  5.97e-003  9.50e-010  3.94e-002  
3.80629e+016 5.55e-016  3.84e-001  7.30e-010  1.25e-007  5.62e-001  8.83e-011  3.98e-009  3.93e-008  7.69e-003  5.93e-003  9.41e-010  4.02e-002  
3.80713e+016 5.50e-016  4.13e-001  7.25e-010  1.24e-007  5.33e-001  8.76e-011  3.94e-009  3.71e-008  7.33e-003  5.87e-003  9.27e-010  4.14e-002  
3.80859e+016 5.44e-016  4.63e-001  7.16e-010  1.22e-007  4.81e-001  8.63e-011  3.89e-009  3.34e-008  6.71e-003  5.75e-003  9.02e-010  4.32e-002  
3.81083e+016 5.33e-016  5.38e-001  7.05e-010  1.20e-007  4.05e-001  8.46e-011  3.83e-009  2.87e-008  5.76e-003  5.59e-003  8.68e-010  4.50e-002  
3.81265e+016 5.21e-016  5.97e-001  7.04e-010  1.20e-007  3.47e-001  8.40e-011  3.80e-009  2.57e-008  5.05e-003  5.47e-003  8.52e-010  4.55e-002  
3.81480e+016 5.01e-016  6.60e-001  7.14e-010  1.22e-007  2.85e-001  8.46e-011  3.81e-009  2.29e-008  4.31e-003  5.33e-003  8.40e-010  4.45e-002  
3.81769e+016 4.59e-016  7.34e-001  7.58e-010  1.29e-007  2.18e-001  8.86e-011  4.01e-009  2.07e-008  3.44e-003  5.16e-003  8.51e-010  3.98e-002  
3.81836e+016 4.46e-016  7.49e-001  7.76e-010  1.32e-007  2.04e-001  9.06e-011  4.08e-009  2.05e-008  3.27e-003  5.11e-003  8.61e-010  3.84e-002  
3.81952e+016 4.20e-016  7.74e-001  8.17e-010  1.40e-007  1.82e-001  9.51e-011  4.29e-009  2.02e-008  3.00e-003  5.08e-003  8.89e-010  3.55e-002  
3.82149e+016 3.66e-016  8.14e-001  9.21e-010  1.57e-007  1.48e-001  1.06e-010  4.78e-009  2.03e-008  2.53e-003  4.97e-003  9.59e-010  2.98e-002  
3.82433e+016 2.77e-016  8.65e-001  1.19e-009  2.03e-007  1.07e-001  1.36e-010  6.13e-009  2.18e-008  1.89e-003  4.83e-003  1.16e-009  2.05e-002  
3.82740e+016 1.79e-016  9.14e-001  1.80e-009  3.08e-007  6.91e-002  2.03e-010  9.14e-009  2.56e-008  1.14e-003  4.66e-003  1.62e-009  1.09e-002  
3.83054e+016 9.66e-017  9.56e-001  3.29e-009  5.62e-007  3.51e-002  3.64e-010  1.65e-008  3.30e-008  4.04e-004  4.44e-003  2.75e-009  3.74e-003  
3.83376e+016 4.45e-017  9.81e-001  6.96e-009  1.19e-006  1.39e-002  7.59e-010  3.41e-008  4.15e-008  9.86e-005  4.11e-003  5.43e-009  8.26e-004  
3.83751e+016 1.94e-017  9.93e-001  1.56e-008  2.66e-006  3.70e-003  1.64e-009  7.41e-008  3.56e-008  2.13e-005  3.56e-003  1.13e-008  1.19e-004  
3.84132e+016 1.65e-017  9.97e-001  1.80e-008  3.08e-006  4.84e-004  1.76e-009  7.96e-008  9.84e-009  2.81e-006  2.92e-003  1.15e-008  1.57e-005  
3.84531e+016 2.45e-017  9.98e-001  1.19e-008  2.04e-006  1.06e-004  9.89e-010  4.46e-008  1.92e-009  6.50e-007  2.24e-003  6.01e-009  6.17e-006  
3.84962e+016 3.62e-017  9.98e-001  7.99e-009  1.36e-006  5.67e-005  4.59e-010  2.07e-008  1.07e-009  3.37e-007  1.61e-003  2.61e-009  5.72e-006  
3.85449e+016 3.90e-017  9.99e-001  7.32e-009  1.25e-006  4.43e-005  1.87e-010  8.45e-009  8.86e-010  2.45e-007  1.11e-003  1.02e-009  5.69e-006  
3.85990e+016 2.36e-017  9.99e-001  1.21e-008  2.06e-006  6.77e-005  5.63e-011  2.54e-009  1.18e-009  3.59e-007  7.37e-004  3.56e-010  6.10e-006  
3.86597e+016 1.10e-017  9.99e-001  2.57e-008  4.40e-006  1.60e-004  4.78e-012  2.15e-010  1.80e-009  8.09e-007  4.58e-004  9.63e-011  7.60e-006  
3.87288e+016 1.21e-017  1.00e+000  2.35e-008  4.01e-006  2.02e-004  7.32e-013  3.30e-011  1.02e-009  9.25e-007  2.71e-004  6.35e-011  1.16e-005  
3.88139e+016 1.96e-017  1.00e+000  1.47e-008  2.50e-006  1.96e-004  8.26e-013  3.73e-011  3.66e-010  7.85e-007  1.59e-004  5.87e-011  1.87e-005  
3.89093e+016 3.42e-017  1.00e+000  8.59e-009  1.46e-006  1.95e-004  9.38e-013  4.24e-011  1.38e-010  7.02e-007  1.28e-004  5.61e-011  3.07e-005  
3.90068e+016 5.69e-017  1.00e+000  5.32e-009  9.08e-007  2.14e-004  9.77e-013  4.41e-011  7.27e-011  7.06e-007  1.79e-004  5.67e-011  4.76e-005  
3.91088e+016 8.98e-017  9.99e-001  3.51e-009  5.99e-007  2.58e-004  9.57e-013  4.32e-011  5.09e-011  7.74e-007  2.95e-004  6.03e-011  6.94e-005  
3.92181e+016 1.34e-016  9.99e-001  2.48e-009  4.23e-007  3.39e-004  9.02e-013  4.09e-011  4.47e-011  9.02e-007  4.51e-004  6.64e-011  9.32e-005  
3.93325e+016 1.90e-016  9.99e-001  1.86e-009  3.17e-007  4.62e-004  8.36e-013  3.77e-011  4.63e-011  1.07e-006  5.94e-004  7.41e-011  1.13e-004  
3.94519e+016 2.55e-016  9.99e-001  1.49e-009  2.54e-007  6.30e-004  7.71e-013  3.49e-011  5.36e-011  1.25e-006  6.89e-004  8.26e-011  1.21e-004  
3.95803e+016 3.28e-016  9.98e-001  1.26e-009  2.15e-007  8.40e-004  7.21e-013  3.27e-011  6.69e-011  1.41e-006  7.21e-004  9.10e-011  1.16e-004  
3.97190e+016 4.03e-016  9.98e-001  1.13e-009  1.93e-007  1.07e-003  6.88e-013  3.10e-011  8.72e-011  1.52e-006  6.93e-004  9.93e-011  9.81e-005  
3.98699e+016 4.74e-016  9.98e-001  1.08e-009  1.84e-007  1.29e-003  6.75e-013  3.04e-011  1.17e-010  1.58e-006  6.27e-004  1.08e-010  7.32e-005  
4.00514e+016 5.46e-016  9.98e-001  1.09e-009  1.85e-007  1.47e-003  6.79e-013  3.06e-011  1.65e-010  1.59e-006  5.27e-004  1.17e-010  4.61e-005  
4.02549e+016 6.09e-016  9.98e-001  1.16e-009  1.99e-007  1.55e-003  6.99e-013  3.15e-011  2.35e-010  1.56e-006  4.20e-004  1.28e-010  2.51e-005  
4.04761e+016 6.63e-016  9.98e-001  1.31e-009  2.23e-007  1.54e-003  7.27e-013  3.27e-011  3.38e-010  1.50e-006  3.23e-004  1.39e-010  1.23e-005  
4.07070e+016 7.10e-016  9.98e-001  1.53e-009  2.62e-007  1.48e-003  7.56e-013  3.41e-011  4.83e-010  1.42e-006  2.41e-004  1.53e-010  5.63e-006  
4.09451e+016 7.56e-016  9.98e-001  1.84e-009  3.13e-007  1.41e-003  7.74e-013  3.49e-011  6.94e-010  1.38e-006  1.73e-004  1.72e-010  2.45e-006  
4.11988e+016 8.08e-016  9.99e-001  2.25e-009  3.85e-007  1.37e-003  7.82e-013  3.53e-011  1.01e-009  1.36e-006  1.17e-004  1.94e-010  1.00e-006  
4.14624e+016 8.73e-016  9.99e-001  2.81e-009  4.79e-007  1.37e-003  7.78e-013  3.50e-011  1.49e-009  1.37e-006  7.34e-005  2.22e-010  4.01e-007  
4.17462e+016 9.70e-016  9.99e-001  3.54e-009  6.06e-007  1.44e-003  7.51e-013  3.39e-011  2.22e-009  1.41e-006  4.01e-005  2.62e-010  1.50e-007  
4.20512e+016 1.12e-015  9.98e-001  4.50e-009  7.68e-007  1.54e-003  6.88e-013  3.10e-011  3.33e-009  1.41e-006  1.81e-005  3.16e-010  5.13e-008  
4.23867e+016 1.36e-015  9.98e-001  5.79e-009  9.91e-007  1.64e-003  5.59e-013  2.53e-011  5.04e-009  1.27e-006  6.17e-006  3.97e-010  1.48e-008  
4.27356e+016 1.72e-015  9.98e-001  7.49e-009  1.28e-006  1.66e-003  3.80e-013  1.71e-011  8.01e-009  9.34e-007  1.61e-006  5.13e-010  3.58e-009  
4.30994e+016 2.25e-015  9.98e-001  9.89e-009  1.69e-006  1.93e-003  2.13e-013  9.63e-012  1.42e-008  6.39e-007  3.34e-007  6.79e-010  8.43e-010  
4.34671e+016 2.98e-015  9.97e-001  1.35e-008  2.31e-006  2.56e-003  9.24e-014  4.16e-012  3.53e-008  3.66e-007  5.94e-008  9.10e-010  1.41e-010  
4.38104e+016 3.12e-015  9.97e-001  2.31e-008  3.94e-006  3.46e-003  3.65e-014  1.64e-012  2.37e-007  1.90e-007  1.28e-008  1.17e-009  1.60e-011  
4.41007e+016 2.80e-015  9.95e-001  4.32e-008  7.39e-006  4.53e-003  1.54e-014  6.96e-013  2.74e-006  1.06e-007  5.53e-009  1.35e-009  1.89e-012  
4.42181e+016 2.66e-015  9.95e-001  5.67e-008  9.65e-006  5.11e-003  1.07e-014  4.84e-013  7.96e-006  8.33e-008  3.87e-009  1.40e-009  7.58e-013  
4.42811e+016 2.62e-015  9.94e-001  6.48e-008  1.10e-005  5.60e-003  8.84e-015  4.00e-013  1.38e-005  7.54e-008  3.12e-009  1.41e-009  4.80e-013  
4.43809e+016 2.71e-015  9.94e-001  7.58e-008  1.29e-005  5.77e-003  6.58e-015  2.96e-013  3.18e-005  5.65e-008  2.08e-009  1.42e-009  2.09e-013  
4.45030e+016 2.75e-015  9.94e-001  9.43e-008  1.61e-005  5.83e-003  5.10e-015  2.30e-013  8.41e-005  3.93e-008  1.19e-009  1.39e-009  7.28e-014  
4.45401e+016 2.64e-015  9.94e-001  1.06e-007  1.81e-005  5.96e-003  5.05e-015  2.27e-013  1.18e-004  3.56e-008  9.75e-010  1.39e-009  5.01e-014  
4.45998e+016 2.60e-015  9.94e-001  1.21e-007  2.06e-005  5.93e-003  5.32e-015  2.40e-013  1.88e-004  2.97e-008  7.13e-010  1.35e-009  2.89e-014  
4.46779e+016 2.70e-015  9.94e-001  1.36e-007  2.32e-005  5.97e-003  6.49e-015  2.93e-013  3.13e-004  2.37e-008  4.63e-010  1.31e-009  1.50e-014  
4.48006e+016 2.74e-015  9.93e-001  1.72e-007  2.93e-005  6.06e-003  1.24e-014  5.62e-013  6.57e-004  1.71e-008  2.36e-010  1.26e-009  5.37e-015  
4.48529e+016 2.54e-015  9.93e-001  2.07e-007  3.53e-005  6.34e-003  1.93e-014  8.71e-013  9.57e-004  1.55e-008  1.74e-010  1.30e-009  3.29e-015  
4.48834e+016 2.43e-015  9.93e-001  2.31e-007  3.93e-005  6.22e-003  2.53e-014  1.14e-012  1.17e-003  1.40e-008  1.51e-010  1.22e-009  2.38e-015  
4.49346e+016 2.53e-015  9.92e-001  2.46e-007  4.19e-005  6.21e-003  3.49e-014  1.57e-012  1.44e-003  1.23e-008  1.20e-010  1.20e-009  1.67e-015  
4.49870e+016 2.61e-015  9.92e-001  2.66e-007  4.52e-005  6.20e-003  4.90e-014  2.21e-012  1.75e-003  1.10e-008  9.61e-011  1.20e-009  1.18e-015  
4.50684e+016 2.65e-015  9.91e-001  3.11e-007  5.31e-005  6.26e-003  8.52e-014  3.84e-012  2.35e-003  9.42e-009  6.97e-011  1.21e-009  6.90e-016  
4.51867e+016 2.64e-015  9.90e-001  4.02e-007  6.87e-005  6.37e-003  1.87e-013  8.42e-012  3.46e-003  7.74e-009  4.74e-011  1.23e-009  3.30e-016  
4.51946e+016 2.43e-015  9.89e-001  4.49e-007  7.67e-005  6.80e-003  2.18e-013  9.85e-012  3.89e-003  8.00e-009  4.45e-011  1.32e-009  2.96e-016  
4.52061e+016 2.23e-015  9.89e-001  5.08e-007  8.63e-005  6.83e-003  2.66e-013  1.20e-011  4.40e-003  7.86e-009  4.33e-011  1.33e-009  2.52e-016  
4.52265e+016 2.24e-015  9.89e-001  5.28e-007  8.99e-005  6.58e-003  3.00e-013  1.36e-011  4.61e-003  7.34e-009  4.18e-011  1.26e-009  2.18e-016  
4.52632e+016 2.31e-015  9.88e-001  5.51e-007  9.36e-005  6.55e-003  3.61e-013  1.63e-011  4.90e-003  6.89e-009  3.92e-011  1.25e-009  1.83e-016  
4.53239e+016 2.42e-015  9.88e-001  5.99e-007  1.02e-004  6.57e-003  4.92e-013  2.22e-011  5.41e-003  6.37e-009  3.55e-011  1.29e-009  1.41e-016  
4.54167e+016 2.47e-015  9.87e-001  7.16e-007  1.22e-004  6.63e-003  8.17e-013  3.69e-011  6.47e-003  5.74e-009  3.09e-011  1.37e-009  9.38e-017  
4.55446e+016 2.43e-015  9.85e-001  9.81e-007  1.67e-004  6.80e-003  1.71e-012  7.75e-011  8.36e-003  5.03e-009  2.61e-011  1.51e-009  5.15e-017  
4.55658e+016 2.40e-015  9.84e-001  1.04e-006  1.78e-004  6.88e-003  1.96e-012  8.84e-011  8.80e-003  4.92e-009  2.54e-011  1.55e-009  4.63e-017  
4.55697e+016 2.23e-015  9.83e-001  1.14e-006  1.94e-004  7.36e-003  2.17e-012  9.78e-011  9.56e-003  5.16e-009  2.47e-011  1.65e-009  4.38e-017  
4.55761e+016 2.01e-015  9.81e-001  1.29e-006  2.20e-004  7.77e-003  2.54e-012  1.15e-010  1.08e-002  5.38e-009  2.45e-011  1.76e-009  4.03e-017  
4.55871e+016 1.94e-015  9.81e-001  1.37e-006  2.33e-004  7.49e-003  2.81e-012  1.27e-010  1.14e-002  5.14e-009  2.45e-011  1.70e-009  3.58e-017  
4.56066e+016 1.96e-015  9.81e-001  1.42e-006  2.42e-004  7.20e-003  3.08e-012  1.39e-010  1.16e-002  4.85e-009  2.44e-011  1.61e-009  3.22e-017  
4.56410e+016 2.02e-015  9.81e-001  1.49e-006  2.54e-004  7.13e-003  3.57e-012  1.61e-010  1.18e-002  4.67e-009  2.43e-011  1.61e-009  2.88e-017  
4.56849e+016 2.09e-015  9.80e-001  1.59e-006  2.72e-004  7.13e-003  4.35e-012  1.97e-010  1.22e-002  4.52e-009  2.43e-011  1.68e-009  2.54e-017  
4.57241e+016 2.14e-015  9.80e-001  1.71e-006  2.91e-004  7.19e-003  5.23e-012  2.35e-010  1.27e-002  4.36e-009  2.39e-011  1.76e-009  2.23e-017  
4.57850e+016 2.17e-015  9.79e-001  1.94e-006  3.31e-004  7.25e-003  6.97e-012  3.15e-010  1.37e-002  4.14e-009  2.33e-011  1.87e-009  1.78e-017  
4.58802e+016 2.13e-015  9.76e-001  2.48e-006  4.24e-004  7.42e-003  1.16e-011  5.21e-010  1.59e-002  3.90e-009  2.26e-011  2.06e-009  1.24e-017  
4.59720e+016 2.06e-015  9.73e-001  3.23e-006  5.50e-004  7.69e-003  1.92e-011  8.66e-010  1.85e-002  3.73e-009  2.22e-011  2.30e-009  8.86e-018  
4.59734e+016 2.04e-015  9.73e-001  3.28e-006  5.60e-004  7.76e-003  1.95e-011  8.80e-010  1.88e-002  3.72e-009  2.20e-011  2.32e-009  8.65e-018  
4.59759e+016 1.92e-015  9.71e-001  3.51e-006  6.00e-004  8.20e-003  2.11e-011  9.50e-010  2.00e-002  3.87e-009  2.14e-011  2.46e-009  8.25e-018  
4.59802e+016 1.72e-015  9.68e-001  4.00e-006  6.82e-004  8.98e-003  2.44e-011  1.10e-009  2.24e-002  4.23e-009  2.13e-011  2.71e-009  7.87e-018  
4.59873e+016 1.58e-015  9.65e-001  4.44e-006  7.57e-004  9.28e-003  2.78e-011  1.26e-009  2.45e-002  4.32e-009  2.13e-011  2.83e-009  7.32e-018  
4.59993e+016 1.55e-015  9.65e-001  4.68e-006  7.98e-004  8.81e-003  3.05e-011  1.38e-009  2.53e-002  4.07e-009  2.12e-011  2.72e-009  6.50e-018  
4.60196e+016 1.57e-015  9.65e-001  4.85e-006  8.25e-004  8.38e-003  3.33e-011  1.50e-009  2.57e-002  3.81e-009  2.13e-011  2.56e-009  5.83e-018  
4.60580e+016 1.63e-015  9.65e-001  5.16e-006  8.79e-004  8.30e-003  3.88e-011  1.75e-009  2.61e-002  3.64e-009  2.14e-011  2.49e-009  5.17e-018  
4.61139e+016 1.70e-015  9.64e-001  5.65e-006  9.64e-004  8.35e-003  4.84e-011  2.19e-009  2.67e-002  3.50e-009  2.16e-011  2.60e-009  4.47e-018  
4.61801e+016 1.74e-015  9.62e-001  6.51e-006  1.12e-003  8.53e-003  6.51e-011  2.94e-009  2.82e-002  3.40e-009  2.17e-011  2.84e-009  3.69e-018  
4.62829e+016 1.70e-015  9.57e-001  8.75e-006  1.49e-003  8.93e-003  1.10e-010  4.99e-009  3.24e-002  3.27e-009  2.14e-011  3.28e-009  2.59e-018  
4.63958e+016 1.60e-015  9.49e-001  1.24e-005  2.12e-003  9.62e-003  2.02e-010  9.12e-009  3.90e-002  3.18e-009  2.10e-011  3.78e-009  1.72e-018  
4.64165e+016 1.58e-015  9.48e-001  1.33e-005  2.26e-003  9.73e-003  2.26e-010  1.02e-008  4.03e-002  3.17e-009  2.08e-011  3.87e-009  1.59e-018  
4.64187e+016 1.52e-015  9.46e-001  1.39e-005  2.37e-003  1.01e-002  2.37e-010  1.07e-008  4.20e-002  3.23e-009  2.04e-011  4.03e-009  1.53e-018  
4.64224e+016 1.37e-015  9.39e-001  1.56e-005  2.67e-003  1.12e-002  2.69e-010  1.22e-008  4.66e-002  3.54e-009  1.99e-011  4.46e-009  1.46e-018  
4.64286e+016 1.19e-015  9.30e-001  1.84e-005  3.13e-003  1.27e-002  3.23e-010  1.46e-008  5.40e-002  3.99e-009  1.99e-011  5.04e-009  1.42e-018  
4.64396e+016 1.11e-015  9.25e-001  2.05e-005  3.49e-003  1.30e-002  3.71e-010  1.67e-008  5.85e-002  4.07e-009  1.98e-011  5.18e-009  1.30e-018  
4.64596e+016 1.10e-015  9.23e-001  2.19e-005  3.74e-003  1.25e-002  4.18e-010  1.88e-008  6.03e-002  3.87e-009  2.01e-011  4.93e-009  1.17e-018  
4.64933e+016 1.14e-015  9.23e-001  2.35e-005  4.00e-003  1.21e-002  4.81e-010  2.17e-008  6.07e-002  3.65e-009  2.01e-011  4.60e-009  1.03e-018  
4.65501e+016 1.19e-015  9.22e-001  2.57e-005  4.38e-003  1.21e-002  5.88e-010  2.65e-008  6.14e-002  3.46e-009  2.01e-011  4.49e-009  8.80e-019  
4.66259e+016 1.23e-015  9.18e-001  3.03e-005  5.17e-003  1.26e-002  8.02e-010  3.61e-008  6.43e-002  3.39e-009  2.00e-011  4.82e-009  7.20e-019  
4.67450e+016 1.18e-015  9.03e-001  4.31e-005  7.36e-003  1.43e-002  1.43e-009  6.45e-008  7.53e-002  3.49e-009  1.97e-011  5.76e-009  5.12e-019  
4.68726e+016 1.09e-015  8.78e-001  6.72e-005  1.15e-002  1.73e-002  2.82e-009  1.27e-007  9.27e-002  3.77e-009  1.88e-011  6.99e-009  3.47e-019  
4.69009e+016 1.06e-015  8.71e-001  7.46e-005  1.28e-002  1.81e-002  3.30e-009  1.48e-007  9.77e-002  3.87e-009  1.87e-011  7.30e-009  3.20e-019  
4.69024e+016 1.06e-015  8.71e-001  7.53e-005  1.28e-002  1.83e-002  3.33e-009  1.50e-007  9.82e-002  3.87e-009  1.85e-011  7.34e-009  3.16e-019  
4.69048e+016 1.03e-015  8.66e-001  7.83e-005  1.34e-002  1.89e-002  3.48e-009  1.57e-007  1.01e-001  3.95e-009  1.81e-011  7.58e-009  3.06e-019  
4.69090e+016 9.41e-016  8.54e-001  8.64e-005  1.48e-002  2.08e-002  3.87e-009  1.74e-007  1.11e-001  4.26e-009  1.78e-011  8.27e-009  2.96e-019  
4.69160e+016 8.11e-016  8.28e-001  1.02e-004  1.75e-002  2.47e-002  4.66e-009  2.10e-007  1.29e-001  4.97e-009  1.75e-011  9.52e-009  2.87e-019  
4.69279e+016 7.11e-016  8.01e-001  1.21e-004  2.07e-002  2.87e-002  5.65e-009  2.56e-007  1.49e-001  5.75e-009  1.74e-011  1.06e-008  2.81e-019  
4.69476e+016 6.90e-016  7.90e-001  1.32e-004  2.26e-002  3.03e-002  6.44e-009  2.90e-007  1.57e-001  5.99e-009  1.74e-011  1.05e-008  2.68e-019  
4.69806e+016 7.06e-016  7.88e-001  1.42e-004  2.42e-002  3.09e-002  7.34e-009  3.31e-007  1.57e-001  5.93e-009  1.74e-011  9.86e-009  2.51e-019  
4.70337e+016 7.41e-016  7.84e-001  1.57e-004  2.67e-002  3.13e-002  8.84e-009  3.99e-007  1.58e-001  5.82e-009  1.73e-011  9.27e-009  2.23e-019  
4.70622e+016 7.59e-016  7.82e-001  1.66e-004  2.83e-002  3.18e-002  9.81e-009  4.43e-007  1.58e-001  5.76e-009  1.73e-011  9.17e-009  2.07e-019  
4.71061e+016 7.75e-016  7.73e-001  1.82e-004  3.11e-002  3.30e-002  1.15e-008  5.21e-007  1.63e-001  5.77e-009  1.70e-011  9.29e-009  1.87e-019  
4.71746e+016 7.74e-016  7.53e-001  2.17e-004  3.70e-002  3.64e-002  1.52e-008  6.89e-007  1.73e-001  6.37e-009  1.80e-011  1.00e-008  1.78e-019  
4.72860e+016 7.43e-016  7.04e-001  2.99e-004  5.10e-002  4.56e-002  2.52e-008  1.14e-006  1.99e-001  7.99e-009  1.94e-011  1.20e-008  1.68e-019  
4.74240e+016 6.94e-016  6.17e-001  4.57e-004  7.80e-002  6.37e-002  4.80e-008  2.16e-006  2.41e-001  1.11e-008  2.09e-011  1.54e-008  1.59e-019  
4.74305e+016 6.92e-016  6.13e-001  4.65e-004  7.95e-002  6.47e-002  4.94e-008  2.24e-006  2.43e-001  1.12e-008  2.10e-011  1.56e-008  1.59e-019  
4.74313e+016 6.91e-016  6.12e-001  4.67e-004  7.97e-002  6.49e-002  4.98e-008  2.24e-006  2.43e-001  1.13e-008  2.10e-011  1.56e-008  1.58e-019  
4.74348e+016 6.88e-016  6.07e-001  4.74e-004  8.08e-002  6.57e-002  5.06e-008  2.28e-006  2.46e-001  1.14e-008  2.09e-011  1.57e-008  1.57e-019  
4.74406e+016 6.73e-016  5.95e-001  4.91e-004  8.39e-002  6.81e-002  5.31e-008  2.39e-006  2.53e-001  1.17e-008  2.07e-011  1.62e-008  1.55e-019  
4.74503e+016 6.28e-016  5.60e-001  5.40e-004  9.20e-002  7.51e-002  5.92e-008  2.67e-006  2.72e-001  1.27e-008  2.05e-011  1.75e-008  1.51e-019  
4.74676e+016 5.62e-016  4.95e-001  6.30e-004  1.07e-001  8.93e-002  7.14e-008  3.22e-006  3.08e-001  1.49e-008  2.03e-011  1.98e-008  1.50e-019  
4.74972e+016 5.21e-016  4.26e-001  7.34e-004  1.25e-001  1.08e-001  8.78e-008  3.96e-006  3.40e-001  1.78e-008  2.04e-011  2.15e-008  1.53e-019  
4.75283e+016 5.25e-016  4.00e-001  7.87e-004  1.34e-001  1.18e-001  9.96e-008  4.50e-006  3.47e-001  1.94e-008  2.08e-011  2.17e-008  1.59e-019  
4.75365e+016 5.29e-016  3.97e-001  7.98e-004  1.36e-001  1.20e-001  1.02e-007  4.61e-006  3.46e-001  1.99e-008  2.08e-011  2.16e-008  1.60e-019  
4.75556e+016 5.40e-016  3.91e-001  8.19e-004  1.40e-001  1.24e-001  1.08e-007  4.89e-006  3.45e-001  2.04e-008  2.11e-011  2.15e-008  1.61e-019  
4.75856e+016 5.60e-016  3.84e-001  8.48e-004  1.45e-001  1.28e-001  1.18e-007  5.32e-006  3.43e-001  2.11e-008  2.16e-011  2.12e-008  1.62e-019  
4.76342e+016 5.88e-016  3.71e-001  9.04e-004  1.54e-001  1.34e-001  1.36e-007  6.14e-006  3.40e-001  2.23e-008  2.24e-011  2.14e-008  1.62e-019  
4.77120e+016 6.25e-016  3.36e-001  1.02e-003  1.74e-001  1.46e-001  1.73e-007  7.82e-006  3.42e-001  2.43e-008  2.37e-011  2.26e-008  1.59e-019  
4.78339e+016 6.78e-016  2.67e-001  1.23e-003  2.09e-001  1.71e-001  2.54e-007  1.14e-005  3.51e-001  2.74e-008  2.48e-011  2.54e-008  1.48e-019  
4.79819e+016 7.63e-016  1.89e-001  1.47e-003  2.50e-001  2.07e-001  3.85e-007  1.74e-005  3.52e-001  3.20e-008  2.62e-011  2.91e-008  1.39e-019  
4.80101e+016 7.84e-016  1.76e-001  1.50e-003  2.58e-001  2.14e-001  4.16e-007  1.87e-005  3.51e-001  3.28e-008  2.64e-011  2.98e-008  1.38e-019  
4.80156e+016 7.89e-016  1.74e-001  1.52e-003  2.58e-001  2.15e-001  4.21e-007  1.90e-005  3.51e-001  3.28e-008  2.65e-011  3.00e-008  1.37e-019  
4.80288e+016 7.99e-016  1.66e-001  1.54e-003  2.61e-001  2.20e-001  4.37e-007  1.96e-005  3.50e-001  3.32e-008  2.65e-011  3.03e-008  1.36e-019  
4.80511e+016 8.17e-016  1.57e-001  1.57e-003  2.67e-001  2.26e-001  4.61e-007  2.08e-005  3.49e-001  3.38e-008  2.67e-011  3.08e-008  1.35e-019  
4.80875e+016 8.47e-016  1.39e-001  1.62e-003  2.76e-001  2.37e-001  5.07e-007  2.29e-005  3.46e-001  3.49e-008  2.69e-011  3.19e-008  1.33e-019  
4.81463e+016 9.08e-016  1.19e-001  1.69e-003  2.86e-001  2.55e-001  5.85e-007  2.64e-005  3.38e-001  3.64e-008  2.71e-011  3.33e-008  1.30e-019  
4.82445e+016 1.04e-015  9.73e-002  1.74e-003  2.99e-001  2.81e-001  7.22e-007  3.26e-005  3.21e-001  3.78e-008  2.75e-011  3.52e-008  1.24e-019  
4.83636e+016 1.23e-015  8.35e-002  1.80e-003  3.07e-001  3.11e-001  9.16e-007  4.14e-005  2.97e-001  3.89e-008  2.82e-011  3.78e-008  1.20e-019  
4.84912e+016 1.49e-015  7.64e-002  1.82e-003  3.11e-001  3.39e-001  1.16e-006  5.25e-005  2.71e-001  3.87e-008  2.89e-011  4.09e-008  1.13e-019  
4.86294e+016 1.85e-015  7.52e-002  1.82e-003  3.11e-001  3.68e-001  1.48e-006  6.71e-005  2.44e-001  3.68e-008  2.89e-011  4.45e-008  1.02e-019  
4.87591e+016 2.27e-015  7.85e-002  1.79e-003  3.06e-001  3.94e-001  1.85e-006  8.34e-005  2.20e-001  3.42e-008  2.91e-011  4.81e-008  9.31e-020  
4.88968e+016 2.82e-015  8.62e-002  1.74e-003  2.97e-001  4.18e-001  2.32e-006  1.05e-004  1.96e-001  2.99e-008  2.84e-011  5.21e-008  8.08e-020  
4.90444e+016 3.57e-015  9.92e-002  1.68e-003  2.86e-001  4.40e-001  2.92e-006  1.32e-004  1.73e-001  2.50e-008  2.78e-011  5.69e-008  6.92e-020  
4.91980e+016 4.55e-015  1.19e-001  1.60e-003  2.73e-001  4.55e-001  3.74e-006  1.68e-004  1.52e-001  1.96e-008  2.66e-011  6.20e-008  5.65e-020  
4.93317e+016 5.62e-015  1.41e-001  1.53e-003  2.60e-001  4.62e-001  4.59e-006  2.06e-004  1.35e-001  1.52e-008  2.54e-011  6.67e-008  4.68e-020  
4.94239e+016 6.52e-015  1.60e-001  1.47e-003  2.52e-001  4.63e-001  5.28e-006  2.38e-004  1.24e-001  1.26e-008  2.45e-011  6.98e-008  4.07e-020  
4.95192e+016 7.59e-015  1.83e-001  1.41e-003  2.41e-001  4.61e-001  6.10e-006  2.75e-004  1.13e-001  1.00e-008  2.32e-011  7.31e-008  3.40e-020  
4.96202e+016 8.91e-015  2.10e-001  1.35e-003  2.30e-001  4.55e-001  7.09e-006  3.20e-004  1.03e-001  7.80e-009  2.19e-011  7.66e-008  2.80e-020  
4.97297e+016 1.06e-014  2.42e-001  1.28e-003  2.17e-001  4.46e-001  8.28e-006  3.74e-004  9.31e-002  5.87e-009  2.05e-011  8.01e-008  2.27e-020  
4.98461e+016 1.28e-014  2.78e-001  1.20e-003  2.05e-001  4.33e-001  9.69e-006  4.37e-004  8.28e-002  4.19e-009  1.85e-011  8.36e-008  1.73e-020  
4.99670e+016 1.55e-014  3.16e-001  1.12e-003  1.92e-001  4.16e-001  1.14e-005  5.12e-004  7.42e-002  2.97e-009  1.66e-011  8.65e-008  1.30e-020  
5.00936e+016 1.88e-014  3.55e-001  1.05e-003  1.79e-001  3.99e-001  1.33e-005  6.01e-004  6.59e-002  2.01e-009  1.42e-011  8.98e-008  9.36e-021  
5.02240e+016 2.28e-014  3.92e-001  9.83e-004  1.68e-001  3.81e-001  1.56e-005  7.06e-004  5.83e-002  1.34e-009  1.18e-011  9.30e-008  6.54e-021  
5.03584e+016 2.75e-014  4.25e-001  9.20e-004  1.57e-001  3.64e-001  1.83e-005  8.25e-004  5.20e-002  8.84e-010  9.46e-012  9.56e-008  4.44e-021  
5.05026e+016 3.32e-014  4.58e-001  8.64e-004  1.48e-001  3.46e-001  2.15e-005  9.73e-004  4.64e-002  5.57e-010  7.29e-012  9.82e-008  2.80e-021  
5.05959e+016 3.75e-014  4.77e-001  8.30e-004  1.41e-001  3.36e-001  2.37e-005  1.07e-003  4.32e-002  4.27e-010  6.27e-012  9.90e-008  2.14e-021  
5.06957e+016 4.23e-014  4.94e-001  7.96e-004  1.36e-001  3.28e-001  2.62e-005  1.18e-003  4.04e-002  3.16e-010  5.17e-012  9.99e-008  1.54e-021  
5.07988e+016 4.79e-014  5.10e-001  7.65e-004  1.31e-001  3.20e-001  2.88e-005  1.30e-003  3.76e-002  2.34e-010  4.26e-012  1.00e-007  1.11e-021  
5.09058e+016 5.40e-014  5.26e-001  7.37e-004  1.26e-001  3.11e-001  3.17e-005  1.43e-003  3.52e-002  1.75e-010  3.54e-012  1.00e-007  8.05e-022  
5.10237e+016 6.15e-014  5.42e-001  7.08e-004  1.21e-001  3.03e-001  3.50e-005  1.58e-003  3.29e-002  1.25e-010  2.80e-012  9.95e-008  5.42e-022  
5.11496e+016 7.01e-014  5.57e-001  6.81e-004  1.16e-001  2.94e-001  3.85e-005  1.74e-003  3.07e-002  8.91e-011  2.21e-012  9.86e-008  3.63e-022  
5.12843e+016 8.02e-014  5.71e-001  6.55e-004  1.12e-001  2.86e-001  4.25e-005  1.92e-003  2.87e-002  6.29e-011  1.73e-012  9.72e-008  2.39e-022  
5.14296e+016 9.22e-014  5.85e-001  6.30e-004  1.07e-001  2.78e-001  4.71e-005  2.12e-003  2.68e-002  4.27e-011  1.32e-012  9.51e-008  1.49e-022  
5.15425e+016 1.03e-013  5.96e-001  6.11e-004  1.04e-001  2.72e-001  5.06e-005  2.28e-003  2.53e-002  3.25e-011  1.09e-012  9.31e-008  1.06e-022  
5.16792e+016 1.16e-013  6.07e-001  5.92e-004  1.01e-001  2.65e-001  5.50e-005  2.48e-003  2.40e-002  2.32e-011  8.62e-013  9.06e-008  7.04e-023  
5.18319e+016 1.33e-013  6.19e-001  5.70e-004  9.73e-002  2.58e-001  6.01e-005  2.72e-003  2.25e-002  1.60e-011  6.60e-013  8.75e-008  4.38e-023  
5.19950e+016 1.52e-013  6.30e-001  5.52e-004  9.43e-002  2.51e-001  6.59e-005  2.97e-003  2.11e-002  1.09e-011  5.00e-013  8.44e-008  2.68e-023  
5.21655e+016 1.74e-013  6.43e-001  5.33e-004  9.07e-002  2.43e-001  7.17e-005  3.24e-003  1.98e-002  7.29e-012  3.66e-013  8.04e-008  1.56e-023  
5.23457e+016 1.99e-013  6.52e-001  5.17e-004  8.83e-002  2.36e-001  7.83e-005  3.54e-003  1.87e-002  4.88e-012  2.70e-013  7.68e-008  9.08e-024  
5.25384e+016 2.29e-013  6.63e-001  5.02e-004  8.55e-002  2.29e-001  8.55e-005  3.86e-003  1.76e-002  3.18e-012  1.92e-013  7.29e-008  5.02e-024  
5.27451e+016 2.64e-013  6.74e-001  4.88e-004  8.33e-002  2.21e-001  9.31e-005  4.20e-003  1.66e-002  2.05e-012  1.36e-013  6.85e-008  2.70e-024  
5.29668e+016 3.07e-013  6.85e-001  4.73e-004  8.09e-002  2.13e-001  1.00e-004  4.53e-003  1.56e-002  1.28e-012  9.20e-014  6.39e-008  1.38e-024  
5.31993e+016 3.53e-013  6.95e-001  4.62e-004  7.91e-002  2.06e-001  1.09e-004  4.93e-003  1.48e-002  8.05e-013  6.26e-014  5.95e-008  6.97e-025  
5.34440e+016 4.07e-013  7.05e-001  4.52e-004  7.73e-002  1.98e-001  1.17e-004  5.30e-003  1.40e-002  4.96e-013  4.15e-014  5.50e-008  3.39e-025  
5.36995e+016 4.67e-013  7.13e-001  4.46e-004  7.60e-002  1.91e-001  1.26e-004  5.70e-003  1.33e-002  3.08e-013  2.76e-014  5.10e-008  1.66e-025  
5.39765e+016 5.36e-013  7.22e-001  4.40e-004  7.50e-002  1.84e-001  1.36e-004  6.12e-003  1.28e-002  1.85e-013  1.76e-014  4.70e-008  7.59e-026  
5.42627e+016 6.11e-013  7.30e-001  4.37e-004  7.44e-002  1.77e-001  1.45e-004  6.56e-003  1.22e-002  1.14e-013  1.15e-014  4.35e-008  3.60e-026  
5.45738e+016 6.94e-013  7.36e-001  4.36e-004  7.45e-002  1.70e-001  1.57e-004  7.07e-003  1.18e-002  6.71e-014  7.16e-015  4.03e-008  1.56e-026  
5.49079e+016 7.85e-013  7.41e-001  4.39e-004  7.50e-002  1.64e-001  1.69e-004  7.63e-003  1.15e-002  4.05e-014  4.55e-015  3.74e-008  6.96e-027  
5.52575e+016 8.78e-013  7.45e-001  4.47e-004  7.62e-002  1.58e-001  1.83e-004  8.25e-003  1.12e-002  2.43e-014  2.86e-015  3.51e-008  3.04e-027  
5.56155e+016 9.67e-013  7.47e-001  4.59e-004  7.83e-002  1.54e-001  1.99e-004  8.96e-003  1.11e-002  1.49e-014  1.82e-015  3.34e-008  1.37e-027  
5.59918e+016 1.05e-012  7.47e-001  4.75e-004  8.12e-002  1.50e-001  2.17e-004  9.79e-003  1.10e-002  9.44e-015  1.20e-015  3.23e-008  6.37e-028  
5.63913e+016 1.13e-012  7.44e-001  5.00e-004  8.52e-002  1.48e-001  2.38e-004  1.07e-002  1.11e-002  6.06e-015  7.92e-016  3.19e-008  3.00e-028  
5.68226e+016 1.19e-012  7.39e-001  5.32e-004  9.05e-002  1.47e-001  2.66e-004  1.20e-002  1.13e-002  3.96e-015  5.29e-016  3.22e-008  1.43e-028  
5.72780e+016 1.24e-012  7.28e-001  5.74e-004  9.83e-002  1.47e-001  2.98e-004  1.35e-002  1.15e-002  2.63e-015  3.58e-016  3.34e-008  6.91e-029  
5.77650e+016 1.27e-012  7.15e-001  6.29e-004  1.07e-001  1.49e-001  3.40e-004  1.53e-002  1.19e-002  1.84e-015  2.53e-016  3.59e-008  3.57e-029  
5.82707e+016 1.27e-012  6.96e-001  6.96e-004  1.19e-001  1.54e-001  3.90e-004  1.76e-002  1.24e-002  1.35e-015  1.86e-016  3.99e-008  1.98e-029  
5.88124e+016 1.25e-012  6.72e-001  7.81e-004  1.34e-001  1.60e-001  4.53e-004  2.04e-002  1.30e-002  1.01e-015  1.39e-016  4.57e-008  1.11e-029  
5.93801e+016 1.21e-012  6.42e-001  8.81e-004  1.51e-001  1.68e-001  5.28e-004  2.38e-002  1.37e-002  7.97e-016  1.10e-016  5.40e-008  6.89e-030  
5.99878e+016 1.17e-012  6.07e-001  1.00e-003  1.71e-001  1.78e-001  6.19e-004  2.80e-002  1.43e-002  6.47e-016  9.00e-017  6.53e-008  4.41e-030  
6.06254e+016 1.11e-012  5.67e-001  1.14e-003  1.95e-001  1.88e-001  7.25e-004  3.27e-002  1.48e-002  5.49e-016  7.66e-017  8.00e-008  3.06e-030  
6.12860e+016 1.06e-012  5.25e-001  1.29e-003  2.21e-001  1.99e-001  8.42e-004  3.79e-002  1.53e-002  4.87e-016  6.96e-017  9.81e-008  2.33e-030  
6.19772e+016 1.01e-012  4.81e-001  1.44e-003  2.47e-001  2.10e-001  9.68e-004  4.37e-002  1.56e-002  4.39e-016  6.48e-017  1.20e-007  1.86e-030  
6.27006e+016 9.68e-013  4.38e-001  1.61e-003  2.75e-001  2.19e-001  1.11e-003  4.97e-002  1.57e-002  4.05e-016  6.28e-017  1.46e-007  1.56e-030  
6.34752e+016 9.33e-013  3.96e-001  1.77e-003  3.01e-001  2.28e-001  1.24e-003  5.58e-002  1.55e-002  3.84e-016  6.40e-017  1.75e-007  1.41e-030  
6.43223e+016 9.04e-013  3.56e-001  1.92e-003  3.27e-001  2.36e-001  1.38e-003  6.23e-002  1.53e-002  3.74e-016  6.86e-017  2.09e-007  1.37e-030  
6.52408e+016 8.83e-013  3.21e-001  2.06e-003  3.52e-001  2.40e-001  1.52e-003  6.85e-002  1.47e-002  3.74e-016  7.76e-017  2.46e-007  1.43e-030  
6.62440e+016 8.68e-013  2.88e-001  2.20e-003  3.75e-001  2.44e-001  1.65e-003  7.45e-002  1.41e-002  3.81e-016  9.17e-017  2.87e-007  1.55e-030  
6.73219e+016 8.59e-013  2.60e-001  2.32e-003  3.96e-001  2.47e-001  1.77e-003  8.01e-002  1.33e-002  3.97e-016  1.14e-016  3.31e-007  1.81e-030  
6.84641e+016 8.53e-013  2.37e-001  2.41e-003  4.13e-001  2.48e-001  1.89e-003  8.52e-002  1.27e-002  4.29e-016  1.49e-016  3.76e-007  2.25e-030  
6.96945e+016 8.53e-013  2.18e-001  2.51e-003  4.28e-001  2.48e-001  1.98e-003  8.95e-002  1.18e-002  4.78e-016  2.07e-016  4.24e-007  3.01e-030  
7.10391e+016 8.55e-013  2.02e-001  2.57e-003  4.40e-001  2.49e-001  2.07e-003  9.34e-002  1.12e-002  5.59e-016  3.11e-016  4.76e-007  4.36e-030  
7.25155e+016 8.61e-013  1.90e-001  2.64e-003  4.49e-001  2.48e-001  2.14e-003  9.66e-002  1.06e-002  6.81e-016  5.00e-016  5.29e-007  6.84e-030  
7.42223e+016 8.74e-013  1.82e-001  2.68e-003  4.57e-001  2.47e-001  2.20e-003  9.90e-002  1.01e-002  8.88e-016  9.02e-016  5.88e-007  1.20e-029  
7.63108e+016 8.90e-013  1.76e-001  2.71e-003  4.62e-001  2.46e-001  2.24e-003  1.01e-001  9.69e-003  1.28e-015  1.94e-015  6.59e-007  2.52e-029  
7.86896e+016 9.10e-013  1.75e-001  2.72e-003  4.64e-001  2.45e-001  2.25e-003  1.02e-001  9.51e-003  2.06e-015  4.84e-015  7.38e-007  6.17e-029  
8.18150e+016 9.39e-013  1.76e-001  2.72e-003  4.63e-001  2.45e-001  2.25e-003  1.01e-001  9.61e-003  4.02e-015  1.67e-014  8.43e-007  2.10e-028  
8.55776e+016 9.73e-013  1.81e-001  2.70e-003  4.61e-001  2.44e-001  2.21e-003  9.99e-002  1.01e-002  9.43e-015  7.68e-014  9.77e-007  9.56e-028  
9.00548e+016 1.01e-012  1.89e-001  2.66e-003  4.54e-001  2.43e-001  2.16e-003  9.73e-002  1.09e-002  2.64e-014  4.74e-013  1.15e-006  5.94e-027  
9.53916e+016 1.06e-012  2.00e-001  2.61e-003  4.46e-001  2.43e-001  2.09e-003  9.42e-002  1.22e-002  8.77e-014  4.14e-012  1.38e-006  5.24e-026  
1.01535e+017 1.11e-012  2.15e-001  2.55e-003  4.35e-001  2.41e-001  1.99e-003  8.97e-002  1.37e-002  3.16e-013  4.99e-011  1.69e-006  5.98e-025  
1.09249e+017 1.19e-012  2.37e-001  2.45e-003  4.18e-001  2.39e-001  1.88e-003  8.50e-002  1.59e-002  1.28e-012  9.76e-010  2.15e-006  9.93e-024  
