! 0       CH3OH + H2 -> CH2OH + H + H2
! 1       CH3OH + H -> CH2OH + H2
! 2       CH3OH + OH -> CH2OH + H2O
! 3       CH3OH + O -> OH + CH2OH
! 4       CH3OH + CH3 -> CH4 + CH2OH
! 5       CH2CO + OH -> CH2OH + CO
! 6       C2H5OH + H2 -> CH3 + CH2OH + H2
! 7       *CH2OH + H2 -> CH2OH + H2
! 8       *CH2OH + He -> CH2OH + He
! 9       *H + *H2CO -> CH2OH
!            tot_rate   0          1          2          3          4          5          6          7          8          9          
1.58188e+013 2.28e-019  0.00e+000  0.00e+000  1.00e-001  0.00e+000  0.00e+000  9.00e-001  0.00e+000  0.00e+000  0.00e+000  6.28e-005  
3.50727e+014 2.28e-019  0.00e+000  0.00e+000  1.00e-001  0.00e+000  0.00e+000  9.00e-001  0.00e+000  0.00e+000  0.00e+000  6.28e-005  
5.21628e+015 2.28e-019  0.00e+000  0.00e+000  1.00e-001  0.00e+000  0.00e+000  9.00e-001  0.00e+000  0.00e+000  0.00e+000  6.28e-005  
2.67137e+016 2.28e-019  0.00e+000  0.00e+000  1.00e-001  0.00e+000  0.00e+000  8.99e-001  0.00e+000  0.00e+000  0.00e+000  6.32e-005  
3.33598e+016 2.28e-019  0.00e+000  0.00e+000  1.01e-001  0.00e+000  0.00e+000  8.99e-001  0.00e+000  0.00e+000  0.00e+000  6.18e-005  
3.42055e+016 2.28e-019  0.00e+000  2.64e-077  1.01e-001  0.00e+000  0.00e+000  8.99e-001  0.00e+000  0.00e+000  0.00e+000  5.00e-005  
3.44017e+016 2.28e-019  0.00e+000  1.26e-076  1.01e-001  0.00e+000  0.00e+000  8.99e-001  0.00e+000  0.00e+000  0.00e+000  4.65e-005  
3.46353e+016 2.28e-019  0.00e+000  1.31e-075  1.01e-001  0.00e+000  0.00e+000  8.99e-001  0.00e+000  0.00e+000  0.00e+000  4.21e-005  
3.48860e+016 2.28e-019  0.00e+000  3.60e-074  1.01e-001  0.00e+000  0.00e+000  8.99e-001  0.00e+000  0.00e+000  0.00e+000  3.71e-005  
3.51370e+016 2.28e-019  0.00e+000  3.14e-072  1.01e-001  0.00e+000  0.00e+000  8.99e-001  0.00e+000  0.00e+000  0.00e+000  3.17e-005  
3.53250e+016 2.28e-019  0.00e+000  2.51e-070  1.01e-001  0.00e+000  0.00e+000  8.99e-001  0.00e+000  0.00e+000  3.45e-063  2.76e-005  
3.55515e+016 2.28e-019  0.00e+000  2.47e-067  1.01e-001  0.00e+000  0.00e+000  8.99e-001  0.00e+000  0.00e+000  3.08e-043  2.26e-005  
3.57182e+016 2.28e-019  0.00e+000  1.74e-064  1.01e-001  7.02e-075  0.00e+000  8.99e-001  0.00e+000  0.00e+000  6.67e-030  1.91e-005  
3.58524e+016 2.28e-019  0.00e+000  1.07e-061  1.01e-001  1.31e-071  0.00e+000  8.99e-001  0.00e+000  4.01e-072  1.27e-022  1.64e-005  
3.60047e+016 2.28e-019  0.00e+000  7.14e-058  1.02e-001  3.91e-067  0.00e+000  8.98e-001  0.00e+000  3.29e-054  9.07e-015  1.36e-005  
3.61718e+016 2.28e-019  0.00e+000  9.85e-053  1.02e-001  4.04e-061  0.00e+000  8.98e-001  0.00e+000  3.27e-033  1.87e-010  1.09e-005  
3.62899e+016 2.29e-019  0.00e+000  1.95e-048  1.03e-001  4.23e-056  0.00e+000  8.97e-001  0.00e+000  1.15e-026  5.16e-009  9.14e-006  
3.63893e+016 2.29e-019  0.00e+000  2.19e-044  1.04e-001  2.28e-051  0.00e+000  8.96e-001  0.00e+000  7.39e-018  2.42e-008  7.87e-006  
3.64972e+016 2.29e-019  0.00e+000  1.45e-039  1.06e-001  9.55e-046  0.00e+000  8.94e-001  0.00e+000  3.17e-012  9.34e-008  6.68e-006  
3.66124e+016 2.31e-019  0.00e+000  5.08e-034  1.11e-001  2.70e-039  6.33e-071  8.89e-001  0.00e+000  1.66e-009  2.66e-007  5.55e-006  
3.67348e+016 2.42e-019  0.00e+000  8.83e-028  1.54e-001  4.58e-032  7.88e-060  8.46e-001  0.00e+000  3.47e-008  6.97e-007  4.46e-006  
3.68621e+016 2.98e-019  0.00e+000  3.49e-021  3.12e-001  1.75e-024  3.34e-048  6.88e-001  0.00e+000  2.09e-007  1.45e-006  3.24e-006  
3.69700e+016 4.45e-019  0.00e+000  6.56e-016  5.39e-001  1.88e-018  7.12e-039  4.61e-001  0.00e+000  4.58e-007  2.09e-006  1.97e-006  
3.70376e+016 6.46e-019  0.00e+000  6.78e-013  6.83e-001  5.08e-015  1.70e-033  3.17e-001  0.00e+000  6.07e-007  2.31e-006  1.28e-006  
3.71087e+016 1.04e-018  0.00e+000  5.05e-010  8.03e-001  9.04e-012  2.48e-028  1.97e-001  0.00e+000  7.28e-007  2.30e-006  7.51e-007  
3.71826e+016 1.80e-018  0.00e+000  2.11e-007  8.86e-001  7.91e-009  1.40e-023  1.14e-001  0.00e+000  7.91e-007  2.19e-006  4.19e-007  
3.72589e+016 3.27e-018  0.00e+000  4.01e-005  9.37e-001  2.68e-006  2.08e-019  6.31e-002  0.00e+000  8.24e-007  2.01e-006  2.29e-007  
3.73370e+016 6.13e-018  5.34e-073  2.99e-003  9.63e-001  2.95e-004  6.04e-016  3.36e-002  0.00e+000  8.26e-007  1.83e-006  1.26e-007  
3.74165e+016 1.27e-017  8.48e-054  7.86e-002  8.96e-001  9.74e-003  3.02e-013  1.62e-002  5.04e-074  7.64e-007  1.48e-006  6.49e-008  
3.74829e+016 4.07e-017  5.77e-042  3.68e-001  5.77e-001  4.98e-002  9.84e-012  5.08e-003  6.68e-057  4.00e-007  7.36e-007  2.17e-008  
3.75505e+016 2.25e-016  7.07e-033  6.67e-001  2.40e-001  9.21e-002  9.12e-011  7.47e-004  5.91e-044  1.25e-007  2.08e-007  4.10e-009  
3.76194e+016 1.41e-015  1.32e-025  8.02e-001  8.95e-002  1.08e-001  4.52e-010  9.09e-005  7.74e-034  3.28e-008  5.15e-008  6.31e-010  
3.76839e+016 7.34e-015  6.74e-020  8.54e-001  3.81e-002  1.08e-001  1.59e-009  1.39e-005  3.75e-026  1.04e-008  1.50e-008  1.01e-010  
3.76854e+016 7.61e-015  8.81e-020  8.55e-001  3.74e-002  1.07e-001  1.63e-009  1.34e-005  5.35e-026  1.01e-008  1.46e-008  9.68e-011  
3.76877e+016 8.07e-015  1.38e-019  8.56e-001  3.64e-002  1.07e-001  1.71e-009  1.25e-005  9.65e-026  9.71e-009  1.40e-008  9.02e-011  
3.76917e+016 8.89e-015  2.86e-019  8.58e-001  3.48e-002  1.07e-001  1.83e-009  1.12e-005  2.52e-025  9.09e-009  1.30e-008  8.03e-011  
3.76980e+016 1.04e-014  9.16e-019  8.61e-001  3.22e-002  1.07e-001  2.07e-009  9.40e-006  1.16e-024  8.20e-009  1.17e-008  6.62e-011  
3.77083e+016 1.34e-014  5.82e-018  8.66e-001  2.86e-002  1.05e-001  2.49e-009  7.09e-006  1.29e-023  6.96e-009  9.86e-009  4.81e-011  
3.77248e+016 1.99e-014  1.04e-016  8.72e-001  2.39e-002  1.04e-001  3.35e-009  4.55e-006  5.31e-022  5.46e-009  7.67e-009  2.77e-011  
3.77450e+016 3.25e-014  2.90e-015  8.80e-001  1.94e-002  1.01e-001  4.74e-009  2.66e-006  3.72e-020  4.40e-009  6.03e-009  1.12e-011  
3.77655e+016 5.23e-014  6.13e-014  8.86e-001  1.62e-002  9.74e-002  6.59e-009  1.60e-006  1.79e-018  4.49e-009  6.00e-009  2.45e-013  
3.77936e+016 7.06e-014  9.47e-013  8.92e-001  1.42e-002  9.43e-002  8.99e-009  1.18e-006  5.41e-017  2.93e-009  3.81e-009  1.07e-016  
3.78016e+016 7.63e-014  2.02e-012  8.93e-001  1.38e-002  9.32e-002  9.81e-009  1.09e-006  1.36e-016  3.20e-009  4.13e-009  1.01e-017  
3.78111e+016 8.37e-014  5.02e-012  8.95e-001  1.33e-002  9.20e-002  1.09e-008  9.99e-007  4.10e-016  3.60e-009  4.61e-009  6.49e-019  
3.78273e+016 9.81e-014  2.30e-011  8.97e-001  1.26e-002  8.99e-002  1.31e-008  8.68e-007  2.55e-015  4.36e-009  5.54e-009  8.55e-020  
3.78530e+016 1.26e-013  2.44e-010  9.02e-001  1.19e-002  8.62e-002  1.75e-008  7.12e-007  4.07e-014  5.89e-009  7.36e-009  4.56e-020  
3.78818e+016 1.66e-013  3.13e-009  9.06e-001  1.20e-002  8.21e-002  2.45e-008  6.04e-007  7.49e-013  8.27e-009  1.01e-008  2.45e-020  
3.79076e+016 2.10e-013  2.68e-008  9.10e-001  1.26e-002  7.76e-002  3.32e-008  5.48e-007  8.05e-012  1.08e-008  1.29e-008  1.41e-020  
3.79253e+016 2.47e-013  1.08e-007  9.12e-001  1.33e-002  7.46e-002  4.09e-008  5.23e-007  3.62e-011  1.24e-008  1.46e-008  9.85e-021  
3.79502e+016 3.06e-013  6.96e-007  9.15e-001  1.48e-002  6.99e-002  5.56e-008  5.10e-007  2.54e-010  1.50e-008  1.73e-008  6.01e-021  
3.79755e+016 3.75e-013  4.21e-006  9.27e-001  1.71e-002  5.59e-002  7.80e-008  5.25e-007  1.55e-009  1.78e-008  2.03e-008  3.81e-021  
3.79897e+016 4.21e-013  1.08e-005  9.32e-001  1.86e-002  4.92e-002  9.49e-008  5.37e-007  3.90e-009  1.95e-008  2.20e-008  2.95e-021  
3.79918e+016 4.28e-013  1.25e-005  9.33e-001  1.89e-002  4.84e-002  9.77e-008  5.40e-007  4.46e-009  1.98e-008  2.23e-008  2.85e-021  
3.79956e+016 4.40e-013  1.58e-005  9.34e-001  1.93e-002  4.68e-002  1.03e-007  5.43e-007  5.59e-009  2.03e-008  2.27e-008  2.66e-021  
3.80017e+016 4.62e-013  2.32e-005  9.36e-001  2.01e-002  4.42e-002  1.12e-007  5.50e-007  8.04e-009  2.11e-008  2.36e-008  2.40e-021  
3.80129e+016 5.02e-013  4.58e-005  9.39e-001  2.15e-002  3.99e-002  1.32e-007  5.62e-007  1.51e-008  2.25e-008  2.49e-008  1.99e-021  
3.80319e+016 5.79e-013  1.42e-004  9.42e-001  2.40e-002  3.35e-002  1.76e-007  5.78e-007  4.19e-008  2.50e-008  2.73e-008  1.45e-021  
3.80578e+016 7.03e-013  6.03e-004  9.46e-001  2.76e-002  2.57e-002  2.65e-007  5.93e-007  1.45e-007  2.82e-008  3.03e-008  9.56e-022  
3.80629e+016 7.30e-013  7.85e-004  9.46e-001  2.82e-002  2.45e-002  2.86e-007  5.93e-007  1.81e-007  2.88e-008  3.10e-008  8.85e-022  
3.80713e+016 7.74e-013  1.19e-003  9.47e-001  2.93e-002  2.25e-002  3.28e-007  5.97e-007  2.53e-007  2.98e-008  3.19e-008  7.80e-022  
3.80859e+016 8.56e-013  2.39e-003  9.47e-001  3.11e-002  1.93e-002  4.16e-007  5.96e-007  4.36e-007  3.14e-008  3.35e-008  6.33e-022  
3.81083e+016 1.01e-012  6.91e-003  9.45e-001  3.30e-002  1.48e-002  6.10e-007  5.76e-007  9.49e-007  3.37e-008  3.53e-008  4.55e-022  
3.81265e+016 1.15e-012  1.53e-002  9.39e-001  3.37e-002  1.17e-002  8.45e-007  5.44e-007  1.62e-006  3.50e-008  3.62e-008  3.50e-022  
3.81480e+016 1.34e-012  3.46e-002  9.24e-001  3.32e-002  8.49e-003  1.25e-006  4.94e-007  2.61e-006  3.61e-008  3.69e-008  2.59e-022  
3.81769e+016 1.73e-012  9.99e-002  8.66e-001  2.93e-002  5.04e-003  2.27e-006  3.87e-007  4.27e-006  3.47e-008  3.52e-008  1.69e-022  
3.81836e+016 1.85e-012  1.24e-001  8.44e-001  2.79e-002  4.39e-003  2.63e-006  3.59e-007  4.58e-006  3.41e-008  3.45e-008  1.53e-022  
3.81952e+016 2.09e-012  1.72e-001  7.99e-001  2.50e-002  3.37e-003  3.41e-006  3.08e-007  4.93e-006  3.26e-008  3.29e-008  1.27e-022  
3.82149e+016 2.72e-012  2.87e-001  6.92e-001  1.90e-002  1.96e-003  5.30e-006  2.16e-007  4.97e-006  2.88e-008  2.86e-008  8.76e-023  
3.82433e+016 4.47e-012  4.92e-001  4.97e-001  1.03e-002  7.18e-004  9.58e-006  1.05e-007  3.74e-006  2.14e-008  2.09e-008  4.61e-023  
3.82740e+016 8.74e-012  6.98e-001  2.98e-001  3.71e-003  1.81e-004  1.29e-005  3.61e-008  1.88e-006  1.33e-008  1.28e-008  2.02e-023  
3.83054e+016 1.86e-011  8.37e-001  1.62e-001  9.66e-004  3.27e-005  1.31e-005  9.44e-009  6.71e-007  6.44e-009  6.22e-009  8.10e-024  
3.83376e+016 4.02e-011  9.14e-001  8.55e-002  2.07e-004  4.35e-006  1.11e-005  2.04e-009  1.91e-007  3.30e-009  3.11e-009  3.23e-024  
3.83751e+016 9.20e-011  9.58e-001  4.21e-002  3.82e-005  2.95e-007  7.15e-006  3.86e-010  4.10e-008  2.44e-009  2.26e-009  1.23e-024  
3.84132e+016 1.87e-010  9.81e-001  1.94e-002  1.46e-005  1.70e-008  3.76e-006  1.57e-010  1.18e-008  2.42e-009  2.23e-009  5.47e-025  
3.84531e+016 3.29e-010  9.91e-001  9.45e-003  1.02e-005  2.93e-009  1.99e-006  1.27e-010  7.11e-009  2.63e-009  2.40e-009  2.94e-025  
3.84962e+016 4.57e-010  9.95e-001  4.79e-003  7.44e-006  1.34e-009  1.24e-006  1.26e-010  8.05e-009  2.87e-009  2.56e-009  2.17e-025  
3.85449e+016 3.96e-010  9.98e-001  2.50e-003  4.04e-006  6.92e-010  8.43e-007  1.38e-010  1.34e-008  3.46e-009  3.08e-009  2.65e-025  
3.85990e+016 1.33e-010  9.99e-001  1.37e-003  1.27e-006  3.99e-010  5.63e-007  1.97e-010  3.75e-008  6.10e-009  5.38e-009  7.51e-025  
3.86597e+016 8.02e-012  9.99e-001  7.90e-004  3.22e-007  2.87e-010  4.02e-007  9.98e-010  3.08e-007  2.63e-008  2.27e-008  9.44e-024  
3.87288e+016 1.66e-013  1.00e+000  4.86e-004  2.01e-007  2.77e-010  3.26e-007  2.47e-008  3.76e-006  1.62e-007  1.38e-007  2.49e-022  
3.88139e+016 1.13e-014  1.00e+000  3.18e-004  1.88e-007  2.99e-010  2.72e-007  1.38e-007  7.11e-006  1.81e-007  1.54e-007  1.15e-021  
3.89093e+016 1.01e-015  1.00e+000  2.36e-004  2.03e-007  3.39e-010  2.17e-007  2.40e-007  7.20e-006  2.43e-007  2.04e-007  1.75e-021  
3.90068e+016 3.16e-016  1.00e+000  2.00e-004  2.27e-007  3.86e-010  1.65e-007  6.20e-008  8.67e-006  1.21e-006  1.01e-006  4.05e-022  
3.91088e+016 1.89e-016  1.00e+000  1.94e-004  2.59e-007  4.38e-010  1.25e-007  4.75e-008  2.97e-005  4.90e-006  4.04e-006  3.41e-022  
3.92181e+016 1.25e-016  1.00e+000  2.06e-004  2.93e-007  4.87e-010  9.28e-008  8.80e-008  9.04e-005  1.57e-005  1.29e-005  8.96e-022  
3.93325e+016 8.79e-017  9.99e-001  2.35e-004  3.25e-007  5.26e-010  7.08e-008  1.65e-007  2.21e-004  4.04e-005  3.32e-005  2.32e-021  
3.94519e+016 6.68e-017  9.99e-001  2.82e-004  3.57e-007  5.54e-010  5.63e-008  3.01e-007  4.36e-004  8.43e-005  6.95e-005  5.57e-021  
3.95803e+016 5.53e-017  9.99e-001  3.49e-004  3.85e-007  5.66e-010  4.70e-008  5.16e-007  7.16e-004  1.45e-004  1.19e-004  1.21e-020  
3.97190e+016 5.01e-017  9.98e-001  4.41e-004  4.11e-007  5.61e-010  4.17e-008  7.93e-007  9.96e-004  2.04e-004  1.68e-004  2.36e-020  
3.98699e+016 4.90e-017  9.98e-001  5.63e-004  4.33e-007  5.35e-010  3.98e-008  1.09e-006  1.21e-003  2.39e-004  1.98e-004  4.02e-020  
4.00514e+016 5.08e-017  9.97e-001  7.40e-004  4.54e-007  4.88e-010  4.07e-008  1.38e-006  1.33e-003  2.40e-004  2.01e-004  6.47e-020  
4.02549e+016 5.45e-017  9.97e-001  9.75e-004  4.76e-007  4.26e-010  4.50e-008  1.61e-006  1.36e-003  2.13e-004  1.82e-004  9.66e-020  
4.04761e+016 5.87e-017  9.97e-001  1.28e-003  4.98e-007  3.61e-010  5.33e-008  1.77e-006  1.34e-003  1.76e-004  1.53e-004  1.40e-019  
4.07070e+016 6.28e-017  9.97e-001  1.67e-003  5.24e-007  3.03e-010  6.61e-008  1.91e-006  1.29e-003  1.39e-004  1.24e-004  2.02e-019  
4.09451e+016 6.64e-017  9.96e-001  2.17e-003  5.63e-007  2.53e-010  8.50e-008  2.06e-006  1.24e-003  1.10e-004  1.01e-004  3.10e-019  
4.11988e+016 7.00e-017  9.96e-001  2.87e-003  6.23e-007  2.14e-010  1.14e-007  2.23e-006  1.16e-003  8.64e-005  8.16e-005  5.10e-019  
4.14624e+016 7.28e-017  9.95e-001  3.90e-003  7.23e-007  1.90e-010  1.58e-007  2.53e-006  1.06e-003  6.71e-005  6.61e-005  9.06e-019  
4.17462e+016 7.38e-017  9.93e-001  5.56e-003  9.01e-007  1.80e-010  2.25e-007  3.12e-006  9.08e-004  5.11e-005  5.30e-005  1.82e-018  
4.20512e+016 7.12e-017  9.91e-001  8.43e-003  1.24e-006  1.94e-010  3.30e-007  4.48e-006  6.98e-004  3.79e-005  4.09e-005  4.03e-018  
4.23867e+016 6.38e-017  9.85e-001  1.41e-002  1.94e-006  2.51e-010  5.00e-007  7.94e-006  4.07e-004  2.38e-005  2.76e-005  9.49e-018  
4.27356e+016 5.53e-017  9.74e-001  2.58e-002  3.43e-006  3.98e-010  7.73e-007  1.64e-005  1.42e-004  1.09e-005  1.35e-005  2.13e-017  
4.30994e+016 4.99e-017  9.48e-001  5.23e-002  6.83e-006  9.08e-010  1.26e-006  3.61e-005  2.48e-005  3.07e-006  4.05e-006  4.61e-017  
4.34671e+016 4.96e-017  8.86e-001  1.14e-001  1.49e-005  2.64e-009  2.26e-006  7.52e-005  1.80e-006  4.56e-007  6.47e-007  1.16e-016  
4.38104e+016 5.40e-017  7.57e-001  2.43e-001  2.52e-005  6.04e-009  4.22e-006  9.61e-005  7.87e-008  4.33e-008  6.57e-008  5.50e-016  
4.41007e+016 6.28e-017  5.70e-001  4.30e-001  3.20e-005  1.01e-008  7.09e-006  7.52e-005  4.41e-009  4.17e-009  6.77e-009  3.47e-015  
4.42181e+016 6.57e-017  4.69e-001  5.31e-001  3.41e-005  1.22e-008  8.63e-006  6.64e-005  1.66e-009  1.57e-009  2.59e-009  8.11e-015  
4.42811e+016 6.87e-017  3.97e-001  6.03e-001  3.62e-005  1.42e-008  9.72e-006  6.17e-005  1.12e-009  9.13e-010  1.53e-009  1.26e-014  
4.43809e+016 7.67e-017  3.49e-001  6.51e-001  3.82e-005  1.54e-008  1.07e-005  5.54e-005  8.96e-010  3.83e-010  6.48e-010  2.52e-014  
4.45030e+016 8.17e-017  2.79e-001  7.21e-001  4.15e-005  1.69e-008  1.26e-005  5.01e-005  7.43e-010  1.37e-010  2.40e-010  6.22e-014  
4.45401e+016 7.76e-017  2.22e-001  7.78e-001  4.42e-005  1.83e-008  1.44e-005  4.95e-005  8.01e-010  1.01e-010  1.78e-010  8.89e-014  
4.45998e+016 8.40e-017  1.88e-001  8.12e-001  4.50e-005  1.87e-008  1.56e-005  4.26e-005  9.61e-010  5.67e-011  1.02e-010  1.32e-013  
4.46779e+016 9.37e-017  1.74e-001  8.26e-001  4.55e-005  1.90e-008  1.61e-005  3.71e-005  1.00e-009  2.88e-011  5.30e-011  2.18e-013  
4.48006e+016 1.01e-016  1.30e-001  8.70e-001  4.68e-005  1.97e-008  1.81e-005  3.12e-005  1.17e-009  1.14e-011  2.13e-011  5.06e-013  
4.48529e+016 9.27e-017  7.59e-002  9.24e-001  4.91e-005  2.19e-008  2.12e-005  2.96e-005  1.29e-009  7.98e-012  1.53e-011  8.17e-013  
4.48834e+016 9.65e-017  6.77e-002  9.32e-001  4.72e-005  2.05e-008  2.20e-005  2.59e-005  1.76e-009  6.16e-012  1.19e-011  9.77e-013  
4.49346e+016 1.06e-016  6.74e-002  9.33e-001  4.72e-005  2.04e-008  2.19e-005  2.26e-005  2.12e-009  4.49e-012  8.67e-012  1.24e-012  
4.49870e+016 1.13e-016  6.43e-002  9.36e-001  4.72e-005  2.06e-008  2.22e-005  2.03e-005  2.18e-009  3.41e-012  6.57e-012  1.64e-012  
4.50684e+016 1.19e-016  5.29e-002  9.47e-001  4.71e-005  2.07e-008  2.34e-005  1.75e-005  2.35e-009  2.36e-012  4.63e-012  2.56e-012  
4.51867e+016 1.25e-016  3.56e-002  9.64e-001  4.65e-005  2.07e-008  2.56e-005  1.39e-005  3.01e-009  1.56e-012  3.17e-012  4.72e-012  
4.51946e+016 1.13e-016  1.93e-002  9.81e-001  4.41e-005  2.28e-008  2.26e-005  1.40e-005  2.62e-009  1.61e-012  3.27e-012  5.61e-012  
4.52061e+016 1.13e-016  1.73e-002  9.83e-001  4.03e-005  2.12e-008  2.22e-005  1.26e-005  3.01e-009  1.54e-012  3.15e-012  6.06e-012  
4.52265e+016 1.17e-016  1.72e-002  9.83e-001  3.99e-005  2.03e-008  2.21e-005  1.17e-005  3.74e-009  1.45e-012  2.98e-012  6.48e-012  
4.52632e+016 1.23e-016  1.72e-002  9.83e-001  4.01e-005  2.02e-008  2.23e-005  1.06e-005  5.04e-009  1.32e-012  2.74e-012  7.36e-012  
4.53239e+016 1.33e-016  1.67e-002  9.83e-001  3.98e-005  2.02e-008  2.21e-005  9.23e-006  6.03e-009  1.13e-012  2.39e-012  9.08e-012  
4.54167e+016 1.41e-016  1.33e-002  9.87e-001  3.81e-005  2.02e-008  2.12e-005  7.67e-006  6.46e-009  9.58e-013  2.06e-012  1.31e-011  
4.55446e+016 1.47e-016  8.15e-003  9.92e-001  3.45e-005  1.98e-008  1.93e-005  5.86e-006  8.08e-009  8.15e-013  1.79e-012  2.19e-011  
4.55658e+016 1.44e-016  6.37e-003  9.94e-001  3.40e-005  2.03e-008  1.84e-005  5.73e-006  7.85e-009  8.13e-013  1.80e-012  2.46e-011  
4.55697e+016 1.31e-016  3.52e-003  9.96e-001  3.24e-005  2.21e-008  1.64e-005  5.77e-006  6.23e-009  8.67e-013  1.96e-012  2.77e-011  
4.55761e+016 1.29e-016  2.98e-003  9.97e-001  2.92e-005  2.16e-008  1.59e-005  5.19e-006  6.89e-009  8.81e-013  2.02e-012  2.92e-011  
4.55871e+016 1.31e-016  2.98e-003  9.97e-001  2.80e-005  1.98e-008  1.60e-005  4.81e-006  7.69e-009  8.83e-013  2.02e-012  3.01e-011  
4.56066e+016 1.35e-016  2.97e-003  9.97e-001  2.78e-005  1.89e-008  1.60e-005  4.50e-006  8.57e-009  8.71e-013  1.99e-012  3.15e-011  
4.56410e+016 1.42e-016  2.96e-003  9.97e-001  2.77e-005  1.87e-008  1.59e-005  4.07e-006  1.00e-008  8.28e-013  1.89e-012  3.43e-011  
4.56849e+016 1.50e-016  2.95e-003  9.97e-001  2.77e-005  1.87e-008  1.60e-005  3.65e-006  1.18e-008  7.78e-013  1.77e-012  3.86e-011  
4.57241e+016 1.55e-016  2.82e-003  9.97e-001  2.75e-005  1.87e-008  1.58e-005  3.36e-006  1.32e-008  7.40e-013  1.69e-012  4.34e-011  
4.57850e+016 1.60e-016  2.38e-003  9.98e-001  2.67e-005  1.87e-008  1.54e-005  2.95e-006  1.48e-008  6.92e-013  1.63e-012  5.29e-011  
4.58802e+016 1.65e-016  1.62e-003  9.98e-001  2.46e-005  1.85e-008  1.43e-005  2.39e-006  1.66e-008  6.41e-013  1.57e-012  7.38e-011  
4.59720e+016 1.69e-016  1.03e-003  9.99e-001  2.25e-005  1.81e-008  1.32e-005  1.92e-006  1.77e-008  6.15e-013  1.54e-012  1.01e-010  
4.59734e+016 1.62e-016  7.71e-004  9.99e-001  2.25e-005  1.89e-008  1.26e-005  1.97e-006  1.59e-008  6.35e-013  1.60e-012  1.06e-010  
4.59759e+016 1.49e-016  4.10e-004  1.00e+000  2.17e-005  2.05e-008  1.12e-005  2.01e-006  9.39e-009  6.84e-013  1.72e-012  1.17e-010  
4.59802e+016 1.44e-016  3.14e-004  1.00e+000  1.96e-005  2.09e-008  1.07e-005  1.83e-006  8.61e-009  7.08e-013  1.79e-012  1.25e-010  
4.59873e+016 1.45e-016  3.11e-004  1.00e+000  1.80e-005  1.98e-008  1.07e-005  1.65e-006  9.65e-009  7.17e-013  1.82e-012  1.28e-010  
4.59993e+016 1.48e-016  3.09e-004  1.00e+000  1.74e-005  1.82e-008  1.07e-005  1.53e-006  1.12e-008  7.23e-013  1.83e-012  1.31e-010  
4.60196e+016 1.53e-016  3.08e-004  1.00e+000  1.73e-005  1.72e-008  1.06e-005  1.42e-006  1.31e-008  7.06e-013  1.82e-012  1.36e-010  
4.60580e+016 1.61e-016  3.09e-004  1.00e+000  1.73e-005  1.70e-008  1.07e-005  1.27e-006  1.54e-008  6.71e-013  1.76e-012  1.48e-010  
4.61139e+016 1.72e-016  3.06e-004  1.00e+000  1.73e-005  1.69e-008  1.08e-005  1.10e-006  1.71e-008  6.28e-013  1.65e-012  1.67e-010  
4.61801e+016 1.81e-016  2.61e-004  1.00e+000  1.68e-005  1.69e-008  1.04e-005  9.33e-007  1.73e-008  5.97e-013  1.56e-012  1.99e-010  
4.62829e+016 1.88e-016  1.66e-004  1.00e+000  1.54e-005  1.68e-008  9.73e-006  7.29e-007  1.64e-008  5.58e-013  1.50e-012  2.74e-010  
4.63958e+016 1.94e-016  8.81e-005  1.00e+000  1.35e-005  1.66e-008  8.76e-006  5.41e-007  1.45e-008  5.26e-013  1.48e-012  3.88e-010  
4.64165e+016 1.93e-016  7.15e-005  1.00e+000  1.32e-005  1.68e-008  8.44e-006  5.15e-007  1.32e-008  5.23e-013  1.49e-012  4.18e-010  
4.64187e+016 1.76e-016  3.59e-005  1.00e+000  1.32e-005  1.84e-008  7.56e-006  5.41e-007  7.78e-009  5.62e-013  1.60e-012  4.64e-010  
4.64224e+016 1.62e-016  1.89e-005  1.00e+000  1.22e-005  2.01e-008  6.85e-006  5.22e-007  4.48e-009  5.95e-013  1.74e-012  5.15e-010  
4.64286e+016 1.60e-016  1.59e-005  1.00e+000  1.06e-005  2.01e-008  6.62e-006  4.51e-007  3.99e-009  6.01e-013  1.77e-012  5.38e-010  
4.64396e+016 1.63e-016  1.58e-005  1.00e+000  9.63e-006  1.89e-008  6.63e-006  3.96e-007  4.36e-009  5.96e-013  1.76e-012  5.50e-010  
4.64596e+016 1.69e-016  1.57e-005  1.00e+000  9.41e-006  1.75e-008  6.63e-006  3.61e-007  5.02e-009  5.83e-013  1.72e-012  5.67e-010  
4.64933e+016 1.78e-016  1.57e-005  1.00e+000  9.44e-006  1.66e-008  6.63e-006  3.24e-007  6.07e-009  5.61e-013  1.66e-012  6.01e-010  
4.65501e+016 1.94e-016  1.56e-005  1.00e+000  9.38e-006  1.63e-008  6.65e-006  2.75e-007  7.42e-009  5.15e-013  1.57e-012  6.55e-010  
4.66259e+016 2.09e-016  1.32e-005  1.00e+000  9.14e-006  1.65e-008  6.51e-006  2.28e-007  7.75e-009  4.66e-013  1.48e-012  7.70e-010  
4.67450e+016 2.23e-016  7.17e-006  1.00e+000  8.12e-006  1.70e-008  5.96e-006  1.67e-007  5.92e-009  4.28e-013  1.39e-012  1.04e-009  
4.68726e+016 2.35e-016  2.97e-006  1.00e+000  6.85e-006  1.79e-008  5.23e-006  1.17e-007  3.53e-009  3.83e-013  1.29e-012  1.47e-009  
4.69009e+016 2.38e-016  2.38e-006  1.00e+000  6.55e-006  1.81e-008  5.04e-006  1.08e-007  3.05e-009  3.72e-013  1.27e-012  1.58e-009  
4.69024e+016 2.32e-016  1.94e-006  1.00e+000  6.59e-006  1.86e-008  4.91e-006  1.09e-007  2.54e-009  3.78e-013  1.30e-012  1.63e-009  
4.69048e+016 2.18e-016  1.15e-006  1.00e+000  6.51e-006  1.99e-008  4.53e-006  1.12e-007  1.58e-009  3.93e-013  1.38e-012  1.75e-009  
4.69090e+016 2.01e-016  5.77e-007  1.00e+000  6.12e-006  2.19e-008  4.10e-006  1.09e-007  8.41e-010  4.07e-013  1.48e-012  1.93e-009  
4.69160e+016 1.88e-016  3.08e-007  1.00e+000  5.29e-006  2.40e-008  3.75e-006  9.68e-008  4.70e-010  4.09e-013  1.54e-012  2.12e-009  
4.69279e+016 1.89e-016  2.64e-007  1.00e+000  4.48e-006  2.47e-008  3.67e-006  7.99e-008  4.18e-010  3.93e-013  1.49e-012  2.21e-009  
4.69476e+016 1.96e-016  2.61e-007  1.00e+000  4.21e-006  2.47e-008  3.67e-006  7.14e-008  4.30e-010  3.72e-013  1.41e-012  2.26e-009  
4.69806e+016 2.09e-016  2.59e-007  1.00e+000  4.18e-006  2.44e-008  3.67e-006  6.51e-008  4.54e-010  3.50e-013  1.33e-012  2.32e-009  
4.70337e+016 2.30e-016  2.59e-007  1.00e+000  4.17e-006  2.41e-008  3.68e-006  5.74e-008  5.00e-010  3.28e-013  1.24e-012  2.46e-009  
4.70622e+016 2.41e-016  2.52e-007  1.00e+000  4.15e-006  2.41e-008  3.67e-006  5.39e-008  5.10e-010  3.17e-013  1.20e-012  2.54e-009  
4.71061e+016 2.55e-016  2.22e-007  1.00e+000  4.08e-006  2.44e-008  3.62e-006  4.90e-008  4.78e-010  3.02e-013  1.18e-012  2.71e-009  
4.71746e+016 2.73e-016  1.56e-007  1.00e+000  3.85e-006  2.56e-008  3.45e-006  4.14e-008  3.66e-010  2.79e-013  1.14e-012  3.05e-009  
4.72860e+016 2.97e-016  6.80e-008  1.00e+000  3.27e-006  2.94e-008  3.08e-006  3.10e-008  1.79e-010  2.47e-013  1.07e-012  3.84e-009  
4.74240e+016 3.24e-016  1.88e-008  1.00e+000  2.58e-006  3.77e-008  2.60e-006  2.13e-008  5.31e-011  2.21e-013  1.02e-012  5.15e-009  
4.74305e+016 3.25e-016  1.76e-008  1.00e+000  2.55e-006  3.85e-008  2.58e-006  2.10e-008  4.98e-011  2.20e-013  1.02e-012  5.23e-009  
4.74313e+016 3.25e-016  1.74e-008  1.00e+000  2.54e-006  3.85e-008  2.58e-006  2.09e-008  4.89e-011  2.20e-013  1.02e-012  5.23e-009  
4.74348e+016 3.21e-016  1.50e-008  1.00e+000  2.54e-006  3.86e-008  2.53e-006  2.10e-008  4.21e-011  2.21e-013  1.04e-012  5.36e-009  
4.74406e+016 3.08e-016  9.64e-009  1.00e+000  2.48e-006  3.96e-008  2.38e-006  2.10e-008  2.68e-011  2.24e-013  1.08e-012  5.68e-009  
4.74503e+016 2.86e-016  4.37e-009  1.00e+000  2.27e-006  4.16e-008  2.15e-006  2.02e-008  1.17e-011  2.24e-013  1.13e-012  6.33e-009  
4.74676e+016 2.64e-016  1.64e-009  1.00e+000  1.89e-006  4.55e-008  1.90e-006  1.76e-008  4.24e-012  2.28e-013  1.19e-012  7.27e-009  
4.74972e+016 2.60e-016  8.12e-010  1.00e+000  1.53e-006  5.19e-008  1.73e-006  1.44e-008  1.94e-012  2.19e-013  1.17e-012  8.04e-009  
4.75283e+016 2.74e-016  6.90e-010  1.00e+000  1.43e-006  5.69e-008  1.70e-006  1.30e-008  1.62e-012  2.06e-013  1.13e-012  8.28e-009  
4.75365e+016 2.79e-016  6.77e-010  1.00e+000  1.42e-006  5.81e-008  1.70e-006  1.28e-008  1.58e-012  2.03e-013  1.13e-012  8.32e-009  
4.75556e+016 2.90e-016  6.62e-010  1.00e+000  1.41e-006  6.03e-008  1.70e-006  1.24e-008  1.55e-012  1.99e-013  1.11e-012  8.41e-009  
4.75856e+016 3.09e-016  6.47e-010  1.00e+000  1.40e-006  6.31e-008  1.69e-006  1.18e-008  1.50e-012  1.95e-013  1.09e-012  8.54e-009  
4.76342e+016 3.37e-016  5.49e-010  1.00e+000  1.37e-006  6.62e-008  1.66e-006  1.09e-008  1.25e-012  1.89e-013  1.06e-012  8.90e-009  
4.77120e+016 3.74e-016  3.34e-010  1.00e+000  1.28e-006  7.14e-008  1.56e-006  9.44e-009  7.14e-013  1.79e-013  1.03e-012  9.89e-009  
4.78339e+016 4.20e-016  1.01e-010  1.00e+000  1.07e-006  8.29e-008  1.35e-006  7.33e-009  1.86e-013  1.67e-013  1.06e-012  1.21e-008  
4.79819e+016 4.66e-016  1.55e-011  1.00e+000  8.52e-007  1.06e-007  1.08e-006  5.45e-009  2.10e-014  1.46e-013  1.10e-012  1.62e-008  
4.80101e+016 4.74e-016  1.04e-011  1.00e+000  8.16e-007  1.12e-007  1.03e-006  5.19e-009  1.31e-014  1.44e-013  1.12e-012  1.72e-008  
4.80156e+016 4.75e-016  9.56e-012  1.00e+000  8.11e-007  1.13e-007  1.02e-006  5.16e-009  1.18e-014  1.44e-013  1.12e-012  1.74e-008  
4.80288e+016 4.77e-016  7.53e-012  1.00e+000  7.95e-007  1.16e-007  9.94e-007  5.05e-009  8.93e-015  1.43e-013  1.13e-012  1.80e-008  
4.80511e+016 4.77e-016  4.82e-012  1.00e+000  7.67e-007  1.21e-007  9.43e-007  4.88e-009  5.24e-015  1.42e-013  1.16e-012  1.91e-008  
4.80875e+016 4.75e-016  2.23e-012  1.00e+000  7.26e-007  1.32e-007  8.65e-007  4.67e-009  2.11e-015  1.39e-013  1.19e-012  2.13e-008  
4.81463e+016 4.80e-016  7.12e-013  1.00e+000  6.77e-007  1.51e-007  7.58e-007  4.40e-009  5.25e-016  1.33e-013  1.23e-012  2.48e-008  
4.82445e+016 5.05e-016  1.39e-013  1.00e+000  6.55e-007  1.88e-007  6.32e-007  4.26e-009  6.93e-017  1.28e-013  1.29e-012  3.05e-008  
4.83636e+016 5.43e-016  2.04e-014  1.00e+000  6.89e-007  2.39e-007  5.12e-007  4.48e-009  6.13e-018  1.16e-013  1.32e-012  3.92e-008  
4.84912e+016 5.73e-016  1.94e-015  1.00e+000  8.03e-007  3.07e-007  3.98e-007  5.27e-009  3.00e-019  1.02e-013  1.34e-012  5.29e-008  
4.86294e+016 5.89e-016  1.05e-016  1.00e+000  1.06e-006  3.99e-007  2.94e-007  7.20e-009  6.72e-021  8.95e-014  1.38e-012  7.56e-008  
4.87591e+016 5.88e-016  4.71e-018  1.00e+000  1.52e-006  5.07e-007  2.14e-007  1.07e-008  1.12e-022  7.64e-014  1.43e-012  1.09e-007  
4.88968e+016 5.71e-016  1.21e-019  1.00e+000  2.40e-006  6.43e-007  1.48e-007  1.79e-008  8.14e-025  6.16e-014  1.48e-012  1.65e-007  
4.90444e+016 5.27e-016  1.39e-021  1.00e+000  4.25e-006  8.14e-007  9.66e-008  3.40e-008  1.83e-027  4.76e-014  1.53e-012  2.71e-007  
4.91980e+016 4.59e-016  7.02e-024  1.00e+000  8.34e-006  1.02e-006  5.90e-008  7.30e-008  1.20e-030  3.53e-014  1.58e-012  4.86e-007  
4.93317e+016 3.84e-016  3.70e-026  1.00e+000  1.61e-005  1.21e-006  3.67e-008  1.55e-007  7.55e-034  2.60e-014  1.62e-012  8.52e-007  
4.94239e+016 3.27e-016  6.67e-028  1.00e+000  2.63e-005  1.35e-006  2.58e-008  2.76e-007  2.54e-036  1.95e-014  1.60e-012  1.31e-006  
4.95192e+016 2.68e-016  7.16e-030  1.00e+000  4.51e-005  1.49e-006  1.74e-008  5.19e-007  3.84e-039  1.43e-014  1.62e-012  2.09e-006  
4.96202e+016 2.10e-016  4.00e-032  1.00e+000  8.24e-005  1.64e-006  1.12e-008  1.05e-006  2.18e-042  1.11e-014  1.75e-012  3.53e-006  
4.97297e+016 1.54e-016  8.83e-035  1.00e+000  1.63e-004  1.80e-006  6.75e-009  2.37e-006  3.00e-046  7.66e-015  1.85e-012  6.49e-006  
4.98461e+016 1.04e-016  6.24e-038  1.00e+000  3.51e-004  1.95e-006  3.74e-009  5.94e-006  7.24e-051  4.63e-015  1.92e-012  1.31e-005  
4.99670e+016 6.43e-017  1.55e-041  9.99e-001  8.19e-004  2.10e-006  1.93e-009  1.53e-005  3.41e-056  2.51e-015  1.93e-012  2.89e-005  
5.00936e+016 3.55e-017  8.74e-046  9.98e-001  2.10e-003  2.22e-006  9.05e-010  4.09e-005  1.59e-062  1.20e-015  1.77e-012  7.19e-005  
5.02240e+016 1.73e-017  1.04e-050  9.94e-001  6.07e-003  2.29e-006  3.82e-010  1.21e-004  6.35e-070  4.93e-016  1.40e-012  2.00e-004  
5.03584e+016 7.45e-018  2.31e-056  9.77e-001  2.15e-002  2.30e-006  1.44e-010  4.00e-004  1.79e-078  2.38e-016  1.16e-012  6.24e-004  
5.05026e+016 2.68e-018  2.28e-063  9.06e-001  8.99e-002  2.10e-006  4.18e-011  1.55e-003  0.00e+000  7.31e-017  1.20e-012  2.32e-003  
5.05959e+016 1.48e-018  4.64e-068  7.85e-001  2.07e-001  1.79e-006  1.69e-011  3.43e-003  0.00e+000  2.43e-017  9.88e-013  5.00e-003  
5.06957e+016 9.09e-019  2.15e-073  5.56e-001  4.28e-001  1.22e-006  5.17e-012  6.79e-003  0.00e+000  5.04e-018  5.46e-013  9.69e-003  
5.07988e+016 7.14e-019  0.00e+000  2.86e-001  6.89e-001  6.02e-007  1.09e-012  1.05e-002  0.00e+000  1.02e-018  1.84e-013  1.46e-002  
5.09058e+016 7.20e-019  0.00e+000  1.13e-001  8.58e-001  2.25e-007  1.74e-013  1.24e-002  0.00e+000  1.09e-019  3.83e-014  1.71e-002  
5.10237e+016 8.35e-019  0.00e+000  3.31e-002  9.37e-001  6.12e-008  1.81e-014  1.29e-002  0.00e+000  6.40e-021  5.07e-015  1.75e-002  
5.11496e+016 1.03e-018  0.00e+000  8.28e-003  9.62e-001  1.40e-008  1.49e-015  1.27e-002  0.00e+000  2.32e-022  4.69e-016  1.69e-002  
5.12843e+016 1.30e-018  0.00e+000  1.87e-003  9.70e-001  2.85e-009  1.03e-016  1.21e-002  0.00e+000  4.85e-024  4.57e-017  1.61e-002  
5.14296e+016 1.65e-018  0.00e+000  3.53e-004  9.73e-001  4.71e-010  5.20e-018  1.14e-002  0.00e+000  1.26e-025  4.44e-018  1.53e-002  
5.15425e+016 1.99e-018  0.00e+000  1.03e-004  9.74e-001  1.24e-010  5.73e-019  1.09e-002  0.00e+000  1.95e-026  1.30e-018  1.47e-002  
5.16792e+016 2.49e-018  0.00e+000  2.35e-005  9.76e-001  2.47e-011  4.06e-020  1.02e-002  0.00e+000  2.45e-028  6.75e-020  1.38e-002  
5.18319e+016 3.19e-018  0.00e+000  4.26e-006  9.78e-001  3.82e-012  1.92e-021  9.28e-003  0.00e+000  1.47e-030  1.88e-021  1.29e-002  
5.19950e+016 4.15e-018  0.00e+000  5.66e-007  9.80e-001  4.14e-013  5.15e-023  8.35e-003  0.00e+000  4.60e-033  3.37e-023  1.17e-002  
5.21655e+016 5.46e-018  0.00e+000  8.17e-008  9.82e-001  4.84e-014  1.61e-024  7.42e-003  0.00e+000  8.46e-036  3.11e-025  1.06e-002  
5.23457e+016 7.23e-018  0.00e+000  1.01e-008  9.84e-001  4.73e-015  3.81e-026  6.55e-003  0.00e+000  1.80e-037  6.05e-027  9.40e-003  
5.25384e+016 9.71e-018  0.00e+000  1.35e-009  9.86e-001  5.04e-016  1.05e-027  5.69e-003  0.00e+000  1.23e-039  3.10e-029  8.22e-003  
5.27451e+016 1.32e-017  0.00e+000  1.44e-010  9.88e-001  4.09e-017  1.92e-029  4.91e-003  0.00e+000  6.99e-043  1.15e-031  7.11e-003  
5.29668e+016 1.80e-017  0.00e+000  1.78e-011  9.90e-001  3.93e-018  4.62e-031  4.21e-003  0.00e+000  1.02e-046  1.99e-034  6.06e-003  
5.31993e+016 2.46e-017  0.00e+000  1.69e-012  9.91e-001  2.77e-019  6.95e-033  3.61e-003  0.00e+000  1.18e-051  1.28e-037  5.12e-003  
5.34440e+016 3.35e-017  0.00e+000  2.19e-013  9.93e-001  2.76e-020  1.83e-034  3.10e-003  0.00e+000  1.89e-052  9.24e-039  4.32e-003  
5.36995e+016 4.55e-017  0.00e+000  2.04e-014  9.94e-001  1.86e-021  2.64e-036  2.68e-003  0.00e+000  7.96e-057  2.17e-043  3.65e-003  
5.39765e+016 6.18e-017  0.00e+000  2.64e-015  9.95e-001  1.83e-022  6.89e-038  2.31e-003  0.00e+000  5.81e-063  2.54e-047  3.04e-003  
5.42627e+016 8.30e-017  0.00e+000  2.81e-016  9.95e-001  1.42e-023  1.28e-039  2.01e-003  0.00e+000  1.04e-063  1.23e-048  2.55e-003  
5.45738e+016 1.11e-016  0.00e+000  2.56e-017  9.96e-001  9.24e-025  1.79e-041  1.74e-003  0.00e+000  2.32e-069  3.96e-054  2.14e-003  
5.49079e+016 1.48e-016  0.00e+000  2.94e-018  9.97e-001  7.74e-026  3.78e-043  1.52e-003  0.00e+000  2.43e-071  1.89e-055  1.78e-003  
5.52575e+016 1.95e-016  0.00e+000  2.95e-019  9.97e-001  5.55e-027  6.27e-045  1.34e-003  0.00e+000  1.74e-077  1.44e-061  1.50e-003  
5.56155e+016 2.49e-016  0.00e+000  2.49e-020  9.98e-001  3.22e-028  7.52e-047  1.19e-003  0.00e+000  1.03e-079  2.40e-063  1.28e-003  
5.59918e+016 3.13e-016  0.00e+000  3.15e-021  9.98e-001  2.98e-029  1.88e-048  1.06e-003  0.00e+000  0.00e+000  1.43e-069  1.10e-003  
5.63913e+016 3.86e-016  0.00e+000  3.63e-022  9.98e-001  2.45e-030  3.89e-050  9.49e-004  0.00e+000  0.00e+000  2.41e-072  9.54e-004  
5.68226e+016 4.69e-016  0.00e+000  3.41e-023  9.98e-001  1.60e-031  5.63e-052  8.53e-004  0.00e+000  0.00e+000  2.33e-078  8.32e-004  
5.72780e+016 5.55e-016  0.00e+000  2.49e-024  9.98e-001  7.73e-033  5.10e-054  7.73e-004  0.00e+000  0.00e+000  4.72e-081  7.39e-004  
5.77650e+016 6.43e-016  0.00e+000  2.88e-025  9.99e-001  6.39e-034  1.05e-055  7.05e-004  0.00e+000  0.00e+000  0.00e+000  6.61e-004  
5.82707e+016 7.24e-016  0.00e+000  3.15e-026  9.99e-001  4.95e-035  1.93e-057  6.48e-004  0.00e+000  0.00e+000  0.00e+000  6.02e-004  
5.88124e+016 7.95e-016  0.00e+000  2.78e-027  9.99e-001  2.98e-036  2.40e-059  5.99e-004  0.00e+000  0.00e+000  0.00e+000  5.56e-004  
5.93801e+016 8.52e-016  0.00e+000  1.95e-028  9.99e-001  1.39e-037  1.97e-061  5.58e-004  0.00e+000  0.00e+000  0.00e+000  5.21e-004  
5.99878e+016 8.93e-016  0.00e+000  2.13e-029  9.99e-001  1.09e-038  3.57e-063  5.25e-004  0.00e+000  0.00e+000  0.00e+000  4.93e-004  
6.06254e+016 9.20e-016  0.00e+000  1.92e-030  9.99e-001  6.88e-040  4.60e-065  5.00e-004  0.00e+000  0.00e+000  0.00e+000  4.69e-004  
6.12860e+016 9.33e-016  0.00e+000  1.75e-031  9.99e-001  4.40e-041  5.97e-067  4.83e-004  0.00e+000  0.00e+000  0.00e+000  4.48e-004  
6.19772e+016 9.39e-016  0.00e+000  1.51e-032  9.99e-001  2.71e-042  7.29e-069  4.74e-004  0.00e+000  0.00e+000  0.00e+000  4.27e-004  
6.27006e+016 9.40e-016  0.00e+000  1.24e-033  9.99e-001  1.57e-043  8.15e-071  4.73e-004  0.00e+000  0.00e+000  0.00e+000  4.06e-004  
6.34752e+016 9.42e-016  0.00e+000  9.06e-035  9.99e-001  8.04e-045  7.38e-073  4.80e-004  0.00e+000  0.00e+000  0.00e+000  3.82e-004  
6.43223e+016 9.47e-016  0.00e+000  5.37e-036  9.99e-001  3.28e-046  4.74e-075  4.96e-004  0.00e+000  0.00e+000  0.00e+000  3.54e-004  
6.52408e+016 9.57e-016  0.00e+000  2.67e-037  9.99e-001  1.11e-047  2.27e-077  5.27e-004  0.00e+000  0.00e+000  0.00e+000  3.22e-004  
6.62440e+016 9.75e-016  0.00e+000  1.06e-038  9.99e-001  2.95e-049  7.53e-080  5.73e-004  0.00e+000  0.00e+000  0.00e+000  2.86e-004  
6.73219e+016 1.00e-015  0.00e+000  3.56e-040  9.99e-001  6.56e-051  0.00e+000  6.41e-004  0.00e+000  0.00e+000  0.00e+000  2.51e-004  
6.84641e+016 1.03e-015  0.00e+000  1.07e-041  9.99e-001  1.29e-052  0.00e+000  7.36e-004  0.00e+000  0.00e+000  0.00e+000  2.15e-004  
6.96945e+016 1.07e-015  0.00e+000  2.58e-043  9.99e-001  2.03e-054  0.00e+000  8.65e-004  0.00e+000  0.00e+000  0.00e+000  1.81e-004  
7.10391e+016 1.12e-015  0.00e+000  5.89e-045  9.99e-001  3.05e-056  0.00e+000  1.04e-003  0.00e+000  0.00e+000  0.00e+000  1.49e-004  
7.25155e+016 1.17e-015  0.00e+000  8.62e-047  9.99e-001  2.79e-058  0.00e+000  1.30e-003  0.00e+000  0.00e+000  0.00e+000  1.20e-004  
7.42223e+016 1.24e-015  0.00e+000  7.73e-049  9.98e-001  1.50e-060  0.00e+000  1.67e-003  0.00e+000  0.00e+000  0.00e+000  9.34e-005  
7.63108e+016 1.32e-015  0.00e+000  2.43e-051  9.98e-001  2.53e-063  0.00e+000  2.30e-003  0.00e+000  0.00e+000  0.00e+000  6.82e-005  
7.86896e+016 1.40e-015  0.00e+000  4.83e-054  9.97e-001  2.61e-066  0.00e+000  3.25e-003  0.00e+000  0.00e+000  0.00e+000  4.82e-005  
8.18150e+016 1.48e-015  0.00e+000  1.80e-057  9.95e-001  4.31e-070  0.00e+000  5.04e-003  0.00e+000  0.00e+000  0.00e+000  3.13e-005  
8.55776e+016 1.50e-015  0.00e+000  2.44e-061  9.92e-001  2.37e-074  0.00e+000  8.39e-003  0.00e+000  0.00e+000  0.00e+000  1.94e-005  
9.00548e+016 1.48e-015  0.00e+000  1.20e-065  9.85e-001  4.37e-079  0.00e+000  1.46e-002  0.00e+000  0.00e+000  0.00e+000  1.15e-005  
9.53916e+016 1.40e-015  0.00e+000  2.31e-070  9.73e-001  0.00e+000  0.00e+000  2.66e-002  0.00e+000  0.00e+000  0.00e+000  6.46e-006  
1.01535e+017 1.25e-015  0.00e+000  3.10e-075  9.50e-001  0.00e+000  0.00e+000  4.97e-002  0.00e+000  0.00e+000  0.00e+000  3.60e-006  
1.09249e+017 1.07e-015  0.00e+000  1.54e-080  9.02e-001  0.00e+000  0.00e+000  9.83e-002  0.00e+000  0.00e+000  0.00e+000  1.93e-006  
1.19176e+017 8.79e-016  0.00e+000  0.00e+000  7.96e-001  0.00e+000  0.00e+000  2.04e-001  0.00e+000  0.00e+000  0.00e+000  1.07e-006  
1.32448e+017 7.44e-016  0.00e+000  0.00e+000  5.93e-001  0.00e+000  0.00e+000  4.07e-001  0.00e+000  0.00e+000  0.00e+000  6.87e-007  
