! 0       CH2CO + GRAIN -> *CH2CO + GRAIN
! 1       *H + *HC2O -> *CH2CO
! 2       *CH3COCH3 + CRPhoton -> *CH2CO + *CH4
! 3       *CH3CHO + CRPhoton -> *CH2CO + *H + *H
! 4       *CH3CHO + ISPhoton -> *CH2CO + *H + *H
!            tot_rate   0          1          2          3          4          
1.58188e+013 3.27e-019  9.86e-001  1.43e-002  1.66e-006  6.18e-012  1.75e-022  
3.50727e+014 3.27e-019  9.86e-001  1.43e-002  1.66e-006  6.18e-012  1.75e-022  
5.21628e+015 3.29e-019  9.86e-001  1.43e-002  1.65e-006  6.15e-012  1.74e-022  
2.67137e+016 1.23e-018  9.86e-001  1.39e-002  4.44e-007  2.07e-012  5.87e-023  
3.33598e+016 2.24e-018  9.86e-001  1.38e-002  2.47e-007  1.52e-012  4.30e-023  
3.42055e+016 1.69e-018  9.86e-001  1.38e-002  3.30e-007  2.02e-012  5.71e-023  
3.44017e+016 1.54e-018  9.86e-001  1.38e-002  3.63e-007  2.21e-012  6.27e-023  
3.46353e+016 1.35e-018  9.86e-001  1.39e-002  4.17e-007  2.53e-012  7.15e-023  
3.48860e+016 1.15e-018  9.86e-001  1.38e-002  4.93e-007  2.97e-012  8.40e-023  
3.51370e+016 9.48e-019  9.86e-001  1.38e-002  5.99e-007  3.59e-012  1.01e-022  
3.53250e+016 8.06e-019  9.86e-001  1.38e-002  7.08e-007  4.22e-012  1.20e-022  
3.55515e+016 6.46e-019  9.86e-001  1.38e-002  8.90e-007  5.33e-012  1.51e-022  
3.57182e+016 5.37e-019  9.86e-001  1.38e-002  1.08e-006  6.59e-012  1.86e-022  
3.58524e+016 4.58e-019  9.86e-001  1.37e-002  1.27e-006  8.14e-012  2.29e-022  
3.60047e+016 3.75e-019  9.86e-001  1.38e-002  1.57e-006  1.10e-011  3.12e-022  
3.61718e+016 2.96e-019  9.86e-001  1.37e-002  2.02e-006  1.59e-011  4.49e-022  
3.62899e+016 2.46e-019  9.86e-001  1.38e-002  2.45e-006  2.08e-011  5.88e-022  
3.63893e+016 2.11e-019  9.86e-001  1.39e-002  2.90e-006  2.61e-011  7.40e-022  
3.64972e+016 1.76e-019  9.86e-001  1.44e-002  3.54e-006  3.41e-011  9.69e-022  
3.66124e+016 1.44e-019  9.84e-001  1.65e-002  4.41e-006  4.59e-011  1.30e-021  
3.67348e+016 1.17e-019  9.73e-001  2.71e-002  5.58e-006  6.36e-011  1.80e-021  
3.68621e+016 9.51e-020  9.56e-001  4.42e-002  7.13e-006  8.52e-011  2.41e-021  
3.69700e+016 7.76e-020  9.63e-001  3.72e-002  9.07e-006  1.13e-010  3.20e-021  
3.70376e+016 6.82e-020  9.69e-001  3.12e-002  1.06e-005  1.35e-010  3.81e-021  
3.71087e+016 5.99e-020  9.73e-001  2.65e-002  1.24e-005  1.59e-010  4.51e-021  
3.71826e+016 5.26e-020  9.77e-001  2.30e-002  1.47e-005  1.82e-010  5.15e-021  
3.72589e+016 4.64e-020  9.79e-001  2.06e-002  1.73e-005  1.98e-010  5.61e-021  
3.73370e+016 4.11e-020  9.81e-001  1.91e-002  2.04e-005  2.01e-010  5.70e-021  
3.74165e+016 3.69e-020  9.82e-001  1.83e-002  2.37e-005  1.89e-010  5.37e-021  
3.74829e+016 3.40e-020  9.82e-001  1.82e-002  2.64e-005  1.75e-010  4.97e-021  
3.75505e+016 3.18e-020  9.80e-001  1.95e-002  2.85e-005  1.64e-010  4.65e-021  
3.76194e+016 3.02e-020  9.73e-001  2.70e-002  2.93e-005  1.63e-010  4.60e-021  
3.76839e+016 3.08e-020  9.14e-001  8.62e-002  2.56e-005  1.91e-010  5.40e-021  
3.76854e+016 3.09e-020  9.10e-001  9.00e-002  2.54e-005  1.92e-010  5.44e-021  
3.76877e+016 3.10e-020  9.03e-001  9.71e-002  2.51e-005  1.95e-010  5.51e-021  
3.76917e+016 3.14e-020  8.89e-001  1.11e-001  2.45e-005  1.99e-010  5.64e-021  
3.76980e+016 3.23e-020  8.62e-001  1.38e-001  2.32e-005  2.07e-010  5.86e-021  
3.77083e+016 3.48e-020  7.96e-001  2.04e-001  2.05e-005  2.20e-010  6.24e-021  
3.77248e+016 4.48e-020  6.14e-001  3.86e-001  1.42e-005  2.41e-010  6.85e-021  
3.77450e+016 8.53e-020  3.19e-001  6.81e-001  5.77e-006  3.13e-010  8.86e-021  
3.77655e+016 5.72e-020  4.72e-001  5.28e-001  2.97e-006  2.88e-009  8.16e-020  
3.77936e+016 3.85e-020  6.94e-001  3.06e-001  3.32e-007  6.08e-012  1.72e-022  
3.78016e+016 3.82e-020  6.96e-001  3.04e-001  1.51e-007  5.08e-012  1.44e-022  
3.78111e+016 3.80e-020  6.97e-001  3.03e-001  5.63e-008  5.08e-012  1.43e-022  
3.78273e+016 3.78e-020  6.98e-001  3.02e-001  9.44e-009  5.66e-012  1.60e-022  
3.78530e+016 3.72e-020  7.04e-001  2.96e-001  4.33e-010  7.20e-012  2.03e-022  
3.78818e+016 3.64e-020  7.14e-001  2.86e-001  9.15e-012  9.42e-012  2.66e-022  
3.79076e+016 3.53e-020  7.33e-001  2.67e-001  5.09e-013  1.17e-011  3.31e-022  
3.79253e+016 3.48e-020  7.44e-001  2.56e-001  3.22e-013  1.30e-011  3.67e-022  
3.79502e+016 3.40e-020  7.59e-001  2.41e-001  2.97e-013  1.50e-011  4.24e-022  
3.79755e+016 3.32e-020  7.76e-001  2.24e-001  2.98e-013  1.71e-011  4.85e-022  
3.79897e+016 3.28e-020  7.86e-001  2.14e-001  2.79e-013  1.83e-011  5.18e-022  
3.79918e+016 3.28e-020  7.88e-001  2.12e-001  2.77e-013  1.85e-011  5.22e-022  
3.79956e+016 3.26e-020  7.90e-001  2.10e-001  2.75e-013  1.88e-011  5.33e-022  
3.80017e+016 3.26e-020  7.96e-001  2.04e-001  2.72e-013  1.93e-011  5.47e-022  
3.80129e+016 3.22e-020  8.04e-001  1.96e-001  2.67e-013  2.03e-011  5.74e-022  
3.80319e+016 3.17e-020  8.17e-001  1.83e-001  2.60e-013  2.21e-011  6.25e-022  
3.80578e+016 3.11e-020  8.35e-001  1.65e-001  0.00e+000  2.45e-011  6.94e-022  
3.80629e+016 3.10e-020  8.39e-001  1.61e-001  0.00e+000  2.49e-011  7.06e-022  
3.80713e+016 3.09e-020  8.44e-001  1.56e-001  1.60e-013  2.57e-011  7.25e-022  
3.80859e+016 3.06e-020  8.53e-001  1.47e-001  2.37e-013  2.71e-011  7.65e-022  
3.81083e+016 3.02e-020  8.67e-001  1.33e-001  2.34e-013  2.93e-011  8.31e-022  
3.81265e+016 3.01e-020  8.79e-001  1.21e-001  2.27e-013  3.13e-011  8.85e-022  
3.81480e+016 2.98e-020  8.90e-001  1.10e-001  2.22e-013  3.43e-011  9.74e-022  
3.81769e+016 2.95e-020  9.04e-001  9.58e-002  2.12e-013  4.20e-011  1.19e-021  
3.81836e+016 2.95e-020  9.07e-001  9.28e-002  2.12e-013  4.47e-011  1.27e-021  
3.81952e+016 2.95e-020  9.12e-001  8.78e-002  2.10e-013  5.26e-011  1.49e-021  
3.82149e+016 2.93e-020  9.21e-001  7.88e-002  2.07e-013  8.12e-011  2.30e-021  
3.82433e+016 2.92e-020  9.34e-001  6.63e-002  1.99e-013  2.26e-010  6.40e-021  
3.82740e+016 2.91e-020  9.49e-001  5.09e-002  1.94e-013  8.80e-010  2.49e-020  
3.83054e+016 2.88e-020  9.70e-001  3.02e-002  1.90e-013  2.88e-009  8.17e-020  
3.83376e+016 2.85e-020  9.90e-001  9.62e-003  1.85e-013  4.95e-009  1.40e-019  
3.83751e+016 2.87e-020  9.98e-001  2.05e-003  1.79e-013  5.86e-009  1.66e-019  
3.84132e+016 2.87e-020  9.99e-001  9.68e-004  1.74e-013  6.51e-009  1.84e-019  
3.84531e+016 2.86e-020  9.99e-001  7.62e-004  1.71e-013  7.86e-009  2.23e-019  
3.84962e+016 2.77e-020  9.99e-001  6.71e-004  1.74e-013  1.19e-008  3.36e-019  
3.85449e+016 2.56e-020  9.99e-001  6.21e-004  1.85e-013  2.28e-008  6.44e-019  
3.85990e+016 2.15e-020  9.99e-001  6.37e-004  2.17e-013  4.97e-008  1.40e-018  
3.86597e+016 1.50e-020  9.99e-001  7.93e-004  3.08e-013  1.08e-007  3.05e-018  
3.87288e+016 7.58e-021  9.98e-001  2.13e-003  0.00e+000  2.30e-007  6.52e-018  
3.88139e+016 1.95e-021  9.95e-001  5.43e-003  2.38e-012  5.33e-007  1.52e-017  
3.89093e+016 2.04e-022  9.43e-001  5.74e-002  2.31e-011  1.19e-006  3.37e-017  
3.90068e+016 2.52e-023  4.13e-001  5.87e-001  1.92e-010  8.29e-007  2.35e-017  
3.91088e+016 2.52e-023  1.35e-001  8.65e-001  1.99e-010  1.33e-007  3.78e-018  
3.92181e+016 4.08e-023  7.64e-002  9.24e-001  1.28e-010  8.26e-008  2.34e-018  
3.93325e+016 7.89e-023  4.18e-002  9.58e-001  7.00e-011  4.33e-008  1.23e-018  
3.94519e+016 1.74e-022  2.24e-002  9.78e-001  3.36e-011  1.83e-008  5.19e-019  
3.95803e+016 4.19e-022  1.18e-002  9.88e-001  1.49e-011  6.61e-009  1.88e-019  
3.97190e+016 9.91e-022  6.58e-003  9.93e-001  6.79e-012  2.31e-009  6.55e-020  
3.98699e+016 2.13e-021  4.10e-003  9.96e-001  3.42e-012  8.55e-010  2.42e-020  
4.00514e+016 4.16e-021  2.88e-003  9.97e-001  1.92e-012  3.27e-010  9.30e-021  
4.02549e+016 6.81e-021  2.44e-003  9.98e-001  1.29e-012  1.44e-010  4.10e-021  
4.04761e+016 9.25e-021  2.47e-003  9.98e-001  1.05e-012  7.41e-011  2.11e-021  
4.07070e+016 1.06e-020  2.94e-003  9.97e-001  1.01e-012  4.38e-011  1.25e-021  
4.09451e+016 1.06e-020  4.01e-003  9.96e-001  1.10e-012  2.87e-011  8.14e-022  
4.11988e+016 9.59e-021  6.19e-003  9.94e-001  1.32e-012  1.96e-011  5.58e-022  
4.14624e+016 8.10e-021  1.05e-002  9.90e-001  1.67e-012  1.36e-011  3.86e-022  
4.17462e+016 6.90e-021  1.87e-002  9.81e-001  2.09e-012  8.55e-012  2.44e-022  
4.20512e+016 6.42e-021  3.30e-002  9.67e-001  2.34e-012  4.52e-012  1.28e-022  
4.23867e+016 6.91e-021  5.72e-002  9.43e-001  2.19e-012  1.88e-012  5.37e-023  
4.27356e+016 8.54e-021  9.53e-002  9.05e-001  1.72e-012  6.62e-013  1.88e-023  
4.30994e+016 1.17e-020  1.56e-001  8.44e-001  1.16e-012  2.01e-013  5.71e-024  
4.34671e+016 1.73e-020  2.49e-001  7.51e-001  6.59e-013  3.47e-014  9.88e-025  
4.38104e+016 2.53e-020  3.31e-001  6.69e-001  3.49e-013  5.50e-015  1.57e-025  
4.41007e+016 3.29e-020  3.56e-001  6.44e-001  1.98e-013  1.60e-015  4.56e-026  
4.42181e+016 3.64e-020  3.60e-001  6.40e-001  1.55e-013  1.18e-015  3.38e-026  
4.42811e+016 3.82e-020  3.61e-001  6.39e-001  1.36e-013  1.07e-015  3.06e-026  
4.43809e+016 4.16e-020  3.63e-001  6.37e-001  1.09e-013  9.71e-016  2.76e-026  
4.45030e+016 4.56e-020  3.60e-001  6.40e-001  8.16e-014  9.56e-016  2.72e-026  
4.45401e+016 4.67e-020  3.58e-001  6.42e-001  7.49e-014  9.70e-016  2.76e-026  
4.45998e+016 4.84e-020  3.49e-001  6.51e-001  6.51e-014  9.94e-016  2.83e-026  
4.46779e+016 5.09e-020  3.40e-001  6.60e-001  5.38e-014  1.04e-015  2.97e-026  
4.48006e+016 5.49e-020  3.24e-001  6.76e-001  3.95e-014  1.14e-015  3.24e-026  
4.48529e+016 5.64e-020  3.16e-001  6.84e-001  3.48e-014  1.19e-015  3.39e-026  
4.48834e+016 5.71e-020  3.06e-001  6.94e-001  3.22e-014  1.22e-015  3.47e-026  
4.49346e+016 5.84e-020  2.93e-001  7.07e-001  2.84e-014  1.27e-015  3.61e-026  
4.49870e+016 6.00e-020  2.82e-001  7.18e-001  2.50e-014  1.33e-015  3.78e-026  
4.50684e+016 6.27e-020  2.65e-001  7.35e-001  2.04e-014  1.42e-015  4.05e-026  
4.51867e+016 6.68e-020  2.40e-001  7.60e-001  1.57e-014  1.56e-015  4.45e-026  
4.51946e+016 6.69e-020  2.38e-001  7.62e-001  1.23e-014  1.58e-015  4.50e-026  
4.52061e+016 6.71e-020  2.34e-001  7.66e-001  1.42e-014  1.61e-015  4.58e-026  
4.52265e+016 6.77e-020  2.27e-001  7.73e-001  1.40e-014  1.64e-015  4.65e-026  
4.52632e+016 6.89e-020  2.18e-001  7.82e-001  1.29e-014  1.67e-015  4.78e-026  
4.53239e+016 7.11e-020  2.03e-001  7.97e-001  1.14e-014  1.76e-015  4.99e-026  
4.54167e+016 7.51e-020  1.84e-001  8.16e-001  9.60e-015  1.88e-015  5.35e-026  
4.55446e+016 8.12e-020  1.61e-001  8.39e-001  8.53e-015  2.07e-015  5.90e-026  
4.55658e+016 8.22e-020  1.57e-001  8.43e-001  9.43e-015  2.10e-015  6.01e-026  
4.55697e+016 8.22e-020  1.57e-001  8.43e-001  3.10e-014  2.12e-015  6.05e-026  
4.55761e+016 8.24e-020  1.55e-001  8.45e-001  0.00e+000  2.14e-015  6.09e-026  
4.55871e+016 8.28e-020  1.52e-001  8.48e-001  0.00e+000  2.16e-015  6.15e-026  
4.56066e+016 8.37e-020  1.47e-001  8.53e-001  9.62e-016  2.19e-015  6.24e-026  
4.56410e+016 8.53e-020  1.38e-001  8.62e-001  7.42e-015  2.25e-015  6.40e-026  
4.56849e+016 8.77e-020  1.30e-001  8.70e-001  7.59e-015  2.31e-015  6.61e-026  
4.57241e+016 9.00e-020  1.23e-001  8.77e-001  6.41e-015  2.38e-015  6.78e-026  
4.57850e+016 9.37e-020  1.14e-001  8.86e-001  7.40e-015  2.48e-015  7.04e-026  
4.58802e+016 1.00e-019  1.02e-001  8.98e-001  7.48e-015  2.63e-015  7.50e-026  
4.59720e+016 1.07e-019  9.05e-002  9.10e-001  7.57e-015  2.79e-015  7.93e-026  
4.59734e+016 1.07e-019  9.02e-002  9.10e-001  2.04e-013  2.79e-015  7.94e-026  
4.59759e+016 1.06e-019  8.98e-002  9.10e-001  0.00e+000  2.80e-015  7.98e-026  
4.59802e+016 1.07e-019  8.92e-002  9.11e-001  0.00e+000  2.82e-015  8.04e-026  
4.59873e+016 1.07e-019  8.79e-002  9.12e-001  0.00e+000  2.84e-015  8.08e-026  
4.59993e+016 1.08e-019  8.56e-002  9.14e-001  0.00e+000  2.85e-015  8.13e-026  
4.60196e+016 1.09e-019  8.23e-002  9.18e-001  0.00e+000  2.90e-015  8.25e-026  
4.60580e+016 1.13e-019  7.59e-002  9.24e-001  6.12e-015  2.93e-015  8.36e-026  
4.61139e+016 1.17e-019  6.89e-002  9.31e-001  8.13e-015  3.02e-015  8.63e-026  
4.61801e+016 1.23e-019  6.26e-002  9.37e-001  8.56e-015  3.12e-015  8.88e-026  
4.62829e+016 1.32e-019  5.45e-002  9.45e-001  8.55e-015  3.28e-015  9.30e-026  
4.63958e+016 1.45e-019  4.65e-002  9.53e-001  9.60e-015  3.39e-015  9.67e-026  
4.64165e+016 1.47e-019  4.53e-002  9.55e-001  0.00e+000  3.42e-015  9.75e-026  
4.64187e+016 1.47e-019  4.51e-002  9.55e-001  3.16e-013  3.44e-015  9.75e-026  
4.64224e+016 1.47e-019  4.48e-002  9.55e-001  0.00e+000  3.45e-015  9.82e-026  
4.64286e+016 1.48e-019  4.42e-002  9.56e-001  0.00e+000  3.45e-015  9.83e-026  
4.64396e+016 1.48e-019  4.33e-002  9.57e-001  0.00e+000  3.47e-015  9.90e-026  
4.64596e+016 1.50e-019  4.15e-002  9.58e-001  0.00e+000  3.50e-015  9.98e-026  
4.64933e+016 1.55e-019  3.86e-002  9.61e-001  0.00e+000  3.52e-015  1.00e-025  
4.65501e+016 1.62e-019  3.50e-002  9.65e-001  0.00e+000  3.56e-015  1.01e-025  
4.66259e+016 1.71e-019  3.13e-002  9.69e-001  6.83e-015  3.63e-015  1.03e-025  
4.67450e+016 1.89e-019  2.69e-002  9.73e-001  1.14e-014  3.68e-015  1.05e-025  
4.68726e+016 2.09e-019  2.34e-002  9.77e-001  1.23e-014  3.73e-015  1.06e-025  
4.69009e+016 2.14e-019  2.27e-002  9.77e-001  1.52e-014  3.74e-015  1.07e-025  
4.69024e+016 2.14e-019  2.26e-002  9.77e-001  3.65e-014  3.74e-015  1.07e-025  
4.69048e+016 2.14e-019  2.26e-002  9.77e-001  3.55e-014  3.75e-015  1.07e-025  
4.69090e+016 2.15e-019  2.24e-002  9.78e-001  3.02e-014  3.73e-015  1.06e-025  
4.69160e+016 2.15e-019  2.23e-002  9.78e-001  0.00e+000  3.74e-015  1.07e-025  
4.69279e+016 2.17e-019  2.20e-002  9.78e-001  0.00e+000  3.74e-015  1.07e-025  
4.69476e+016 2.21e-019  2.14e-002  9.79e-001  6.43e-015  3.73e-015  1.06e-025  
4.69806e+016 2.27e-019  2.06e-002  9.79e-001  1.09e-015  3.74e-015  1.06e-025  
4.70337e+016 2.37e-019  1.96e-002  9.80e-001  7.35e-015  3.74e-015  1.06e-025  
4.70622e+016 2.43e-019  1.90e-002  9.81e-001  9.64e-015  3.73e-015  1.06e-025  
4.71061e+016 2.52e-019  1.84e-002  9.82e-001  1.47e-014  3.72e-015  1.06e-025  
4.71746e+016 2.67e-019  1.75e-002  9.82e-001  1.51e-014  3.69e-015  1.05e-025  
4.72860e+016 2.92e-019  1.66e-002  9.83e-001  1.53e-014  3.63e-015  1.04e-025  
4.74240e+016 3.27e-019  1.59e-002  9.84e-001  1.88e-014  3.58e-015  1.01e-025  
4.74305e+016 3.28e-019  1.59e-002  9.84e-001  1.90e-014  3.56e-015  1.02e-025  
4.74313e+016 3.29e-019  1.59e-002  9.84e-001  1.90e-014  3.55e-015  1.01e-025  
4.74348e+016 3.29e-019  1.59e-002  9.84e-001  1.91e-014  3.55e-015  1.01e-025  
4.74406e+016 3.30e-019  1.59e-002  9.84e-001  2.04e-014  3.57e-015  1.01e-025  
4.74503e+016 3.32e-019  1.59e-002  9.84e-001  2.52e-014  3.55e-015  1.01e-025  
4.74676e+016 3.36e-019  1.60e-002  9.84e-001  3.36e-014  3.54e-015  1.01e-025  
4.74972e+016 3.44e-019  1.62e-002  9.84e-001  3.90e-014  3.52e-015  1.00e-025  
4.75283e+016 3.53e-019  1.64e-002  9.84e-001  4.34e-014  3.49e-015  9.95e-026  
4.75365e+016 3.56e-019  1.64e-002  9.84e-001  4.50e-014  3.48e-015  9.92e-026  
4.75556e+016 3.61e-019  1.65e-002  9.83e-001  0.00e+000  3.49e-015  9.92e-026  
4.75856e+016 3.71e-019  1.66e-002  9.83e-001  3.31e-013  3.45e-015  9.83e-026  
4.76342e+016 3.87e-019  1.68e-002  9.83e-001  2.56e-013  3.42e-015  9.73e-026  
4.77120e+016 4.12e-019  1.71e-002  9.83e-001  1.77e-013  3.37e-015  9.59e-026  
4.78339e+016 4.56e-019  1.75e-002  9.82e-001  1.34e-013  3.25e-015  9.28e-026  
4.79819e+016 5.14e-019  1.85e-002  9.81e-001  1.09e-013  3.14e-015  8.92e-026  
4.80101e+016 5.26e-019  1.88e-002  9.81e-001  1.06e-013  3.10e-015  8.84e-026  
4.80156e+016 5.28e-019  1.88e-002  9.81e-001  1.06e-013  3.11e-015  8.83e-026  
4.80288e+016 5.33e-019  1.89e-002  9.81e-001  1.06e-013  3.10e-015  8.80e-026  
4.80511e+016 5.42e-019  1.92e-002  9.81e-001  1.05e-013  3.08e-015  8.74e-026  
4.80875e+016 5.59e-019  1.97e-002  9.80e-001  1.04e-013  3.04e-015  8.64e-026  
4.81463e+016 5.85e-019  2.07e-002  9.79e-001  1.04e-013  2.99e-015  8.51e-026  
4.82445e+016 6.33e-019  2.24e-002  9.78e-001  1.08e-013  2.91e-015  8.26e-026  
4.83636e+016 6.97e-019  2.48e-002  9.75e-001  1.07e-013  2.80e-015  7.99e-026  
4.84912e+016 7.73e-019  2.78e-002  9.72e-001  1.17e-013  2.69e-015  7.69e-026  
4.86294e+016 8.62e-019  3.19e-002  9.68e-001  1.89e-013  2.59e-015  7.39e-026  
4.87591e+016 9.55e-019  3.64e-002  9.64e-001  2.19e-013  2.49e-015  7.11e-026  
4.88968e+016 1.06e-018  4.20e-002  9.58e-001  2.52e-013  2.40e-015  6.83e-026  
4.90444e+016 1.19e-018  4.91e-002  9.51e-001  3.03e-013  2.31e-015  6.59e-026  
4.91980e+016 1.35e-018  5.70e-002  9.43e-001  3.71e-013  2.21e-015  6.27e-026  
4.93317e+016 1.49e-018  6.54e-002  9.35e-001  4.51e-013  2.13e-015  6.08e-026  
4.94239e+016 1.59e-018  7.15e-002  9.28e-001  5.17e-013  2.08e-015  5.94e-026  
4.95192e+016 1.72e-018  7.87e-002  9.21e-001  5.95e-013  2.03e-015  5.80e-026  
4.96202e+016 1.85e-018  8.65e-002  9.14e-001  6.86e-013  1.99e-015  5.68e-026  
4.97297e+016 2.00e-018  9.59e-002  9.04e-001  7.89e-013  1.94e-015  5.54e-026  
4.98461e+016 2.18e-018  1.06e-001  8.94e-001  9.30e-013  1.89e-015  5.41e-026  
4.99670e+016 2.38e-018  1.17e-001  8.83e-001  1.11e-012  1.85e-015  5.25e-026  
5.00936e+016 2.61e-018  1.29e-001  8.71e-001  1.34e-012  1.80e-015  5.14e-026  
5.02240e+016 2.84e-018  1.42e-001  8.58e-001  1.59e-012  1.77e-015  5.03e-026  
5.03584e+016 3.11e-018  1.55e-001  8.45e-001  1.87e-012  1.73e-015  4.92e-026  
5.05026e+016 3.42e-018  1.69e-001  8.31e-001  2.22e-012  1.69e-015  4.80e-026  
5.05959e+016 3.63e-018  1.77e-001  8.23e-001  2.46e-012  1.67e-015  4.76e-026  
5.06957e+016 3.87e-018  1.86e-001  8.14e-001  2.76e-012  1.66e-015  4.73e-026  
5.07988e+016 4.14e-018  1.95e-001  8.05e-001  3.07e-012  1.64e-015  4.67e-026  
5.09058e+016 4.43e-018  2.03e-001  7.97e-001  3.43e-012  1.63e-015  4.65e-026  
5.10237e+016 4.76e-018  2.12e-001  7.88e-001  3.87e-012  1.63e-015  4.64e-026  
5.11496e+016 5.15e-018  2.21e-001  7.79e-001  4.37e-012  1.63e-015  4.62e-026  
5.12843e+016 5.60e-018  2.30e-001  7.70e-001  4.98e-012  1.63e-015  4.64e-026  
5.14296e+016 6.09e-018  2.38e-001  7.62e-001  5.68e-012  1.64e-015  4.70e-026  
5.15425e+016 6.52e-018  2.44e-001  7.56e-001  6.24e-012  1.66e-015  4.74e-026  
5.16792e+016 7.05e-018  2.50e-001  7.50e-001  6.96e-012  1.69e-015  4.82e-026  
5.18319e+016 7.68e-018  2.55e-001  7.45e-001  7.84e-012  1.73e-015  4.93e-026  
5.19950e+016 8.40e-018  2.61e-001  7.39e-001  8.81e-012  1.79e-015  5.10e-026  
5.21655e+016 9.20e-018  2.64e-001  7.36e-001  9.87e-012  1.86e-015  5.29e-026  
5.23457e+016 1.01e-017  2.68e-001  7.32e-001  1.10e-011  1.94e-015  5.54e-026  
5.25384e+016 1.12e-017  2.71e-001  7.29e-001  1.23e-011  2.05e-015  5.84e-026  
5.27451e+016 1.24e-017  2.74e-001  7.26e-001  1.37e-011  2.18e-015  6.20e-026  
5.29668e+016 1.38e-017  2.77e-001  7.23e-001  1.52e-011  2.33e-015  6.64e-026  
5.31993e+016 1.54e-017  2.80e-001  7.20e-001  1.69e-011  2.51e-015  7.14e-026  
5.34440e+016 1.73e-017  2.82e-001  7.18e-001  1.89e-011  2.72e-015  7.76e-026  
5.36995e+016 1.93e-017  2.85e-001  7.15e-001  2.11e-011  2.96e-015  8.44e-026  
5.39765e+016 2.17e-017  2.89e-001  7.11e-001  2.39e-011  3.25e-015  9.28e-026  
5.42627e+016 2.42e-017  2.93e-001  7.07e-001  2.72e-011  3.59e-015  1.03e-025  
5.45738e+016 2.71e-017  2.98e-001  7.02e-001  3.14e-011  3.99e-015  1.14e-025  
5.49079e+016 3.03e-017  3.02e-001  6.98e-001  3.70e-011  4.50e-015  1.28e-025  
5.52575e+016 3.37e-017  3.06e-001  6.94e-001  4.36e-011  5.04e-015  1.44e-025  
5.56155e+016 3.72e-017  3.12e-001  6.88e-001  5.22e-011  5.70e-015  1.62e-025  
5.59918e+016 4.08e-017  3.16e-001  6.84e-001  6.32e-011  6.50e-015  1.85e-025  
5.63913e+016 4.45e-017  3.21e-001  6.79e-001  7.73e-011  7.42e-015  2.11e-025  
5.68226e+016 4.82e-017  3.26e-001  6.74e-001  9.63e-011  8.55e-015  2.43e-025  
5.72780e+016 5.17e-017  3.31e-001  6.69e-001  1.21e-010  9.94e-015  2.82e-025  
5.77650e+016 5.51e-017  3.36e-001  6.64e-001  1.53e-010  1.16e-014  3.30e-025  
5.82707e+016 5.80e-017  3.40e-001  6.60e-001  1.95e-010  1.37e-014  3.88e-025  
5.88124e+016 6.04e-017  3.43e-001  6.57e-001  2.50e-010  1.62e-014  4.60e-025  
5.93801e+016 6.22e-017  3.46e-001  6.54e-001  3.22e-010  1.93e-014  5.48e-025  
5.99878e+016 6.36e-017  3.49e-001  6.51e-001  4.15e-010  2.31e-014  6.57e-025  
6.06254e+016 6.43e-017  3.51e-001  6.49e-001  5.38e-010  2.78e-014  7.90e-025  
6.12860e+016 6.46e-017  3.56e-001  6.44e-001  6.93e-010  3.34e-014  9.47e-025  
6.19772e+016 6.45e-017  3.61e-001  6.39e-001  8.98e-010  4.02e-014  1.14e-024  
6.27006e+016 6.42e-017  3.68e-001  6.32e-001  1.16e-009  4.83e-014  1.37e-024  
6.34752e+016 6.35e-017  3.76e-001  6.24e-001  1.52e-009  5.84e-014  1.65e-024  
6.43223e+016 6.29e-017  3.88e-001  6.12e-001  2.02e-009  7.12e-014  2.02e-024  
6.52408e+016 6.22e-017  4.02e-001  5.98e-001  2.70e-009  8.76e-014  2.49e-024  
6.62440e+016 6.17e-017  4.21e-001  5.79e-001  3.63e-009  1.09e-013  3.10e-024  
6.73219e+016 6.15e-017  4.46e-001  5.54e-001  4.91e-009  1.36e-013  3.85e-024  
6.84641e+016 6.16e-017  4.74e-001  5.26e-001  6.64e-009  1.70e-013  4.85e-024  
6.96945e+016 6.23e-017  5.07e-001  4.93e-001  8.99e-009  2.17e-013  6.12e-024  
7.10391e+016 6.37e-017  5.46e-001  4.54e-001  1.22e-008  2.76e-013  7.80e-024  
7.25155e+016 6.60e-017  5.89e-001  4.11e-001  1.67e-008  3.56e-013  1.01e-023  
7.42223e+016 6.99e-017  6.38e-001  3.62e-001  2.32e-008  4.69e-013  1.33e-023  
7.63108e+016 7.65e-017  6.94e-001  3.06e-001  3.35e-008  6.46e-013  1.83e-023  
7.86896e+016 8.66e-017  7.52e-001  2.48e-001  4.82e-008  9.05e-013  2.56e-023  
8.18150e+016 1.05e-016  8.14e-001  1.86e-001  7.22e-008  1.36e-012  3.85e-023  
8.55776e+016 1.35e-016  8.69e-001  1.31e-001  1.07e-007  2.12e-012  6.01e-023  
9.00548e+016 1.81e-016  9.12e-001  8.84e-002  1.55e-007  3.45e-012  9.78e-023  
9.53916e+016 2.50e-016  9.42e-001  5.85e-002  2.20e-007  5.93e-012  1.68e-022  
1.01535e+017 3.39e-016  9.59e-001  4.13e-002  3.04e-007  1.06e-011  3.01e-022  
1.09249e+017 4.53e-016  9.65e-001  3.49e-002  4.22e-007  2.04e-011  5.79e-022  
1.19176e+017 5.76e-016  9.61e-001  3.93e-002  6.01e-007  3.65e-011  1.03e-021  
1.32448e+017 6.36e-016  9.47e-001  5.30e-002  9.17e-007  4.39e-011  1.24e-021  
