! 0       CO2 + GRAIN -> *CO2 + GRAIN
! 1       *OH + *CO -> *CO2 + *H
! 2       *H + *HOCO -> *H2 + *CO2
! 3       *O + *CO -> *CO2
! 4       *N + *HOCO -> *NH + *CO2
! 5       *O + *HCO -> *CO2 + *H
! 6       *O + *HOCO -> *OH + *CO2
! 7       *HCOOCH3 + CRPhoton -> *CO2 + *CH4
! 8       *HCOOCH3 + CRPhoton -> *CO2 + *CH3 + *H
! 9       *HCOOH + ISPhoton -> *CO2 + *H + *H
!            tot_rate   0          1          2          3          4          5          6          7          8          9          
1.58188e+013 5.36e-015  3.01e-002  7.28e-001  2.41e-001  1.11e-003  1.47e-006  7.28e-014  1.56e-020  2.07e-008  5.17e-009  3.55e-010  
3.50727e+014 5.36e-015  3.01e-002  7.28e-001  2.41e-001  1.11e-003  1.47e-006  7.28e-014  1.56e-020  2.07e-008  5.17e-009  3.55e-010  
5.21628e+015 5.37e-015  3.02e-002  7.28e-001  2.40e-001  1.11e-003  1.47e-006  7.28e-014  1.56e-020  2.07e-008  5.16e-009  3.54e-010  
2.67137e+016 1.02e-014  6.05e-002  7.05e-001  2.33e-001  1.30e-003  3.18e-006  8.62e-014  3.39e-020  1.09e-008  2.72e-009  1.87e-010  
3.33598e+016 2.50e-014  4.53e-002  7.17e-001  2.37e-001  9.17e-004  7.89e-006  1.12e-013  1.28e-019  4.53e-009  1.13e-009  7.77e-011  
3.42055e+016 3.51e-014  2.43e-002  7.33e-001  2.42e-001  6.24e-004  1.40e-005  1.61e-013  3.85e-019  3.25e-009  8.13e-010  5.56e-011  
3.44017e+016 3.87e-014  2.00e-002  7.36e-001  2.43e-001  5.55e-004  1.72e-005  1.90e-013  5.81e-019  2.95e-009  7.39e-010  5.06e-011  
3.46353e+016 4.36e-014  1.56e-002  7.41e-001  2.43e-001  4.84e-004  2.34e-005  2.57e-013  1.09e-018  2.64e-009  6.58e-010  4.52e-011  
3.48860e+016 4.82e-014  1.20e-002  7.43e-001  2.45e-001  4.27e-004  3.61e-005  4.32e-013  2.66e-018  2.39e-009  5.98e-010  4.11e-011  
3.51370e+016 4.97e-014  9.60e-003  7.44e-001  2.45e-001  4.06e-004  6.40e-005  9.72e-013  8.75e-018  2.33e-009  5.83e-010  4.00e-011  
3.53250e+016 4.77e-014  8.51e-003  7.46e-001  2.45e-001  4.19e-004  1.10e-004  2.24e-012  2.68e-017  2.45e-009  6.12e-010  4.19e-011  
3.55515e+016 4.28e-014  7.60e-003  7.46e-001  2.46e-001  4.70e-004  2.48e-004  8.79e-012  1.52e-016  2.74e-009  6.88e-010  4.70e-011  
3.57182e+016 3.83e-014  7.07e-003  7.46e-001  2.46e-001  5.32e-004  5.14e-004  3.08e-011  7.28e-016  3.08e-009  7.72e-010  5.29e-011  
3.58524e+016 3.48e-014  6.60e-003  7.46e-001  2.45e-001  5.97e-004  9.88e-004  9.88e-011  3.13e-015  3.42e-009  8.55e-010  5.86e-011  
3.60047e+016 3.18e-014  5.94e-003  7.52e-001  2.40e-001  6.76e-004  2.08e-003  4.31e-010  1.98e-014  3.77e-009  9.47e-010  6.48e-011  
3.61718e+016 2.74e-014  5.44e-003  7.45e-001  2.45e-001  8.29e-004  4.60e-003  2.86e-009  2.12e-013  4.45e-009  1.11e-009  7.63e-011  
3.62899e+016 2.53e-014  4.89e-003  7.46e-001  2.42e-001  9.39e-004  6.59e-003  1.19e-008  1.28e-012  4.85e-009  1.22e-009  8.33e-011  
3.63893e+016 2.37e-014  4.47e-003  7.46e-001  2.41e-001  1.05e-003  7.88e-003  4.21e-008  6.36e-012  5.27e-009  1.31e-009  9.02e-011  
3.64972e+016 2.21e-014  4.01e-003  7.45e-001  2.41e-001  1.69e-003  8.58e-003  1.72e-007  3.80e-011  5.73e-009  1.44e-009  9.84e-011  
3.66124e+016 5.49e-015  1.34e-002  0.00e+000  9.08e-001  4.63e-002  3.28e-002  2.97e-006  1.01e-009  2.37e-008  5.92e-009  4.05e-010  
3.67348e+016 6.70e-015  8.99e-003  0.00e+000  6.75e-001  2.91e-001  2.51e-002  1.12e-005  5.87e-009  2.00e-008  4.99e-009  3.42e-010  
3.68621e+016 2.38e-014  2.12e-003  4.53e-001  1.45e-001  3.93e-001  7.01e-003  7.76e-006  5.54e-009  5.83e-009  1.45e-009  9.94e-011  
3.69700e+016 2.56e-014  1.80e-003  3.79e-001  1.21e-001  4.91e-001  6.43e-003  5.62e-006  5.93e-009  5.62e-009  1.40e-009  9.59e-011  
3.70376e+016 2.60e-014  1.77e-003  3.73e-001  1.19e-001  5.00e-001  6.08e-003  4.12e-006  5.93e-009  5.70e-009  1.42e-009  9.74e-011  
3.71087e+016 2.60e-014  1.86e-003  3.77e-001  1.20e-001  4.96e-001  5.76e-003  2.91e-006  5.88e-009  5.88e-009  1.47e-009  1.00e-010  
3.71826e+016 2.61e-014  2.10e-003  3.83e-001  1.23e-001  4.87e-001  5.37e-003  2.08e-006  5.90e-009  6.13e-009  1.53e-009  1.04e-010  
3.72589e+016 2.63e-014  2.59e-003  3.92e-001  1.25e-001  4.75e-001  4.83e-003  1.54e-006  6.08e-009  6.47e-009  1.62e-009  1.07e-010  
3.73370e+016 2.60e-014  3.53e-003  4.04e-001  1.31e-001  4.58e-001  4.31e-003  1.19e-006  6.50e-009  7.19e-009  1.80e-009  1.13e-010  
3.74165e+016 2.53e-014  5.25e-003  4.23e-001  1.38e-001  4.31e-001  3.74e-003  1.03e-006  7.58e-009  8.57e-009  2.14e-009  1.22e-010  
3.74829e+016 2.42e-014  7.78e-003  4.43e-001  1.44e-001  4.02e-001  3.32e-003  1.08e-006  1.00e-008  1.06e-008  2.64e-009  1.32e-010  
3.75505e+016 2.23e-014  1.22e-002  4.63e-001  1.51e-001  3.71e-001  3.08e-003  1.58e-006  1.80e-008  1.38e-008  3.45e-009  1.47e-010  
3.76194e+016 1.91e-014  2.06e-002  4.78e-001  1.56e-001  3.42e-001  3.27e-003  4.57e-006  6.08e-008  1.91e-008  4.78e-009  1.70e-010  
3.76839e+016 1.40e-014  3.86e-002  5.08e-001  1.65e-001  2.84e-001  4.38e-003  4.15e-005  5.98e-007  2.81e-008  7.03e-009  2.15e-010  
3.76854e+016 1.39e-014  3.92e-002  5.10e-001  1.66e-001  2.81e-001  4.42e-003  4.46e-005  6.44e-007  2.84e-008  7.11e-009  2.17e-010  
3.76877e+016 1.36e-014  4.04e-002  5.12e-001  1.66e-001  2.76e-001  4.50e-003  5.04e-005  7.29e-007  2.90e-008  7.23e-009  2.19e-010  
3.76917e+016 1.32e-014  4.23e-002  5.18e-001  1.68e-001  2.68e-001  4.64e-003  6.22e-005  8.99e-007  2.98e-008  7.44e-009  2.24e-010  
3.76980e+016 1.25e-014  4.61e-002  5.27e-001  1.71e-001  2.51e-001  4.90e-003  8.94e-005  1.31e-006  3.13e-008  7.83e-009  2.32e-010  
3.77083e+016 1.13e-014  5.31e-002  5.46e-001  1.77e-001  2.18e-001  5.39e-003  1.71e-004  2.56e-006  3.41e-008  8.52e-009  2.48e-010  
3.77248e+016 9.23e-015  7.00e-002  5.94e-001  1.92e-001  1.38e-001  6.48e-003  6.02e-004  9.54e-006  4.00e-008  9.99e-009  2.81e-010  
3.77450e+016 6.43e-015  1.08e-001  6.46e-001  2.09e-001  2.58e-002  7.10e-003  4.23e-003  7.98e-005  4.95e-008  1.24e-008  3.32e-010  
3.77655e+016 2.25e-015  3.24e-001  5.01e-001  1.62e-001  4.48e-003  4.75e-003  3.05e-003  5.01e-004  7.23e-008  1.81e-008  4.15e-010  
3.77936e+016 1.63e-015  4.44e-001  4.11e-001  1.31e-001  9.22e-003  4.23e-003  4.74e-005  7.93e-004  1.93e-008  4.82e-009  7.74e-011  
3.78016e+016 1.60e-015  4.52e-001  4.04e-001  1.28e-001  1.05e-002  4.25e-003  2.96e-005  9.65e-004  1.18e-008  2.95e-009  4.23e-011  
3.78111e+016 1.57e-015  4.58e-001  3.98e-001  1.26e-001  1.21e-002  4.28e-003  1.79e-005  1.20e-003  6.35e-009  1.59e-009  1.99e-011  
3.78273e+016 1.52e-015  4.69e-001  3.88e-001  1.23e-001  1.49e-002  4.32e-003  8.92e-006  1.70e-003  2.07e-009  5.18e-010  5.04e-012  
3.78530e+016 1.45e-015  4.87e-001  3.69e-001  1.16e-001  2.06e-002  4.37e-003  7.01e-006  2.85e-003  2.94e-010  7.36e-011  4.64e-013  
3.78818e+016 1.38e-015  5.10e-001  3.45e-001  1.07e-001  2.86e-002  4.43e-003  1.01e-005  4.75e-003  2.46e-011  6.14e-012  2.26e-014  
3.79076e+016 1.31e-015  5.34e-001  3.21e-001  9.67e-002  3.65e-002  4.26e-003  1.42e-005  6.86e-003  2.06e-012  5.15e-013  1.16e-015  
3.79253e+016 1.28e-015  5.46e-001  3.08e-001  9.19e-002  4.12e-002  4.07e-003  1.71e-005  8.18e-003  3.23e-013  8.02e-014  1.75e-016  
3.79502e+016 1.24e-015  5.62e-001  2.91e-001  8.44e-002  4.81e-002  3.81e-003  2.15e-005  1.03e-002  2.38e-014  5.95e-015  6.05e-017  
3.79755e+016 1.21e-015  5.77e-001  2.74e-001  7.84e-002  5.42e-002  3.55e-003  2.67e-005  1.24e-002  6.43e-015  1.61e-015  5.23e-017  
3.79897e+016 1.20e-015  5.84e-001  2.67e-001  7.51e-002  5.72e-002  3.42e-003  2.98e-005  1.35e-002  5.81e-015  1.45e-015  5.00e-017  
3.79918e+016 1.20e-015  5.85e-001  2.66e-001  7.46e-002  5.77e-002  3.39e-003  3.03e-005  1.37e-002  5.77e-015  1.45e-015  4.96e-017  
3.79956e+016 1.19e-015  5.87e-001  2.64e-001  7.37e-002  5.83e-002  3.36e-003  3.12e-005  1.41e-002  5.75e-015  1.43e-015  4.90e-017  
3.80017e+016 1.19e-015  5.89e-001  2.61e-001  7.25e-002  5.94e-002  3.31e-003  3.27e-005  1.46e-002  5.72e-015  1.43e-015  4.80e-017  
3.80129e+016 1.18e-015  5.94e-001  2.55e-001  7.01e-002  6.14e-002  3.21e-003  3.54e-005  1.55e-002  5.73e-015  1.43e-015  4.63e-017  
3.80319e+016 1.17e-015  6.01e-001  2.48e-001  6.66e-002  6.40e-002  3.05e-003  4.03e-005  1.71e-002  5.86e-015  1.46e-015  4.38e-017  
3.80578e+016 1.16e-015  6.08e-001  2.41e-001  6.28e-002  6.57e-002  2.88e-003  4.74e-005  1.90e-002  6.29e-015  1.57e-015  4.08e-017  
3.80629e+016 1.16e-015  6.10e-001  2.40e-001  6.22e-002  6.56e-002  2.85e-003  4.88e-005  1.93e-002  6.33e-015  1.58e-015  4.02e-017  
3.80713e+016 1.15e-015  6.12e-001  2.38e-001  6.12e-002  6.54e-002  2.80e-003  5.11e-005  1.98e-002  6.48e-015  1.62e-015  3.93e-017  
3.80859e+016 1.15e-015  6.15e-001  2.37e-001  5.98e-002  6.47e-002  2.72e-003  5.52e-005  2.05e-002  6.93e-015  1.73e-015  3.80e-017  
3.81083e+016 1.14e-015  6.24e-001  2.33e-001  5.76e-002  6.18e-002  2.61e-003  6.13e-005  2.10e-002  8.02e-015  2.01e-015  3.61e-017  
3.81265e+016 1.13e-015  6.32e-001  2.30e-001  5.60e-002  5.86e-002  2.52e-003  6.60e-005  2.10e-002  9.56e-015  2.38e-015  3.50e-017  
3.81480e+016 1.11e-015  6.44e-001  2.26e-001  5.38e-002  5.36e-002  2.40e-003  7.10e-005  2.00e-002  1.26e-014  3.14e-015  3.37e-017  
3.81769e+016 1.07e-015  6.73e-001  2.13e-001  5.01e-002  4.48e-002  2.20e-003  7.52e-005  1.70e-002  2.13e-014  5.31e-015  3.24e-017  
3.81836e+016 1.06e-015  6.81e-001  2.09e-001  4.90e-002  4.25e-002  2.14e-003  7.55e-005  1.61e-002  2.48e-014  6.20e-015  3.21e-017  
3.81952e+016 1.04e-015  6.97e-001  2.01e-001  4.69e-002  3.85e-002  2.04e-003  7.54e-005  1.43e-002  3.35e-014  8.37e-015  3.18e-017  
3.82149e+016 1.00e-015  7.31e-001  1.83e-001  4.24e-002  3.13e-002  1.82e-003  7.23e-005  1.09e-002  5.88e-014  1.47e-014  3.11e-017  
3.82433e+016 9.38e-016  7.89e-001  1.48e-001  3.41e-002  2.09e-002  1.43e-003  5.94e-005  6.07e-003  1.39e-013  3.47e-014  3.05e-017  
3.82740e+016 8.72e-016  8.60e-001  1.03e-001  2.34e-002  1.08e-002  9.59e-004  3.43e-005  2.24e-003  2.50e-013  6.25e-014  2.97e-017  
3.83054e+016 8.24e-016  9.24e-001  5.86e-002  1.31e-002  3.54e-003  5.21e-004  9.49e-006  4.38e-004  1.68e-013  4.19e-014  2.86e-017  
3.83376e+016 8.02e-016  9.65e-001  2.77e-002  6.01e-003  7.41e-004  2.28e-004  1.35e-006  4.59e-005  3.53e-014  8.83e-015  2.69e-017  
3.83751e+016 8.07e-016  9.85e-001  1.20e-002  2.47e-003  9.74e-005  8.59e-005  1.45e-007  2.86e-006  7.66e-015  1.92e-015  2.40e-017  
3.84132e+016 8.34e-016  9.88e-001  9.81e-003  1.88e-003  1.17e-005  5.76e-005  1.80e-008  3.09e-007  4.41e-015  1.10e-015  2.01e-017  
3.84531e+016 8.80e-016  9.84e-001  1.37e-002  2.51e-003  4.03e-006  6.22e-005  7.44e-009  1.72e-007  3.81e-015  9.52e-016  1.49e-017  
3.84962e+016 9.44e-016  9.78e-001  1.91e-002  3.29e-003  3.23e-006  6.17e-005  7.93e-009  2.19e-007  3.43e-015  8.59e-016  8.88e-018  
3.85449e+016 1.01e-015  9.78e-001  1.92e-002  3.17e-003  2.77e-006  4.30e-005  1.05e-008  2.20e-007  3.16e-015  7.88e-016  3.51e-018  
3.85990e+016 1.05e-015  9.87e-001  1.11e-002  1.75e-003  2.65e-006  1.65e-005  1.65e-008  1.37e-007  3.06e-015  7.64e-016  7.10e-019  
3.86597e+016 1.09e-015  9.94e-001  5.01e-003  7.36e-004  3.04e-006  4.64e-006  2.57e-008  7.70e-008  3.07e-015  7.67e-016  8.66e-020  
3.87288e+016 1.14e-015  9.94e-001  5.24e-003  7.25e-004  4.21e-006  2.89e-006  3.32e-008  1.23e-007  2.67e-015  6.66e-016  6.02e-020  
3.88139e+016 1.19e-015  9.91e-001  8.10e-003  1.08e-003  6.35e-006  2.61e-006  2.59e-008  3.08e-007  2.80e-015  7.02e-016  8.56e-020  
3.89093e+016 1.27e-015  9.85e-001  1.32e-002  1.77e-003  9.77e-006  3.46e-006  8.75e-009  8.27e-007  2.40e-015  6.02e-016  1.34e-019  
3.90068e+016 1.35e-015  9.76e-001  2.06e-002  2.88e-003  1.48e-005  7.55e-006  1.19e-009  2.00e-006  2.19e-015  5.47e-016  2.12e-019  
3.91088e+016 1.45e-015  9.65e-001  3.03e-002  4.61e-003  2.17e-005  1.83e-005  3.14e-010  4.29e-006  2.08e-015  5.20e-016  3.32e-019  
3.92181e+016 1.56e-015  9.50e-001  4.24e-002  7.19e-003  3.10e-005  3.88e-005  5.19e-010  8.03e-006  2.00e-015  5.00e-016  5.09e-019  
3.93325e+016 1.67e-015  9.33e-001  5.60e-002  1.08e-002  4.19e-005  6.76e-005  8.37e-010  1.29e-005  1.94e-015  4.85e-016  7.48e-019  
3.94519e+016 1.79e-015  9.15e-001  7.03e-002  1.51e-002  5.31e-005  9.81e-005  1.17e-009  1.73e-005  1.89e-015  4.72e-016  1.04e-018  
3.95803e+016 1.92e-015  8.96e-001  8.39e-002  1.99e-002  6.30e-005  1.23e-004  1.40e-009  1.98e-005  1.84e-015  4.62e-016  1.38e-018  
3.97190e+016 2.04e-015  8.78e-001  9.71e-002  2.50e-002  6.96e-005  1.37e-004  1.43e-009  1.94e-005  1.82e-015  4.55e-016  1.75e-018  
3.98699e+016 2.15e-015  8.61e-001  1.09e-001  2.97e-002  7.17e-005  1.38e-004  1.24e-009  1.62e-005  1.80e-015  4.50e-016  2.12e-018  
4.00514e+016 2.25e-015  8.46e-001  1.20e-001  3.45e-002  6.81e-005  1.28e-004  8.90e-010  1.12e-005  1.79e-015  4.49e-016  2.55e-018  
4.02549e+016 2.31e-015  8.31e-001  1.30e-001  3.90e-002  6.06e-005  1.11e-004  5.37e-010  6.62e-006  1.79e-015  4.50e-016  3.00e-018  
4.04761e+016 2.34e-015  8.17e-001  1.39e-001  4.32e-002  5.13e-005  9.16e-005  2.83e-010  3.48e-006  1.79e-015  4.49e-016  3.53e-018  
4.07070e+016 2.34e-015  8.03e-001  1.50e-001  4.70e-002  4.27e-005  7.31e-005  1.39e-010  1.71e-006  1.78e-015  4.44e-016  4.17e-018  
4.09451e+016 2.32e-015  7.88e-001  1.61e-001  5.12e-002  3.51e-005  5.64e-005  6.63e-011  7.97e-007  1.73e-015  4.31e-016  5.00e-018  
4.11988e+016 2.29e-015  7.70e-001  1.74e-001  5.64e-002  2.87e-005  4.15e-005  3.07e-011  3.55e-007  1.65e-015  4.13e-016  6.12e-018  
4.14624e+016 2.26e-015  7.48e-001  1.90e-001  6.19e-002  2.35e-005  2.84e-005  1.45e-011  1.55e-007  1.51e-015  3.78e-016  7.65e-018  
4.17462e+016 2.27e-015  7.20e-001  2.11e-001  6.93e-002  1.88e-005  1.72e-005  6.80e-012  6.45e-008  1.31e-015  3.28e-016  1.00e-017  
4.20512e+016 2.32e-015  6.82e-001  2.39e-001  7.86e-002  1.44e-005  8.77e-006  3.28e-012  2.48e-008  1.05e-015  2.64e-016  1.37e-017  
4.23867e+016 2.44e-015  6.35e-001  2.75e-001  9.05e-002  9.83e-006  3.44e-006  1.63e-012  8.23e-009  7.53e-016  1.88e-016  1.98e-017  
4.27356e+016 2.68e-015  5.82e-001  3.15e-001  1.04e-001  5.82e-006  1.03e-006  8.95e-013  2.30e-009  4.70e-016  1.17e-016  2.95e-017  
4.30994e+016 3.08e-015  5.30e-001  3.54e-001  1.16e-001  3.51e-006  2.44e-007  6.37e-013  6.17e-010  2.47e-016  6.17e-017  4.45e-017  
4.34671e+016 3.61e-015  4.91e-001  3.83e-001  1.26e-001  1.89e-006  4.91e-008  3.99e-013  1.16e-010  1.09e-016  2.73e-017  6.74e-017  
4.38104e+016 3.75e-015  5.31e-001  3.52e-001  1.17e-001  8.57e-007  1.06e-008  2.07e-013  1.33e-011  4.86e-017  1.21e-017  8.70e-017  
4.41007e+016 3.61e-015  6.24e-001  2.83e-001  9.32e-002  3.97e-007  4.30e-009  1.10e-013  1.47e-012  2.26e-017  5.66e-018  9.37e-017  
4.42181e+016 3.56e-015  6.72e-001  2.47e-001  8.15e-002  2.89e-007  2.89e-009  8.43e-014  5.68e-013  1.59e-017  3.96e-018  9.36e-017  
4.42811e+016 3.55e-015  6.94e-001  2.30e-001  7.59e-002  2.52e-007  2.31e-009  7.62e-014  3.55e-013  1.29e-017  3.24e-018  9.34e-017  
4.43809e+016 3.60e-015  7.22e-001  2.09e-001  6.89e-002  1.84e-007  1.57e-009  5.86e-014  1.57e-013  9.06e-018  2.27e-018  9.50e-017  
4.45030e+016 3.66e-015  7.62e-001  1.79e-001  5.90e-002  1.22e-007  8.93e-010  4.15e-014  5.46e-014  5.96e-018  1.49e-018  9.32e-017  
4.45401e+016 3.64e-015  7.83e-001  1.63e-001  5.38e-002  1.05e-007  7.06e-010  3.65e-014  3.63e-014  5.38e-018  1.35e-018  9.01e-017  
4.45998e+016 3.66e-015  8.05e-001  1.47e-001  4.83e-002  8.35e-008  5.05e-010  3.00e-014  2.04e-014  4.59e-018  1.15e-018  8.54e-017  
4.46779e+016 3.76e-015  8.24e-001  1.32e-001  4.36e-002  6.54e-008  3.32e-010  2.46e-014  1.08e-014  3.67e-018  9.20e-019  8.43e-017  
4.48006e+016 3.91e-015  8.58e-001  1.07e-001  3.53e-002  4.38e-008  1.65e-010  1.78e-014  3.76e-015  2.66e-018  6.63e-019  7.91e-017  
4.48529e+016 3.93e-015  8.80e-001  9.01e-002  2.98e-002  3.56e-008  1.12e-010  1.50e-014  2.12e-015  2.36e-018  5.90e-019  7.48e-017  
4.48834e+016 3.96e-015  8.91e-001  8.16e-002  2.70e-002  3.01e-008  9.24e-011  1.29e-014  1.46e-015  2.22e-018  5.56e-019  6.72e-017  
4.49346e+016 4.08e-015  8.98e-001  7.66e-002  2.53e-002  2.63e-008  7.46e-011  1.17e-014  1.04e-015  2.01e-018  5.03e-019  6.67e-017  
4.49870e+016 4.20e-015  9.05e-001  7.17e-002  2.36e-002  2.30e-008  5.98e-011  1.06e-014  7.31e-016  1.80e-018  4.50e-019  6.69e-017  
4.50684e+016 4.39e-015  9.16e-001  6.31e-002  2.08e-002  1.84e-008  4.22e-011  8.98e-015  4.17e-016  1.53e-018  3.83e-019  6.56e-017  
4.51867e+016 4.69e-015  9.31e-001  5.16e-002  1.70e-002  1.33e-008  2.66e-011  7.08e-015  1.86e-016  1.14e-018  2.86e-019  6.20e-017  
4.51946e+016 4.67e-015  9.38e-001  4.69e-002  1.55e-002  1.27e-008  2.31e-011  6.79e-015  1.53e-016  1.18e-018  2.93e-019  6.12e-017  
4.52061e+016 4.68e-015  9.44e-001  4.23e-002  1.39e-002  1.13e-008  2.06e-011  6.11e-015  1.20e-016  1.19e-018  2.97e-019  5.64e-017  
4.52265e+016 4.75e-015  9.45e-001  4.11e-002  1.36e-002  1.03e-008  1.97e-011  5.68e-015  1.03e-016  1.17e-018  2.93e-019  5.31e-017  
4.52632e+016 4.87e-015  9.47e-001  4.00e-002  1.32e-002  9.65e-009  1.86e-011  5.44e-015  8.69e-017  1.11e-018  2.77e-019  5.32e-017  
4.53239e+016 5.09e-015  9.49e-001  3.85e-002  1.27e-002  8.70e-009  1.69e-011  5.13e-015  6.72e-017  1.02e-018  2.53e-019  5.48e-017  
4.54167e+016 5.43e-015  9.54e-001  3.46e-002  1.15e-002  7.22e-009  1.41e-011  4.57e-015  4.27e-017  8.91e-019  2.23e-019  5.60e-017  
4.55446e+016 5.94e-015  9.62e-001  2.88e-002  9.48e-003  5.31e-009  1.07e-011  3.74e-015  2.11e-017  7.65e-019  1.92e-019  5.51e-017  
4.55658e+016 6.02e-015  9.63e-001  2.77e-002  9.13e-003  5.01e-009  1.01e-011  3.60e-015  1.84e-017  7.57e-019  1.89e-019  5.51e-017  
4.55697e+016 6.00e-015  9.66e-001  2.55e-002  8.41e-003  4.88e-009  9.16e-012  3.53e-015  1.63e-017  2.58e-020  6.46e-021  5.50e-017  
4.55761e+016 6.01e-015  9.70e-001  2.28e-002  7.52e-003  4.59e-009  8.17e-012  3.34e-015  1.35e-017  1.73e-018  4.32e-019  5.26e-017  
4.55871e+016 6.06e-015  9.71e-001  2.18e-002  7.18e-003  4.16e-009  7.83e-012  3.06e-015  1.14e-017  1.26e-018  3.14e-019  4.87e-017  
4.56066e+016 6.15e-015  9.71e-001  2.15e-002  7.09e-003  3.87e-009  7.78e-012  2.90e-015  1.03e-017  9.13e-019  2.28e-019  4.59e-017  
4.56410e+016 6.32e-015  9.72e-001  2.12e-002  7.03e-003  3.67e-009  7.77e-012  2.82e-015  9.20e-018  7.45e-019  1.87e-019  4.61e-017  
4.56849e+016 6.54e-015  9.72e-001  2.11e-002  6.95e-003  3.48e-009  7.76e-012  2.78e-015  8.13e-018  7.01e-019  1.76e-019  4.81e-017  
4.57241e+016 6.74e-015  9.73e-001  2.06e-002  6.79e-003  3.29e-009  7.61e-012  2.70e-015  7.10e-018  6.85e-019  1.72e-019  5.00e-017  
4.57850e+016 7.07e-015  9.74e-001  1.94e-002  6.38e-003  2.93e-009  7.13e-012  2.53e-015  5.46e-018  6.53e-019  1.63e-019  5.10e-017  
4.58802e+016 7.60e-015  9.77e-001  1.71e-002  5.66e-003  2.39e-009  6.33e-012  2.26e-015  3.49e-018  6.16e-019  1.54e-019  5.17e-017  
4.59720e+016 8.16e-015  9.80e-001  1.51e-002  4.96e-003  1.97e-009  5.60e-012  2.02e-015  2.23e-018  5.95e-019  1.48e-019  5.18e-017  
4.59734e+016 8.16e-015  9.80e-001  1.48e-002  4.89e-003  1.95e-009  5.48e-012  2.01e-015  2.16e-018  6.84e-018  1.70e-018  5.18e-017  
4.59759e+016 8.14e-015  9.82e-001  1.38e-002  4.56e-003  1.90e-009  5.04e-012  1.98e-015  1.94e-018  8.65e-018  2.16e-018  5.18e-017  
4.59802e+016 8.14e-015  9.84e-001  1.23e-002  4.08e-003  1.85e-009  4.48e-012  1.94e-015  1.66e-018  6.16e-018  1.55e-018  5.12e-017  
4.59873e+016 8.17e-015  9.85e-001  1.13e-002  3.73e-003  1.74e-009  4.12e-012  1.84e-015  1.42e-018  5.46e-018  1.37e-018  4.91e-017  
4.59993e+016 8.25e-015  9.85e-001  1.09e-002  3.61e-003  1.58e-009  4.00e-012  1.68e-015  1.22e-018  3.85e-018  9.64e-019  4.59e-017  
4.60196e+016 8.39e-015  9.86e-001  1.08e-002  3.58e-003  1.45e-009  3.99e-012  1.59e-015  1.09e-018  2.26e-018  5.67e-019  4.29e-017  
4.60580e+016 8.66e-015  9.86e-001  1.07e-002  3.54e-003  1.37e-009  4.02e-012  1.55e-015  9.72e-019  1.09e-018  2.74e-019  4.18e-017  
4.61139e+016 9.08e-015  9.86e-001  1.06e-002  3.49e-003  1.28e-009  4.04e-012  1.52e-015  8.37e-019  6.90e-019  1.73e-019  4.35e-017  
4.61801e+016 9.59e-015  9.87e-001  1.01e-002  3.34e-003  1.16e-009  3.92e-012  1.46e-015  6.67e-019  6.14e-019  1.53e-019  4.60e-017  
4.62829e+016 1.04e-014  9.88e-001  8.87e-003  2.93e-003  9.53e-010  3.49e-012  1.33e-015  4.23e-019  6.12e-019  1.54e-019  4.80e-017  
4.63958e+016 1.14e-014  9.90e-001  7.40e-003  2.44e-003  7.50e-010  2.94e-012  1.17e-015  2.41e-019  6.18e-019  1.54e-019  4.74e-017  
4.64165e+016 1.16e-014  9.91e-001  7.13e-003  2.35e-003  7.17e-010  2.83e-012  1.15e-015  2.16e-019  1.13e-018  2.83e-019  4.72e-017  
4.64187e+016 1.16e-014  9.91e-001  6.81e-003  2.25e-003  7.03e-010  2.67e-012  1.13e-015  2.01e-019  3.89e-018  9.74e-019  4.73e-017  
4.64224e+016 1.16e-014  9.92e-001  6.08e-003  2.01e-003  6.90e-010  2.35e-012  1.12e-015  1.73e-019  0.00e+000  0.00e+000  4.72e-017  
4.64286e+016 1.16e-014  9.93e-001  5.31e-003  1.75e-003  6.74e-010  2.05e-012  1.11e-015  1.46e-019  0.00e+000  0.00e+000  4.65e-017  
4.64396e+016 1.17e-014  9.94e-001  4.88e-003  1.61e-003  6.33e-010  1.89e-012  1.05e-015  1.24e-019  0.00e+000  0.00e+000  4.42e-017  
4.64596e+016 1.19e-014  9.94e-001  4.77e-003  1.57e-003  5.80e-010  1.87e-012  9.85e-016  1.09e-019  0.00e+000  0.00e+000  4.09e-017  
4.64933e+016 1.23e-014  9.94e-001  4.73e-003  1.56e-003  5.36e-010  1.87e-012  9.37e-016  9.53e-020  2.83e-018  7.06e-019  3.81e-017  
4.65501e+016 1.29e-014  9.94e-001  4.67e-003  1.54e-003  4.95e-010  1.86e-012  9.16e-016  8.15e-020  0.00e+000  0.00e+000  3.73e-017  
4.66259e+016 1.37e-014  9.94e-001  4.47e-003  1.48e-003  4.52e-010  1.80e-012  8.99e-016  6.48e-020  4.65e-019  1.16e-019  3.88e-017  
4.67450e+016 1.51e-014  9.95e-001  3.81e-003  1.26e-003  3.83e-010  1.55e-012  8.56e-016  4.03e-020  7.36e-019  1.84e-019  4.05e-017  
4.68726e+016 1.68e-014  9.96e-001  3.05e-003  1.01e-003  3.18e-010  1.22e-012  8.11e-016  2.25e-020  8.59e-019  2.14e-019  4.06e-017  
4.69009e+016 1.72e-014  9.96e-001  2.89e-003  9.55e-004  3.06e-010  1.16e-012  8.04e-016  1.99e-020  8.27e-019  2.07e-019  4.05e-017  
4.69024e+016 1.72e-014  9.96e-001  2.87e-003  9.44e-004  3.05e-010  1.14e-012  7.98e-016  1.95e-020  8.91e-019  2.24e-019  4.05e-017  
4.69048e+016 1.72e-014  9.96e-001  2.75e-003  9.09e-004  3.00e-010  1.08e-012  7.92e-016  1.83e-020  1.11e-018  2.79e-019  4.06e-017  
4.69090e+016 1.72e-014  9.97e-001  2.49e-003  8.22e-004  2.96e-010  9.73e-013  7.87e-016  1.62e-020  1.19e-018  2.97e-019  4.06e-017  
4.69160e+016 1.72e-014  9.97e-001  2.13e-003  7.01e-004  2.94e-010  8.23e-013  7.88e-016  1.35e-020  1.55e-018  3.87e-019  4.01e-017  
4.69279e+016 1.74e-014  9.98e-001  1.85e-003  6.08e-004  2.92e-010  7.11e-013  7.97e-016  1.15e-020  1.48e-018  3.72e-019  3.88e-017  
4.69476e+016 1.77e-014  9.98e-001  1.75e-003  5.81e-004  2.87e-010  6.76e-013  8.00e-016  1.04e-020  1.24e-018  3.09e-019  3.66e-017  
4.69806e+016 1.82e-014  9.98e-001  1.74e-003  5.76e-004  2.80e-010  6.74e-013  8.00e-016  9.70e-021  3.18e-019  7.95e-020  3.42e-017  
4.70337e+016 1.90e-014  9.98e-001  1.74e-003  5.72e-004  2.68e-010  6.72e-013  8.03e-016  8.66e-021  6.41e-019  1.60e-019  3.22e-017  
4.70622e+016 1.95e-014  9.98e-001  1.72e-003  5.68e-004  2.60e-010  6.70e-013  8.03e-016  8.03e-021  7.67e-019  1.91e-019  3.19e-017  
4.71061e+016 2.02e-014  9.98e-001  1.68e-003  5.53e-004  2.51e-010  6.52e-013  8.05e-016  7.16e-021  8.94e-019  2.23e-019  3.18e-017  
4.71746e+016 2.14e-014  9.98e-001  1.63e-003  5.36e-004  2.56e-010  6.48e-013  8.58e-016  6.43e-021  1.09e-018  2.71e-019  3.23e-017  
4.72860e+016 2.35e-014  9.98e-001  1.49e-003  4.93e-004  2.70e-010  6.12e-013  9.73e-016  5.31e-021  1.33e-018  3.33e-019  3.39e-017  
4.74240e+016 2.63e-014  9.98e-001  1.31e-003  4.33e-004  2.98e-010  5.50e-013  1.18e-015  4.18e-021  1.64e-018  4.10e-019  3.62e-017  
4.74305e+016 2.65e-014  9.98e-001  1.30e-003  4.29e-004  2.98e-010  5.46e-013  1.18e-015  4.14e-021  1.65e-018  4.11e-019  3.63e-017  
4.74313e+016 2.65e-014  9.98e-001  1.30e-003  4.29e-004  2.99e-010  5.46e-013  1.18e-015  4.11e-021  1.66e-018  4.14e-019  3.63e-017  
4.74348e+016 2.65e-014  9.98e-001  1.29e-003  4.26e-004  2.99e-010  5.42e-013  1.19e-015  4.07e-021  1.67e-018  4.18e-019  3.65e-017  
4.74406e+016 2.66e-014  9.98e-001  1.25e-003  4.13e-004  2.98e-010  5.22e-013  1.19e-015  3.90e-021  1.69e-018  4.20e-019  3.66e-017  
4.74503e+016 2.68e-014  9.98e-001  1.16e-003  3.84e-004  3.00e-010  4.81e-013  1.21e-015  3.54e-021  1.77e-018  4.43e-019  3.67e-017  
4.74676e+016 2.71e-014  9.99e-001  1.02e-003  3.38e-004  3.08e-010  4.20e-013  1.27e-015  3.11e-021  1.77e-018  4.42e-019  3.66e-017  
4.74972e+016 2.77e-014  9.99e-001  9.34e-004  3.08e-004  3.29e-010  3.82e-013  1.39e-015  2.88e-021  1.66e-018  4.15e-019  3.61e-017  
4.75283e+016 2.84e-014  9.99e-001  9.32e-004  3.07e-004  3.51e-010  3.83e-013  1.51e-015  2.93e-021  1.59e-018  3.97e-019  3.59e-017  
4.75365e+016 2.86e-014  9.99e-001  9.36e-004  3.09e-004  3.56e-010  3.84e-013  1.54e-015  2.95e-021  1.61e-018  4.02e-019  3.56e-017  
4.75556e+016 2.91e-014  9.99e-001  9.47e-004  3.12e-004  3.67e-010  3.91e-013  1.60e-015  2.99e-021  4.53e-018  1.13e-018  3.57e-017  
4.75856e+016 2.99e-014  9.99e-001  9.69e-004  3.19e-004  3.81e-010  4.04e-013  1.68e-015  3.04e-021  7.08e-018  1.77e-018  3.54e-017  
4.76342e+016 3.11e-014  9.99e-001  9.99e-004  3.31e-004  3.98e-010  4.24e-013  1.81e-015  3.06e-021  6.04e-018  1.51e-018  3.63e-017  
4.77120e+016 3.32e-014  9.99e-001  1.03e-003  3.43e-004  4.24e-010  4.45e-013  2.02e-015  3.00e-021  4.90e-018  1.22e-018  3.79e-017  
4.78339e+016 3.68e-014  9.99e-001  1.05e-003  3.48e-004  4.54e-010  4.57e-013  2.34e-015  2.72e-021  3.78e-018  9.44e-019  4.19e-017  
4.79819e+016 4.14e-014  9.99e-001  1.11e-003  3.67e-004  5.15e-010  4.84e-013  2.90e-015  2.56e-021  3.55e-018  8.87e-019  4.81e-017  
4.80101e+016 4.24e-014  9.99e-001  1.13e-003  3.71e-004  5.26e-010  4.89e-013  3.02e-015  2.55e-021  3.59e-018  8.95e-019  4.96e-017  
4.80156e+016 4.25e-014  9.98e-001  1.13e-003  3.74e-004  5.30e-010  4.92e-013  3.04e-015  2.54e-021  3.60e-018  9.00e-019  4.99e-017  
4.80288e+016 4.30e-014  9.98e-001  1.14e-003  3.75e-004  5.35e-010  4.93e-013  3.10e-015  2.54e-021  3.61e-018  9.05e-019  5.05e-017  
4.80511e+016 4.37e-014  9.98e-001  1.15e-003  3.80e-004  5.47e-010  4.99e-013  3.21e-015  2.52e-021  3.66e-018  9.18e-019  5.18e-017  
4.80875e+016 4.50e-014  9.98e-001  1.18e-003  3.89e-004  5.67e-010  5.07e-013  3.40e-015  2.51e-021  3.76e-018  9.41e-019  5.38e-017  
4.81463e+016 4.71e-014  9.98e-001  1.23e-003  4.06e-004  5.99e-010  5.23e-013  3.76e-015  2.51e-021  3.97e-018  9.96e-019  5.74e-017  
4.82445e+016 5.09e-014  9.98e-001  1.33e-003  4.40e-004  6.56e-010  5.60e-013  4.38e-015  2.53e-021  4.52e-018  1.13e-018  6.43e-017  
4.83636e+016 5.59e-014  9.98e-001  1.51e-003  4.99e-004  7.37e-010  6.22e-013  5.29e-015  2.65e-021  5.54e-018  1.38e-018  7.46e-017  
4.84912e+016 6.18e-014  9.98e-001  1.73e-003  5.72e-004  8.21e-010  6.97e-013  6.40e-015  2.72e-021  6.89e-018  1.73e-018  8.83e-017  
4.86294e+016 6.88e-014  9.97e-001  2.02e-003  6.67e-004  9.07e-010  7.76e-013  7.76e-015  2.73e-021  7.87e-018  1.96e-018  1.07e-016  
4.87591e+016 7.59e-014  9.97e-001  2.36e-003  7.78e-004  1.00e-009  8.68e-013  9.34e-015  2.78e-021  1.09e-017  2.71e-018  1.29e-016  
4.88968e+016 8.42e-014  9.96e-001  2.76e-003  9.08e-004  1.08e-009  9.52e-013  1.10e-014  2.71e-021  1.59e-017  3.97e-018  1.57e-016  
4.90444e+016 9.39e-014  9.96e-001  3.28e-003  1.09e-003  1.16e-009  1.06e-012  1.32e-014  2.63e-021  2.28e-017  5.71e-018  1.94e-016  
4.91980e+016 1.05e-013  9.95e-001  3.93e-003  1.30e-003  1.21e-009  1.16e-012  1.55e-014  2.46e-021  3.30e-017  8.26e-018  2.42e-016  
4.93317e+016 1.16e-013  9.94e-001  4.56e-003  1.50e-003  1.24e-009  1.24e-012  1.75e-014  2.27e-021  4.49e-017  1.12e-017  2.90e-016  
4.94239e+016 1.23e-013  9.93e-001  5.13e-003  1.69e-003  1.27e-009  1.30e-012  1.90e-014  2.16e-021  5.63e-017  1.41e-017  3.32e-016  
4.95192e+016 1.31e-013  9.92e-001  5.70e-003  1.88e-003  1.24e-009  1.34e-012  2.02e-014  1.97e-021  7.05e-017  1.76e-017  3.79e-016  
4.96202e+016 1.40e-013  9.92e-001  6.36e-003  2.10e-003  1.22e-009  1.39e-012  2.14e-014  1.78e-021  8.92e-017  2.22e-017  4.36e-016  
4.97297e+016 1.51e-013  9.91e-001  7.13e-003  2.35e-003  1.18e-009  1.44e-012  2.25e-014  1.59e-021  1.13e-016  2.82e-017  5.03e-016  
4.98461e+016 1.63e-013  9.89e-001  7.99e-003  2.64e-003  1.11e-009  1.46e-012  2.32e-014  1.36e-021  1.46e-016  3.64e-017  5.87e-016  
4.99670e+016 1.76e-013  9.88e-001  8.92e-003  2.95e-003  1.02e-009  1.47e-012  2.37e-014  1.15e-021  1.86e-016  4.66e-017  6.81e-016  
5.00936e+016 1.91e-013  9.87e-001  9.87e-003  3.25e-003  9.13e-010  1.40e-012  2.34e-014  9.24e-022  2.39e-016  5.98e-017  7.93e-016  
5.02240e+016 2.05e-013  9.86e-001  1.08e-002  3.57e-003  7.95e-010  1.31e-012  2.29e-014  7.27e-022  3.05e-016  7.61e-017  9.27e-016  
5.03584e+016 2.20e-013  9.85e-001  1.16e-002  3.84e-003  6.76e-010  1.18e-012  2.18e-014  5.54e-022  3.87e-016  9.66e-017  1.07e-015  
5.05026e+016 2.38e-013  9.84e-001  1.22e-002  4.01e-003  5.47e-010  1.02e-012  1.99e-014  3.91e-022  4.88e-016  1.22e-016  1.23e-015  
5.05959e+016 2.50e-013  9.83e-001  1.25e-002  4.12e-003  4.84e-010  9.39e-013  1.89e-014  3.21e-022  5.64e-016  1.41e-016  1.33e-015  
5.06957e+016 2.63e-013  9.83e-001  1.26e-002  4.14e-003  4.06e-010  8.31e-013  1.74e-014  2.48e-022  6.49e-016  1.63e-016  1.44e-015  
5.07988e+016 2.79e-013  9.83e-001  1.25e-002  4.13e-003  3.42e-010  7.32e-013  1.59e-014  1.90e-022  7.50e-016  1.88e-016  1.54e-015  
5.09058e+016 2.94e-013  9.83e-001  1.26e-002  4.15e-003  2.91e-010  6.50e-013  1.46e-014  1.48e-022  8.71e-016  2.18e-016  1.65e-015  
5.10237e+016 3.12e-013  9.84e-001  1.22e-002  4.04e-003  2.34e-010  5.51e-013  1.29e-014  1.07e-022  1.03e-015  2.56e-016  1.76e-015  
5.11496e+016 3.32e-013  9.84e-001  1.19e-002  3.91e-003  1.87e-010  4.67e-013  1.14e-014  7.65e-023  1.22e-015  3.04e-016  1.86e-015  
5.12843e+016 3.54e-013  9.85e-001  1.15e-002  3.81e-003  1.48e-010  3.92e-013  1.00e-014  5.42e-023  1.47e-015  3.67e-016  1.97e-015  
5.14296e+016 3.80e-013  9.85e-001  1.10e-002  3.61e-003  1.13e-010  3.21e-013  8.59e-015  3.61e-023  1.81e-015  4.51e-016  2.07e-015  
5.15425e+016 4.01e-013  9.86e-001  1.06e-002  3.52e-003  9.38e-011  2.80e-013  7.74e-015  2.72e-023  2.12e-015  5.29e-016  2.13e-015  
5.16792e+016 4.27e-013  9.86e-001  1.02e-002  3.35e-003  7.38e-011  2.34e-013  6.72e-015  1.91e-023  2.58e-015  6.47e-016  2.20e-015  
5.18319e+016 4.57e-013  9.87e-001  9.57e-003  3.15e-003  5.60e-011  1.92e-013  5.71e-015  1.27e-023  3.22e-015  8.03e-016  2.28e-015  
5.19950e+016 4.90e-013  9.88e-001  8.92e-003  2.94e-003  4.88e-011  1.55e-013  4.80e-015  8.31e-024  4.04e-015  1.01e-015  2.35e-015  
5.21655e+016 5.26e-013  9.89e-001  8.14e-003  2.68e-003  5.84e-011  1.21e-013  3.94e-015  5.16e-024  5.14e-015  1.28e-015  2.40e-015  
5.23457e+016 5.66e-013  9.90e-001  7.41e-003  2.44e-003  6.98e-011  9.51e-014  3.20e-015  3.20e-024  6.54e-015  1.64e-015  2.42e-015  
5.25384e+016 6.09e-013  9.91e-001  6.58e-003  2.18e-003  8.35e-011  7.24e-014  2.53e-015  1.89e-024  8.47e-015  2.12e-015  2.45e-015  
5.27451e+016 6.58e-013  9.92e-001  5.79e-003  1.91e-003  1.00e-010  5.44e-014  1.98e-015  1.08e-024  1.12e-014  2.80e-015  2.46e-015  
5.29668e+016 7.13e-013  9.93e-001  4.99e-003  1.64e-003  1.20e-010  3.96e-014  1.50e-015  5.92e-025  1.52e-014  3.79e-015  2.46e-015  
5.31993e+016 7.70e-013  9.94e-001  4.26e-003  1.40e-003  1.43e-010  2.87e-014  1.13e-015  3.19e-025  2.12e-014  5.30e-015  2.44e-015  
5.34440e+016 8.34e-013  9.95e-001  3.56e-003  1.18e-003  1.69e-010  2.03e-014  8.26e-016  1.65e-025  3.06e-014  7.65e-015  2.41e-015  
5.36995e+016 9.00e-013  9.96e-001  2.97e-003  9.83e-004  1.99e-010  1.43e-014  6.05e-016  8.59e-026  4.58e-014  1.15e-014  2.37e-015  
5.39765e+016 9.71e-013  9.97e-001  2.42e-003  7.99e-004  2.36e-010  9.74e-015  4.28e-016  4.19e-026  7.22e-014  1.80e-014  2.33e-015  
5.42627e+016 1.04e-012  9.97e-001  1.99e-003  6.57e-004  2.79e-010  6.77e-015  3.08e-016  2.11e-026  1.17e-013  2.92e-014  2.28e-015  
5.45738e+016 1.12e-012  9.98e-001  1.56e-003  5.17e-004  3.29e-010  4.43e-015  2.09e-016  9.62e-027  1.97e-013  4.93e-014  2.23e-015  
5.49079e+016 1.20e-012  9.98e-001  1.25e-003  4.13e-004  3.89e-010  2.97e-015  1.46e-016  4.55e-027  3.44e-013  8.65e-014  2.19e-015  
5.52575e+016 1.28e-012  9.99e-001  9.75e-004  3.24e-004  4.60e-010  1.96e-015  9.91e-017  2.08e-027  6.10e-013  1.52e-013  2.15e-015  
5.56155e+016 1.35e-012  9.99e-001  7.70e-004  2.56e-004  5.44e-010  1.30e-015  6.90e-017  9.77e-028  1.08e-012  2.69e-013  2.14e-015  
5.59918e+016 1.41e-012  9.99e-001  6.16e-004  2.05e-004  6.46e-010  8.93e-016  4.87e-017  4.75e-028  1.92e-012  4.80e-013  2.15e-015  
5.63913e+016 1.46e-012  9.99e-001  4.91e-004  1.63e-004  7.73e-010  6.12e-016  3.46e-017  2.32e-028  3.45e-012  8.62e-013  2.20e-015  
5.68226e+016 1.51e-012  9.99e-001  3.87e-004  1.29e-004  9.20e-010  4.18e-016  2.46e-017  1.13e-028  6.25e-012  1.56e-012  2.27e-015  
5.72780e+016 1.53e-012  1.00e+000  3.08e-004  1.03e-004  1.12e-009  2.90e-016  1.78e-017  5.61e-029  1.14e-011  2.86e-012  2.42e-015  
5.77650e+016 1.54e-012  1.00e+000  2.49e-004  8.31e-005  1.36e-009  2.08e-016  1.33e-017  2.93e-029  2.10e-011  5.24e-012  2.64e-015  
5.82707e+016 1.53e-012  1.00e+000  2.04e-004  6.80e-005  1.67e-009  1.54e-016  1.03e-017  1.64e-029  3.79e-011  9.47e-012  2.95e-015  
5.88124e+016 1.50e-012  1.00e+000  1.68e-004  5.63e-005  2.06e-009  1.16e-016  8.13e-018  9.26e-030  6.87e-011  1.72e-011  3.41e-015  
5.93801e+016 1.44e-012  1.00e+000  1.44e-004  4.83e-005  2.58e-009  9.30e-017  6.77e-018  5.80e-030  1.25e-010  3.12e-011  4.07e-015  
5.99878e+016 1.37e-012  1.00e+000  1.25e-004  4.18e-005  3.25e-009  7.66e-017  5.75e-018  3.75e-030  2.26e-010  5.63e-011  4.96e-015  
6.06254e+016 1.29e-012  1.00e+000  1.12e-004  3.74e-005  4.12e-009  6.60e-017  5.10e-018  2.64e-030  4.01e-010  1.00e-010  6.16e-015  
6.12860e+016 1.20e-012  1.00e+000  1.04e-004  3.49e-005  5.22e-009  6.14e-017  4.77e-018  2.06e-030  7.02e-010  1.75e-010  7.73e-015  
6.19772e+016 1.10e-012  1.00e+000  1.00e-004  3.35e-005  6.67e-009  5.95e-017  4.58e-018  1.71e-030  1.22e-009  3.04e-010  9.82e-015  
6.27006e+016 1.00e-012  1.00e+000  9.98e-005  3.33e-005  8.57e-009  6.08e-017  4.54e-018  1.51e-030  2.07e-009  5.19e-010  1.26e-014  
6.34752e+016 9.00e-013  1.00e+000  1.03e-004  3.44e-005  1.11e-008  6.63e-017  4.69e-018  1.47e-030  3.53e-009  8.83e-010  1.61e-014  
6.43223e+016 8.01e-013  1.00e+000  1.12e-004  3.72e-005  1.46e-008  7.74e-017  5.02e-018  1.55e-030  6.05e-009  1.51e-009  2.10e-014  
6.52408e+016 7.04e-013  1.00e+000  1.26e-004  4.19e-005  1.95e-008  9.73e-017  5.61e-018  1.79e-030  1.04e-008  2.60e-009  2.74e-014  
6.62440e+016 6.13e-013  1.00e+000  1.47e-004  4.88e-005  2.64e-008  1.30e-016  6.44e-018  2.20e-030  1.78e-008  4.47e-009  3.62e-014  
6.73219e+016 5.30e-013  1.00e+000  1.77e-004  5.87e-005  3.62e-008  1.84e-016  7.62e-018  2.92e-030  3.04e-008  7.60e-009  4.77e-014  
6.84641e+016 4.57e-013  1.00e+000  2.21e-004  7.28e-005  5.03e-008  2.78e-016  9.30e-018  4.20e-030  5.10e-008  1.27e-008  6.26e-014  
6.96945e+016 3.92e-013  1.00e+000  2.83e-004  9.36e-005  7.09e-008  4.51e-016  1.18e-017  6.55e-030  8.44e-008  2.11e-008  8.21e-014  
7.10391e+016 3.35e-013  9.99e-001  3.76e-004  1.25e-004  1.02e-007  7.94e-016  1.54e-017  1.11e-029  1.39e-007  3.49e-008  1.08e-013  
7.25155e+016 2.86e-013  9.99e-001  5.21e-004  1.72e-004  1.50e-007  1.51e-015  2.09e-017  2.06e-029  2.27e-007  5.66e-008  1.42e-013  
7.42223e+016 2.42e-013  9.99e-001  7.55e-004  2.49e-004  2.31e-007  3.25e-015  2.98e-017  4.33e-029  3.76e-007  9.37e-008  1.89e-013  
7.63108e+016 2.02e-013  9.98e-001  1.19e-003  3.91e-004  3.84e-007  8.55e-015  4.60e-017  1.11e-028  6.43e-007  1.61e-007  2.58e-013  
7.86896e+016 1.71e-013  9.97e-001  1.94e-003  6.42e-004  6.59e-007  2.57e-014  7.41e-017  3.27e-028  1.07e-006  2.68e-007  3.48e-013  
8.18150e+016 1.44e-013  9.95e-001  3.63e-003  1.20e-003  1.31e-006  1.09e-013  1.37e-016  1.37e-027  1.87e-006  4.67e-007  4.90e-013  
8.55776e+016 1.22e-013  9.90e-001  7.43e-003  2.45e-003  2.81e-006  6.11e-013  2.79e-016  7.61e-027  3.21e-006  8.01e-007  6.91e-013  
9.00548e+016 1.06e-013  9.78e-001  1.66e-002  5.48e-003  6.60e-006  4.52e-012  6.22e-016  5.67e-026  5.30e-006  1.33e-006  9.78e-013  
9.53916e+016 9.50e-014  9.46e-001  4.08e-002  1.35e-002  1.70e-005  4.62e-011  1.55e-015  5.85e-025  8.40e-006  2.11e-006  1.37e-012  
1.01535e+017 8.97e-014  8.63e-001  1.03e-001  3.40e-002  4.50e-005  6.20e-010  4.02e-015  7.42e-024  1.22e-005  3.03e-006  1.86e-012  
1.09249e+017 9.88e-014  6.63e-001  2.53e-001  8.37e-002  1.17e-004  1.17e-008  1.05e-014  1.19e-022  1.47e-005  3.66e-006  2.30e-012  
1.19176e+017 1.46e-013  3.73e-001  4.72e-001  1.55e-001  2.40e-004  1.57e-007  2.20e-014  1.58e-021  1.27e-005  3.18e-006  2.38e-012  
1.32448e+017 2.47e-013  1.82e-001  6.15e-001  2.03e-001  3.43e-004  8.73e-007  3.14e-014  9.18e-021  9.14e-006  2.28e-006  2.58e-012  
