! 0       O2 + GRAIN -> *O2 + GRAIN
! 1       *H + *SO2 -> *O2 + *HS
! 2       *N + *O2H -> *O2 + *NH
! 3       *O + *O -> *O2
! 4       *O + *O2H -> *O2 + *OH
! 5       *O2H + CRPhoton -> *O2 + *H
! 6       *O2H + ISPhoton -> *O2 + *H
!            tot_rate   0          1          2          3          4          5          6          
1.58188e+013 9.30e-015  1.00e+000  2.32e-004  3.98e-006  8.49e-020  4.03e-018  5.62e-012  3.42e-018  
3.50727e+014 9.30e-015  1.00e+000  2.32e-004  3.98e-006  8.49e-020  4.03e-018  5.62e-012  3.42e-018  
5.21628e+015 9.34e-015  1.00e+000  2.33e-004  3.98e-006  8.49e-020  4.04e-018  5.62e-012  3.41e-018  
2.67137e+016 3.08e-014  1.00e+000  3.22e-004  6.62e-006  1.29e-019  6.72e-018  4.15e-012  2.54e-018  
3.33598e+016 5.56e-014  1.00e+000  3.29e-004  1.96e-005  4.40e-019  2.82e-017  5.25e-012  3.20e-018  
3.42055e+016 4.20e-014  1.00e+000  3.31e-004  3.71e-005  1.32e-018  8.40e-017  7.14e-012  4.36e-018  
3.44017e+016 3.82e-014  1.00e+000  3.30e-004  4.63e-005  1.99e-018  1.25e-016  7.88e-012  4.79e-018  
3.46353e+016 3.35e-014  1.00e+000  3.31e-004  6.48e-005  3.73e-018  2.28e-016  9.01e-012  5.49e-018  
3.48860e+016 2.85e-014  1.00e+000  3.29e-004  1.03e-004  9.15e-018  5.33e-016  1.06e-011  6.45e-018  
3.51370e+016 2.35e-014  9.99e-001  3.30e-004  1.88e-004  3.05e-017  1.65e-015  1.29e-011  7.83e-018  
3.53250e+016 2.00e-014  9.99e-001  3.29e-004  3.27e-004  9.44e-017  4.71e-015  1.51e-011  9.19e-018  
3.55515e+016 1.60e-014  9.99e-001  3.30e-004  7.55e-004  5.45e-016  2.37e-014  1.90e-011  1.15e-017  
3.57182e+016 1.33e-014  9.98e-001  3.30e-004  1.58e-003  2.67e-015  1.01e-013  2.28e-011  1.39e-017  
3.58524e+016 1.13e-014  9.97e-001  3.31e-004  3.07e-003  1.18e-014  3.90e-013  2.69e-011  1.64e-017  
3.60047e+016 9.36e-015  9.93e-001  3.28e-004  6.61e-003  7.90e-014  2.18e-012  3.27e-011  2.00e-017  
3.61718e+016 7.44e-015  9.86e-001  3.25e-004  1.41e-002  8.74e-013  1.90e-011  4.14e-011  2.51e-017  
3.62899e+016 6.25e-015  9.79e-001  3.23e-004  2.05e-002  5.54e-012  9.98e-011  4.94e-011  3.01e-017  
3.63893e+016 5.35e-015  9.75e-001  3.21e-004  2.47e-002  2.88e-011  4.41e-010  5.81e-011  3.53e-017  
3.64972e+016 4.48e-015  9.73e-001  3.21e-004  2.70e-002  1.82e-010  2.32e-009  7.01e-011  4.26e-017  
3.66124e+016 3.67e-015  9.72e-001  3.21e-004  2.78e-002  1.36e-009  1.43e-008  8.71e-011  5.31e-017  
3.67348e+016 2.97e-015  9.70e-001  3.27e-004  2.95e-002  1.01e-008  9.67e-008  1.09e-010  6.67e-017  
3.68621e+016 2.38e-015  9.58e-001  3.54e-004  4.18e-002  1.53e-008  3.71e-007  1.37e-010  8.36e-017  
3.69700e+016 1.98e-015  9.52e-001  3.66e-004  4.81e-002  2.95e-009  4.17e-007  1.65e-010  1.00e-016  
3.70376e+016 1.74e-015  9.52e-001  3.71e-004  4.75e-002  8.09e-010  3.89e-007  1.85e-010  1.12e-016  
3.71087e+016 1.53e-015  9.54e-001  3.76e-004  4.52e-002  2.07e-010  3.47e-007  2.05e-010  1.24e-016  
3.71826e+016 1.35e-015  9.58e-001  3.81e-004  4.13e-002  5.47e-011  3.07e-007  2.18e-010  1.33e-016  
3.72589e+016 1.18e-015  9.64e-001  3.91e-004  3.58e-002  1.64e-011  2.70e-007  2.21e-010  1.34e-016  
3.73370e+016 1.04e-015  9.72e-001  4.09e-004  2.81e-002  5.85e-012  2.29e-007  2.02e-010  1.23e-016  
3.74165e+016 9.26e-016  9.81e-001  4.37e-004  1.82e-002  2.94e-012  1.82e-007  1.50e-010  9.15e-017  
3.74829e+016 8.48e-016  9.90e-001  4.86e-004  9.99e-003  2.51e-012  1.38e-007  8.88e-011  5.41e-017  
3.75505e+016 7.84e-016  9.96e-001  6.17e-004  3.56e-003  4.59e-012  8.84e-008  3.14e-011  1.91e-017  
3.76194e+016 7.38e-016  9.98e-001  1.18e-003  1.16e-003  3.36e-011  8.54e-008  8.44e-012  5.15e-018  
3.76839e+016 7.08e-016  9.93e-001  5.75e-003  1.50e-003  2.73e-009  7.77e-007  6.71e-012  4.08e-018  
3.76854e+016 7.07e-016  9.92e-001  6.08e-003  1.53e-003  3.17e-009  8.35e-007  6.69e-012  4.07e-018  
3.76877e+016 7.07e-016  9.92e-001  6.65e-003  1.56e-003  4.06e-009  9.47e-007  6.62e-012  4.03e-018  
3.76917e+016 7.07e-016  9.91e-001  7.77e-003  1.60e-003  6.24e-009  1.17e-006  6.51e-012  3.96e-018  
3.76980e+016 7.05e-016  9.88e-001  1.02e-002  1.69e-003  1.32e-008  1.69e-006  6.34e-012  3.86e-018  
3.77083e+016 7.06e-016  9.82e-001  1.64e-002  1.86e-003  5.14e-008  3.27e-006  5.98e-012  3.64e-018  
3.77248e+016 7.17e-016  9.58e-001  4.01e-002  2.15e-003  7.54e-007  1.16e-005  5.16e-012  3.14e-018  
3.77450e+016 7.85e-016  8.67e-001  1.31e-001  2.06e-003  6.80e-005  8.40e-005  3.50e-012  2.14e-018  
3.77655e+016 6.83e-016  9.87e-001  1.08e-002  4.08e-004  2.08e-003  1.54e-004  1.17e-012  7.11e-019  
3.77936e+016 6.70e-016  9.96e-001  4.61e-004  2.05e-005  3.81e-003  1.33e-005  6.91e-014  4.21e-020  
3.78016e+016 6.68e-016  9.95e-001  4.82e-004  8.69e-006  4.61e-003  6.84e-006  3.14e-014  1.91e-020  
3.78111e+016 6.66e-016  9.94e-001  5.10e-004  3.72e-006  5.70e-003  3.60e-006  1.45e-014  8.83e-021  
3.78273e+016 6.65e-016  9.92e-001  5.63e-004  1.88e-006  7.87e-003  2.51e-006  8.23e-015  5.01e-021  
3.78530e+016 6.63e-016  9.87e-001  6.79e-004  1.70e-006  1.27e-002  3.76e-006  9.02e-015  5.49e-021  
3.78818e+016 6.64e-016  9.79e-001  8.59e-004  1.78e-006  2.00e-002  6.33e-006  1.12e-014  6.79e-021  
3.79076e+016 6.67e-016  9.72e-001  9.90e-004  1.71e-006  2.73e-002  9.01e-006  1.28e-014  7.80e-021  
3.79253e+016 6.69e-016  9.68e-001  1.07e-003  1.64e-006  3.14e-002  1.07e-005  1.35e-014  8.21e-021  
3.79502e+016 6.71e-016  9.61e-001  1.17e-003  1.52e-006  3.76e-002  1.31e-005  1.43e-014  8.70e-021  
3.79755e+016 6.75e-016  9.56e-001  1.24e-003  1.39e-006  4.25e-002  1.53e-005  1.48e-014  9.03e-021  
3.79897e+016 6.76e-016  9.54e-001  1.26e-003  1.32e-006  4.48e-002  1.64e-005  1.51e-014  9.17e-021  
3.79918e+016 6.76e-016  9.54e-001  1.26e-003  1.31e-006  4.51e-002  1.66e-005  1.51e-014  9.20e-021  
3.79956e+016 6.77e-016  9.53e-001  1.27e-003  1.29e-006  4.55e-002  1.68e-005  1.52e-014  9.22e-021  
3.80017e+016 6.78e-016  9.52e-001  1.27e-003  1.26e-006  4.63e-002  1.72e-005  1.52e-014  9.26e-021  
3.80129e+016 6.79e-016  9.51e-001  1.28e-003  1.20e-006  4.74e-002  1.81e-005  1.53e-014  9.35e-021  
3.80319e+016 6.81e-016  9.50e-001  1.27e-003  1.11e-006  4.86e-002  1.92e-005  1.56e-014  9.47e-021  
3.80578e+016 6.82e-016  9.51e-001  1.23e-003  1.01e-006  4.78e-002  2.02e-005  1.57e-014  9.58e-021  
3.80629e+016 6.83e-016  9.51e-001  1.22e-003  9.85e-007  4.73e-002  2.03e-005  1.58e-014  9.60e-021  
3.80713e+016 6.83e-016  9.53e-001  1.19e-003  9.53e-007  4.61e-002  2.03e-005  1.58e-014  9.61e-021  
3.80859e+016 6.83e-016  9.55e-001  1.15e-003  9.01e-007  4.38e-002  2.04e-005  1.58e-014  9.67e-021  
3.81083e+016 6.82e-016  9.60e-001  1.05e-003  8.21e-007  3.86e-002  1.98e-005  1.58e-014  9.66e-021  
3.81265e+016 6.81e-016  9.66e-001  9.63e-004  7.57e-007  3.32e-002  1.88e-005  1.57e-014  9.59e-021  
3.81480e+016 6.79e-016  9.73e-001  8.48e-004  6.84e-007  2.62e-002  1.69e-005  1.55e-014  9.43e-021  
3.81769e+016 6.79e-016  9.83e-001  6.79e-004  5.94e-007  1.66e-002  1.34e-005  1.49e-014  9.08e-021  
3.81836e+016 6.78e-016  9.85e-001  6.41e-004  5.75e-007  1.46e-002  1.26e-005  1.47e-014  8.99e-021  
3.81952e+016 6.79e-016  9.88e-001  5.77e-004  5.42e-007  1.14e-002  1.10e-005  1.45e-014  8.85e-021  
3.82149e+016 6.80e-016  9.93e-001  4.72e-004  4.96e-007  6.82e-003  8.56e-006  1.42e-014  8.65e-021  
3.82433e+016 6.84e-016  9.97e-001  3.49e-004  4.56e-007  2.57e-003  5.54e-006  1.44e-014  8.79e-021  
3.82740e+016 6.90e-016  9.99e-001  2.62e-004  4.66e-007  5.73e-004  3.09e-006  1.65e-014  1.00e-020  
3.83054e+016 6.98e-016  1.00e+000  2.18e-004  5.51e-007  5.41e-005  1.31e-006  2.19e-014  1.34e-020  
3.83376e+016 7.06e-016  1.00e+000  1.98e-004  7.43e-007  2.22e-006  4.21e-007  3.37e-014  2.05e-020  
3.83751e+016 7.16e-016  1.00e+000  1.86e-004  1.15e-006  3.90e-008  1.07e-007  6.23e-014  3.80e-020  
3.84132e+016 7.26e-016  1.00e+000  1.76e-004  1.51e-006  6.00e-010  2.24e-008  1.02e-013  6.20e-020  
3.84531e+016 7.38e-016  1.00e+000  1.65e-004  1.52e-006  8.05e-011  1.14e-008  1.38e-013  8.37e-020  
3.84962e+016 7.51e-016  1.00e+000  1.57e-004  1.28e-006  6.06e-011  1.24e-008  1.66e-013  1.02e-019  
3.85449e+016 7.66e-016  1.00e+000  1.47e-004  9.55e-007  5.21e-011  1.32e-008  1.84e-013  1.12e-019  
3.85990e+016 7.84e-016  1.00e+000  1.39e-004  6.13e-007  5.32e-011  1.36e-008  1.82e-013  1.11e-019  
3.86597e+016 8.06e-016  1.00e+000  1.31e-004  3.29e-007  7.63e-011  1.45e-008  1.58e-013  9.56e-020  
3.87288e+016 8.31e-016  1.00e+000  1.24e-004  1.44e-007  1.66e-010  1.62e-008  1.15e-013  7.01e-020  
3.88139e+016 8.63e-016  1.00e+000  1.22e-004  5.36e-008  4.22e-010  1.66e-008  7.18e-014  4.38e-020  
3.89093e+016 8.97e-016  1.00e+000  1.24e-004  2.86e-008  1.16e-009  1.77e-008  4.54e-014  2.76e-020  
3.90068e+016 9.31e-016  1.00e+000  1.33e-004  3.08e-008  3.03e-009  2.13e-008  3.29e-014  2.01e-020  
3.91088e+016 9.60e-016  1.00e+000  1.52e-004  4.42e-008  7.50e-009  2.68e-008  2.60e-014  1.58e-020  
3.92181e+016 9.84e-016  1.00e+000  1.80e-004  6.29e-008  1.72e-008  3.34e-008  2.14e-014  1.30e-020  
3.93325e+016 9.97e-016  1.00e+000  2.19e-004  8.26e-008  3.51e-008  4.01e-008  1.82e-014  1.10e-020  
3.94519e+016 9.96e-016  1.00e+000  2.69e-004  9.98e-008  6.18e-008  4.50e-008  1.57e-014  9.57e-021  
3.95803e+016 9.79e-016  1.00e+000  3.34e-004  1.12e-007  9.33e-008  4.65e-008  1.37e-014  8.33e-021  
3.97190e+016 9.43e-016  1.00e+000  4.16e-004  1.21e-007  1.19e-007  4.36e-008  1.20e-014  7.32e-021  
3.98699e+016 8.89e-016  9.99e-001  5.24e-004  1.23e-007  1.25e-007  3.67e-008  1.06e-014  6.46e-021  
4.00514e+016 8.10e-016  9.99e-001  6.88e-004  1.19e-007  1.07e-007  2.68e-008  9.29e-015  5.67e-021  
4.02549e+016 7.13e-016  9.99e-001  9.32e-004  1.11e-007  7.51e-008  1.71e-008  8.12e-015  4.97e-021  
4.04761e+016 6.08e-016  9.99e-001  1.30e-003  9.97e-008  4.51e-008  9.87e-009  7.09e-015  4.34e-021  
4.07070e+016 5.04e-016  9.98e-001  1.87e-003  8.65e-008  2.52e-008  5.34e-009  6.19e-015  3.79e-021  
4.09451e+016 4.07e-016  9.97e-001  2.75e-003  7.27e-008  1.36e-008  2.73e-009  5.33e-015  3.27e-021  
4.11988e+016 3.17e-016  9.96e-001  4.22e-003  5.77e-008  7.34e-009  1.33e-009  4.54e-015  2.78e-021  
4.14624e+016 2.40e-016  9.93e-001  6.76e-003  4.26e-008  4.17e-009  6.39e-010  3.78e-015  2.32e-021  
4.17462e+016 1.71e-016  9.88e-001  1.15e-002  2.77e-008  2.53e-009  2.91e-010  3.07e-015  1.88e-021  
4.20512e+016 1.13e-016  9.78e-001  2.16e-002  1.52e-008  1.61e-009  1.24e-010  2.41e-015  1.48e-021  
4.23867e+016 6.86e-017  9.55e-001  4.55e-002  6.41e-009  9.82e-010  4.56e-011  1.79e-015  1.09e-021  
4.27356e+016 4.13e-017  9.03e-001  9.73e-002  2.05e-009  5.11e-010  1.40e-011  1.24e-015  7.58e-022  
4.30994e+016 2.62e-017  7.99e-001  2.01e-001  5.12e-010  2.93e-010  4.17e-012  7.83e-016  4.81e-022  
4.34671e+016 1.88e-017  6.29e-001  3.71e-001  1.26e-010  1.24e-010  1.01e-012  4.56e-016  2.80e-022  
4.38104e+016 1.61e-017  4.37e-001  5.63e-001  7.43e-011  2.55e-011  3.29e-013  4.63e-016  2.84e-022  
4.41007e+016 1.61e-017  2.92e-001  7.08e-001  1.42e-010  4.17e-012  1.79e-013  7.95e-016  4.87e-022  
4.42181e+016 1.65e-017  2.43e-001  7.57e-001  1.99e-010  1.92e-012  1.46e-013  1.04e-015  6.36e-022  
4.42811e+016 1.68e-017  2.20e-001  7.80e-001  2.33e-010  1.36e-012  1.36e-013  1.20e-015  7.38e-022  
4.43809e+016 1.75e-017  1.87e-001  8.13e-001  2.93e-010  6.81e-013  1.13e-013  1.52e-015  9.27e-022  
4.45030e+016 1.86e-017  1.54e-001  8.46e-001  3.56e-010  2.67e-013  8.52e-014  1.97e-015  1.21e-021  
4.45401e+016 1.89e-017  1.45e-001  8.55e-001  3.70e-010  1.86e-013  7.50e-014  2.13e-015  1.31e-021  
4.45998e+016 1.95e-017  1.34e-001  8.66e-001  3.93e-010  1.11e-013  6.30e-014  2.41e-015  1.48e-021  
4.46779e+016 2.06e-017  1.20e-001  8.80e-001  4.06e-010  6.47e-014  5.30e-014  2.78e-015  1.70e-021  
4.48006e+016 2.23e-017  1.01e-001  8.99e-001  4.08e-010  2.66e-014  3.82e-014  3.36e-015  2.06e-021  
4.48529e+016 2.30e-017  9.49e-002  9.05e-001  4.03e-010  1.68e-014  3.16e-014  3.62e-015  2.22e-021  
4.48834e+016 2.35e-017  9.17e-002  9.08e-001  4.07e-010  1.16e-014  2.69e-014  3.77e-015  2.31e-021  
4.49346e+016 2.43e-017  8.68e-002  9.13e-001  4.10e-010  8.80e-015  2.39e-014  3.98e-015  2.44e-021  
4.49870e+016 2.53e-017  8.19e-002  9.18e-001  4.08e-010  6.61e-015  2.12e-014  4.19e-015  2.56e-021  
4.50684e+016 2.68e-017  7.50e-002  9.25e-001  3.99e-010  4.14e-015  1.70e-014  4.44e-015  2.72e-021  
4.51867e+016 2.92e-017  6.63e-002  9.34e-001  3.90e-010  2.09e-015  1.20e-014  4.75e-015  2.90e-021  
4.51946e+016 2.93e-017  6.58e-002  9.34e-001  3.85e-010  1.87e-015  1.13e-014  4.77e-015  2.93e-021  
4.52061e+016 2.96e-017  6.51e-002  9.35e-001  3.88e-010  1.46e-015  9.96e-015  4.79e-015  2.94e-021  
4.52265e+016 3.00e-017  6.43e-002  9.36e-001  3.93e-010  1.24e-015  9.12e-015  4.83e-015  2.96e-021  
4.52632e+016 3.09e-017  6.21e-002  9.38e-001  4.01e-010  1.07e-015  8.41e-015  4.88e-015  3.00e-021  
4.53239e+016 3.24e-017  5.92e-002  9.41e-001  4.13e-010  8.64e-016  7.43e-015  4.97e-015  3.05e-021  
4.54167e+016 3.49e-017  5.47e-002  9.45e-001  4.24e-010  5.84e-016  5.90e-015  5.07e-015  3.09e-021  
4.55446e+016 3.85e-017  4.94e-002  9.51e-001  4.39e-010  3.17e-016  4.08e-015  5.14e-015  3.14e-021  
4.55658e+016 3.92e-017  4.85e-002  9.52e-001  4.39e-010  2.83e-016  3.80e-015  5.15e-015  3.16e-021  
4.55697e+016 3.92e-017  4.85e-002  9.52e-001  4.36e-010  2.68e-016  3.65e-015  5.15e-015  3.16e-021  
4.55761e+016 3.93e-017  4.83e-002  9.52e-001  4.38e-010  2.37e-016  3.41e-015  5.17e-015  3.16e-021  
4.55871e+016 3.97e-017  4.81e-002  9.52e-001  4.41e-010  1.94e-016  3.07e-015  5.16e-015  3.17e-021  
4.56066e+016 4.03e-017  4.76e-002  9.52e-001  4.51e-010  1.68e-016  2.83e-015  5.16e-015  3.17e-021  
4.56410e+016 4.14e-017  4.66e-002  9.53e-001  4.66e-010  1.52e-016  2.66e-015  5.17e-015  3.16e-021  
4.56849e+016 4.30e-017  4.54e-002  9.55e-001  4.84e-010  1.36e-016  2.44e-015  5.19e-015  3.17e-021  
4.57241e+016 4.44e-017  4.44e-002  9.56e-001  4.96e-010  1.21e-016  2.25e-015  5.18e-015  3.18e-021  
4.57850e+016 4.67e-017  4.26e-002  9.57e-001  5.10e-010  9.60e-017  1.93e-015  5.16e-015  3.17e-021  
4.58802e+016 5.03e-017  4.05e-002  9.59e-001  5.36e-010  6.46e-017  1.49e-015  5.16e-015  3.16e-021  
4.59720e+016 5.43e-017  3.85e-002  9.62e-001  5.62e-010  4.35e-017  1.14e-015  5.12e-015  3.13e-021  
4.59734e+016 5.42e-017  3.86e-002  9.61e-001  5.61e-010  4.26e-017  1.13e-015  5.13e-015  3.14e-021  
4.59759e+016 5.42e-017  3.86e-002  9.61e-001  5.54e-010  4.12e-017  1.09e-015  5.13e-015  3.14e-021  
4.59802e+016 5.43e-017  3.85e-002  9.62e-001  5.53e-010  3.87e-017  1.06e-015  5.12e-015  3.15e-021  
4.59873e+016 5.46e-017  3.85e-002  9.62e-001  5.57e-010  3.39e-017  9.82e-016  5.13e-015  3.13e-021  
4.59993e+016 5.52e-017  3.82e-002  9.62e-001  5.60e-010  2.81e-017  8.86e-016  5.11e-015  3.13e-021  
4.60196e+016 5.61e-017  3.79e-002  9.62e-001  5.68e-010  2.41e-017  8.09e-016  5.11e-015  3.14e-021  
4.60580e+016 5.80e-017  3.74e-002  9.63e-001  5.85e-010  2.12e-017  7.40e-016  5.09e-015  3.12e-021  
4.61139e+016 6.07e-017  3.66e-002  9.63e-001  6.08e-010  1.86e-017  6.65e-016  5.06e-015  3.10e-021  
4.61801e+016 6.42e-017  3.57e-002  9.64e-001  6.31e-010  1.54e-017  5.75e-016  5.02e-015  3.07e-021  
4.62829e+016 6.99e-017  3.43e-002  9.66e-001  6.60e-010  1.05e-017  4.36e-016  4.95e-015  3.03e-021  
4.63958e+016 7.66e-017  3.31e-002  9.67e-001  6.85e-010  6.60e-018  3.14e-016  4.87e-015  2.99e-021  
4.64165e+016 7.80e-017  3.30e-002  9.67e-001  6.89e-010  6.05e-018  2.95e-016  4.85e-015  2.98e-021  
4.64187e+016 7.79e-017  3.29e-002  9.67e-001  6.79e-010  5.88e-018  2.88e-016  4.84e-015  2.97e-021  
4.64224e+016 7.79e-017  3.29e-002  9.67e-001  6.73e-010  5.69e-018  2.80e-016  4.84e-015  2.97e-021  
4.64286e+016 7.83e-017  3.28e-002  9.67e-001  6.73e-010  5.38e-018  2.70e-016  4.83e-015  2.96e-021  
4.64396e+016 7.90e-017  3.28e-002  9.67e-001  6.76e-010  4.72e-018  2.51e-016  4.82e-015  2.95e-021  
4.64596e+016 8.03e-017  3.26e-002  9.67e-001  6.84e-010  3.95e-018  2.27e-016  4.81e-015  2.95e-021  
4.64933e+016 8.27e-017  3.24e-002  9.68e-001  6.94e-010  3.40e-018  2.04e-016  4.78e-015  2.93e-021  
4.65501e+016 8.68e-017  3.20e-002  9.68e-001  7.09e-010  2.94e-018  1.81e-016  4.72e-015  2.89e-021  
4.66259e+016 9.25e-017  3.16e-002  9.68e-001  7.26e-010  2.44e-018  1.53e-016  4.65e-015  2.85e-021  
4.67450e+016 1.02e-016  3.08e-002  9.69e-001  7.46e-010  1.76e-018  1.17e-016  4.53e-015  2.78e-021  
4.68726e+016 1.13e-016  3.02e-002  9.70e-001  7.52e-010  1.24e-018  8.64e-017  4.40e-015  2.70e-021  
4.69009e+016 1.16e-016  3.00e-002  9.70e-001  7.50e-010  1.15e-018  8.08e-017  4.35e-015  2.67e-021  
4.69024e+016 1.16e-016  3.00e-002  9.70e-001  7.48e-010  1.14e-018  8.01e-017  4.35e-015  2.67e-021  
4.69048e+016 1.16e-016  3.00e-002  9.70e-001  7.40e-010  1.12e-018  7.85e-017  4.34e-015  2.66e-021  
4.69090e+016 1.16e-016  3.00e-002  9.70e-001  7.31e-010  1.11e-018  7.68e-017  4.34e-015  2.66e-021  
4.69160e+016 1.17e-016  3.00e-002  9.70e-001  7.27e-010  1.10e-018  7.56e-017  4.34e-015  2.66e-021  
4.69279e+016 1.18e-016  3.00e-002  9.70e-001  7.27e-010  1.09e-018  7.44e-017  4.33e-015  2.65e-021  
4.69476e+016 1.20e-016  3.00e-002  9.70e-001  7.29e-010  1.05e-018  7.19e-017  4.31e-015  2.64e-021  
4.69806e+016 1.24e-016  2.98e-002  9.70e-001  7.30e-010  9.86e-019  6.74e-017  4.24e-015  2.60e-021  
4.70337e+016 1.29e-016  2.98e-002  9.70e-001  7.40e-010  9.08e-019  6.15e-017  4.21e-015  2.58e-021  
4.70622e+016 1.32e-016  2.97e-002  9.70e-001  7.41e-010  8.64e-019  5.84e-017  4.18e-015  2.56e-021  
4.71061e+016 1.37e-016  2.96e-002  9.70e-001  7.44e-010  8.03e-019  5.39e-017  4.12e-015  2.52e-021  
4.71746e+016 1.45e-016  2.94e-002  9.71e-001  7.64e-010  7.78e-019  5.08e-017  4.04e-015  2.48e-021  
4.72860e+016 1.60e-016  2.91e-002  9.71e-001  7.95e-010  7.64e-019  4.68e-017  3.91e-015  2.39e-021  
4.74240e+016 1.78e-016  2.90e-002  9.71e-001  8.31e-010  8.03e-019  4.35e-017  3.76e-015  2.30e-021  
4.74305e+016 1.79e-016  2.90e-002  9.71e-001  8.26e-010  8.04e-019  4.34e-017  3.75e-015  2.30e-021  
4.74313e+016 1.79e-016  2.90e-002  9.71e-001  8.31e-010  8.04e-019  4.34e-017  3.75e-015  2.30e-021  
4.74348e+016 1.80e-016  2.89e-002  9.71e-001  8.27e-010  7.99e-019  4.29e-017  3.73e-015  2.29e-021  
4.74406e+016 1.80e-016  2.90e-002  9.71e-001  8.21e-010  7.99e-019  4.26e-017  3.73e-015  2.29e-021  
4.74503e+016 1.81e-016  2.90e-002  9.71e-001  8.17e-010  8.00e-019  4.20e-017  3.72e-015  2.28e-021  
4.74676e+016 1.83e-016  2.90e-002  9.71e-001  8.07e-010  8.40e-019  4.19e-017  3.69e-015  2.26e-021  
4.74972e+016 1.87e-016  2.90e-002  9.71e-001  8.06e-010  9.34e-019  4.29e-017  3.66e-015  2.24e-021  
4.75283e+016 1.93e-016  2.89e-002  9.71e-001  8.10e-010  1.02e-018  4.40e-017  3.62e-015  2.22e-021  
4.75365e+016 1.94e-016  2.89e-002  9.71e-001  8.16e-010  1.04e-018  4.43e-017  3.62e-015  2.22e-021  
4.75556e+016 1.98e-016  2.88e-002  9.71e-001  8.14e-010  1.08e-018  4.43e-017  3.58e-015  2.20e-021  
4.75856e+016 2.02e-016  2.89e-002  9.71e-001  8.27e-010  1.12e-018  4.45e-017  3.56e-015  2.18e-021  
4.76342e+016 2.11e-016  2.88e-002  9.71e-001  8.39e-010  1.16e-018  4.37e-017  3.50e-015  2.14e-021  
4.77120e+016 2.24e-016  2.88e-002  9.71e-001  8.60e-010  1.19e-018  4.21e-017  3.42e-015  2.10e-021  
4.78339e+016 2.48e-016  2.87e-002  9.71e-001  8.71e-010  1.23e-018  3.87e-017  3.28e-015  2.02e-021  
4.79819e+016 2.80e-016  2.87e-002  9.71e-001  8.71e-010  1.32e-018  3.54e-017  3.12e-015  1.91e-021  
4.80101e+016 2.86e-016  2.87e-002  9.71e-001  8.73e-010  1.35e-018  3.49e-017  3.10e-015  1.90e-021  
4.80156e+016 2.87e-016  2.87e-002  9.71e-001  8.74e-010  1.35e-018  3.48e-017  3.09e-015  1.89e-021  
4.80288e+016 2.90e-016  2.87e-002  9.71e-001  8.71e-010  1.36e-018  3.48e-017  3.08e-015  1.88e-021  
4.80511e+016 2.95e-016  2.87e-002  9.71e-001  8.70e-010  1.38e-018  3.42e-017  3.05e-015  1.87e-021  
4.80875e+016 3.04e-016  2.87e-002  9.71e-001  8.69e-010  1.43e-018  3.36e-017  3.02e-015  1.85e-021  
4.81463e+016 3.18e-016  2.87e-002  9.71e-001  8.61e-010  1.50e-018  3.27e-017  2.95e-015  1.81e-021  
4.82445e+016 3.44e-016  2.86e-002  9.71e-001  8.49e-010  1.63e-018  3.11e-017  2.85e-015  1.75e-021  
4.83636e+016 3.78e-016  2.86e-002  9.71e-001  8.36e-010  1.79e-018  2.91e-017  2.73e-015  1.68e-021  
4.84912e+016 4.17e-016  2.88e-002  9.71e-001  8.15e-010  1.91e-018  2.69e-017  2.61e-015  1.61e-021  
4.86294e+016 4.64e-016  2.86e-002  9.71e-001  7.82e-010  2.00e-018  2.39e-017  2.50e-015  1.53e-021  
4.87591e+016 5.12e-016  2.87e-002  9.71e-001  7.50e-010  2.07e-018  2.15e-017  2.38e-015  1.46e-021  
4.88968e+016 5.67e-016  2.87e-002  9.71e-001  7.05e-010  2.06e-018  1.83e-017  2.27e-015  1.39e-021  
4.90444e+016 6.31e-016  2.87e-002  9.71e-001  6.58e-010  2.01e-018  1.56e-017  2.17e-015  1.33e-021  
4.91980e+016 7.05e-016  2.86e-002  9.71e-001  6.01e-010  1.86e-018  1.26e-017  2.06e-015  1.26e-021  
4.93317e+016 7.74e-016  2.87e-002  9.71e-001  5.53e-010  1.69e-018  1.03e-017  1.96e-015  1.20e-021  
4.94239e+016 8.25e-016  2.87e-002  9.71e-001  5.20e-010  1.55e-018  8.94e-018  1.90e-015  1.17e-021  
4.95192e+016 8.79e-016  2.88e-002  9.71e-001  4.83e-010  1.39e-018  7.52e-018  1.84e-015  1.13e-021  
4.96202e+016 9.40e-016  2.87e-002  9.71e-001  4.49e-010  1.22e-018  6.27e-018  1.79e-015  1.10e-021  
4.97297e+016 1.01e-015  2.88e-002  9.71e-001  4.13e-010  1.06e-018  5.12e-018  1.72e-015  1.05e-021  
4.98461e+016 1.09e-015  2.87e-002  9.71e-001  3.72e-010  8.69e-019  4.00e-018  1.65e-015  1.01e-021  
4.99670e+016 1.17e-015  2.88e-002  9.71e-001  3.35e-010  7.13e-019  3.14e-018  1.59e-015  9.80e-022  
5.00936e+016 1.27e-015  2.88e-002  9.71e-001  2.89e-010  5.61e-019  2.36e-018  1.53e-015  9.40e-022  
5.02240e+016 1.36e-015  2.91e-002  9.71e-001  2.47e-010  4.34e-019  1.77e-018  1.49e-015  9.12e-022  
5.03584e+016 1.46e-015  2.92e-002  9.71e-001  2.08e-010  3.27e-019  1.29e-018  1.43e-015  8.75e-022  
5.05026e+016 1.58e-015  2.94e-002  9.71e-001  1.71e-010  2.37e-019  9.07e-019  1.38e-015  8.44e-022  
5.05959e+016 1.66e-015  2.95e-002  9.70e-001  1.54e-010  1.98e-019  7.41e-019  1.34e-015  8.26e-022  
5.06957e+016 1.74e-015  2.99e-002  9.70e-001  1.35e-010  1.59e-019  5.86e-019  1.32e-015  8.09e-022  
5.07988e+016 1.84e-015  3.01e-002  9.70e-001  1.20e-010  1.27e-019  4.66e-019  1.29e-015  7.90e-022  
5.09058e+016 1.94e-015  3.05e-002  9.69e-001  1.07e-010  1.03e-019  3.72e-019  1.26e-015  7.74e-022  
5.10237e+016 2.06e-015  3.09e-002  9.69e-001  9.26e-011  7.95e-020  2.83e-019  1.23e-015  7.56e-022  
5.11496e+016 2.20e-015  3.15e-002  9.69e-001  8.05e-011  6.09e-020  2.16e-019  1.20e-015  7.37e-022  
5.12843e+016 2.35e-015  3.23e-002  9.68e-001  6.99e-011  4.65e-020  1.63e-019  1.18e-015  7.25e-022  
5.14296e+016 2.51e-015  3.33e-002  9.67e-001  6.01e-011  3.40e-020  1.19e-019  1.16e-015  7.08e-022  
5.15425e+016 2.66e-015  3.41e-002  9.66e-001  5.37e-011  2.71e-020  9.47e-020  1.14e-015  6.95e-022  
5.16792e+016 2.83e-015  3.53e-002  9.65e-001  4.73e-011  2.06e-020  7.17e-020  1.12e-015  6.89e-022  
5.18319e+016 3.04e-015  3.68e-002  9.63e-001  4.11e-011  1.51e-020  5.26e-020  1.10e-015  6.77e-022  
5.19950e+016 3.27e-015  3.92e-002  9.61e-001  3.55e-011  1.09e-020  3.82e-020  1.09e-015  6.67e-022  
5.21655e+016 3.53e-015  4.14e-002  9.59e-001  3.06e-011  7.69e-021  2.71e-020  1.08e-015  6.61e-022  
5.23457e+016 3.80e-015  4.47e-002  9.55e-001  2.63e-011  5.39e-021  1.93e-020  1.07e-015  6.55e-022  
5.25384e+016 4.12e-015  4.85e-002  9.51e-001  2.25e-011  3.67e-021  1.34e-020  1.06e-015  6.48e-022  
5.27451e+016 4.48e-015  5.34e-002  9.47e-001  1.92e-011  2.46e-021  9.13e-021  1.05e-015  6.45e-022  
5.29668e+016 4.88e-015  5.96e-002  9.40e-001  1.63e-011  1.60e-021  6.11e-021  1.05e-015  6.43e-022  
5.31993e+016 5.33e-015  6.68e-002  9.33e-001  1.38e-011  1.03e-021  4.06e-021  1.05e-015  6.44e-022  
5.34440e+016 5.82e-015  7.58e-002  9.24e-001  1.16e-011  6.51e-022  2.65e-021  1.05e-015  6.46e-022  
5.36995e+016 6.36e-015  8.62e-002  9.14e-001  9.83e-012  4.09e-022  1.73e-021  1.06e-015  6.50e-022  
5.39765e+016 6.97e-015  9.90e-002  9.01e-001  8.24e-012  2.47e-022  1.10e-021  1.07e-015  6.57e-022  
5.42627e+016 7.63e-015  1.14e-001  8.86e-001  6.98e-012  1.52e-022  7.12e-022  1.09e-015  6.65e-022  
5.45738e+016 8.36e-015  1.32e-001  8.68e-001  5.79e-012  8.76e-023  4.37e-022  1.11e-015  6.78e-022  
5.49079e+016 9.17e-015  1.52e-001  8.48e-001  4.87e-012  5.15e-023  2.75e-022  1.13e-015  6.95e-022  
5.52575e+016 1.00e-014  1.74e-001  8.26e-001  4.07e-012  2.97e-023  1.70e-022  1.17e-015  7.15e-022  
5.56155e+016 1.09e-014  1.98e-001  8.02e-001  3.45e-012  1.73e-023  1.07e-022  1.21e-015  7.40e-022  
5.59918e+016 1.18e-014  2.25e-001  7.75e-001  2.95e-012  1.03e-023  6.90e-023  1.26e-015  7.70e-022  
5.63913e+016 1.28e-014  2.52e-001  7.48e-001  2.54e-012  6.21e-024  4.47e-023  1.32e-015  8.07e-022  
5.68226e+016 1.37e-014  2.82e-001  7.18e-001  2.19e-012  3.73e-024  2.91e-023  1.39e-015  8.54e-022  
5.72780e+016 1.46e-014  3.13e-001  6.87e-001  1.91e-012  2.29e-024  1.92e-023  1.48e-015  9.07e-022  
5.77650e+016 1.54e-014  3.44e-001  6.56e-001  1.70e-012  1.46e-024  1.31e-023  1.58e-015  9.68e-022  
5.82707e+016 1.60e-014  3.75e-001  6.25e-001  1.54e-012  9.74e-025  9.37e-024  1.71e-015  1.04e-021  
5.88124e+016 1.65e-014  4.05e-001  5.95e-001  1.40e-012  6.65e-025  6.78e-024  1.85e-015  1.13e-021  
5.93801e+016 1.68e-014  4.35e-001  5.65e-001  1.31e-012  4.85e-025  5.17e-024  2.00e-015  1.22e-021  
5.99878e+016 1.69e-014  4.64e-001  5.36e-001  1.24e-012  3.66e-025  4.03e-024  2.20e-015  1.34e-021  
6.06254e+016 1.68e-014  4.92e-001  5.08e-001  1.20e-012  2.93e-025  3.30e-024  2.41e-015  1.47e-021  
6.12860e+016 1.64e-014  5.18e-001  4.82e-001  1.19e-012  2.52e-025  2.85e-024  2.66e-015  1.62e-021  
6.19772e+016 1.60e-014  5.44e-001  4.56e-001  1.20e-012  2.25e-025  2.54e-024  2.94e-015  1.79e-021  
6.27006e+016 1.54e-014  5.69e-001  4.31e-001  1.24e-012  2.09e-025  2.33e-024  3.26e-015  1.99e-021  
6.34752e+016 1.47e-014  5.94e-001  4.06e-001  1.31e-012  2.05e-025  2.24e-024  3.63e-015  2.21e-021  
6.43223e+016 1.39e-014  6.19e-001  3.81e-001  1.41e-012  2.12e-025  2.24e-024  4.08e-015  2.49e-021  
6.52408e+016 1.31e-014  6.44e-001  3.56e-001  1.58e-012  2.30e-025  2.35e-024  4.62e-015  2.82e-021  
6.62440e+016 1.23e-014  6.71e-001  3.29e-001  1.81e-012  2.60e-025  2.54e-024  5.29e-015  3.23e-021  
6.73219e+016 1.16e-014  6.96e-001  3.04e-001  2.14e-012  3.06e-025  2.85e-024  6.11e-015  3.73e-021  
6.84641e+016 1.09e-014  7.22e-001  2.78e-001  2.59e-012  3.75e-025  3.33e-024  7.10e-015  4.33e-021  
6.96945e+016 1.02e-014  7.48e-001  2.52e-001  3.27e-012  4.84e-025  4.09e-024  8.38e-015  5.10e-021  
7.10391e+016 9.68e-015  7.74e-001  2.26e-001  4.32e-012  6.54e-025  5.27e-024  1.00e-014  6.11e-021  
7.25155e+016 9.24e-015  7.99e-001  2.01e-001  5.96e-012  9.26e-025  7.13e-024  1.22e-014  7.44e-021  
7.42223e+016 8.90e-015  8.25e-001  1.75e-001  8.87e-012  1.40e-024  1.04e-023  1.54e-014  9.35e-021  
7.63108e+016 8.71e-015  8.52e-001  1.48e-001  1.48e-011  2.38e-024  1.71e-023  2.04e-014  1.24e-020  
7.86896e+016 8.75e-015  8.77e-001  1.23e-001  2.72e-011  4.34e-024  3.11e-023  2.83e-014  1.73e-020  
8.18150e+016 9.13e-015  9.02e-001  9.83e-002  6.18e-011  9.58e-024  7.01e-023  4.36e-014  2.65e-020  
8.55776e+016 9.93e-015  9.23e-001  7.69e-002  1.69e-010  2.47e-023  1.91e-022  7.36e-014  4.48e-020  
9.00548e+016 1.13e-014  9.41e-001  5.93e-002  5.58e-010  7.54e-023  6.42e-022  1.37e-013  8.32e-020  
9.53916e+016 1.31e-014  9.54e-001  4.56e-002  2.33e-009  2.84e-022  2.73e-021  2.86e-013  1.74e-019  
1.01535e+017 1.57e-014  9.65e-001  3.46e-002  1.23e-008  1.24e-021  1.37e-020  6.41e-013  3.91e-019  
1.09249e+017 1.96e-014  9.74e-001  2.60e-002  9.43e-008  6.88e-021  8.98e-020  1.65e-012  1.00e-018  
1.19176e+017 2.63e-014  9.80e-001  1.97e-002  6.54e-007  3.95e-020  6.16e-019  4.18e-012  2.54e-018  
1.32448e+017 4.02e-014  9.82e-001  1.78e-002  2.54e-006  1.29e-019  2.51e-018  7.78e-012  4.75e-018  
