! 0       CH3OCH3 + GRAIN -> *CH3OCH3 + GRAIN
! 1       *H + *CH3OCH2 -> *CH3OCH3
! 2       *CH3 + *CH3O -> *CH3OCH3
!            tot_rate   0          1          2          
1.58188e+013 3.38e-019  2.99e-004  1.00e+000  7.75e-007  
3.50727e+014 3.38e-019  2.99e-004  1.00e+000  7.75e-007  
5.21628e+015 3.38e-019  3.02e-004  1.00e+000  7.75e-007  
2.67137e+016 4.27e-019  9.27e-004  9.99e-001  5.99e-007  
3.33598e+016 5.54e-019  1.32e-003  9.99e-001  7.39e-007  
3.42055e+016 4.46e-019  1.24e-003  9.99e-001  1.99e-006  
3.44017e+016 4.13e-019  1.22e-003  9.99e-001  2.86e-006  
3.46353e+016 3.70e-019  1.19e-003  9.99e-001  4.91e-006  
3.48860e+016 3.24e-019  1.15e-003  9.99e-001  1.03e-005  
3.51370e+016 2.75e-019  1.12e-003  9.99e-001  2.72e-005  
3.53250e+016 2.39e-019  1.11e-003  9.99e-001  6.64e-005  
3.55515e+016 1.97e-019  1.11e-003  9.99e-001  2.46e-004  
3.57182e+016 1.69e-019  1.15e-003  9.98e-001  7.32e-004  
3.58524e+016 1.52e-019  1.19e-003  9.97e-001  1.70e-003  
3.60047e+016 1.40e-019  1.23e-003  9.95e-001  3.52e-003  
3.61718e+016 1.25e-019  1.29e-003  9.93e-001  5.57e-003  
3.62899e+016 1.14e-019  1.36e-003  9.92e-001  6.70e-003  
3.63893e+016 1.04e-019  1.48e-003  9.91e-001  7.60e-003  
3.64972e+016 9.47e-020  2.07e-003  9.89e-001  8.55e-003  
3.66124e+016 8.66e-020  4.72e-003  9.82e-001  1.32e-002  
3.67348e+016 7.90e-020  1.39e-002  9.86e-001  0.00e+000  
3.68621e+016 7.72e-020  3.65e-002  9.52e-001  1.12e-002  
3.69700e+016 7.63e-020  7.60e-002  9.13e-001  1.14e-002  
3.70376e+016 7.67e-020  1.17e-001  8.72e-001  1.14e-002  
3.71087e+016 7.87e-020  1.78e-001  8.11e-001  1.09e-002  
3.71826e+016 8.32e-020  2.68e-001  7.22e-001  9.87e-003  
3.72589e+016 9.26e-020  3.91e-001  6.01e-001  8.00e-003  
3.73370e+016 1.11e-019  5.38e-001  4.57e-001  5.49e-003  
3.74165e+016 1.45e-019  6.85e-001  3.12e-001  3.05e-003  
3.74829e+016 1.97e-019  7.84e-001  2.15e-001  1.71e-003  
3.75505e+016 2.85e-019  8.52e-001  1.47e-001  1.07e-003  
3.76194e+016 4.31e-019  8.91e-001  1.07e-001  1.02e-003  
3.76839e+016 6.62e-019  8.90e-001  1.08e-001  1.95e-003  
3.76854e+016 6.69e-019  8.89e-001  1.09e-001  2.00e-003  
3.76877e+016 6.81e-019  8.87e-001  1.11e-001  2.10e-003  
3.76917e+016 7.02e-019  8.83e-001  1.14e-001  2.28e-003  
3.76980e+016 7.40e-019  8.76e-001  1.21e-001  2.62e-003  
3.77083e+016 8.09e-019  8.58e-001  1.38e-001  3.45e-003  
3.77248e+016 9.77e-019  7.97e-001  1.97e-001  6.12e-003  
3.77450e+016 1.59e-018  5.68e-001  4.15e-001  1.68e-002  
3.77655e+016 3.88e-018  2.70e-001  6.28e-001  1.01e-001  
3.77936e+016 1.06e-018  9.96e-001  2.91e-003  8.70e-004  
3.78016e+016 1.06e-018  9.97e-001  2.21e-003  3.59e-004  
3.78111e+016 1.06e-018  9.98e-001  1.99e-003  1.82e-004  
3.78273e+016 1.05e-018  9.98e-001  1.90e-003  1.04e-004  
3.78530e+016 1.04e-018  9.98e-001  1.86e-003  7.85e-005  
3.78818e+016 1.04e-018  9.98e-001  1.83e-003  7.59e-005  
3.79076e+016 1.03e-018  9.98e-001  1.77e-003  8.19e-005  
3.79253e+016 1.03e-018  9.98e-001  1.73e-003  8.85e-005  
3.79502e+016 1.03e-018  9.98e-001  1.66e-003  1.04e-004  
3.79755e+016 1.03e-018  9.98e-001  1.56e-003  1.29e-004  
3.79897e+016 1.03e-018  9.98e-001  1.50e-003  1.50e-004  
3.79918e+016 1.03e-018  9.98e-001  1.49e-003  1.54e-004  
3.79956e+016 1.03e-018  9.98e-001  1.48e-003  1.61e-004  
3.80017e+016 1.03e-018  9.98e-001  1.45e-003  1.74e-004  
3.80129e+016 1.03e-018  9.98e-001  1.41e-003  2.01e-004  
3.80319e+016 1.03e-018  9.98e-001  1.34e-003  2.68e-004  
3.80578e+016 1.03e-018  9.98e-001  1.25e-003  4.21e-004  
3.80629e+016 1.03e-018  9.98e-001  1.23e-003  4.63e-004  
3.80713e+016 1.04e-018  9.98e-001  1.20e-003  5.43e-004  
3.80859e+016 1.04e-018  9.98e-001  1.15e-003  7.40e-004  
3.81083e+016 1.04e-018  9.98e-001  1.09e-003  1.26e-003  
3.81265e+016 1.04e-018  9.97e-001  1.05e-003  2.06e-003  
3.81480e+016 1.06e-018  9.95e-001  1.01e-003  4.03e-003  
3.81769e+016 1.06e-018  9.86e-001  1.05e-003  1.27e-002  
3.81836e+016 1.07e-018  9.82e-001  1.09e-003  1.74e-002  
3.81952e+016 1.09e-018  9.68e-001  1.19e-003  3.12e-002  
3.82149e+016 1.16e-018  9.08e-001  1.55e-003  9.08e-002  
3.82433e+016 1.65e-018  6.24e-001  2.63e-003  3.73e-001  
3.82740e+016 4.34e-018  2.27e-001  3.36e-003  7.70e-001  
3.83054e+016 9.47e-018  9.47e-002  4.39e-003  9.01e-001  
3.83376e+016 6.43e-018  1.16e-001  9.64e-003  8.74e-001  
3.83751e+016 1.80e-018  2.82e-001  3.51e-002  6.83e-001  
3.84132e+016 5.58e-019  4.55e-001  1.07e-001  4.37e-001  
3.84531e+016 2.53e-019  2.97e-001  2.43e-001  4.59e-001  
3.84962e+016 1.70e-019  5.36e-002  4.56e-001  4.90e-001  
3.85449e+016 1.90e-019  1.14e-003  6.26e-001  3.73e-001  
3.85990e+016 2.60e-019  2.27e-006  7.24e-001  2.76e-001  
3.86597e+016 3.45e-019  3.94e-007  7.19e-001  2.81e-001  
3.87288e+016 4.13e-019  2.15e-007  5.76e-001  4.24e-001  
3.88139e+016 4.81e-019  1.19e-007  2.83e-001  7.17e-001  
3.89093e+016 6.79e-019  5.61e-008  4.86e-002  9.51e-001  
3.90068e+016 1.08e-018  2.53e-008  3.08e-003  9.97e-001  
3.91088e+016 1.65e-018  1.27e-008  4.28e-004  1.00e+000  
3.92181e+016 2.34e-018  7.26e-009  4.44e-004  1.00e+000  
3.93325e+016 3.08e-018  4.80e-009  5.29e-004  9.99e-001  
3.94519e+016 3.76e-018  3.64e-009  6.33e-004  9.99e-001  
3.95803e+016 4.32e-018  3.05e-009  7.52e-004  9.99e-001  
3.97190e+016 4.67e-018  2.78e-009  8.81e-004  9.99e-001  
3.98699e+016 4.79e-018  2.73e-009  1.02e-003  9.99e-001  
4.00514e+016 4.65e-018  2.84e-009  1.19e-003  9.99e-001  
4.02549e+016 4.26e-018  3.10e-009  1.38e-003  9.99e-001  
4.04761e+016 3.69e-018  3.55e-009  1.60e-003  9.98e-001  
4.07070e+016 3.07e-018  4.18e-009  1.84e-003  9.98e-001  
4.09451e+016 2.44e-018  5.05e-009  2.13e-003  9.98e-001  
4.11988e+016 1.84e-018  6.29e-009  2.46e-003  9.98e-001  
4.14624e+016 1.31e-018  8.07e-009  2.90e-003  9.97e-001  
4.17462e+016 8.40e-019  1.10e-008  3.64e-003  9.96e-001  
4.20512e+016 4.30e-019  1.58e-008  5.46e-003  9.95e-001  
4.23867e+016 1.40e-019  2.50e-008  1.27e-002  9.87e-001  
4.27356e+016 2.48e-020  4.48e-008  5.49e-002  9.45e-001  
4.30994e+016 3.44e-021  1.01e-007  3.05e-001  6.95e-001  
4.34671e+016 7.23e-022  2.56e-007  8.59e-001  1.41e-001  
4.38104e+016 3.55e-022  5.19e-007  9.92e-001  7.56e-003  
4.41007e+016 2.95e-022  9.32e-007  1.00e+000  3.76e-004  
4.42181e+016 3.34e-022  1.15e-006  1.00e+000  1.29e-004  
4.42811e+016 3.77e-022  1.36e-006  1.00e+000  8.73e-005  
4.43809e+016 4.96e-022  1.50e-006  1.00e+000  5.69e-005  
4.45030e+016 7.51e-022  1.73e-006  1.00e+000  4.19e-005  
4.45401e+016 8.66e-022  1.93e-006  1.00e+000  3.86e-005  
4.45998e+016 1.08e-021  2.35e-006  1.00e+000  3.44e-005  
4.46779e+016 1.46e-021  2.44e-006  1.00e+000  2.95e-005  
4.48006e+016 2.33e-021  2.87e-006  1.00e+000  2.36e-005  
4.48529e+016 2.85e-021  3.24e-006  1.00e+000  2.14e-005  
4.48834e+016 3.16e-021  3.92e-006  1.00e+000  2.05e-005  
4.49346e+016 3.74e-021  4.33e-006  1.00e+000  1.92e-005  
4.49870e+016 4.44e-021  4.48e-006  1.00e+000  1.80e-005  
4.50684e+016 5.71e-021  4.92e-006  1.00e+000  1.66e-005  
4.51867e+016 7.95e-021  5.96e-006  1.00e+000  1.51e-005  
4.51946e+016 8.24e-021  6.03e-006  1.00e+000  1.48e-005  
4.52061e+016 8.54e-021  6.45e-006  1.00e+000  1.48e-005  
4.52265e+016 8.97e-021  7.10e-006  1.00e+000  1.46e-005  
4.52632e+016 9.77e-021  7.82e-006  1.00e+000  1.44e-005  
4.53239e+016 1.13e-020  8.34e-006  1.00e+000  1.42e-005  
4.54167e+016 1.39e-020  9.06e-006  1.00e+000  1.40e-005  
4.55446e+016 1.84e-020  1.05e-005  1.00e+000  1.36e-005  
4.55658e+016 1.93e-020  1.07e-005  1.00e+000  1.35e-005  
4.55697e+016 1.96e-020  1.08e-005  1.00e+000  1.33e-005  
4.55761e+016 1.99e-020  1.10e-005  1.00e+000  1.34e-005  
4.55871e+016 2.03e-020  1.14e-005  1.00e+000  1.34e-005  
4.56066e+016 2.11e-020  1.19e-005  1.00e+000  1.34e-005  
4.56410e+016 2.25e-020  1.27e-005  1.00e+000  1.36e-005  
4.56849e+016 2.46e-020  1.32e-005  1.00e+000  1.37e-005  
4.57241e+016 2.65e-020  1.35e-005  1.00e+000  1.37e-005  
4.57850e+016 2.96e-020  1.41e-005  1.00e+000  1.37e-005  
4.58802e+016 3.54e-020  1.50e-005  1.00e+000  1.39e-005  
4.59720e+016 4.17e-020  1.60e-005  1.00e+000  1.42e-005  
4.59734e+016 4.19e-020  1.59e-005  1.00e+000  1.41e-005  
4.59759e+016 4.22e-020  1.59e-005  1.00e+000  1.39e-005  
4.59802e+016 4.27e-020  1.59e-005  1.00e+000  1.40e-005  
4.59873e+016 4.32e-020  1.61e-005  1.00e+000  1.41e-005  
4.59993e+016 4.41e-020  1.63e-005  1.00e+000  1.41e-005  
4.60196e+016 4.55e-020  1.68e-005  1.00e+000  1.42e-005  
4.60580e+016 4.85e-020  1.74e-005  1.00e+000  1.44e-005  
4.61139e+016 5.31e-020  1.80e-005  1.00e+000  1.46e-005  
4.61801e+016 5.92e-020  1.87e-005  1.00e+000  1.49e-005  
4.62829e+016 6.98e-020  2.09e-005  1.00e+000  1.52e-005  
4.63958e+016 8.29e-020  2.47e-005  1.00e+000  1.56e-005  
4.64165e+016 8.55e-020  2.56e-005  1.00e+000  1.57e-005  
4.64187e+016 8.60e-020  2.56e-005  1.00e+000  1.53e-005  
4.64224e+016 8.66e-020  2.59e-005  1.00e+000  1.52e-005  
4.64286e+016 8.73e-020  2.68e-005  1.00e+000  1.55e-005  
4.64396e+016 8.87e-020  2.83e-005  1.00e+000  1.56e-005  
4.64596e+016 9.14e-020  3.06e-005  1.00e+000  1.58e-005  
4.64933e+016 9.59e-020  3.40e-005  1.00e+000  1.60e-005  
4.65501e+016 1.04e-019  3.77e-005  1.00e+000  1.61e-005  
4.66259e+016 1.15e-019  4.11e-005  1.00e+000  1.63e-005  
4.67450e+016 1.35e-019  4.71e-005  1.00e+000  1.67e-005  
4.68726e+016 1.58e-019  5.68e-005  1.00e+000  1.71e-005  
4.69009e+016 1.64e-019  5.93e-005  1.00e+000  1.71e-005  
4.69024e+016 1.64e-019  5.94e-005  1.00e+000  1.71e-005  
4.69048e+016 1.65e-019  5.95e-005  1.00e+000  1.68e-005  
4.69090e+016 1.65e-019  6.04e-005  1.00e+000  1.67e-005  
4.69160e+016 1.67e-019  6.17e-005  1.00e+000  1.66e-005  
4.69279e+016 1.69e-019  6.51e-005  1.00e+000  1.68e-005  
4.69476e+016 1.73e-019  6.99e-005  1.00e+000  1.69e-005  
4.69806e+016 1.80e-019  7.72e-005  1.00e+000  1.71e-005  
4.70337e+016 1.91e-019  8.69e-005  1.00e+000  1.73e-005  
4.70622e+016 1.98e-019  9.09e-005  1.00e+000  1.73e-005  
4.71061e+016 2.08e-019  9.71e-005  1.00e+000  1.74e-005  
4.71746e+016 2.24e-019  1.07e-004  1.00e+000  1.82e-005  
4.72860e+016 2.53e-019  1.24e-004  1.00e+000  1.96e-005  
4.74240e+016 2.91e-019  1.52e-004  1.00e+000  2.14e-005  
4.74305e+016 2.93e-019  1.54e-004  1.00e+000  2.14e-005  
4.74313e+016 2.93e-019  1.54e-004  1.00e+000  2.15e-005  
4.74348e+016 2.94e-019  1.55e-004  1.00e+000  2.14e-005  
4.74406e+016 2.96e-019  1.56e-004  1.00e+000  2.13e-005  
4.74503e+016 2.98e-019  1.60e-004  1.00e+000  2.13e-005  
4.74676e+016 3.03e-019  1.66e-004  1.00e+000  2.14e-005  
4.74972e+016 3.11e-019  1.80e-004  1.00e+000  2.18e-005  
4.75283e+016 3.21e-019  1.95e-004  1.00e+000  2.22e-005  
4.75365e+016 3.24e-019  1.98e-004  1.00e+000  2.23e-005  
4.75556e+016 3.30e-019  2.07e-004  1.00e+000  2.26e-005  
4.75856e+016 3.40e-019  2.20e-004  1.00e+000  2.30e-005  
4.76342e+016 3.57e-019  2.40e-004  1.00e+000  2.37e-005  
4.77120e+016 3.85e-019  2.73e-004  1.00e+000  2.51e-005  
4.78339e+016 4.31e-019  3.27e-004  1.00e+000  2.64e-005  
4.79819e+016 4.93e-019  4.06e-004  1.00e+000  2.86e-005  
4.80101e+016 5.06e-019  4.23e-004  1.00e+000  2.88e-005  
4.80156e+016 5.08e-019  4.27e-004  1.00e+000  2.91e-005  
4.80288e+016 5.14e-019  4.34e-004  1.00e+000  2.92e-005  
4.80511e+016 5.25e-019  4.47e-004  1.00e+000  2.95e-005  
4.80875e+016 5.41e-019  4.75e-004  9.99e-001  3.01e-005  
4.81463e+016 5.70e-019  5.19e-004  9.99e-001  3.09e-005  
4.82445e+016 6.21e-019  6.02e-004  9.99e-001  3.20e-005  
4.83636e+016 6.91e-019  7.13e-004  9.99e-001  3.39e-005  
4.84912e+016 7.72e-019  8.50e-004  9.99e-001  3.59e-005  
4.86294e+016 8.69e-019  1.02e-003  9.99e-001  3.81e-005  
4.87591e+016 9.71e-019  1.20e-003  9.99e-001  4.04e-005  
4.88968e+016 1.09e-018  1.44e-003  9.99e-001  4.24e-005  
4.90444e+016 1.24e-018  1.72e-003  9.98e-001  4.48e-005  
4.91980e+016 1.41e-018  2.09e-003  9.98e-001  4.71e-005  
4.93317e+016 1.58e-018  2.48e-003  9.97e-001  4.91e-005  
4.94239e+016 1.71e-018  2.80e-003  9.97e-001  5.06e-005  
4.95192e+016 1.86e-018  3.21e-003  9.97e-001  5.14e-005  
4.96202e+016 2.02e-018  3.73e-003  9.96e-001  5.20e-005  
4.97297e+016 2.22e-018  4.44e-003  9.96e-001  5.27e-005  
4.98461e+016 2.44e-018  5.44e-003  9.95e-001  5.20e-005  
4.99670e+016 2.71e-018  6.83e-003  9.93e-001  5.13e-005  
5.00936e+016 3.01e-018  8.91e-003  9.91e-001  4.96e-005  
5.02240e+016 3.34e-018  1.19e-002  9.88e-001  4.73e-005  
5.03584e+016 3.73e-018  1.64e-002  9.84e-001  4.37e-005  
5.05026e+016 4.19e-018  2.34e-002  9.77e-001  3.92e-005  
5.05959e+016 4.53e-018  2.96e-002  9.70e-001  3.66e-005  
5.06957e+016 4.94e-018  3.79e-002  9.62e-001  3.32e-005  
5.07988e+016 5.41e-018  4.88e-002  9.51e-001  2.97e-005  
5.09058e+016 5.98e-018  6.31e-002  9.37e-001  2.66e-005  
5.10237e+016 6.70e-018  8.30e-002  9.17e-001  2.28e-005  
5.11496e+016 7.63e-018  1.10e-001  8.90e-001  1.94e-005  
5.12843e+016 8.84e-018  1.45e-001  8.55e-001  1.62e-005  
5.14296e+016 1.05e-017  1.91e-001  8.09e-001  1.30e-005  
5.15425e+016 1.22e-017  2.35e-001  7.65e-001  1.09e-005  
5.16792e+016 1.47e-017  2.93e-001  7.07e-001  8.70e-006  
5.18319e+016 1.86e-017  3.65e-001  6.35e-001  6.51e-006  
5.19950e+016 2.44e-017  4.47e-001  5.53e-001  4.67e-006  
5.21655e+016 3.31e-017  5.32e-001  4.68e-001  3.20e-006  
5.23457e+016 4.68e-017  6.15e-001  3.85e-001  2.09e-006  
5.25384e+016 6.90e-017  6.94e-001  3.06e-001  1.29e-006  
5.27451e+016 1.05e-016  7.63e-001  2.37e-001  7.61e-007  
5.29668e+016 1.66e-016  8.20e-001  1.80e-001  4.27e-007  
5.31993e+016 2.64e-016  8.64e-001  1.36e-001  2.36e-007  
5.34440e+016 4.24e-016  8.97e-001  1.03e-001  1.27e-007  
5.36995e+016 6.76e-016  9.22e-001  7.80e-002  6.85e-008  
5.39765e+016 1.09e-015  9.41e-001  5.88e-002  3.56e-008  
5.42627e+016 1.73e-015  9.55e-001  4.52e-002  1.92e-008  
5.45738e+016 2.76e-015  9.65e-001  3.47e-002  9.83e-009  
5.49079e+016 4.36e-015  9.73e-001  2.69e-002  5.14e-009  
5.52575e+016 6.76e-015  9.79e-001  2.11e-002  2.69e-009  
5.56155e+016 1.02e-014  9.83e-001  1.69e-002  1.45e-009  
5.59918e+016 1.50e-014  9.86e-001  1.37e-002  8.06e-010  
5.63913e+016 2.17e-014  9.89e-001  1.13e-002  4.55e-010  
5.68226e+016 3.10e-014  9.91e-001  9.36e-003  2.59e-010  
5.72780e+016 4.30e-014  9.92e-001  7.90e-003  1.50e-010  
5.77650e+016 5.84e-014  9.93e-001  6.80e-003  9.02e-011  
5.82707e+016 7.67e-014  9.94e-001  5.95e-003  5.66e-011  
5.88124e+016 9.81e-014  9.95e-001  5.31e-003  3.61e-011  
5.93801e+016 1.22e-013  9.95e-001  4.83e-003  2.42e-011  
5.99878e+016 1.48e-013  9.96e-001  4.45e-003  1.65e-011  
6.06254e+016 1.73e-013  9.96e-001  4.21e-003  1.18e-011  
6.12860e+016 1.97e-013  9.96e-001  4.04e-003  8.84e-012  
6.19772e+016 2.18e-013  9.96e-001  3.97e-003  6.84e-012  
6.27006e+016 2.36e-013  9.96e-001  3.96e-003  5.47e-012  
6.34752e+016 2.50e-013  9.96e-001  4.00e-003  4.48e-012  
6.43223e+016 2.60e-013  9.96e-001  4.15e-003  3.82e-012  
6.52408e+016 2.65e-013  9.96e-001  4.37e-003  3.35e-012  
6.62440e+016 2.66e-013  9.95e-001  4.69e-003  3.00e-012  
6.73219e+016 2.61e-013  9.95e-001  5.17e-003  2.79e-012  
6.84641e+016 2.52e-013  9.94e-001  5.74e-003  2.68e-012  
6.96945e+016 2.42e-013  9.93e-001  6.54e-003  2.66e-012  
7.10391e+016 2.27e-013  9.92e-001  7.59e-003  2.76e-012  
7.25155e+016 2.11e-013  9.91e-001  8.96e-003  2.95e-012  
7.42223e+016 1.93e-013  9.89e-001  1.09e-002  3.33e-012  
7.63108e+016 1.74e-013  9.86e-001  1.36e-002  3.98e-012  
7.86896e+016 1.56e-013  9.83e-001  1.75e-002  5.09e-012  
8.18150e+016 1.37e-013  9.77e-001  2.34e-002  7.22e-012  
8.55776e+016 1.20e-013  9.68e-001  3.18e-002  1.14e-011  
9.00548e+016 1.03e-013  9.57e-001  4.32e-002  2.04e-011  
9.53916e+016 8.68e-014  9.41e-001  5.88e-002  4.27e-011  
1.01535e+017 7.01e-014  9.22e-001  7.85e-002  1.05e-010  
1.09249e+017 5.21e-014  8.95e-001  1.05e-001  3.28e-010  
1.19176e+017 3.34e-014  8.59e-001  1.41e-001  1.27e-009  
1.32448e+017 1.58e-014  8.05e-001  1.95e-001  4.84e-009  
