! 0       *N + *HOCO -> *OH + *OCN
! 1       OCN + GRAIN -> *OCN + GRAIN
! 2       *C + *NO -> *OCN
! 3       *O + *CN -> *OCN
!            tot_rate   0          1          2          3          
1.58188e+013 7.89e-019  9.98e-003  9.82e-001  7.71e-003  9.63e-013  
3.50727e+014 7.89e-019  9.98e-003  9.82e-001  7.71e-003  9.63e-013  
5.21628e+015 7.94e-019  9.95e-003  9.82e-001  7.65e-003  9.60e-013  
2.67137e+016 2.96e-018  1.10e-002  9.88e-001  1.29e-003  5.92e-013  
3.33598e+016 5.54e-018  3.56e-002  9.64e-001  4.31e-004  1.07e-012  
3.42055e+016 4.53e-018  1.08e-001  8.91e-001  5.16e-004  3.24e-012  
3.44017e+016 4.35e-018  1.53e-001  8.47e-001  5.36e-004  4.74e-012  
3.46353e+016 4.25e-018  2.40e-001  7.60e-001  5.50e-004  8.16e-012  
3.48860e+016 4.48e-018  3.88e-001  6.11e-001  5.24e-004  1.63e-011  
3.51370e+016 5.44e-018  5.84e-001  4.15e-001  4.35e-004  3.62e-011  
3.53250e+016 7.15e-018  7.31e-001  2.68e-001  3.36e-004  7.06e-011  
3.55515e+016 1.21e-017  8.74e-001  1.26e-001  2.03e-004  1.78e-010  
3.57182e+016 2.10e-017  9.39e-001  6.06e-002  1.22e-004  3.83e-010  
3.58524e+016 3.55e-017  9.69e-001  3.04e-002  7.75e-005  7.72e-010  
3.60047e+016 6.71e-017  9.87e-001  1.31e-002  4.68e-005  1.97e-009  
3.61718e+016 1.27e-016  9.95e-001  5.45e-003  2.94e-005  7.59e-009  
3.62899e+016 1.68e-016  9.97e-001  3.43e-003  2.49e-005  2.64e-008  
3.63893e+016 1.87e-016  9.97e-001  2.60e-003  2.45e-005  9.17e-008  
3.64972e+016 1.90e-016  9.98e-001  2.13e-003  2.67e-005  4.12e-007  
3.66124e+016 1.80e-016  9.98e-001  1.84e-003  3.17e-005  2.28e-006  
3.67348e+016 1.68e-016  9.98e-001  1.57e-003  3.98e-005  1.37e-005  
3.68621e+016 1.67e-016  9.99e-001  1.25e-003  4.05e-005  3.93e-005  
3.69700e+016 1.65e-016  9.99e-001  1.03e-003  3.83e-005  3.54e-005  
3.70376e+016 1.58e-016  9.99e-001  9.48e-004  3.93e-005  3.00e-005  
3.71087e+016 1.50e-016  9.99e-001  8.79e-004  4.02e-005  2.44e-005  
3.71826e+016 1.40e-016  9.99e-001  8.28e-004  3.99e-005  2.01e-005  
3.72589e+016 1.27e-016  9.99e-001  8.02e-004  3.69e-005  1.70e-005  
3.73370e+016 1.12e-016  9.99e-001  8.04e-004  3.01e-005  1.45e-005  
3.74165e+016 9.48e-017  9.99e-001  8.48e-004  2.26e-005  1.31e-005  
3.74829e+016 8.03e-017  9.99e-001  9.21e-004  2.13e-005  1.27e-005  
3.75505e+016 6.88e-017  9.99e-001  9.96e-004  2.88e-005  1.42e-005  
3.76194e+016 6.26e-017  9.99e-001  1.02e-003  4.78e-005  2.22e-005  
3.76839e+016 6.15e-017  9.99e-001  9.92e-004  5.91e-005  8.28e-005  
3.76854e+016 6.15e-017  9.99e-001  9.91e-004  6.02e-005  8.70e-005  
3.76877e+016 6.15e-017  9.99e-001  9.89e-004  6.25e-005  9.47e-005  
3.76917e+016 6.15e-017  9.99e-001  9.86e-004  6.65e-005  1.10e-004  
3.76980e+016 6.15e-017  9.99e-001  9.83e-004  7.48e-005  1.42e-004  
3.77083e+016 6.13e-017  9.99e-001  9.79e-004  9.33e-005  2.32e-004  
3.77248e+016 5.99e-017  9.98e-001  9.92e-004  1.43e-004  6.09e-004  
3.77450e+016 4.58e-017  9.95e-001  1.28e-003  2.88e-004  3.60e-003  
3.77655e+016 1.10e-017  9.76e-001  5.30e-003  1.23e-003  1.75e-002  
3.77936e+016 7.01e-018  9.83e-001  8.16e-003  1.65e-003  7.29e-003  
3.78016e+016 6.90e-018  9.82e-001  8.26e-003  1.51e-003  7.81e-003  
3.78111e+016 6.84e-018  9.82e-001  8.31e-003  1.39e-003  8.60e-003  
3.78273e+016 6.72e-018  9.80e-001  8.39e-003  1.29e-003  1.01e-002  
3.78530e+016 6.51e-018  9.77e-001  8.59e-003  1.25e-003  1.28e-002  
3.78818e+016 6.28e-018  9.75e-001  8.82e-003  1.25e-003  1.51e-002  
3.79076e+016 5.76e-018  9.73e-001  9.55e-003  1.23e-003  1.66e-002  
3.79253e+016 5.38e-018  9.72e-001  1.02e-002  1.20e-003  1.65e-002  
3.79502e+016 4.88e-018  9.72e-001  1.12e-002  1.14e-003  1.55e-002  
3.79755e+016 4.43e-018  9.73e-001  1.23e-002  1.07e-003  1.33e-002  
3.79897e+016 4.21e-018  9.74e-001  1.29e-002  1.03e-003  1.16e-002  
3.79918e+016 4.17e-018  9.75e-001  1.31e-002  1.02e-003  1.14e-002  
3.79956e+016 4.11e-018  9.75e-001  1.32e-002  1.01e-003  1.09e-002  
3.80017e+016 4.03e-018  9.75e-001  1.35e-002  9.90e-004  1.02e-002  
3.80129e+016 3.87e-018  9.76e-001  1.40e-002  9.53e-004  8.83e-003  
3.80319e+016 3.64e-018  9.78e-001  1.49e-002  8.84e-004  6.56e-003  
3.80578e+016 3.40e-018  9.79e-001  1.61e-002  7.88e-004  3.91e-003  
3.80629e+016 3.36e-018  9.79e-001  1.63e-002  7.68e-004  3.51e-003  
3.80713e+016 3.30e-018  9.80e-001  1.66e-002  7.37e-004  2.87e-003  
3.80859e+016 3.19e-018  9.80e-001  1.72e-002  6.86e-004  2.02e-003  
3.81083e+016 3.04e-018  9.80e-001  1.82e-002  6.08e-004  1.18e-003  
3.81265e+016 2.91e-018  9.80e-001  1.91e-002  5.50e-004  8.01e-004  
3.81480e+016 2.73e-018  9.78e-001  2.05e-002  4.95e-004  5.72e-004  
3.81769e+016 2.43e-018  9.76e-001  2.34e-002  4.45e-004  4.36e-004  
3.81836e+016 2.34e-018  9.75e-001  2.44e-002  4.36e-004  4.20e-004  
3.81952e+016 2.19e-018  9.73e-001  2.63e-002  4.26e-004  3.91e-004  
3.82149e+016 1.88e-018  9.68e-001  3.11e-002  4.21e-004  3.53e-004  
3.82433e+016 1.40e-018  9.56e-001  4.29e-002  4.41e-004  2.98e-004  
3.82740e+016 8.99e-019  9.30e-001  6.94e-002  5.22e-004  2.15e-004  
3.83054e+016 4.95e-019  8.67e-001  1.32e-001  7.11e-004  9.25e-005  
3.83376e+016 2.53e-019  7.23e-001  2.76e-001  9.57e-004  2.38e-005  
3.83751e+016 1.46e-019  4.76e-001  5.23e-001  9.34e-004  4.45e-006  
3.84132e+016 1.33e-019  3.62e-001  6.38e-001  5.31e-004  5.05e-007  
3.84531e+016 1.51e-019  3.62e-001  6.38e-001  2.35e-004  1.54e-007  
3.84962e+016 1.71e-019  3.40e-001  6.60e-001  1.02e-004  1.31e-007  
3.85449e+016 1.80e-019  2.41e-001  7.59e-001  4.63e-005  1.64e-007  
3.85990e+016 1.86e-019  9.33e-002  9.07e-001  2.78e-005  2.80e-007  
3.86597e+016 2.07e-019  2.43e-002  9.76e-001  4.25e-005  6.04e-007  
3.87288e+016 2.33e-019  1.41e-002  9.86e-001  1.32e-004  1.61e-006  
3.88139e+016 2.47e-019  1.26e-002  9.87e-001  5.34e-004  4.85e-006  
3.89093e+016 2.31e-019  1.90e-002  9.79e-001  2.04e-003  1.63e-005  
3.90068e+016 1.89e-019  5.39e-002  9.40e-001  6.34e-003  5.65e-005  
3.91088e+016 1.44e-019  1.84e-001  7.99e-001  1.67e-002  1.95e-004  
3.92181e+016 1.22e-019  4.97e-001  4.68e-001  3.39e-002  5.54e-004  
3.93325e+016 1.41e-019  8.03e-001  1.52e-001  4.38e-002  1.02e-003  
3.94519e+016 1.91e-019  9.22e-001  3.23e-002  4.44e-002  1.37e-003  
3.95803e+016 2.49e-019  9.48e-001  5.82e-003  4.46e-002  1.65e-003  
3.97190e+016 2.94e-019  9.49e-001  1.62e-003  4.79e-002  1.87e-003  
3.98699e+016 3.16e-019  9.41e-001  1.16e-003  5.64e-002  1.94e-003  
4.00514e+016 3.12e-019  9.23e-001  1.25e-003  7.40e-002  1.82e-003  
4.02549e+016 2.88e-019  8.90e-001  1.48e-003  1.07e-001  1.52e-003  
4.04761e+016 2.57e-019  8.34e-001  1.78e-003  1.64e-001  1.12e-003  
4.07070e+016 2.29e-019  7.46e-001  2.11e-003  2.51e-001  7.46e-004  
4.09451e+016 2.11e-019  6.20e-001  2.36e-003  3.77e-001  4.48e-004  
4.11988e+016 2.02e-019  4.69e-001  2.49e-003  5.29e-001  2.40e-004  
4.14624e+016 1.97e-019  3.26e-001  2.50e-003  6.71e-001  1.21e-004  
4.17462e+016 1.82e-019  2.13e-001  2.53e-003  7.84e-001  5.81e-005  
4.20512e+016 1.43e-019  1.42e-001  2.88e-003  8.55e-001  2.93e-005  
4.23867e+016 8.01e-020  1.05e-001  4.37e-003  8.91e-001  1.64e-005  
4.27356e+016 2.88e-020  9.63e-002  1.03e-002  8.93e-001  1.21e-005  
4.30994e+016 6.99e-021  1.08e-001  3.85e-002  8.54e-001  1.62e-005  
4.34671e+016 1.43e-021  1.23e-001  1.91e-001  6.85e-001  2.43e-005  
4.38104e+016 5.60e-022  7.13e-002  5.43e-001  3.86e-001  1.43e-005  
4.41007e+016 4.16e-022  3.73e-002  7.65e-001  1.98e-001  4.62e-006  
4.42181e+016 3.96e-022  2.60e-002  8.25e-001  1.49e-001  2.70e-006  
4.42811e+016 3.85e-022  2.13e-002  8.55e-001  1.24e-001  2.15e-006  
4.43809e+016 3.81e-022  1.48e-002  8.87e-001  9.79e-002  1.19e-006  
4.45030e+016 3.63e-022  9.00e-003  9.11e-001  8.01e-002  5.53e-007  
4.45401e+016 3.50e-022  7.35e-003  9.15e-001  7.80e-002  4.14e-007  
4.45998e+016 3.20e-022  5.78e-003  9.16e-001  7.82e-002  2.93e-007  
4.46779e+016 3.19e-022  3.92e-003  9.34e-001  6.21e-002  1.86e-007  
4.48006e+016 3.09e-022  2.09e-003  9.50e-001  4.75e-002  8.99e-008  
4.48529e+016 2.96e-022  1.49e-003  9.53e-001  4.53e-002  5.98e-008  
4.48834e+016 2.66e-022  1.37e-003  9.46e-001  5.29e-002  5.07e-008  
4.49346e+016 2.60e-022  1.17e-003  9.49e-001  4.96e-002  4.15e-008  
4.49870e+016 2.66e-022  9.45e-004  9.56e-001  4.29e-002  3.26e-008  
4.50684e+016 2.67e-022  6.92e-004  9.62e-001  3.78e-002  2.21e-008  
4.51867e+016 2.58e-022  4.85e-004  9.63e-001  3.68e-002  1.33e-008  
4.51946e+016 2.53e-022  4.28e-004  9.62e-001  3.75e-002  1.11e-008  
4.52061e+016 2.36e-022  4.08e-004  9.56e-001  4.32e-002  9.95e-009  
4.52265e+016 2.19e-022  4.27e-004  9.50e-001  4.98e-002  9.68e-009  
4.52632e+016 2.14e-022  4.21e-004  9.46e-001  5.31e-002  9.00e-009  
4.53239e+016 2.23e-022  3.85e-004  9.49e-001  5.02e-002  7.48e-009  
4.54167e+016 2.29e-022  3.34e-004  9.51e-001  4.84e-002  5.45e-009  
4.55446e+016 2.24e-022  2.82e-004  9.44e-001  5.52e-002  3.49e-009  
4.55658e+016 2.24e-022  2.73e-004  9.43e-001  5.68e-002  3.18e-009  
4.55697e+016 2.20e-022  2.50e-004  9.42e-001  5.78e-002  2.74e-009  
4.55761e+016 2.10e-022  2.33e-004  9.37e-001  6.32e-002  2.48e-009  
4.55871e+016 1.99e-022  2.38e-004  9.28e-001  7.17e-002  2.35e-009  
4.56066e+016 1.89e-022  2.53e-004  9.17e-001  8.32e-002  2.30e-009  
4.56410e+016 1.89e-022  2.59e-004  9.08e-001  9.18e-002  2.17e-009  
4.56849e+016 1.97e-022  2.58e-004  9.05e-001  9.46e-002  1.98e-009  
4.57241e+016 2.03e-022  2.52e-004  9.05e-001  9.49e-002  1.78e-009  
4.57850e+016 2.09e-022  2.41e-004  9.02e-001  9.74e-002  1.47e-009  
4.58802e+016 2.13e-022  2.25e-004  8.90e-001  1.10e-001  1.07e-009  
4.59720e+016 2.17e-022  2.10e-004  8.70e-001  1.29e-001  7.69e-010  
4.59734e+016 2.16e-022  2.07e-004  8.70e-001  1.30e-001  7.45e-010  
4.59759e+016 2.14e-022  1.92e-004  8.69e-001  1.30e-001  6.45e-010  
4.59802e+016 2.10e-022  1.74e-004  8.63e-001  1.36e-001  5.58e-010  
4.59873e+016 2.03e-022  1.66e-004  8.52e-001  1.47e-001  5.27e-010  
4.59993e+016 1.97e-022  1.67e-004  8.37e-001  1.62e-001  4.93e-010  
4.60196e+016 1.95e-022  1.72e-004  8.19e-001  1.81e-001  4.61e-010  
4.60580e+016 2.03e-022  1.72e-004  8.00e-001  2.00e-001  4.19e-010  
4.61139e+016 2.18e-022  1.69e-004  7.86e-001  2.14e-001  3.65e-010  
4.61801e+016 2.33e-022  1.61e-004  7.73e-001  2.27e-001  3.00e-010  
4.62829e+016 2.54e-022  1.43e-004  7.45e-001  2.55e-001  2.03e-010  
4.63958e+016 2.80e-022  1.20e-004  7.02e-001  2.97e-001  1.24e-010  
4.64165e+016 2.86e-022  1.15e-004  6.93e-001  3.07e-001  1.13e-010  
4.64187e+016 2.85e-022  1.09e-004  6.94e-001  3.06e-001  1.01e-010  
4.64224e+016 2.84e-022  9.62e-005  6.90e-001  3.10e-001  8.21e-011  
4.64286e+016 2.85e-022  8.36e-005  6.82e-001  3.18e-001  7.03e-011  
4.64396e+016 2.87e-022  7.71e-005  6.66e-001  3.34e-001  6.45e-011  
4.64596e+016 2.94e-022  7.55e-005  6.43e-001  3.57e-001  5.78e-011  
4.64933e+016 3.11e-022  7.36e-005  6.14e-001  3.86e-001  5.11e-011  
4.65501e+016 3.42e-022  7.02e-005  5.82e-001  4.18e-001  4.39e-011  
4.66259e+016 3.89e-022  6.32e-005  5.48e-001  4.52e-001  3.44e-011  
4.67450e+016 4.71e-022  4.97e-005  4.97e-001  5.03e-001  2.14e-011  
4.68726e+016 5.85e-022  3.50e-005  4.39e-001  5.61e-001  1.23e-011  
4.69009e+016 6.16e-022  3.23e-005  4.27e-001  5.73e-001  1.10e-011  
4.69024e+016 6.16e-022  3.18e-005  4.27e-001  5.73e-001  1.08e-011  
4.69048e+016 6.15e-022  3.02e-005  4.28e-001  5.72e-001  9.95e-012  
4.69090e+016 6.19e-022  2.70e-005  4.30e-001  5.70e-001  8.48e-012  
4.69160e+016 6.33e-022  2.24e-005  4.30e-001  5.70e-001  7.03e-012  
4.69279e+016 6.57e-022  1.89e-005  4.25e-001  5.75e-001  6.38e-012  
4.69476e+016 6.86e-022  1.75e-005  4.08e-001  5.92e-001  6.12e-012  
4.69806e+016 7.33e-022  1.68e-005  3.81e-001  6.19e-001  5.81e-012  
4.70337e+016 8.18e-022  1.56e-005  3.45e-001  6.55e-001  5.34e-012  
4.70622e+016 8.67e-022  1.51e-005  3.30e-001  6.70e-001  5.09e-012  
4.71061e+016 9.46e-022  1.40e-005  3.11e-001  6.89e-001  4.68e-012  
4.71746e+016 1.11e-021  1.25e-005  2.80e-001  7.20e-001  4.25e-012  
4.72860e+016 1.45e-021  9.93e-006  2.34e-001  7.66e-001  3.72e-012  
4.74240e+016 2.01e-021  7.20e-006  1.86e-001  8.14e-001  3.40e-012  
4.74305e+016 2.05e-021  7.09e-006  1.84e-001  8.16e-001  3.39e-012  
4.74313e+016 2.06e-021  7.05e-006  1.83e-001  8.17e-001  3.38e-012  
4.74348e+016 2.07e-021  6.97e-006  1.82e-001  8.18e-001  3.36e-012  
4.74406e+016 2.09e-021  6.65e-006  1.82e-001  8.18e-001  3.29e-012  
4.74503e+016 2.14e-021  6.03e-006  1.83e-001  8.17e-001  3.16e-012  
4.74676e+016 2.24e-021  5.09e-006  1.83e-001  8.17e-001  3.09e-012  
4.74972e+016 2.41e-021  4.40e-006  1.74e-001  8.26e-001  3.20e-012  
4.75283e+016 2.59e-021  4.21e-006  1.58e-001  8.42e-001  3.35e-012  
4.75365e+016 2.64e-021  4.17e-006  1.54e-001  8.46e-001  3.39e-012  
4.75556e+016 2.76e-021  4.13e-006  1.44e-001  8.56e-001  3.46e-012  
4.75856e+016 2.95e-021  4.11e-006  1.31e-001  8.69e-001  3.53e-012  
4.76342e+016 3.29e-021  4.02e-006  1.14e-001  8.86e-001  3.59e-012  
4.77120e+016 3.92e-021  3.78e-006  9.42e-002  9.06e-001  3.60e-012  
4.78339e+016 5.01e-021  3.35e-006  7.26e-002  9.27e-001  3.55e-012  
4.79819e+016 6.67e-021  3.00e-006  5.14e-002  9.49e-001  3.55e-012  
4.80101e+016 7.03e-021  2.95e-006  4.78e-002  9.52e-001  3.54e-012  
4.80156e+016 7.10e-021  2.95e-006  4.72e-002  9.53e-001  3.55e-012  
4.80288e+016 7.25e-021  2.92e-006  4.56e-002  9.54e-001  3.56e-012  
4.80511e+016 7.54e-021  2.89e-006  4.33e-002  9.57e-001  3.57e-012  
4.80875e+016 8.02e-021  2.84e-006  3.91e-002  9.61e-001  3.58e-012  
4.81463e+016 8.82e-021  2.79e-006  3.27e-002  9.67e-001  3.62e-012  
4.82445e+016 1.01e-020  2.81e-006  2.31e-002  9.77e-001  3.72e-012  
4.83636e+016 1.19e-020  2.93e-006  1.47e-002  9.85e-001  3.85e-012  
4.84912e+016 1.37e-020  3.14e-006  9.11e-003  9.91e-001  3.96e-012  
4.86294e+016 1.56e-020  3.43e-006  5.56e-003  9.94e-001  4.07e-012  
4.87591e+016 1.71e-020  3.86e-006  3.80e-003  9.96e-001  4.26e-012  
4.88968e+016 1.82e-020  4.42e-006  2.95e-003  9.97e-001  4.42e-012  
4.90444e+016 1.90e-020  5.23e-006  2.65e-003  9.97e-001  4.64e-012  
4.91980e+016 1.91e-020  6.35e-006  2.76e-003  9.97e-001  4.87e-012  
4.93317e+016 1.88e-020  7.62e-006  3.11e-003  9.97e-001  5.08e-012  
4.94239e+016 1.84e-020  8.71e-006  3.53e-003  9.96e-001  5.24e-012  
4.95192e+016 1.76e-020  1.00e-005  4.24e-003  9.96e-001  5.41e-012  
4.96202e+016 1.68e-020  1.16e-005  5.34e-003  9.95e-001  5.59e-012  
4.97297e+016 1.58e-020  1.38e-005  7.27e-003  9.93e-001  5.83e-012  
4.98461e+016 1.47e-020  1.62e-005  1.08e-002  9.89e-001  6.01e-012  
4.99670e+016 1.35e-020  1.91e-005  1.71e-002  9.83e-001  6.27e-012  
5.00936e+016 1.24e-020  2.16e-005  2.90e-002  9.71e-001  6.42e-012  
5.02240e+016 1.13e-020  2.38e-005  5.02e-002  9.50e-001  6.56e-012  
5.03584e+016 1.03e-020  2.52e-005  8.65e-002  9.13e-001  6.55e-012  
5.05026e+016 9.54e-021  2.54e-005  1.47e-001  8.53e-001  6.27e-012  
5.05959e+016 9.35e-021  2.51e-005  1.97e-001  8.03e-001  6.04e-012  
5.06957e+016 9.21e-021  2.38e-005  2.59e-001  7.40e-001  5.58e-012  
5.07988e+016 9.26e-021  2.20e-005  3.30e-001  6.70e-001  5.04e-012  
5.09058e+016 9.52e-021  2.01e-005  4.05e-001  5.95e-001  4.47e-012  
5.10237e+016 9.92e-021  1.73e-005  4.89e-001  5.11e-001  3.74e-012  
5.11496e+016 1.06e-020  1.47e-005  5.70e-001  4.30e-001  3.05e-012  
5.12843e+016 1.14e-020  1.22e-005  6.45e-001  3.55e-001  2.41e-012  
5.14296e+016 1.24e-020  9.83e-006  7.13e-001  2.87e-001  1.82e-012  
5.15425e+016 1.33e-020  8.45e-006  7.54e-001  2.46e-001  1.48e-012  
5.16792e+016 1.43e-020  6.98e-006  7.96e-001  2.04e-001  1.13e-012  
5.18319e+016 1.55e-020  5.65e-006  8.33e-001  1.67e-001  8.33e-013  
5.19950e+016 1.67e-020  4.55e-006  8.64e-001  1.36e-001  6.06e-013  
5.21655e+016 1.77e-020  3.61e-006  8.89e-001  1.11e-001  4.32e-013  
5.23457e+016 1.85e-020  2.91e-006  9.08e-001  9.24e-002  3.10e-013  
5.25384e+016 1.92e-020  2.30e-006  9.23e-001  7.67e-002  2.16e-013  
5.27451e+016 1.98e-020  1.81e-006  9.36e-001  6.38e-002  1.50e-013  
5.29668e+016 2.03e-020  1.39e-006  9.48e-001  5.23e-002  1.02e-013  
5.31993e+016 2.07e-020  1.07e-006  9.57e-001  4.32e-002  6.96e-014  
5.34440e+016 2.13e-020  7.92e-007  9.65e-001  3.49e-002  4.63e-014  
5.36995e+016 2.20e-020  5.86e-007  9.72e-001  2.82e-002  3.12e-014  
5.39765e+016 2.30e-020  4.11e-007  9.78e-001  2.23e-002  2.03e-014  
5.42627e+016 2.41e-020  2.93e-007  9.82e-001  1.77e-002  1.36e-014  
5.45738e+016 2.54e-020  1.95e-007  9.86e-001  1.37e-002  8.72e-015  
5.49079e+016 2.68e-020  1.33e-007  9.89e-001  1.08e-002  5.79e-015  
5.52575e+016 2.81e-020  8.92e-008  9.91e-001  8.56e-003  3.84e-015  
5.56155e+016 2.94e-020  5.99e-008  9.93e-001  6.94e-003  2.60e-015  
5.59918e+016 3.06e-020  4.12e-008  9.94e-001  5.76e-003  1.82e-015  
5.63913e+016 3.15e-020  2.84e-008  9.95e-001  4.90e-003  1.31e-015  
5.68226e+016 3.21e-020  1.96e-008  9.96e-001  4.26e-003  9.52e-016  
5.72780e+016 3.24e-020  1.37e-008  9.96e-001  3.79e-003  7.16e-016  
5.77650e+016 3.24e-020  9.87e-009  9.96e-001  3.52e-003  5.58e-016  
5.82707e+016 3.19e-020  7.40e-009  9.97e-001  3.35e-003  4.61e-016  
5.88124e+016 3.12e-020  5.58e-009  9.97e-001  3.24e-003  3.85e-016  
5.93801e+016 3.03e-020  4.42e-009  9.97e-001  3.20e-003  3.40e-016  
5.99878e+016 2.92e-020  3.60e-009  9.97e-001  3.21e-003  3.10e-016  
6.06254e+016 2.82e-020  3.02e-009  9.97e-001  3.25e-003  2.92e-016  
6.12860e+016 2.73e-020  2.70e-009  9.97e-001  3.33e-003  2.87e-016  
6.19772e+016 2.67e-020  2.45e-009  9.97e-001  3.39e-003  2.84e-016  
6.27006e+016 2.63e-020  2.31e-009  9.97e-001  3.46e-003  2.87e-016  
6.34752e+016 2.62e-020  2.28e-009  9.96e-001  3.53e-003  2.97e-016  
6.43223e+016 2.66e-020  2.33e-009  9.96e-001  3.58e-003  3.14e-016  
6.52408e+016 2.75e-020  2.49e-009  9.96e-001  3.62e-003  3.39e-016  
6.62440e+016 2.89e-020  2.75e-009  9.96e-001  3.63e-003  3.70e-016  
6.73219e+016 3.11e-020  3.14e-009  9.96e-001  3.63e-003  4.05e-016  
6.84641e+016 3.42e-020  3.71e-009  9.96e-001  3.62e-003  4.53e-016  
6.96945e+016 3.84e-020  4.60e-009  9.96e-001  3.64e-003  5.15e-016  
7.10391e+016 4.42e-020  6.02e-009  9.96e-001  3.67e-003  6.02e-016  
7.25155e+016 5.23e-020  8.24e-009  9.96e-001  3.75e-003  7.17e-016  
7.42223e+016 6.48e-020  1.22e-008  9.96e-001  3.86e-003  8.79e-016  
7.63108e+016 8.57e-020  2.02e-008  9.96e-001  4.09e-003  1.14e-015  
7.86896e+016 1.20e-019  3.68e-008  9.95e-001  4.50e-003  1.54e-015  
8.18150e+016 1.90e-019  8.26e-008  9.95e-001  5.26e-003  2.29e-015  
8.55776e+016 3.39e-019  2.20e-007  9.93e-001  6.54e-003  3.71e-015  
9.00548e+016 6.83e-019  7.04e-007  9.91e-001  8.52e-003  6.58e-015  
9.53916e+016 1.57e-018  2.80e-006  9.89e-001  1.14e-002  1.28e-014  
1.01535e+017 4.00e-018  1.39e-005  9.84e-001  1.58e-002  2.55e-014  
1.09249e+017 1.19e-017  9.75e-005  9.75e-001  2.52e-002  5.29e-014  
1.19176e+017 3.83e-017  6.01e-004  9.58e-001  4.10e-002  1.20e-013  
1.32448e+017 1.03e-016  2.09e-003  9.60e-001  3.77e-002  2.09e-013  
