! 0       NH3 + GRAIN -> *NH3 + GRAIN
! 1       *H + *NH2 -> *NH3
! 2       *H2 + *NH2 -> *NH3 + *H
!            tot_rate   0          1          2          
1.58188e+013 6.00e-015  3.85e-002  9.62e-001  5.40e-020  
3.50727e+014 6.00e-015  3.85e-002  9.62e-001  5.40e-020  
5.21628e+015 6.01e-015  3.86e-002  9.61e-001  5.41e-020  
2.67137e+016 9.92e-015  5.85e-002  9.42e-001  5.86e-020  
3.33598e+016 1.40e-014  7.21e-002  9.28e-001  6.48e-020  
3.42055e+016 1.04e-014  7.36e-002  9.26e-001  7.02e-020  
3.44017e+016 9.30e-015  7.45e-002  9.26e-001  7.21e-020  
3.46353e+016 7.96e-015  7.64e-002  9.24e-001  7.46e-020  
3.48860e+016 6.43e-015  8.03e-002  9.20e-001  7.81e-020  
3.51370e+016 4.88e-015  8.76e-002  9.12e-001  8.24e-020  
3.53250e+016 3.77e-015  9.62e-002  9.04e-001  8.69e-020  
3.55515e+016 2.64e-015  1.10e-001  8.90e-001  9.36e-020  
3.57182e+016 2.04e-015  1.19e-001  8.81e-001  1.00e-019  
3.58524e+016 1.71e-015  1.21e-001  8.79e-001  1.08e-019  
3.60047e+016 1.48e-015  1.14e-001  8.86e-001  1.19e-019  
3.61718e+016 1.29e-015  1.03e-001  8.97e-001  1.35e-019  
3.62899e+016 1.12e-015  9.90e-002  9.01e-001  1.48e-019  
3.63893e+016 9.02e-016  1.05e-001  8.95e-001  1.57e-019  
3.64972e+016 5.98e-016  1.34e-001  8.66e-001  1.65e-019  
3.66124e+016 3.19e-016  2.13e-001  7.87e-001  1.64e-019  
3.67348e+016 1.60e-016  3.86e-001  6.14e-001  1.38e-019  
3.68621e+016 1.15e-016  5.93e-001  4.07e-001  9.23e-020  
3.69700e+016 1.15e-016  7.94e-001  2.06e-001  3.82e-020  
3.70376e+016 1.33e-016  9.00e-001  1.00e-001  1.54e-020  
3.71087e+016 1.74e-016  9.57e-001  4.25e-002  5.33e-021  
3.71826e+016 2.47e-016  9.82e-001  1.75e-002  1.72e-021  
3.72589e+016 3.66e-016  9.92e-001  7.90e-003  5.68e-022  
3.73370e+016 5.49e-016  9.96e-001  4.33e-003  1.97e-022  
3.74165e+016 8.26e-016  9.97e-001  2.86e-003  5.94e-023  
3.74829e+016 1.14e-015  9.98e-001  1.86e-003  1.44e-023  
3.75505e+016 1.52e-015  9.99e-001  9.53e-004  2.28e-024  
3.76194e+016 1.90e-015  1.00e+000  3.46e-004  2.27e-025  
3.76839e+016 2.13e-015  1.00e+000  7.65e-005  1.16e-026  
3.76854e+016 2.14e-015  1.00e+000  7.29e-005  1.07e-026  
3.76877e+016 2.14e-015  1.00e+000  6.78e-005  9.25e-027  
3.76917e+016 2.15e-015  1.00e+000  5.95e-005  7.26e-027  
3.76980e+016 2.16e-015  1.00e+000  4.72e-005  4.77e-027  
3.77083e+016 2.17e-015  1.00e+000  3.17e-005  2.27e-027  
3.77248e+016 2.18e-015  1.00e+000  1.47e-005  5.32e-028  
3.77450e+016 2.17e-015  1.00e+000  3.92e-006  4.07e-029  
3.77655e+016 2.15e-015  1.00e+000  2.60e-007  8.60e-031  
3.77936e+016 2.13e-015  1.00e+000  1.48e-007  4.93e-031  
3.78016e+016 2.12e-015  1.00e+000  1.24e-007  4.17e-031  
3.78111e+016 2.11e-015  1.00e+000  1.02e-007  3.47e-031  
3.78273e+016 2.10e-015  1.00e+000  7.43e-008  2.59e-031  
3.78530e+016 2.09e-015  1.00e+000  4.55e-008  1.65e-031  
3.78818e+016 2.08e-015  1.00e+000  2.81e-008  1.04e-031  
3.79076e+016 2.07e-015  1.00e+000  1.82e-008  7.00e-032  
3.79253e+016 2.06e-015  1.00e+000  1.47e-008  5.53e-032  
3.79502e+016 2.06e-015  1.00e+000  1.09e-008  3.98e-032  
3.79755e+016 2.06e-015  1.00e+000  8.40e-009  2.95e-032  
3.79897e+016 2.06e-015  1.00e+000  7.33e-009  2.52e-032  
3.79918e+016 2.06e-015  1.00e+000  7.18e-009  2.47e-032  
3.79956e+016 2.06e-015  1.00e+000  6.94e-009  2.37e-032  
3.80017e+016 2.06e-015  1.00e+000  6.55e-009  2.22e-032  
3.80129e+016 2.06e-015  1.00e+000  5.87e-009  1.97e-032  
3.80319e+016 2.07e-015  1.00e+000  4.98e-009  1.61e-032  
3.80578e+016 2.07e-015  1.00e+000  4.06e-009  1.28e-032  
3.80629e+016 2.07e-015  1.00e+000  3.93e-009  1.23e-032  
3.80713e+016 2.08e-015  1.00e+000  3.71e-009  1.14e-032  
3.80859e+016 2.08e-015  1.00e+000  3.40e-009  1.03e-032  
3.81083e+016 2.09e-015  1.00e+000  3.00e-009  8.80e-033  
3.81265e+016 2.10e-015  1.00e+000  2.76e-009  7.86e-033  
3.81480e+016 2.11e-015  1.00e+000  2.54e-009  7.01e-033  
3.81769e+016 2.13e-015  1.00e+000  2.39e-009  6.34e-033  
3.81836e+016 2.13e-015  1.00e+000  2.38e-009  6.24e-033  
3.81952e+016 2.14e-015  1.00e+000  2.37e-009  6.07e-033  
3.82149e+016 2.16e-015  1.00e+000  2.37e-009  5.93e-033  
3.82433e+016 2.18e-015  1.00e+000  2.47e-009  5.92e-033  
3.82740e+016 2.20e-015  1.00e+000  2.73e-009  6.32e-033  
3.83054e+016 2.23e-015  1.00e+000  3.22e-009  7.26e-033  
3.83376e+016 2.26e-015  1.00e+000  4.04e-009  8.85e-033  
3.83751e+016 2.30e-015  1.00e+000  5.35e-009  1.14e-032  
3.84132e+016 2.35e-015  1.00e+000  7.11e-009  1.48e-032  
3.84531e+016 2.40e-015  1.00e+000  9.46e-009  1.92e-032  
3.84962e+016 2.46e-015  1.00e+000  1.17e-008  2.30e-032  
3.85449e+016 2.53e-015  1.00e+000  1.32e-008  2.50e-032  
3.85990e+016 2.61e-015  1.00e+000  1.42e-008  2.59e-032  
3.86597e+016 2.69e-015  1.00e+000  1.63e-008  2.85e-032  
3.87288e+016 2.73e-015  1.00e+000  2.21e-008  3.62e-032  
3.88139e+016 2.68e-015  1.00e+000  3.77e-008  5.60e-032  
3.89093e+016 2.45e-015  1.00e+000  7.10e-008  9.18e-032  
3.90068e+016 2.10e-015  1.00e+000  1.32e-007  1.41e-031  
3.91088e+016 1.69e-015  1.00e+000  2.46e-007  2.07e-031  
3.92181e+016 1.33e-015  1.00e+000  4.50e-007  2.82e-031  
3.93325e+016 1.06e-015  1.00e+000  7.92e-007  3.63e-031  
3.94519e+016 8.92e-016  1.00e+000  1.31e-006  4.41e-031  
3.95803e+016 7.91e-016  1.00e+000  2.11e-006  5.20e-031  
3.97190e+016 7.50e-016  1.00e+000  3.24e-006  6.00e-031  
3.98699e+016 7.65e-016  1.00e+000  4.78e-006  6.85e-031  
4.00514e+016 8.53e-016  1.00e+000  7.02e-006  7.94e-031  
4.02549e+016 1.04e-015  1.00e+000  1.01e-005  9.36e-031  
4.04761e+016 1.37e-015  1.00e+000  1.42e-005  1.13e-030  
4.07070e+016 1.89e-015  1.00e+000  1.95e-005  1.41e-030  
4.09451e+016 2.70e-015  1.00e+000  2.74e-005  1.86e-030  
4.11988e+016 4.03e-015  1.00e+000  3.87e-005  2.56e-030  
4.14624e+016 6.13e-015  1.00e+000  5.55e-005  3.62e-030  
4.17462e+016 9.53e-015  1.00e+000  8.24e-005  5.46e-030  
4.20512e+016 1.48e-014  1.00e+000  1.28e-004  8.85e-030  
4.23867e+016 2.25e-014  1.00e+000  2.18e-004  1.59e-029  
4.27356e+016 3.25e-014  1.00e+000  4.24e-004  3.32e-029  
4.30994e+016 4.52e-014  9.99e-001  1.06e-003  9.08e-029  
4.34671e+016 6.14e-014  9.96e-001  3.97e-003  3.24e-028  
4.38104e+016 8.16e-014  9.85e-001  1.47e-002  1.06e-027  
4.41007e+016 1.04e-013  9.69e-001  3.13e-002  2.01e-027  
4.42181e+016 1.15e-013  9.63e-001  3.69e-002  2.27e-027  
4.42811e+016 1.22e-013  9.61e-001  3.91e-002  2.35e-027  
4.43809e+016 1.32e-013  9.58e-001  4.22e-002  2.46e-027  
4.45030e+016 1.45e-013  9.56e-001  4.43e-002  2.49e-027  
4.45401e+016 1.50e-013  9.55e-001  4.48e-002  2.49e-027  
4.45998e+016 1.57e-013  9.55e-001  4.53e-002  2.49e-027  
4.46779e+016 1.68e-013  9.54e-001  4.58e-002  2.50e-027  
4.48006e+016 1.86e-013  9.54e-001  4.61e-002  2.55e-027  
4.48529e+016 1.93e-013  9.54e-001  4.61e-002  2.60e-027  
4.48834e+016 1.98e-013  9.54e-001  4.58e-002  2.62e-027  
4.49346e+016 2.06e-013  9.54e-001  4.59e-002  2.70e-027  
4.49870e+016 2.15e-013  9.54e-001  4.61e-002  2.82e-027  
4.50684e+016 2.31e-013  9.54e-001  4.60e-002  3.02e-027  
4.51867e+016 2.54e-013  9.54e-001  4.57e-002  3.47e-027  
4.51946e+016 2.55e-013  9.54e-001  4.56e-002  3.53e-027  
4.52061e+016 2.57e-013  9.54e-001  4.56e-002  3.58e-027  
4.52265e+016 2.61e-013  9.55e-001  4.52e-002  3.67e-027  
4.52632e+016 2.69e-013  9.55e-001  4.50e-002  3.86e-027  
4.53239e+016 2.83e-013  9.55e-001  4.49e-002  4.24e-027  
4.54167e+016 3.06e-013  9.55e-001  4.48e-002  4.97e-027  
4.55446e+016 3.40e-013  9.56e-001  4.44e-002  6.35e-027  
4.55658e+016 3.45e-013  9.56e-001  4.43e-002  6.66e-027  
4.55697e+016 3.45e-013  9.56e-001  4.43e-002  6.78e-027  
4.55761e+016 3.47e-013  9.56e-001  4.41e-002  6.85e-027  
4.55871e+016 3.50e-013  9.56e-001  4.37e-002  6.97e-027  
4.56066e+016 3.56e-013  9.57e-001  4.32e-002  7.21e-027  
4.56410e+016 3.67e-013  9.57e-001  4.31e-002  7.66e-027  
4.56849e+016 3.80e-013  9.57e-001  4.29e-002  8.39e-027  
4.57241e+016 3.93e-013  9.57e-001  4.30e-002  9.14e-027  
4.57850e+016 4.14e-013  9.57e-001  4.28e-002  1.05e-026  
4.58802e+016 4.48e-013  9.58e-001  4.24e-002  1.30e-026  
4.59720e+016 4.83e-013  9.58e-001  4.20e-002  1.60e-026  
4.59734e+016 4.82e-013  9.58e-001  4.21e-002  1.62e-026  
4.59759e+016 4.82e-013  9.58e-001  4.21e-002  1.65e-026  
4.59802e+016 4.83e-013  9.58e-001  4.20e-002  1.67e-026  
4.59873e+016 4.86e-013  9.58e-001  4.17e-002  1.69e-026  
4.59993e+016 4.91e-013  9.59e-001  4.13e-002  1.73e-026  
4.60196e+016 5.00e-013  9.59e-001  4.10e-002  1.80e-026  
4.60580e+016 5.17e-013  9.59e-001  4.06e-002  1.95e-026  
4.61139e+016 5.42e-013  9.60e-001  4.04e-002  2.23e-026  
4.61801e+016 5.73e-013  9.60e-001  4.03e-002  2.60e-026  
4.62829e+016 6.24e-013  9.60e-001  4.02e-002  3.36e-026  
4.63958e+016 6.86e-013  9.60e-001  3.99e-002  4.46e-026  
4.64165e+016 6.98e-013  9.60e-001  3.98e-002  4.70e-026  
4.64187e+016 6.97e-013  9.60e-001  3.99e-002  4.81e-026  
4.64224e+016 6.98e-013  9.60e-001  3.98e-002  4.90e-026  
4.64286e+016 7.01e-013  9.60e-001  3.97e-002  4.97e-026  
4.64396e+016 7.07e-013  9.61e-001  3.95e-002  5.06e-026  
4.64596e+016 7.19e-013  9.61e-001  3.91e-002  5.26e-026  
4.64933e+016 7.41e-013  9.61e-001  3.86e-002  5.63e-026  
4.65501e+016 7.77e-013  9.62e-001  3.84e-002  6.44e-026  
4.66259e+016 8.29e-013  9.62e-001  3.84e-002  7.75e-026  
4.67450e+016 9.16e-013  9.61e-001  3.85e-002  1.03e-025  
4.68726e+016 1.02e-012  9.61e-001  3.86e-002  1.37e-025  
4.69009e+016 1.04e-012  9.61e-001  3.86e-002  1.47e-025  
4.69024e+016 1.04e-012  9.61e-001  3.87e-002  1.48e-025  
4.69048e+016 1.04e-012  9.61e-001  3.87e-002  1.50e-025  
4.69090e+016 1.05e-012  9.62e-001  3.84e-002  1.51e-025  
4.69160e+016 1.05e-012  9.62e-001  3.85e-002  1.55e-025  
4.69279e+016 1.06e-012  9.62e-001  3.84e-002  1.58e-025  
4.69476e+016 1.08e-012  9.62e-001  3.80e-002  1.63e-025  
4.69806e+016 1.11e-012  9.62e-001  3.77e-002  1.72e-025  
4.70337e+016 1.16e-012  9.63e-001  3.74e-002  1.87e-025  
4.70622e+016 1.18e-012  9.62e-001  3.76e-002  1.98e-025  
4.71061e+016 1.24e-012  9.63e-001  3.73e-002  2.11e-025  
4.71746e+016 1.31e-012  9.63e-001  3.72e-002  2.27e-025  
4.72860e+016 1.43e-012  9.63e-001  3.71e-002  2.53e-025  
4.74240e+016 1.61e-012  9.63e-001  3.66e-002  2.86e-025  
4.74305e+016 1.62e-012  9.63e-001  3.65e-002  2.87e-025  
4.74313e+016 1.62e-012  9.63e-001  3.66e-002  2.87e-025  
4.74348e+016 1.62e-012  9.63e-001  3.66e-002  2.89e-025  
4.74406e+016 1.63e-012  9.63e-001  3.65e-002  2.91e-025  
4.74503e+016 1.63e-012  9.63e-001  3.67e-002  2.96e-025  
4.74676e+016 1.65e-012  9.63e-001  3.65e-002  3.01e-025  
4.74972e+016 1.69e-012  9.64e-001  3.63e-002  3.07e-025  
4.75283e+016 1.73e-012  9.64e-001  3.61e-002  3.14e-025  
4.75365e+016 1.74e-012  9.64e-001  3.61e-002  3.16e-025  
4.75556e+016 1.77e-012  9.64e-001  3.59e-002  3.19e-025  
4.75856e+016 1.83e-012  9.64e-001  3.56e-002  3.23e-025  
4.76342e+016 1.90e-012  9.65e-001  3.54e-002  3.32e-025  
4.77120e+016 2.02e-012  9.65e-001  3.51e-002  3.46e-025  
4.78339e+016 2.24e-012  9.65e-001  3.46e-002  3.70e-025  
4.79819e+016 2.52e-012  9.66e-001  3.40e-002  3.98e-025  
4.80101e+016 2.58e-012  9.66e-001  3.38e-002  4.04e-025  
4.80156e+016 2.59e-012  9.66e-001  3.38e-002  4.02e-025  
4.80288e+016 2.62e-012  9.66e-001  3.37e-002  4.05e-025  
4.80511e+016 2.66e-012  9.66e-001  3.37e-002  4.10e-025  
4.80875e+016 2.74e-012  9.67e-001  3.34e-002  4.16e-025  
4.81463e+016 2.87e-012  9.67e-001  3.32e-002  4.26e-025  
4.82445e+016 3.09e-012  9.67e-001  3.27e-002  4.43e-025  
4.83636e+016 3.40e-012  9.68e-001  3.21e-002  4.62e-025  
4.84912e+016 3.75e-012  9.68e-001  3.17e-002  4.83e-025  
4.86294e+016 4.17e-012  9.69e-001  3.09e-002  5.04e-025  
4.87591e+016 4.60e-012  9.70e-001  3.04e-002  5.24e-025  
4.88968e+016 5.10e-012  9.70e-001  2.98e-002  5.47e-025  
4.90444e+016 5.68e-012  9.71e-001  2.92e-002  5.71e-025  
4.91980e+016 6.34e-012  9.71e-001  2.87e-002  5.99e-025  
4.93317e+016 6.97e-012  9.72e-001  2.81e-002  6.26e-025  
4.94239e+016 7.42e-012  9.72e-001  2.79e-002  6.44e-025  
4.95192e+016 7.91e-012  9.72e-001  2.76e-002  6.66e-025  
4.96202e+016 8.46e-012  9.73e-001  2.72e-002  6.60e-025  
4.97297e+016 9.09e-012  9.73e-001  2.68e-002  6.52e-025  
4.98461e+016 9.79e-012  9.74e-001  2.65e-002  6.45e-025  
4.99670e+016 1.06e-011  9.74e-001  2.60e-002  6.36e-025  
5.00936e+016 1.14e-011  9.74e-001  2.55e-002  6.29e-025  
5.02240e+016 1.22e-011  9.75e-001  2.53e-002  6.26e-025  
5.03584e+016 1.31e-011  9.75e-001  2.48e-002  6.20e-025  
5.05026e+016 1.41e-011  9.76e-001  2.44e-002  6.14e-025  
5.05959e+016 1.50e-011  9.76e-001  2.39e-002  6.06e-025  
5.06957e+016 1.57e-011  9.76e-001  2.38e-002  6.06e-025  
5.07988e+016 1.66e-011  9.77e-001  2.34e-002  6.00e-025  
5.09058e+016 1.75e-011  9.77e-001  2.31e-002  6.00e-025  
5.10237e+016 1.86e-011  9.77e-001  2.27e-002  5.96e-025  
5.11496e+016 1.97e-011  9.78e-001  2.24e-002  5.93e-025  
5.12843e+016 2.12e-011  9.78e-001  2.20e-002  5.91e-025  
5.14296e+016 2.26e-011  9.78e-001  2.17e-002  5.93e-025  
5.15425e+016 2.39e-011  9.79e-001  2.13e-002  5.90e-025  
5.16792e+016 2.54e-011  9.79e-001  2.10e-002  5.90e-025  
5.18319e+016 2.73e-011  9.79e-001  2.07e-002  5.94e-025  
5.19950e+016 2.92e-011  9.80e-001  2.03e-002  5.99e-025  
5.21655e+016 3.14e-011  9.80e-001  1.99e-002  6.05e-025  
5.23457e+016 3.38e-011  9.80e-001  1.96e-002  6.10e-025  
5.25384e+016 3.64e-011  9.81e-001  1.92e-002  6.21e-025  
5.27451e+016 3.93e-011  9.81e-001  1.88e-002  6.30e-025  
5.29668e+016 4.27e-011  9.82e-001  1.84e-002  6.42e-025  
5.31993e+016 4.61e-011  9.82e-001  1.81e-002  6.59e-025  
5.34440e+016 5.00e-011  9.82e-001  1.77e-002  6.76e-025  
5.36995e+016 5.39e-011  9.83e-001  1.74e-002  6.95e-025  
5.39765e+016 5.82e-011  9.83e-001  1.71e-002  7.22e-025  
5.42627e+016 6.26e-011  9.83e-001  1.68e-002  7.49e-025  
5.45738e+016 6.73e-011  9.84e-001  1.65e-002  7.81e-025  
5.49079e+016 7.21e-011  9.84e-001  1.62e-002  8.23e-025  
5.52575e+016 7.66e-011  9.84e-001  1.61e-002  8.69e-025  
5.56155e+016 8.09e-011  9.84e-001  1.58e-002  9.22e-025  
5.59918e+016 8.47e-011  9.84e-001  1.56e-002  9.86e-025  
5.63913e+016 8.80e-011  9.84e-001  1.56e-002  1.06e-024  
5.68226e+016 9.06e-011  9.85e-001  1.55e-002  1.15e-024  
5.72780e+016 9.22e-011  9.85e-001  1.54e-002  1.26e-024  
5.77650e+016 9.28e-011  9.84e-001  1.55e-002  1.38e-024  
5.82707e+016 9.23e-011  9.85e-001  1.55e-002  1.53e-024  
5.88124e+016 9.05e-011  9.84e-001  1.57e-002  1.70e-024  
5.93801e+016 8.76e-011  9.84e-001  1.60e-002  1.91e-024  
5.99878e+016 8.36e-011  9.84e-001  1.63e-002  2.17e-024  
6.06254e+016 7.87e-011  9.83e-001  1.66e-002  2.46e-024  
6.12860e+016 7.34e-011  9.83e-001  1.72e-002  2.81e-024  
6.19772e+016 6.77e-011  9.82e-001  1.77e-002  3.22e-024  
6.27006e+016 6.19e-011  9.82e-001  1.84e-002  3.73e-024  
6.34752e+016 5.61e-011  9.81e-001  1.93e-002  4.33e-024  
6.43223e+016 5.02e-011  9.80e-001  2.01e-002  5.12e-024  
6.52408e+016 4.46e-011  9.79e-001  2.13e-002  6.13e-024  
6.62440e+016 3.92e-011  9.77e-001  2.27e-002  7.45e-024  
6.73219e+016 3.43e-011  9.76e-001  2.43e-002  9.20e-024  
6.84641e+016 3.01e-011  9.74e-001  2.62e-002  1.15e-023  
6.96945e+016 2.62e-011  9.72e-001  2.83e-002  1.46e-023  
7.10391e+016 2.29e-011  9.69e-001  3.07e-002  1.88e-023  
7.25155e+016 2.00e-011  9.66e-001  3.36e-002  2.50e-023  
7.42223e+016 1.73e-011  9.63e-001  3.71e-002  3.46e-023  
7.63108e+016 1.49e-011  9.59e-001  4.15e-002  5.11e-023  
7.86896e+016 1.29e-011  9.53e-001  4.65e-002  7.91e-023  
8.18150e+016 1.09e-011  9.46e-001  5.36e-002  1.40e-022  
8.55776e+016 9.15e-012  9.38e-001  6.21e-002  2.71e-022  
9.00548e+016 7.59e-012  9.28e-001  7.25e-002  5.84e-022  
9.53916e+016 6.17e-012  9.15e-001  8.52e-002  1.41e-021  
1.01535e+017 4.91e-012  9.00e-001  1.00e-001  3.72e-021  
1.09249e+017 3.73e-012  8.79e-001  1.21e-001  1.14e-020  
1.19176e+017 2.64e-012  8.52e-001  1.48e-001  3.63e-020  
1.32448e+017 1.68e-012  8.12e-001  1.88e-001  9.37e-020  
