! 0       *H + *CO -> *HCO
! 1       *H + *H2CO -> *HCO + *H2
! 2       HCO + GRAIN -> *HCO + GRAIN
! 3       *H2CO + CRPhoton -> *HCO + *H
! 4       *HCOOH + CRPhoton -> *HCO + *OH
! 5       *CH + *O2 -> *HCO + *O
! 6       *HCOOH + ISPhoton -> *HCO + *OH
! 7       *O + *CH -> *HCO
! 8       *OH + *H2CO -> *HCO + *H2O
! 9       *HCOOH + ISPhoton -> *HCO + *OH
!            tot_rate   0          1          2          3          4          5          6          7          8          9          
1.58188e+013 5.47e-013  5.16e-001  4.84e-001  1.65e-006  9.78e-006  3.89e-005  1.13e-005  3.25e-008  4.24e-010  6.80e-039  3.47e-012  
3.50727e+014 5.47e-013  5.16e-001  4.84e-001  1.66e-006  9.78e-006  3.89e-005  1.13e-005  3.25e-008  4.24e-010  6.80e-039  3.47e-012  
5.21628e+015 5.47e-013  5.16e-001  4.84e-001  1.66e-006  9.78e-006  3.89e-005  1.13e-005  3.25e-008  4.26e-010  6.82e-039  3.47e-012  
2.67137e+016 5.51e-013  5.15e-001  4.85e-001  5.05e-006  9.76e-006  3.88e-005  1.94e-005  3.25e-008  6.57e-010  1.27e-038  3.47e-012  
3.33598e+016 5.42e-013  5.17e-001  4.83e-001  8.87e-006  1.01e-005  4.02e-005  2.86e-005  3.36e-008  7.32e-010  8.32e-038  3.58e-012  
3.42055e+016 4.38e-013  5.16e-001  4.84e-001  8.22e-006  1.26e-005  5.02e-005  2.60e-005  4.20e-008  6.19e-010  4.77e-037  4.45e-012  
3.44017e+016 4.07e-013  5.16e-001  4.84e-001  7.98e-006  1.36e-005  5.40e-005  2.53e-005  4.52e-008  5.95e-010  8.84e-037  4.82e-012  
3.46353e+016 3.68e-013  5.16e-001  4.84e-001  7.72e-006  1.51e-005  6.00e-005  2.47e-005  5.03e-008  5.68e-010  2.21e-036  5.35e-012  
3.48860e+016 3.24e-013  5.15e-001  4.85e-001  7.38e-006  1.72e-005  6.85e-005  2.44e-005  5.74e-008  5.46e-010  7.59e-036  6.11e-012  
3.51370e+016 2.77e-013  5.16e-001  4.84e-001  7.07e-006  2.03e-005  8.05e-005  2.50e-005  6.75e-008  5.49e-010  3.51e-035  7.18e-012  
3.53250e+016 2.41e-013  5.14e-001  4.85e-001  6.85e-006  2.34e-005  9.33e-005  2.63e-005  7.80e-008  5.73e-010  1.37e-034  8.30e-012  
3.55515e+016 1.98e-013  5.16e-001  4.84e-001  6.63e-006  2.87e-005  1.14e-004  2.94e-005  9.56e-008  6.42e-010  1.05e-033  1.02e-011  
3.57182e+016 1.67e-013  5.16e-001  4.84e-001  6.46e-006  3.42e-005  1.36e-004  3.31e-005  1.14e-007  7.30e-010  6.52e-033  1.21e-011  
3.58524e+016 1.44e-013  5.16e-001  4.84e-001  6.38e-006  4.01e-005  1.59e-004  3.74e-005  1.34e-007  8.42e-010  3.56e-032  1.42e-011  
3.60047e+016 1.19e-013  5.16e-001  4.84e-001  6.26e-006  4.88e-005  1.95e-004  4.38e-005  1.63e-007  1.02e-009  3.23e-031  1.73e-011  
3.61718e+016 9.50e-014  5.16e-001  4.84e-001  6.12e-006  6.20e-005  2.47e-004  5.35e-005  2.06e-007  1.30e-009  4.84e-030  2.20e-011  
3.62899e+016 8.01e-014  5.15e-001  4.84e-001  6.03e-006  7.44e-005  2.97e-004  6.26e-005  2.48e-007  1.58e-009  4.04e-029  2.63e-011  
3.63893e+016 6.90e-014  5.16e-001  4.84e-001  5.94e-006  8.73e-005  3.48e-004  7.23e-005  2.91e-007  1.90e-009  2.68e-028  3.10e-011  
3.64972e+016 5.86e-014  5.15e-001  4.84e-001  5.80e-006  1.05e-004  4.18e-004  8.49e-005  3.50e-007  2.34e-009  2.18e-027  3.72e-011  
3.66124e+016 4.90e-014  5.14e-001  4.85e-001  5.67e-006  1.28e-004  5.10e-004  1.02e-004  4.26e-007  2.92e-009  0.00e+000  4.53e-011  
3.67348e+016 4.10e-014  5.12e-001  4.87e-001  5.41e-006  1.57e-004  6.26e-004  1.23e-004  5.24e-007  3.24e-009  0.00e+000  5.58e-011  
3.68621e+016 3.65e-014  5.09e-001  4.90e-001  4.82e-006  1.83e-004  7.31e-004  1.38e-004  6.10e-007  1.16e-009  6.21e-024  6.49e-011  
3.69700e+016 3.27e-014  5.01e-001  4.98e-001  4.40e-006  2.12e-004  8.46e-004  1.55e-004  7.09e-007  1.85e-010  9.44e-023  7.51e-011  
3.70376e+016 3.02e-014  4.93e-001  5.06e-001  4.20e-006  2.35e-004  9.42e-004  1.68e-004  7.87e-007  5.26e-011  5.52e-022  8.37e-011  
3.71087e+016 2.80e-014  4.81e-001  5.17e-001  3.99e-006  2.61e-004  1.05e-003  1.79e-004  8.74e-007  1.44e-011  3.42e-021  9.31e-011  
3.71826e+016 2.60e-014  4.61e-001  5.38e-001  3.77e-006  2.90e-004  1.17e-003  1.88e-004  9.75e-007  4.07e-012  2.23e-020  1.04e-010  
3.72589e+016 2.44e-014  4.30e-001  5.69e-001  3.55e-006  3.18e-004  1.30e-003  1.89e-004  1.08e-006  1.26e-012  1.50e-019  1.15e-010  
3.73370e+016 2.31e-014  3.80e-001  6.18e-001  3.33e-006  3.44e-004  1.43e-003  1.78e-004  1.20e-006  4.49e-013  1.02e-018  1.27e-010  
3.74165e+016 2.19e-014  3.00e-001  6.98e-001  3.16e-006  3.66e-004  1.58e-003  1.49e-004  1.32e-006  2.19e-013  7.25e-018  1.41e-010  
3.74829e+016 2.07e-014  2.07e-001  7.91e-001  3.09e-006  3.78e-004  1.73e-003  1.07e-004  1.45e-006  1.74e-013  4.12e-017  1.54e-010  
3.75505e+016 1.91e-014  1.03e-001  8.95e-001  3.14e-006  3.78e-004  1.92e-003  4.95e-005  1.61e-006  2.57e-013  2.96e-016  1.71e-010  
3.76194e+016 1.70e-014  2.62e-002  9.71e-001  3.36e-006  3.49e-004  2.15e-003  5.08e-006  1.80e-006  1.15e-012  3.56e-015  1.91e-010  
3.76839e+016 1.39e-014  1.98e-003  9.95e-001  4.05e-006  2.75e-004  2.45e-003  4.15e-007  2.05e-006  3.77e-011  1.12e-013  2.18e-010  
3.76854e+016 1.38e-014  1.82e-003  9.95e-001  4.08e-006  2.72e-004  2.46e-003  4.21e-007  2.06e-006  4.26e-011  1.24e-013  2.19e-010  
3.76877e+016 1.36e-014  1.59e-003  9.96e-001  4.14e-006  2.70e-004  2.49e-003  4.37e-007  2.08e-006  5.25e-011  1.48e-013  2.21e-010  
3.76917e+016 1.33e-014  1.24e-003  9.96e-001  4.23e-006  2.63e-004  2.51e-003  4.64e-007  2.11e-006  7.51e-011  1.99e-013  2.24e-010  
3.76980e+016 1.28e-014  7.94e-004  9.96e-001  4.37e-006  2.51e-004  2.55e-003  5.17e-007  2.13e-006  1.39e-010  3.32e-013  2.27e-010  
3.77083e+016 1.19e-014  3.49e-004  9.97e-001  4.72e-006  2.30e-004  2.65e-003  6.60e-007  2.21e-006  4.48e-010  8.71e-013  2.35e-010  
3.77248e+016 1.02e-014  6.05e-005  9.97e-001  5.55e-006  1.91e-004  2.84e-003  1.21e-006  2.37e-006  5.00e-009  6.36e-012  2.53e-010  
3.77450e+016 6.77e-015  1.52e-006  9.96e-001  8.53e-006  1.35e-004  3.53e-003  6.04e-006  2.95e-006  5.40e-007  3.70e-010  3.14e-010  
3.77655e+016 2.49e-016  3.07e-007  9.57e-001  2.39e-004  1.87e-004  4.22e-002  3.80e-005  3.54e-005  9.37e-005  1.63e-008  3.76e-009  
3.77936e+016 1.61e-018  3.52e-005  8.67e-002  3.87e-002  2.21e-005  8.73e-001  9.60e-005  7.31e-004  4.08e-004  1.60e-009  7.80e-008  
3.78016e+016 8.38e-019  6.10e-005  1.70e-002  7.57e-002  4.75e-006  9.06e-001  6.79e-005  7.57e-004  3.41e-004  3.71e-010  8.06e-008  
3.78111e+016 4.15e-019  1.08e-004  2.43e-003  1.56e-001  7.51e-007  8.40e-001  4.91e-005  7.03e-004  2.99e-004  6.43e-011  7.49e-008  
3.78273e+016 1.54e-019  2.39e-004  1.01e-003  4.37e-001  3.66e-007  5.61e-001  4.24e-005  4.69e-004  3.43e-004  3.66e-011  4.99e-008  
3.78530e+016 7.99e-020  3.36e-004  1.34e-003  9.03e-001  6.27e-007  9.50e-002  3.53e-005  7.95e-005  4.47e-004  7.84e-011  8.45e-009  
3.78818e+016 7.95e-020  2.43e-004  9.46e-004  9.94e-001  5.76e-007  4.43e-003  1.85e-005  3.70e-006  3.70e-004  9.07e-011  3.94e-010  
3.79076e+016 8.69e-020  1.66e-004  6.33e-004  9.99e-001  4.89e-007  1.98e-004  9.72e-006  1.66e-007  2.74e-004  9.02e-011  1.76e-011  
3.79253e+016 9.33e-020  1.28e-004  4.83e-004  9.99e-001  4.35e-007  2.71e-005  6.37e-006  2.26e-008  2.20e-004  9.11e-011  2.41e-012  
3.79502e+016 1.04e-019  8.78e-005  3.28e-004  9.99e-001  3.65e-007  8.13e-006  3.55e-006  6.80e-009  1.60e-004  9.12e-011  7.24e-013  
3.79755e+016 1.17e-019  6.13e-005  2.26e-004  1.00e+000  3.06e-007  6.10e-006  2.08e-006  5.10e-009  1.18e-004  8.97e-011  5.43e-013  
3.79897e+016 1.25e-019  5.03e-005  1.85e-004  1.00e+000  2.78e-007  5.38e-006  1.58e-006  4.50e-009  1.01e-004  8.96e-011  4.79e-013  
3.79918e+016 1.27e-019  4.85e-005  1.78e-004  1.00e+000  2.72e-007  5.25e-006  1.50e-006  4.39e-009  9.76e-005  8.89e-011  4.68e-013  
3.79956e+016 1.29e-019  4.61e-005  1.69e-004  1.00e+000  2.65e-007  5.10e-006  1.40e-006  4.26e-009  9.38e-005  8.91e-011  4.53e-013  
3.80017e+016 1.33e-019  4.23e-005  1.54e-004  1.00e+000  2.53e-007  4.82e-006  1.26e-006  4.03e-009  8.79e-005  8.87e-011  4.28e-013  
3.80129e+016 1.41e-019  3.60e-005  1.31e-004  1.00e+000  2.33e-007  4.35e-006  1.03e-006  3.64e-009  7.80e-005  8.79e-011  3.87e-013  
3.80319e+016 1.55e-019  2.77e-005  1.01e-004  1.00e+000  2.04e-007  3.72e-006  7.55e-007  3.11e-009  6.58e-005  8.84e-011  3.30e-013  
3.80578e+016 1.78e-019  1.94e-005  7.02e-005  1.00e+000  1.69e-007  2.98e-006  5.30e-007  2.49e-009  5.33e-005  8.76e-011  2.65e-013  
3.80629e+016 1.83e-019  1.82e-005  6.56e-005  1.00e+000  1.63e-007  2.85e-006  4.99e-007  2.39e-009  5.14e-005  8.74e-011  2.54e-013  
3.80713e+016 1.91e-019  1.63e-005  5.86e-005  1.00e+000  1.53e-007  2.67e-006  4.56e-007  2.23e-009  4.87e-005  8.79e-011  2.37e-013  
3.80859e+016 2.06e-019  1.36e-005  4.90e-005  1.00e+000  1.39e-007  2.38e-006  3.95e-007  1.99e-009  4.44e-005  8.79e-011  2.12e-013  
3.81083e+016 2.31e-019  1.03e-005  3.68e-005  1.00e+000  1.19e-007  2.00e-006  3.50e-007  1.68e-009  4.18e-005  8.79e-011  1.78e-013  
3.81265e+016 2.52e-019  8.25e-006  2.96e-005  1.00e+000  1.06e-007  1.76e-006  2.89e-007  1.47e-009  3.54e-005  8.85e-011  1.57e-013  
3.81480e+016 2.78e-019  6.44e-006  2.32e-005  1.00e+000  9.32e-008  1.51e-006  2.50e-007  1.27e-009  3.06e-005  8.78e-011  1.35e-013  
3.81769e+016 3.14e-019  4.78e-006  1.73e-005  1.00e+000  7.96e-008  1.25e-006  2.20e-007  1.04e-009  2.46e-005  8.31e-011  1.11e-013  
3.81836e+016 3.22e-019  4.50e-006  1.63e-005  1.00e+000  7.70e-008  1.19e-006  2.14e-007  9.97e-010  2.31e-005  8.14e-011  1.06e-013  
3.81952e+016 3.36e-019  4.05e-006  1.46e-005  1.00e+000  7.29e-008  1.11e-006  2.03e-007  9.29e-010  2.04e-005  7.83e-011  9.88e-014  
3.82149e+016 3.59e-019  3.37e-006  1.23e-005  1.00e+000  6.69e-008  9.78e-007  1.87e-007  8.19e-010  1.58e-005  7.07e-011  8.69e-014  
3.82433e+016 3.89e-019  2.65e-006  9.82e-006  1.00e+000  6.02e-008  8.28e-007  1.65e-007  6.92e-010  9.72e-006  5.73e-011  7.35e-014  
3.82740e+016 4.15e-019  2.10e-006  7.90e-006  1.00e+000  5.52e-008  7.01e-007  1.41e-007  5.88e-010  4.43e-006  4.07e-011  6.24e-014  
3.83054e+016 4.34e-019  1.71e-006  6.47e-006  1.00e+000  5.12e-008  6.13e-007  1.17e-007  5.12e-010  1.27e-006  2.42e-011  5.44e-014  
3.83376e+016 4.46e-019  1.41e-006  5.40e-006  1.00e+000  4.82e-008  5.43e-007  9.22e-008  4.55e-010  2.26e-007  1.24e-011  4.84e-014  
3.83751e+016 4.61e-019  1.13e-006  4.53e-006  1.00e+000  4.64e-008  4.75e-007  6.27e-008  3.97e-010  2.30e-008  6.29e-012  4.21e-014  
3.84132e+016 4.97e-019  8.73e-007  3.80e-006  1.00e+000  4.43e-008  3.80e-007  3.36e-008  3.18e-010  1.73e-009  6.10e-012  3.38e-014  
3.84531e+016 5.95e-019  6.07e-007  3.01e-006  1.00e+000  3.98e-008  2.47e-007  2.10e-008  2.07e-010  4.44e-010  9.87e-012  2.20e-014  
3.84962e+016 8.46e-019  3.61e-007  2.17e-006  1.00e+000  3.23e-008  1.11e-007  1.93e-008  9.31e-011  3.96e-010  1.41e-011  9.91e-015  
3.85449e+016 1.46e-018  1.76e-007  1.33e-006  1.00e+000  2.21e-008  2.73e-008  2.25e-008  2.27e-011  4.79e-010  1.25e-011  2.42e-015  
3.85990e+016 2.61e-018  8.28e-008  7.13e-007  1.00e+000  1.33e-008  3.23e-009  2.64e-008  2.70e-012  6.36e-010  5.48e-012  2.87e-016  
3.86597e+016 3.90e-018  4.67e-008  3.59e-007  1.00e+000  7.46e-009  2.72e-010  3.64e-008  2.27e-013  1.19e-009  1.74e-012  2.41e-017  
3.87288e+016 4.14e-018  3.74e-008  1.86e-007  1.00e+000  4.23e-009  1.86e-010  7.46e-008  1.55e-013  4.06e-009  1.32e-012  1.65e-017  
3.88139e+016 2.47e-018  5.63e-008  9.80e-008  1.00e+000  2.36e-009  4.66e-010  2.81e-007  3.89e-013  2.73e-008  1.43e-012  4.13e-017  
3.89093e+016 5.90e-019  2.25e-007  5.58e-008  1.00e+000  1.34e-009  3.25e-009  2.27e-006  2.71e-012  4.07e-007  1.67e-012  2.88e-016  
3.90068e+016 5.32e-020  2.61e-006  4.45e-008  1.00e+000  9.89e-010  6.07e-008  4.04e-005  5.07e-011  1.30e-005  2.35e-012  5.39e-015  
3.91088e+016 9.27e-021  1.70e-005  1.29e-007  9.99e-001  2.46e-009  5.83e-007  3.31e-004  4.87e-010  1.81e-004  1.02e-011  5.19e-014  
3.92181e+016 1.03e-020  1.91e-005  2.02e-007  9.99e-001  3.09e-009  8.64e-007  3.91e-004  7.23e-010  3.51e-004  2.07e-011  7.68e-014  
3.93325e+016 1.18e-020  2.22e-005  3.21e-007  9.99e-001  3.76e-009  1.19e-006  4.18e-004  9.99e-010  5.71e-004  3.66e-011  1.06e-013  
3.94519e+016 1.28e-020  2.86e-005  5.38e-007  9.99e-001  4.70e-009  1.65e-006  4.48e-004  1.37e-009  8.58e-004  6.07e-011  1.46e-013  
3.95803e+016 1.33e-020  4.02e-005  9.38e-007  9.98e-001  6.00e-009  2.24e-006  4.82e-004  1.88e-009  1.19e-003  9.38e-011  1.99e-013  
3.97190e+016 1.34e-020  6.03e-005  1.63e-006  9.98e-001  7.60e-009  2.98e-006  5.20e-004  2.49e-009  1.51e-003  1.31e-010  2.66e-013  
3.98699e+016 1.31e-020  9.67e-005  2.79e-006  9.98e-001  9.44e-009  3.90e-006  5.67e-004  3.27e-009  1.75e-003  1.64e-010  3.47e-013  
4.00514e+016 1.25e-020  1.73e-004  4.87e-006  9.97e-001  1.16e-008  5.11e-006  6.30e-004  4.29e-009  1.86e-003  1.80e-010  4.56e-013  
4.02549e+016 1.16e-020  3.38e-004  8.40e-006  9.97e-001  1.40e-008  6.68e-006  7.20e-004  5.60e-009  1.81e-003  1.73e-010  5.96e-013  
4.04761e+016 1.06e-020  7.06e-004  1.43e-005  9.97e-001  1.66e-008  8.70e-006  8.41e-004  7.30e-009  1.65e-003  1.46e-010  7.77e-013  
4.07070e+016 9.60e-021  1.54e-003  2.46e-005  9.96e-001  1.99e-008  1.14e-005  9.95e-004  9.56e-009  1.44e-003  1.14e-010  1.02e-012  
4.09451e+016 8.56e-021  3.57e-003  4.46e-005  9.94e-001  2.45e-008  1.52e-005  1.23e-003  1.27e-008  1.24e-003  8.53e-011  1.35e-012  
4.11988e+016 7.59e-021  8.84e-003  8.73e-005  9.88e-001  3.18e-008  2.07e-005  1.50e-003  1.74e-008  1.06e-003  6.21e-011  1.85e-012  
4.14624e+016 6.78e-021  2.27e-002  1.80e-004  9.74e-001  4.20e-008  2.86e-005  1.80e-003  2.40e-008  8.82e-004  4.45e-011  2.55e-012  
4.17462e+016 6.27e-021  6.09e-002  3.97e-004  9.36e-001  5.56e-008  4.05e-005  2.02e-003  3.40e-008  6.94e-004  3.01e-011  3.62e-012  
4.20512e+016 6.44e-021  1.61e-001  8.28e-004  8.35e-001  6.49e-008  5.51e-005  1.93e-003  4.63e-008  4.64e-004  1.71e-011  4.92e-012  
4.23867e+016 8.39e-021  3.79e-001  1.35e-003  6.18e-001  5.35e-008  6.44e-005  1.31e-003  5.42e-008  2.11e-004  6.39e-012  5.77e-012  
4.27356e+016 1.62e-020  6.62e-001  1.35e-003  3.36e-001  2.54e-008  5.47e-005  5.89e-004  4.59e-008  5.52e-005  1.30e-012  4.89e-012  
4.30994e+016 4.64e-020  8.63e-001  9.21e-004  1.36e-001  7.46e-009  3.30e-005  1.94e-004  2.78e-008  1.02e-005  1.52e-013  2.96e-012  
4.34671e+016 1.72e-019  9.52e-001  6.21e-004  4.71e-002  2.04e-009  1.57e-005  6.50e-005  1.32e-008  1.47e-006  1.48e-014  1.41e-012  
4.38104e+016 6.63e-019  9.83e-001  8.31e-004  1.57e-002  1.11e-009  5.49e-006  3.29e-005  4.62e-009  2.10e-007  2.22e-015  4.92e-013  
4.41007e+016 2.23e-018  9.92e-001  1.81e-003  5.70e-003  1.10e-009  1.70e-006  2.63e-005  1.43e-009  4.29e-008  5.52e-016  1.52e-013  
4.42181e+016 3.67e-018  9.93e-001  2.69e-003  3.78e-003  1.18e-009  1.01e-006  2.60e-005  8.52e-010  2.39e-008  3.21e-016  9.06e-014  
4.42811e+016 4.80e-018  9.94e-001  3.33e-003  3.08e-003  1.23e-009  7.71e-007  2.58e-005  6.50e-010  1.81e-008  2.44e-016  6.89e-014  
4.43809e+016 7.45e-018  9.93e-001  4.80e-003  2.16e-003  1.32e-009  5.14e-007  2.71e-005  4.32e-010  1.15e-008  1.60e-016  4.59e-014  
4.45030e+016 1.26e-017  9.91e-001  7.48e-003  1.41e-003  1.47e-009  3.03e-007  2.93e-005  2.55e-010  6.61e-009  9.36e-017  2.70e-014  
4.45401e+016 1.49e-017  9.90e-001  8.56e-003  1.26e-003  1.52e-009  2.46e-007  3.02e-005  2.07e-010  5.42e-009  7.49e-017  2.19e-014  
4.45998e+016 1.93e-017  9.88e-001  1.06e-002  1.05e-003  1.60e-009  1.81e-007  3.17e-005  1.53e-010  4.08e-009  5.59e-017  1.62e-014  
4.46779e+016 2.70e-017  9.85e-001  1.40e-002  7.85e-004  1.71e-009  1.31e-007  3.29e-005  1.10e-010  2.98e-009  3.96e-017  1.17e-014  
4.48006e+016 4.47e-017  9.78e-001  2.12e-002  5.28e-004  1.92e-009  7.75e-008  3.45e-005  6.51e-011  1.82e-009  2.21e-017  6.92e-015  
4.48529e+016 5.56e-017  9.74e-001  2.53e-002  4.57e-004  2.01e-009  5.91e-008  3.58e-005  4.96e-011  1.46e-009  1.55e-017  5.28e-015  
4.48834e+016 6.27e-017  9.72e-001  2.79e-002  4.32e-004  2.09e-009  4.74e-008  3.75e-005  3.99e-011  1.26e-009  1.27e-017  4.24e-015  
4.49346e+016 7.59e-017  9.67e-001  3.24e-002  3.65e-004  2.17e-009  4.01e-008  3.78e-005  3.37e-011  1.08e-009  1.03e-017  3.58e-015  
4.49870e+016 9.19e-017  9.62e-001  3.75e-002  3.10e-004  2.29e-009  3.42e-008  3.73e-005  2.87e-011  9.22e-010  8.28e-018  3.06e-015  
4.50684e+016 1.22e-016  9.53e-001  4.66e-002  2.50e-004  2.46e-009  2.64e-008  3.71e-005  2.22e-011  7.24e-010  5.74e-018  2.37e-015  
4.51867e+016 1.80e-016  9.39e-001  6.11e-002  1.88e-004  2.70e-009  1.81e-008  3.68e-005  1.52e-011  5.23e-010  3.25e-018  1.62e-015  
4.51946e+016 1.87e-016  9.37e-001  6.32e-002  1.86e-004  2.75e-009  1.71e-008  3.76e-005  1.44e-011  5.11e-010  2.79e-018  1.53e-015  
4.52061e+016 1.95e-016  9.35e-001  6.52e-002  1.89e-004  2.79e-009  1.51e-008  3.87e-005  1.27e-011  4.68e-010  2.42e-018  1.36e-015  
4.52265e+016 2.07e-016  9.32e-001  6.81e-002  1.83e-004  2.83e-009  1.36e-008  3.99e-005  1.14e-011  4.47e-010  2.22e-018  1.22e-015  
4.52632e+016 2.31e-016  9.27e-001  7.28e-002  1.67e-004  2.91e-009  1.25e-008  4.04e-005  1.05e-011  4.28e-010  1.94e-018  1.12e-015  
4.53239e+016 2.76e-016  9.18e-001  8.17e-002  1.43e-004  3.06e-009  1.13e-008  3.88e-005  9.51e-012  3.81e-010  1.55e-018  1.01e-015  
4.54167e+016 3.57e-016  9.04e-001  9.57e-002  1.17e-004  3.30e-009  9.49e-009  3.67e-005  7.98e-012  3.11e-010  1.06e-018  8.51e-016  
4.55446e+016 5.08e-016  8.82e-001  1.18e-001  9.18e-005  3.64e-009  7.21e-009  3.45e-005  6.06e-012  2.36e-010  5.77e-019  6.44e-016  
4.55658e+016 5.39e-016  8.78e-001  1.22e-001  8.80e-005  3.69e-009  6.89e-009  3.42e-005  5.79e-012  2.25e-010  5.14e-019  6.16e-016  
4.55697e+016 5.49e-016  8.77e-001  1.23e-001  8.78e-005  3.72e-009  6.71e-009  3.44e-005  5.65e-012  2.24e-010  4.54e-019  6.01e-016  
4.55761e+016 5.60e-016  8.75e-001  1.25e-001  8.94e-005  3.77e-009  6.32e-009  3.52e-005  5.30e-012  2.14e-010  3.95e-019  5.64e-016  
4.55871e+016 5.76e-016  8.73e-001  1.27e-001  9.02e-005  3.80e-009  5.71e-009  3.61e-005  4.81e-012  2.01e-010  3.64e-019  5.12e-016  
4.56066e+016 6.06e-016  8.69e-001  1.30e-001  8.76e-005  3.84e-009  5.20e-009  3.71e-005  4.37e-012  1.96e-010  3.40e-019  4.65e-016  
4.56410e+016 6.62e-016  8.63e-001  1.37e-001  8.13e-005  3.95e-009  4.91e-009  3.75e-005  4.13e-012  1.92e-010  3.02e-019  4.40e-016  
4.56849e+016 7.42e-016  8.54e-001  1.46e-001  7.37e-005  4.07e-009  4.74e-009  3.64e-005  3.99e-012  1.82e-010  2.63e-019  4.24e-016  
4.57241e+016 8.20e-016  8.47e-001  1.52e-001  6.79e-005  4.18e-009  4.60e-009  3.49e-005  3.87e-012  1.69e-010  2.26e-019  4.11e-016  
4.57850e+016 9.57e-016  8.36e-001  1.64e-001  6.05e-005  4.36e-009  4.22e-009  3.25e-005  3.55e-012  1.48e-010  1.71e-019  3.77e-016  
4.58802e+016 1.23e-015  8.16e-001  1.84e-001  5.06e-005  4.64e-009  3.58e-009  2.91e-005  3.01e-012  1.19e-010  1.09e-019  3.21e-016  
4.59720e+016 1.56e-015  7.96e-001  2.04e-001  4.28e-005  4.90e-009  3.03e-009  2.66e-005  2.55e-012  9.63e-011  6.94e-020  2.72e-016  
4.59734e+016 1.56e-015  7.95e-001  2.05e-001  4.28e-005  4.92e-009  3.03e-009  2.67e-005  2.55e-012  9.69e-011  6.73e-020  2.71e-016  
4.59759e+016 1.58e-015  7.95e-001  2.05e-001  4.25e-005  4.90e-009  2.98e-009  2.65e-005  2.51e-012  9.53e-011  5.98e-020  2.66e-016  
4.59802e+016 1.61e-015  7.93e-001  2.07e-001  4.28e-005  4.95e-009  2.88e-009  2.65e-005  2.43e-012  9.35e-011  5.21e-020  2.58e-016  
4.59873e+016 1.65e-015  7.90e-001  2.10e-001  4.32e-005  5.00e-009  2.73e-009  2.69e-005  2.29e-012  8.94e-011  4.68e-020  2.44e-016  
4.59993e+016 1.69e-015  7.87e-001  2.13e-001  4.32e-005  5.05e-009  2.50e-009  2.76e-005  2.11e-012  8.40e-011  4.35e-020  2.24e-016  
4.60196e+016 1.78e-015  7.83e-001  2.17e-001  4.18e-005  5.11e-009  2.27e-009  2.82e-005  1.91e-012  8.11e-011  4.00e-020  2.03e-016  
4.60580e+016 1.96e-015  7.75e-001  2.25e-001  3.84e-005  5.20e-009  2.06e-009  2.83e-005  1.74e-012  7.95e-011  3.46e-020  1.84e-016  
4.61139e+016 2.25e-015  7.63e-001  2.37e-001  3.41e-005  5.32e-009  1.96e-009  2.72e-005  1.65e-012  7.54e-011  2.80e-020  1.75e-016  
4.61801e+016 2.67e-015  7.49e-001  2.51e-001  2.98e-005  5.50e-009  1.85e-009  2.49e-005  1.55e-012  6.66e-011  2.10e-020  1.65e-016  
4.62829e+016 3.49e-015  7.26e-001  2.74e-001  2.44e-005  5.77e-009  1.60e-009  2.15e-005  1.35e-012  5.25e-011  1.24e-020  1.43e-016  
4.63958e+016 4.66e-015  7.02e-001  2.98e-001  1.96e-005  6.01e-009  1.30e-009  1.86e-005  1.09e-012  4.10e-011  6.50e-021  1.16e-016  
4.64165e+016 4.93e-015  6.96e-001  3.04e-001  1.88e-005  6.04e-009  1.24e-009  1.81e-005  1.05e-012  3.89e-011  5.72e-021  1.11e-016  
4.64187e+016 4.98e-015  6.97e-001  3.03e-001  1.87e-005  6.02e-009  1.23e-009  1.79e-005  1.04e-012  3.86e-011  5.26e-021  1.10e-016  
4.64224e+016 5.07e-015  6.94e-001  3.06e-001  1.86e-005  6.04e-009  1.21e-009  1.77e-005  1.02e-012  3.79e-011  4.50e-021  1.08e-016  
4.64286e+016 5.18e-015  6.91e-001  3.09e-001  1.86e-005  6.08e-009  1.16e-009  1.76e-005  9.77e-013  3.71e-011  3.80e-021  1.04e-016  
4.64396e+016 5.33e-015  6.89e-001  3.11e-001  1.84e-005  6.13e-009  1.08e-009  1.77e-005  9.10e-013  3.55e-011  3.36e-021  9.68e-017  
4.64596e+016 5.63e-015  6.84e-001  3.16e-001  1.78e-005  6.16e-009  9.66e-010  1.78e-005  8.12e-013  3.32e-011  3.04e-021  8.63e-017  
4.64933e+016 6.13e-015  6.77e-001  3.23e-001  1.66e-005  6.23e-009  8.53e-010  1.78e-005  7.18e-013  3.18e-011  2.66e-021  7.63e-017  
4.65501e+016 7.06e-015  6.67e-001  3.33e-001  1.47e-005  6.27e-009  7.59e-010  1.73e-005  6.39e-013  3.06e-011  2.07e-021  6.80e-017  
4.66259e+016 8.60e-015  6.52e-001  3.48e-001  1.26e-005  6.36e-009  6.90e-010  1.58e-005  5.80e-013  2.77e-011  1.43e-021  6.17e-017  
4.67450e+016 1.17e-014  6.32e-001  3.68e-001  9.85e-006  6.45e-009  5.85e-010  1.34e-005  4.92e-013  2.28e-011  7.30e-022  5.24e-017  
4.68726e+016 1.64e-014  6.10e-001  3.90e-001  7.56e-006  6.52e-009  4.64e-010  1.09e-005  3.90e-013  1.83e-011  3.20e-022  4.15e-017  
4.69009e+016 1.77e-014  6.06e-001  3.94e-001  7.13e-006  6.51e-009  4.40e-010  1.05e-005  3.70e-013  1.75e-011  2.65e-022  3.93e-017  
4.69024e+016 1.78e-014  6.06e-001  3.94e-001  7.07e-006  6.51e-009  4.36e-010  1.03e-005  3.67e-013  1.73e-011  2.58e-022  3.91e-017  
4.69048e+016 1.79e-014  6.04e-001  3.96e-001  7.05e-006  6.49e-009  4.35e-010  1.03e-005  3.67e-013  1.73e-011  2.40e-022  3.89e-017  
4.69090e+016 1.82e-014  6.05e-001  3.95e-001  6.93e-006  6.49e-009  4.28e-010  1.01e-005  3.60e-013  1.72e-011  2.07e-022  3.83e-017  
4.69160e+016 1.87e-014  6.04e-001  3.96e-001  6.79e-006  6.47e-009  4.13e-010  9.89e-006  3.47e-013  1.70e-011  1.66e-022  3.69e-017  
4.69279e+016 1.93e-014  6.00e-001  4.00e-001  6.62e-006  6.51e-009  3.90e-010  9.77e-006  3.28e-013  1.70e-011  1.37e-022  3.50e-017  
4.69476e+016 2.03e-014  5.96e-001  4.04e-001  6.40e-006  6.50e-009  3.58e-010  9.70e-006  3.01e-013  1.69e-011  1.19e-022  3.20e-017  
4.69806e+016 2.21e-014  5.93e-001  4.07e-001  5.97e-006  6.52e-009  3.15e-010  9.41e-006  2.65e-013  1.66e-011  1.02e-022  2.82e-017  
4.70337e+016 2.54e-014  5.87e-001  4.13e-001  5.35e-006  6.46e-009  2.70e-010  8.82e-006  2.28e-013  1.57e-011  7.99e-023  2.42e-017  
4.70622e+016 2.73e-014  5.82e-001  4.18e-001  5.09e-006  6.45e-009  2.55e-010  8.50e-006  2.15e-013  1.53e-011  6.96e-023  2.28e-017  
4.71061e+016 3.04e-014  5.79e-001  4.21e-001  4.64e-006  6.41e-009  2.37e-010  8.03e-006  1.99e-013  1.47e-011  5.53e-023  2.12e-017  
4.71746e+016 3.61e-014  5.71e-001  4.29e-001  4.02e-006  6.37e-009  2.14e-010  7.23e-006  1.80e-013  1.37e-011  4.21e-023  1.92e-017  
4.72860e+016 4.81e-014  5.61e-001  4.39e-001  3.12e-006  6.26e-009  1.85e-010  5.93e-006  1.56e-013  1.23e-011  2.54e-023  1.66e-017  
4.74240e+016 6.89e-014  5.52e-001  4.48e-001  2.29e-006  6.10e-009  1.55e-010  4.53e-006  1.30e-013  1.08e-011  1.30e-023  1.39e-017  
4.74305e+016 7.01e-014  5.51e-001  4.49e-001  2.25e-006  6.08e-009  1.54e-010  4.47e-006  1.29e-013  1.07e-011  1.26e-023  1.37e-017  
4.74313e+016 7.03e-014  5.50e-001  4.49e-001  2.25e-006  6.07e-009  1.54e-010  4.45e-006  1.29e-013  1.07e-011  1.25e-023  1.37e-017  
4.74348e+016 7.09e-014  5.50e-001  4.50e-001  2.23e-006  6.06e-009  1.52e-010  4.41e-006  1.28e-013  1.07e-011  1.22e-023  1.37e-017  
4.74406e+016 7.21e-014  5.51e-001  4.49e-001  2.19e-006  6.06e-009  1.51e-010  4.34e-006  1.27e-013  1.06e-011  1.13e-023  1.35e-017  
4.74503e+016 7.45e-014  5.50e-001  4.50e-001  2.11e-006  6.04e-009  1.48e-010  4.19e-006  1.24e-013  1.04e-011  9.77e-024  1.32e-017  
4.74676e+016 7.87e-014  5.48e-001  4.52e-001  1.98e-006  6.02e-009  1.41e-010  3.95e-006  1.19e-013  1.04e-011  7.79e-024  1.26e-017  
4.74972e+016 8.54e-014  5.46e-001  4.54e-001  1.83e-006  5.97e-009  1.31e-010  3.71e-006  1.11e-013  1.06e-011  6.17e-024  1.17e-017  
4.75283e+016 9.25e-014  5.44e-001  4.56e-001  1.72e-006  5.92e-009  1.23e-010  3.49e-006  1.03e-013  1.08e-011  5.44e-024  1.10e-017  
4.75365e+016 9.44e-014  5.43e-001  4.57e-001  1.69e-006  5.92e-009  1.21e-010  3.44e-006  1.02e-013  1.08e-011  5.31e-024  1.08e-017  
4.75556e+016 9.90e-014  5.42e-001  4.58e-001  1.64e-006  5.90e-009  1.17e-010  3.32e-006  9.83e-014  1.07e-011  5.01e-024  1.05e-017  
4.75856e+016 1.07e-013  5.41e-001  4.59e-001  1.56e-006  5.85e-009  1.12e-010  3.13e-006  9.37e-014  1.06e-011  4.58e-024  9.93e-018  
4.76342e+016 1.21e-013  5.39e-001  4.61e-001  1.43e-006  5.77e-009  1.04e-010  2.83e-006  8.79e-014  1.01e-011  3.92e-024  9.37e-018  
4.77120e+016 1.48e-013  5.36e-001  4.64e-001  1.22e-006  5.66e-009  9.53e-011  2.33e-006  7.97e-014  8.99e-012  2.98e-024  8.51e-018  
4.78339e+016 2.01e-013  5.32e-001  4.68e-001  9.69e-007  5.46e-009  8.54e-011  1.74e-006  7.20e-014  7.70e-012  1.80e-024  7.65e-018  
4.79819e+016 2.97e-013  5.29e-001  4.71e-001  7.24e-007  5.22e-009  7.47e-011  1.16e-006  6.30e-014  6.16e-012  9.83e-025  6.70e-018  
4.80101e+016 3.20e-013  5.28e-001  4.72e-001  6.84e-007  5.16e-009  7.31e-011  1.07e-006  6.16e-014  5.94e-012  8.78e-025  6.56e-018  
4.80156e+016 3.26e-013  5.28e-001  4.72e-001  6.75e-007  5.12e-009  7.27e-011  1.05e-006  6.10e-014  5.86e-012  8.56e-025  6.50e-018  
4.80288e+016 3.37e-013  5.28e-001  4.72e-001  6.59e-007  5.13e-009  7.18e-011  1.01e-006  6.05e-014  5.76e-012  8.13e-025  6.44e-018  
4.80511e+016 3.57e-013  5.27e-001  4.73e-001  6.30e-007  5.10e-009  7.06e-011  9.52e-007  5.94e-014  5.57e-012  7.42e-025  6.33e-018  
4.80875e+016 3.95e-013  5.27e-001  4.73e-001  5.82e-007  5.01e-009  6.84e-011  8.48e-007  5.75e-014  5.27e-012  6.38e-025  6.13e-018  
4.81463e+016 4.64e-013  5.26e-001  4.74e-001  5.19e-007  4.94e-009  6.51e-011  7.05e-007  5.47e-014  4.81e-012  4.96e-025  5.82e-018  
4.82445e+016 6.01e-013  5.24e-001  4.76e-001  4.44e-007  4.76e-009  6.07e-011  5.26e-007  5.11e-014  4.18e-012  3.38e-025  5.44e-018  
4.83636e+016 8.29e-013  5.22e-001  4.78e-001  3.75e-007  4.58e-009  5.62e-011  3.61e-007  4.73e-014  3.41e-012  2.17e-025  5.03e-018  
4.84912e+016 1.18e-012  5.22e-001  4.78e-001  3.15e-007  4.38e-009  5.20e-011  2.39e-007  4.37e-014  2.70e-012  1.34e-025  4.65e-018  
4.86294e+016 1.72e-012  5.21e-001  4.79e-001  2.64e-007  4.18e-009  4.77e-011  1.53e-007  4.02e-014  2.08e-012  7.67e-026  4.27e-018  
4.87591e+016 2.48e-012  5.20e-001  4.80e-001  2.26e-007  3.98e-009  4.40e-011  1.00e-007  3.70e-014  1.62e-012  4.64e-026  3.94e-018  
4.88968e+016 3.64e-012  5.19e-001  4.81e-001  1.96e-007  3.82e-009  4.04e-011  6.54e-008  3.41e-014  1.26e-012  2.58e-026  3.63e-018  
4.90444e+016 5.54e-012  5.20e-001  4.80e-001  1.69e-007  3.61e-009  3.66e-011  4.17e-008  3.09e-014  9.60e-013  1.39e-026  3.29e-018  
4.91980e+016 8.59e-012  5.19e-001  4.81e-001  1.49e-007  3.43e-009  3.28e-011  2.67e-008  2.77e-014  7.25e-013  7.01e-027  2.95e-018  
4.93317e+016 1.26e-011  5.19e-001  4.81e-001  1.35e-007  3.28e-009  2.97e-011  1.82e-008  2.49e-014  5.65e-013  3.85e-027  2.65e-018  
4.94239e+016 1.65e-011  5.18e-001  4.82e-001  1.29e-007  3.18e-009  2.76e-011  1.41e-008  2.32e-014  4.76e-013  2.55e-027  2.47e-018  
4.95192e+016 2.16e-011  5.19e-001  4.81e-001  1.23e-007  3.08e-009  2.57e-011  1.09e-008  2.16e-014  4.00e-013  1.61e-027  2.30e-018  
4.96202e+016 2.86e-011  5.17e-001  4.83e-001  1.19e-007  2.98e-009  2.39e-011  8.39e-009  2.01e-014  3.35e-013  1.00e-027  2.14e-018  
4.97297e+016 3.86e-011  5.18e-001  4.82e-001  1.17e-007  2.88e-009  2.20e-011  6.37e-009  1.85e-014  2.77e-013  6.04e-028  1.97e-018  
4.98461e+016 5.25e-011  5.18e-001  4.82e-001  1.16e-007  2.78e-009  2.04e-011  4.82e-009  1.71e-014  2.27e-013  3.39e-028  1.82e-018  
4.99670e+016 7.17e-011  5.17e-001  4.83e-001  1.16e-007  2.68e-009  1.87e-011  3.63e-009  1.58e-014  1.84e-013  1.91e-028  1.67e-018  
5.00936e+016 9.80e-011  5.17e-001  4.83e-001  1.17e-007  2.57e-009  1.72e-011  2.73e-009  1.45e-014  1.50e-013  1.01e-028  1.54e-018  
5.02240e+016 1.33e-010  5.17e-001  4.83e-001  1.20e-007  2.48e-009  1.59e-011  2.08e-009  1.34e-014  1.23e-013  5.20e-029  1.43e-018  
5.03584e+016 1.79e-010  5.17e-001  4.83e-001  1.23e-007  2.40e-009  1.47e-011  1.58e-009  1.24e-014  1.00e-013  2.59e-029  1.32e-018  
5.05026e+016 2.38e-010  5.17e-001  4.83e-001  1.26e-007  2.32e-009  1.37e-011  1.21e-009  1.15e-014  8.19e-014  1.21e-029  1.23e-018  
5.05959e+016 2.84e-010  5.18e-001  4.82e-001  1.29e-007  2.26e-009  1.31e-011  1.03e-009  1.10e-014  7.29e-014  7.75e-030  1.17e-018  
5.06957e+016 3.38e-010  5.18e-001  4.82e-001  1.31e-007  2.21e-009  1.25e-011  8.79e-010  1.05e-014  6.48e-014  4.62e-030  1.12e-018  
5.07988e+016 4.01e-010  5.16e-001  4.84e-001  1.34e-007  2.16e-009  1.19e-011  7.51e-010  1.00e-014  5.76e-014  2.74e-030  1.07e-018  
5.09058e+016 4.73e-010  5.16e-001  4.84e-001  1.38e-007  2.11e-009  1.14e-011  6.45e-010  9.62e-015  5.14e-014  1.67e-030  1.02e-018  
5.10237e+016 5.62e-010  5.16e-001  4.84e-001  1.41e-007  2.06e-009  1.09e-011  5.48e-010  9.16e-015  4.56e-014  9.23e-031  9.75e-019  
5.11496e+016 6.70e-010  5.16e-001  4.84e-001  1.45e-007  2.01e-009  1.03e-011  4.64e-010  8.69e-015  4.01e-014  5.03e-031  9.24e-019  
5.12843e+016 8.02e-010  5.16e-001  4.84e-001  1.50e-007  1.97e-009  9.71e-012  3.89e-010  8.18e-015  3.52e-014  2.68e-031  8.69e-019  
5.14296e+016 9.70e-010  5.16e-001  4.84e-001  1.55e-007  1.94e-009  9.04e-012  3.22e-010  7.61e-015  3.03e-014  1.31e-031  8.09e-019  
5.15425e+016 1.12e-009  5.17e-001  4.83e-001  1.58e-007  1.91e-009  8.53e-012  2.80e-010  7.18e-015  2.71e-014  7.89e-032  7.64e-019  
5.16792e+016 1.32e-009  5.16e-001  4.84e-001  1.63e-007  1.88e-009  7.95e-012  2.36e-010  6.70e-015  2.36e-014  4.19e-032  7.12e-019  
5.18319e+016 1.57e-009  5.16e-001  4.84e-001  1.68e-007  1.85e-009  7.38e-012  1.97e-010  6.22e-015  2.04e-014  2.08e-032  6.62e-019  
5.19950e+016 1.87e-009  5.16e-001  4.84e-001  1.74e-007  1.83e-009  6.85e-012  1.63e-010  5.78e-015  1.75e-014  1.00e-032  6.15e-019  
5.21655e+016 2.21e-009  5.16e-001  4.84e-001  1.80e-007  1.81e-009  6.33e-012  1.35e-010  5.34e-015  1.50e-014  4.57e-033  5.70e-019  
5.23457e+016 2.61e-009  5.17e-001  4.83e-001  1.86e-007  1.79e-009  5.86e-012  1.12e-010  4.94e-015  1.28e-014  2.07e-033  5.25e-019  
5.25384e+016 3.06e-009  5.16e-001  4.84e-001  1.93e-007  1.78e-009  5.46e-012  9.25e-011  4.58e-015  1.09e-014  8.86e-034  4.87e-019  
5.27451e+016 3.58e-009  5.17e-001  4.83e-001  2.01e-007  1.77e-009  5.06e-012  7.60e-011  4.25e-015  9.19e-015  3.69e-034  4.53e-019  
5.29668e+016 4.18e-009  5.17e-001  4.83e-001  2.09e-007  1.76e-009  4.69e-012  6.22e-011  3.92e-015  7.68e-015  1.44e-034  4.19e-019  
5.31993e+016 4.84e-009  5.17e-001  4.83e-001  2.17e-007  1.76e-009  4.34e-012  5.08e-011  3.66e-015  6.40e-015  5.60e-035  3.88e-019  
5.34440e+016 5.56e-009  5.16e-001  4.84e-001  2.27e-007  1.77e-009  4.03e-012  4.15e-011  3.40e-015  5.32e-015  2.09e-035  3.62e-019  
5.36995e+016 6.35e-009  5.17e-001  4.83e-001  2.35e-007  1.78e-009  3.75e-012  3.40e-011  3.15e-015  4.41e-015  7.76e-036  3.35e-019  
5.39765e+016 7.21e-009  5.16e-001  4.84e-001  2.45e-007  1.80e-009  3.50e-012  2.77e-011  2.94e-015  3.62e-015  2.69e-036  3.13e-019  
5.42627e+016 8.12e-009  5.16e-001  4.84e-001  2.55e-007  1.82e-009  3.28e-012  2.29e-011  2.75e-015  2.99e-015  9.72e-037  2.93e-019  
5.45738e+016 9.11e-009  5.16e-001  4.84e-001  2.65e-007  1.86e-009  3.07e-012  1.88e-011  2.58e-015  2.45e-015  3.12e-037  2.74e-019  
5.49079e+016 1.01e-008  5.16e-001  4.84e-001  2.76e-007  1.90e-009  2.90e-012  1.56e-011  2.44e-015  2.02e-015  1.04e-037  2.59e-019  
5.52575e+016 1.12e-008  5.16e-001  4.84e-001  2.86e-007  1.96e-009  2.75e-012  1.31e-011  2.31e-015  1.68e-015  3.34e-038  2.47e-019  
5.56155e+016 1.22e-008  5.16e-001  4.84e-001  2.96e-007  2.02e-009  2.65e-012  1.13e-011  2.23e-015  1.43e-015  1.11e-038  2.37e-019  
5.59918e+016 1.32e-008  5.15e-001  4.85e-001  3.06e-007  2.11e-009  2.58e-012  9.95e-012  2.17e-015  1.23e-015  3.81e-039  2.31e-019  
5.63913e+016 1.41e-008  5.15e-001  4.85e-001  3.15e-007  2.21e-009  2.56e-012  9.01e-012  2.14e-015  1.09e-015  1.31e-039  2.28e-019  
5.68226e+016 1.50e-008  5.15e-001  4.85e-001  3.24e-007  2.33e-009  2.57e-012  8.23e-012  2.16e-015  9.77e-016  4.45e-040  2.29e-019  
5.72780e+016 1.57e-008  5.15e-001  4.85e-001  3.31e-007  2.48e-009  2.65e-012  7.78e-012  2.22e-015  8.99e-016  1.53e-040  2.37e-019  
5.77650e+016 1.63e-008  5.15e-001  4.85e-001  3.37e-007  2.66e-009  2.80e-012  7.44e-012  2.35e-015  8.48e-016  5.58e-041  2.50e-019  
5.82707e+016 1.67e-008  5.14e-001  4.86e-001  3.42e-007  2.85e-009  3.03e-012  7.31e-012  2.55e-015  8.27e-016  2.18e-041  2.71e-019  
5.88124e+016 1.69e-008  5.14e-001  4.86e-001  3.45e-007  3.09e-009  3.38e-012  7.33e-012  2.84e-015  8.16e-016  8.57e-042  3.02e-019  
5.93801e+016 1.70e-008  5.14e-001  4.86e-001  3.47e-007  3.36e-009  3.87e-012  7.43e-012  3.25e-015  8.32e-016  3.72e-042  3.46e-019  
5.99878e+016 1.68e-008  5.14e-001  4.86e-001  3.47e-007  3.69e-009  4.54e-012  7.62e-012  3.81e-015  8.64e-016  1.67e-042  4.05e-019  
6.06254e+016 1.64e-008  5.14e-001  4.86e-001  3.45e-007  4.05e-009  5.41e-012  7.97e-012  4.54e-015  9.18e-016  8.27e-043  4.84e-019  
6.12860e+016 1.59e-008  5.14e-001  4.86e-001  3.43e-007  4.47e-009  6.52e-012  8.47e-012  5.47e-015  1.00e-015  4.60e-043  5.82e-019  
6.19772e+016 1.53e-008  5.13e-001  4.87e-001  3.40e-007  4.93e-009  7.90e-012  9.01e-012  6.66e-015  1.11e-015  2.70e-043  7.05e-019  
6.27006e+016 1.46e-008  5.13e-001  4.87e-001  3.36e-007  5.47e-009  9.68e-012  9.75e-012  8.10e-015  1.25e-015  1.72e-043  8.65e-019  
6.34752e+016 1.37e-008  5.13e-001  4.87e-001  3.32e-007  6.09e-009  1.19e-011  1.08e-011  9.99e-015  1.44e-015  1.19e-043  1.06e-018  
6.43223e+016 1.28e-008  5.13e-001  4.87e-001  3.29e-007  6.86e-009  1.48e-011  1.21e-011  1.24e-014  1.71e-015  8.93e-044  1.32e-018  
6.52408e+016 1.17e-008  5.13e-001  4.87e-001  3.26e-007  7.77e-009  1.85e-011  1.39e-011  1.55e-014  2.08e-015  7.31e-044  1.65e-018  
6.62440e+016 1.07e-008  5.13e-001  4.87e-001  3.25e-007  8.89e-009  2.34e-011  1.63e-011  1.96e-014  2.59e-015  6.31e-044  2.08e-018  
6.73219e+016 9.54e-009  5.13e-001  4.87e-001  3.26e-007  1.03e-008  2.98e-011  1.96e-011  2.49e-014  3.32e-015  5.80e-044  2.65e-018  
6.84641e+016 8.45e-009  5.12e-001  4.88e-001  3.29e-007  1.20e-008  3.80e-011  2.41e-011  3.18e-014  4.34e-015  5.76e-044  3.38e-018  
6.96945e+016 7.38e-009  5.12e-001  4.88e-001  3.37e-007  1.41e-008  4.91e-011  3.04e-011  4.11e-014  5.83e-015  6.15e-044  4.36e-018  
7.10391e+016 6.35e-009  5.12e-001  4.88e-001  3.51e-007  1.69e-008  6.41e-011  3.94e-011  5.35e-014  8.02e-015  7.06e-044  5.70e-018  
7.25155e+016 5.36e-009  5.11e-001  4.89e-001  3.73e-007  2.05e-008  8.51e-011  5.28e-011  7.13e-014  1.13e-014  8.62e-044  7.57e-018  
7.42223e+016 4.39e-009  5.10e-001  4.90e-001  4.10e-007  2.60e-008  1.17e-010  7.40e-011  9.79e-014  1.66e-014  1.15e-043  1.04e-017  
7.63108e+016 3.41e-009  5.10e-001  4.90e-001  4.75e-007  3.46e-008  1.72e-010  1.12e-010  1.44e-013  2.60e-014  1.73e-043  1.53e-017  
7.86896e+016 2.56e-009  5.08e-001  4.92e-001  5.82e-007  4.80e-008  2.62e-010  1.76e-010  2.20e-013  4.14e-014  2.90e-043  2.33e-017  
8.18150e+016 1.74e-009  5.07e-001  4.93e-001  8.09e-007  7.41e-008  4.54e-010  3.13e-010  3.80e-013  7.29e-014  6.03e-043  4.04e-017  
8.55776e+016 1.09e-009  5.04e-001  4.96e-001  1.29e-006  1.26e-007  8.69e-010  6.19e-010  7.27e-013  1.37e-013  1.54e-042  7.73e-017  
9.00548e+016 6.28e-010  4.98e-001  5.02e-001  2.47e-006  2.37e-007  1.86e-009  1.40e-009  1.55e-012  2.83e-013  4.82e-042  1.66e-016  
9.53916e+016 3.27e-010  4.86e-001  5.14e-001  5.93e-006  5.05e-007  4.46e-009  3.79e-009  3.73e-012  6.85e-013  1.94e-041  3.98e-016  
1.01535e+017 1.58e-010  4.71e-001  5.29e-001  1.79e-005  1.18e-006  1.19e-008  1.28e-008  9.92e-012  2.02e-012  9.42e-041  1.06e-015  
1.09249e+017 6.90e-011  4.45e-001  5.55e-001  7.12e-005  3.19e-006  3.70e-008  6.17e-008  3.09e-011  8.32e-012  5.99e-040  3.29e-015  
1.19176e+017 2.97e-011  4.14e-001  5.86e-001  2.99e-004  8.85e-006  1.32e-007  3.67e-007  1.10e-010  4.14e-011  4.04e-039  1.17e-014  
1.32448e+017 1.58e-011  4.00e-001  5.99e-001  7.57e-004  1.86e-005  4.52e-007  1.37e-006  3.78e-010  1.24e-010  1.65e-038  4.02e-014  
