! 0       NH3 + C2H5OH2+ -> C2H5OH + NH4+
! 1       C2H5OH2+ + e- -> C2H5OH + H
! 2       *C2H5OH + He -> C2H5OH + He
! 3       *C2H5OH + H2 -> C2H5OH + H2
! 4       C2H5OH2+ + GRAIN -> C2H5OH + H + GRAIN
! 5       *C2H5OH + CO -> C2H5OH + CO
! 6       *CH3 + *CH2OH -> C2H5OH
! 7       CH3COCH3 + H3+ -> C2H5OH + CH3+
! 8       C2H5OH+ + GRAIN -> C2H5OH + GRAIN
! 9       *C2H5OH + CRPhoton -> C2H5OH
!            tot_rate   0          1          2          3          4          5          6          7          8          9          
1.58188e+013 6.09e-021  2.45e-002  9.72e-001  0.00e+000  0.00e+000  2.27e-003  0.00e+000  2.56e-011  5.19e-004  4.43e-004  5.01e-007  
3.50727e+014 6.07e-021  2.46e-002  9.72e-001  0.00e+000  0.00e+000  2.26e-003  0.00e+000  2.57e-011  5.21e-004  4.45e-004  5.03e-007  
5.21628e+015 6.01e-021  2.45e-002  9.72e-001  0.00e+000  0.00e+000  2.26e-003  0.00e+000  2.60e-011  5.26e-004  4.50e-004  5.08e-007  
2.67137e+016 1.05e-022  1.37e-002  9.47e-001  0.00e+000  0.00e+000  2.11e-003  0.00e+000  1.46e-009  2.14e-002  1.53e-002  2.93e-005  
3.33598e+016 1.10e-023  7.73e-003  7.73e-001  0.00e+000  0.00e+000  5.41e-003  0.00e+000  2.23e-008  7.37e-002  1.39e-001  2.85e-004  
3.42055e+016 9.54e-024  6.37e-003  7.44e-001  0.00e+000  0.00e+000  6.76e-003  6.53e-062  5.57e-008  6.47e-002  1.78e-001  3.31e-004  
3.44017e+016 9.22e-024  6.03e-003  7.33e-001  0.00e+000  0.00e+000  7.21e-003  4.08e-046  7.66e-008  6.25e-002  1.91e-001  3.44e-004  
3.46353e+016 8.87e-024  5.63e-003  7.17e-001  0.00e+000  0.00e+000  7.84e-003  5.20e-016  1.23e-007  5.90e-002  2.10e-001  3.60e-004  
3.48860e+016 8.51e-024  5.19e-003  6.95e-001  0.00e+000  0.00e+000  8.68e-003  8.52e-008  2.36e-007  5.56e-002  2.35e-001  3.76e-004  
3.51370e+016 8.26e-024  4.71e-003  6.61e-001  0.00e+000  0.00e+000  9.64e-003  1.11e-002  5.42e-007  5.08e-002  2.63e-001  3.91e-004  
3.53250e+016 9.45e-024  3.73e-003  5.41e-001  0.00e+000  0.00e+000  9.04e-003  1.59e-001  1.00e-006  4.04e-002  2.47e-001  3.44e-004  
3.55515e+016 1.76e-023  1.78e-003  2.65e-001  0.00e+000  0.00e+000  5.35e-003  5.63e-001  1.65e-006  1.94e-002  1.45e-001  1.87e-004  
3.57182e+016 3.51e-023  8.12e-004  1.23e-001  1.35e-069  0.00e+000  2.91e-003  7.86e-001  2.11e-006  8.83e-003  7.84e-002  9.43e-005  
3.58524e+016 6.61e-023  4.01e-004  6.03e-002  1.69e-055  0.00e+000  1.66e-003  8.89e-001  2.33e-006  4.32e-003  4.42e-002  5.05e-005  
3.60047e+016 8.38e-023  2.91e-004  4.31e-002  4.40e-034  0.00e+000  1.44e-003  9.14e-001  3.50e-006  3.09e-003  3.77e-002  4.03e-005  
3.61718e+016 1.13e-022  1.97e-004  2.82e-002  1.32e-017  0.00e+000  1.21e-003  9.38e-001  3.67e-006  2.04e-003  3.07e-002  3.04e-005  
3.62899e+016 1.48e-022  1.41e-004  1.97e-002  3.51e-007  0.00e+000  1.03e-003  9.52e-001  3.07e-006  1.43e-003  2.53e-002  2.36e-005  
3.63893e+016 1.93e-022  1.02e-004  1.40e-002  2.49e-004  0.00e+000  8.64e-004  9.63e-001  2.44e-006  1.02e-003  2.09e-002  1.83e-005  
3.64972e+016 4.66e-022  4.04e-005  6.04e-003  4.17e-001  7.63e-055  3.97e-004  5.67e-001  1.04e-006  3.89e-004  9.37e-003  7.73e-006  
3.66124e+016 2.48e-021  7.31e-006  1.21e-003  8.32e-001  1.76e-036  8.52e-005  1.64e-001  2.75e-007  6.71e-005  1.96e-003  1.49e-006  
3.67348e+016 1.18e-020  1.81e-006  2.75e-004  9.40e-001  3.02e-023  2.08e-005  5.88e-002  0.00e+000  1.28e-005  4.65e-004  3.23e-007  
3.68621e+016 4.09e-020  7.65e-007  8.65e-005  9.67e-001  1.93e-007  7.13e-006  3.25e-002  1.26e-008  3.32e-006  1.56e-004  9.72e-008  
3.69700e+016 1.05e-019  5.14e-007  3.70e-005  9.75e-001  8.36e-004  3.27e-006  2.40e-002  4.99e-009  1.20e-006  7.02e-005  4.00e-008  
3.70376e+016 1.83e-019  4.50e-007  2.24e-005  9.71e-001  7.47e-003  2.08e-006  2.14e-002  2.85e-009  6.55e-007  4.42e-005  2.38e-008  
3.71087e+016 3.26e-019  4.14e-007  1.35e-005  9.45e-001  3.53e-002  1.32e-006  2.00e-002  1.59e-009  3.56e-007  2.77e-005  1.41e-008  
3.71826e+016 6.02e-019  3.85e-007  7.91e-006  9.09e-001  7.18e-002  8.14e-007  1.94e-002  8.37e-010  2.06e-007  1.69e-005  8.21e-009  
3.72589e+016 1.13e-018  3.63e-007  4.59e-006  8.69e-001  1.11e-001  4.99e-007  1.97e-002  4.21e-010  1.21e-007  1.04e-005  4.81e-009  
3.73370e+016 2.15e-018  3.41e-007  2.66e-006  8.33e-001  1.46e-001  3.07e-007  2.09e-002  2.00e-010  7.40e-008  6.28e-006  2.89e-009  
3.74165e+016 4.10e-018  3.17e-007  1.56e-006  7.95e-001  1.82e-001  1.90e-007  2.27e-002  9.05e-011  4.83e-008  3.85e-006  1.80e-009  
3.74829e+016 7.14e-018  2.87e-007  9.86e-007  7.77e-001  1.99e-001  1.26e-007  2.37e-002  4.65e-011  3.57e-008  2.54e-006  1.23e-009  
3.75505e+016 1.24e-017  2.50e-007  6.32e-007  7.49e-001  2.27e-001  8.44e-008  2.40e-002  2.88e-011  2.82e-008  1.68e-006  8.68e-010  
3.76194e+016 2.19e-017  2.02e-007  4.07e-007  7.36e-001  2.40e-001  5.67e-008  2.37e-002  2.78e-011  2.34e-008  1.11e-006  6.31e-010  
3.76839e+016 3.92e-017  1.44e-007  2.60e-007  7.14e-001  2.63e-001  3.77e-008  2.32e-002  4.87e-011  1.96e-008  7.14e-007  4.77e-010  
3.76854e+016 3.98e-017  1.43e-007  2.56e-007  7.13e-001  2.64e-001  3.74e-008  2.32e-002  4.97e-011  1.95e-008  7.06e-007  4.75e-010  
3.76877e+016 4.07e-017  1.41e-007  2.53e-007  7.14e-001  2.63e-001  3.68e-008  2.33e-002  5.18e-011  1.93e-008  6.95e-007  4.71e-010  
3.76917e+016 4.25e-017  1.36e-007  2.45e-007  7.13e-001  2.64e-001  3.58e-008  2.33e-002  5.53e-011  1.91e-008  6.71e-007  4.64e-010  
3.76980e+016 4.58e-017  1.29e-007  2.29e-007  7.12e-001  2.64e-001  3.39e-008  2.32e-002  6.23e-011  1.85e-008  6.32e-007  4.50e-010  
3.77083e+016 5.18e-017  1.17e-007  2.08e-007  7.10e-001  2.66e-001  3.09e-008  2.32e-002  7.90e-011  1.77e-008  5.71e-007  4.32e-010  
3.77248e+016 6.51e-017  9.71e-008  1.74e-007  7.10e-001  2.67e-001  2.58e-008  2.32e-002  1.35e-010  1.61e-008  4.72e-007  4.05e-010  
3.77450e+016 9.81e-017  6.76e-008  1.21e-007  7.02e-001  2.74e-001  1.85e-008  2.32e-002  4.37e-010  1.31e-008  3.27e-007  3.76e-010  
3.77655e+016 9.90e-017  7.04e-008  1.28e-007  6.97e-001  2.81e-001  1.98e-008  2.25e-002  1.65e-008  1.79e-008  3.39e-007  3.50e-010  
3.77936e+016 3.59e-018  2.09e-006  3.90e-006  6.91e-001  2.87e-001  6.13e-007  2.15e-002  1.68e-008  5.35e-007  9.98e-006  3.18e-010  
3.78016e+016 1.28e-018  5.96e-006  1.12e-005  6.90e-001  2.89e-001  1.77e-006  2.12e-002  3.21e-008  1.49e-006  2.84e-005  3.09e-010  
3.78111e+016 3.58e-019  2.20e-005  4.17e-005  6.88e-001  2.91e-001  6.60e-006  2.08e-002  8.89e-008  5.26e-006  1.04e-004  2.99e-010  
3.78273e+016 3.59e-020  2.28e-004  4.37e-004  6.85e-001  2.93e-001  7.02e-005  2.02e-002  7.80e-007  5.10e-005  1.08e-003  2.81e-010  
3.78530e+016 7.47e-022  1.16e-002  2.29e-002  6.19e-001  2.68e-001  3.72e-003  1.77e-002  4.28e-005  2.34e-003  5.47e-002  2.37e-010  
3.78818e+016 1.05e-022  8.88e-002  1.79e-001  1.83e-001  8.19e-002  2.96e-002  5.04e-003  4.15e-004  1.59e-002  4.16e-001  6.48e-011  
3.79076e+016 1.07e-022  9.23e-002  1.89e-001  1.60e-001  7.41e-002  3.20e-002  4.31e-003  5.60e-004  1.49e-002  4.32e-001  5.33e-011  
3.79253e+016 1.11e-022  9.16e-002  1.90e-001  1.61e-001  7.58e-002  3.26e-002  4.27e-003  6.77e-004  1.38e-002  4.30e-001  5.14e-011  
3.79502e+016 1.19e-022  8.98e-002  1.91e-001  1.66e-001  7.92e-002  3.31e-002  4.27e-003  8.98e-004  1.24e-002  4.23e-001  4.96e-011  
3.79755e+016 1.29e-022  8.76e-002  1.89e-001  1.77e-001  8.52e-002  3.33e-002  4.43e-003  1.21e-003  1.09e-002  4.12e-001  4.98e-011  
3.79897e+016 1.36e-022  8.55e-002  1.87e-001  1.86e-001  9.00e-002  3.32e-002  4.57e-003  1.44e-003  1.02e-002  4.03e-001  5.06e-011  
3.79918e+016 1.37e-022  8.49e-002  1.86e-001  1.87e-001  9.08e-002  3.32e-002  4.61e-003  1.48e-003  1.00e-002  4.02e-001  5.08e-011  
3.79956e+016 1.39e-022  8.44e-002  1.85e-001  1.90e-001  9.31e-002  3.31e-002  4.66e-003  1.54e-003  9.81e-003  3.99e-001  5.12e-011  
3.80017e+016 1.42e-022  8.30e-002  1.83e-001  1.95e-001  9.64e-002  3.29e-002  4.75e-003  1.67e-003  9.50e-003  3.94e-001  5.18e-011  
3.80129e+016 1.49e-022  8.10e-002  1.79e-001  2.06e-001  1.02e-001  3.25e-002  4.97e-003  1.92e-003  8.84e-003  3.84e-001  5.34e-011  
3.80319e+016 1.65e-022  7.59e-002  1.70e-001  2.28e-001  1.17e-001  3.12e-002  5.47e-003  2.45e-003  7.78e-003  3.62e-001  5.74e-011  
3.80578e+016 1.87e-022  6.96e-002  1.59e-001  2.57e-001  1.32e-001  2.98e-002  6.00e-003  3.56e-003  6.59e-003  3.36e-001  6.11e-011  
3.80629e+016 2.02e-022  6.49e-002  1.49e-001  2.82e-001  1.46e-001  2.80e-002  6.54e-003  3.65e-003  6.04e-003  3.14e-001  6.64e-011  
3.80713e+016 2.18e-022  6.09e-002  1.40e-001  3.04e-001  1.57e-001  2.65e-002  7.01e-003  4.01e-003  5.50e-003  2.95e-001  7.01e-011  
3.80859e+016 2.52e-022  5.37e-002  1.25e-001  3.40e-001  1.76e-001  2.40e-002  7.75e-003  4.73e-003  4.65e-003  2.64e-001  7.67e-011  
3.81083e+016 3.31e-022  4.24e-002  9.98e-002  3.99e-001  2.11e-001  1.94e-002  8.92e-003  5.93e-003  3.42e-003  2.10e-001  8.62e-011  
3.81265e+016 4.37e-022  3.27e-002  7.80e-002  4.48e-001  2.42e-001  1.54e-002  9.99e-003  7.00e-003  2.52e-003  1.64e-001  9.47e-011  
3.81480e+016 6.63e-022  2.20e-002  5.33e-002  5.04e-001  2.76e-001  1.07e-002  1.11e-002  8.15e-003  1.61e-003  1.13e-001  1.03e-010  
3.81769e+016 1.40e-021  1.07e-002  2.62e-002  5.66e-001  3.13e-001  5.40e-003  1.22e-002  9.44e-003  7.30e-004  5.64e-002  1.10e-010  
3.81836e+016 1.73e-021  8.69e-003  2.14e-002  5.78e-001  3.19e-001  4.43e-003  1.23e-002  9.68e-003  5.85e-004  4.63e-002  1.11e-010  
3.81952e+016 2.58e-021  5.82e-003  1.45e-002  5.94e-001  3.28e-001  3.02e-003  1.27e-002  1.01e-002  3.88e-004  3.15e-002  1.13e-010  
3.82149e+016 5.61e-021  2.68e-003  6.73e-003  6.08e-001  3.43e-001  1.42e-003  1.28e-002  1.04e-002  1.74e-004  1.50e-002  1.12e-010  
3.82433e+016 2.07e-020  7.16e-004  1.82e-003  6.15e-001  3.55e-001  3.93e-004  1.28e-002  1.07e-002  4.54e-005  4.24e-003  1.09e-010  
3.82740e+016 9.24e-020  1.54e-004  3.96e-004  6.17e-001  3.58e-001  8.72e-005  1.26e-002  1.07e-002  9.79e-006  9.94e-004  1.05e-010  
3.83054e+016 3.65e-019  3.57e-005  9.33e-005  6.17e-001  3.59e-001  2.11e-005  1.24e-002  1.05e-002  2.40e-006  2.63e-004  1.01e-010  
3.83376e+016 9.73e-019  1.18e-005  3.13e-005  6.12e-001  3.66e-001  7.24e-006  1.21e-002  1.03e-002  8.68e-007  1.03e-004  9.68e-011  
3.83751e+016 2.32e-018  4.21e-006  1.12e-005  6.07e-001  3.71e-001  2.68e-006  1.19e-002  1.02e-002  3.51e-007  4.52e-005  9.29e-011  
3.84132e+016 4.92e-018  1.66e-006  4.47e-006  6.06e-001  3.72e-001  1.10e-006  1.17e-002  1.02e-002  1.60e-007  2.24e-005  8.89e-011  
3.84531e+016 9.39e-018  7.08e-007  1.93e-006  6.03e-001  3.76e-001  4.88e-007  1.15e-002  1.01e-002  8.14e-008  1.22e-005  8.54e-011  
3.84962e+016 1.55e-017  3.42e-007  9.37e-007  5.98e-001  3.81e-001  2.46e-007  1.13e-002  1.01e-002  4.79e-008  7.82e-006  8.20e-011  
3.85449e+016 1.88e-017  2.18e-007  5.96e-007  5.96e-001  3.83e-001  1.64e-007  1.11e-002  9.95e-003  3.83e-008  6.76e-006  7.87e-011  
3.85990e+016 1.25e-017  2.43e-007  6.67e-007  5.94e-001  3.85e-001  1.93e-007  1.09e-002  9.89e-003  5.57e-008  1.06e-005  7.56e-011  
3.86597e+016 3.65e-018  5.83e-007  1.61e-006  5.88e-001  3.91e-001  4.95e-007  1.07e-002  9.77e-003  1.86e-007  3.80e-005  7.22e-011  
3.87288e+016 5.47e-019  2.39e-006  6.74e-006  5.85e-001  3.95e-001  2.21e-006  1.05e-002  9.78e-003  1.22e-006  2.65e-004  6.94e-011  
3.88139e+016 4.89e-020  1.35e-005  4.00e-005  5.82e-001  3.94e-001  1.42e-005  1.04e-002  9.79e-003  1.33e-005  3.06e-003  6.66e-011  
3.89093e+016 6.32e-021  4.21e-005  1.41e-004  5.66e-001  3.89e-001  5.51e-005  1.00e-002  9.71e-003  1.02e-004  2.44e-002  6.26e-011  
3.90068e+016 9.63e-021  9.77e-006  3.95e-005  5.67e-001  3.97e-001  1.69e-005  9.99e-003  9.88e-003  6.67e-005  1.61e-002  6.12e-011  
3.91088e+016 2.17e-020  1.34e-006  6.86e-006  5.71e-001  4.02e-001  3.26e-006  9.99e-003  9.95e-003  2.95e-005  7.09e-003  6.03e-011  
3.92181e+016 4.16e-020  1.96e-007  1.29e-006  5.72e-001  4.04e-001  6.88e-007  1.00e-002  9.98e-003  1.54e-005  3.63e-003  5.94e-011  
3.93325e+016 6.82e-020  3.40e-008  2.86e-007  5.73e-001  4.05e-001  1.70e-007  9.98e-003  9.98e-003  9.35e-006  2.14e-003  5.86e-011  
3.94519e+016 9.87e-020  8.78e-009  8.84e-008  5.74e-001  4.04e-001  5.94e-008  1.00e-002  1.00e-002  6.42e-006  1.41e-003  5.86e-011  
3.95803e+016 1.31e-019  4.07e-009  4.65e-008  5.74e-001  4.05e-001  3.54e-008  1.01e-002  9.98e-003  4.78e-006  9.98e-004  5.85e-011  
3.97190e+016 1.62e-019  3.01e-009  3.64e-008  5.74e-001  4.05e-001  3.16e-008  1.02e-002  9.97e-003  3.81e-006  7.39e-004  5.89e-011  
3.98699e+016 1.90e-019  2.72e-009  3.23e-008  5.75e-001  4.04e-001  3.22e-008  1.03e-002  1.00e-002  3.18e-006  5.69e-004  6.01e-011  
4.00514e+016 2.15e-019  2.66e-009  2.86e-008  5.78e-001  4.01e-001  3.31e-008  1.06e-002  1.00e-002  2.71e-006  4.38e-004  6.15e-011  
4.02549e+016 2.34e-019  2.79e-009  2.49e-008  5.82e-001  3.97e-001  3.37e-008  1.10e-002  1.00e-002  2.34e-006  3.37e-004  6.42e-011  
4.04761e+016 2.48e-019  3.09e-009  2.16e-008  5.89e-001  3.89e-001  3.37e-008  1.13e-002  9.97e-003  2.03e-006  2.57e-004  6.78e-011  
4.07070e+016 2.55e-019  3.61e-009  1.90e-008  5.96e-001  3.81e-001  3.37e-008  1.19e-002  1.00e-002  1.78e-006  1.95e-004  7.30e-011  
4.09451e+016 2.58e-019  4.38e-009  1.71e-008  6.01e-001  3.76e-001  3.38e-008  1.26e-002  1.00e-002  1.54e-006  1.45e-004  7.95e-011  
4.11988e+016 2.54e-019  5.63e-009  1.60e-008  6.07e-001  3.70e-001  3.44e-008  1.35e-002  1.00e-002  1.33e-006  1.06e-004  8.82e-011  
4.14624e+016 2.40e-019  7.51e-009  1.54e-008  6.18e-001  3.58e-001  3.54e-008  1.45e-002  9.98e-003  1.15e-006  7.72e-005  9.93e-011  
4.17462e+016 2.08e-019  1.03e-008  1.55e-008  6.30e-001  3.44e-001  3.72e-008  1.58e-002  9.96e-003  1.04e-006  5.72e-005  1.15e-010  
4.20512e+016 1.53e-019  1.47e-008  1.66e-008  6.38e-001  3.35e-001  4.07e-008  1.76e-002  1.00e-002  1.04e-006  4.63e-005  1.38e-010  
4.23867e+016 7.86e-020  7.20e-009  6.39e-009  6.52e-001  3.18e-001  1.58e-008  2.00e-002  9.99e-003  1.36e-006  4.80e-005  1.71e-010  
4.27356e+016 2.34e-020  4.56e-008  3.42e-008  6.65e-001  3.02e-001  8.32e-008  2.30e-002  9.98e-003  2.84e-006  7.89e-005  2.17e-010  
4.30994e+016 3.66e-021  2.95e-007  2.01e-007  6.78e-001  2.84e-001  4.70e-007  2.73e-002  9.95e-003  1.01e-005  2.23e-004  2.87e-010  
4.34671e+016 2.61e-022  8.77e-006  5.59e-006  6.93e-001  2.62e-001  1.24e-005  3.28e-002  9.92e-003  7.05e-005  1.27e-003  3.91e-010  
4.38104e+016 1.24e-023  5.52e-004  3.38e-004  6.97e-001  2.40e-001  7.08e-004  3.93e-002  9.76e-003  6.85e-004  1.09e-002  5.29e-010  
4.41007e+016 8.19e-025  2.38e-002  1.42e-002  6.16e-001  1.90e-001  2.81e-002  4.03e-002  8.43e-003  4.86e-003  7.36e-002  6.08e-010  
4.42181e+016 3.32e-025  8.43e-002  4.97e-002  4.58e-001  1.36e-001  9.64e-002  3.22e-002  6.21e-003  8.52e-003  1.29e-001  5.09e-010  
4.42811e+016 2.44e-025  1.46e-001  8.55e-002  3.28e-001  9.49e-002  1.63e-001  2.39e-002  4.46e-003  9.57e-003  1.45e-001  3.87e-010  
4.43809e+016 2.23e-025  2.52e-001  1.46e-001  1.33e-001  3.76e-002  2.73e-001  1.03e-002  1.80e-003  7.73e-003  1.38e-001  1.75e-010  
4.45030e+016 2.10e-025  3.20e-001  1.84e-001  4.15e-002  1.10e-002  3.34e-001  3.45e-003  5.52e-004  5.42e-003  1.00e-001  6.13e-011  
4.45401e+016 2.31e-025  3.38e-001  1.94e-001  2.45e-002  6.32e-003  3.49e-001  2.08e-003  3.23e-004  4.37e-003  8.09e-002  3.76e-011  
4.45998e+016 3.05e-025  3.60e-001  2.06e-001  9.86e-003  2.47e-003  3.67e-001  8.68e-004  1.30e-004  2.67e-003  5.08e-002  1.61e-011  
4.46779e+016 3.56e-025  3.76e-001  2.13e-001  4.12e-003  9.82e-004  3.70e-001  3.79e-004  5.41e-005  1.72e-003  3.39e-002  7.27e-012  
4.48006e+016 4.80e-025  3.89e-001  2.19e-001  1.02e-003  2.31e-004  3.73e-001  1.02e-004  1.34e-005  7.98e-004  1.70e-002  2.08e-012  
4.48529e+016 5.89e-025  3.94e-001  2.21e-001  5.96e-004  1.28e-004  3.72e-001  6.15e-005  6.44e-006  5.27e-004  1.17e-002  1.28e-012  
4.48834e+016 8.20e-025  3.99e-001  2.22e-001  2.74e-004  5.81e-005  3.71e-001  2.88e-005  3.53e-006  3.34e-004  7.53e-003  6.10e-013  
4.49346e+016 1.03e-024  4.03e-001  2.23e-001  1.59e-004  3.33e-005  3.68e-001  1.73e-005  2.06e-006  2.14e-004  5.03e-003  3.76e-013  
4.49870e+016 1.14e-024  4.06e-001  2.25e-001  1.07e-004  2.22e-005  3.65e-001  1.22e-005  1.40e-006  1.55e-004  3.82e-003  2.70e-013  
4.50684e+016 1.36e-024  4.11e-001  2.26e-001  6.07e-005  1.19e-005  3.60e-001  7.26e-006  7.80e-007  9.05e-005  2.42e-003  1.68e-013  
4.51867e+016 2.01e-024  4.18e-001  2.27e-001  2.58e-005  4.63e-006  3.54e-001  3.31e-006  3.32e-007  3.53e-005  1.11e-003  8.14e-014  
4.51946e+016 2.09e-024  4.17e-001  2.27e-001  7.60e-004  1.35e-004  3.54e-001  9.99e-005  2.92e-007  3.27e-005  1.05e-003  2.46e-012  
4.52061e+016 2.32e-024  4.19e-001  2.27e-001  7.44e-005  1.30e-005  3.53e-001  9.90e-006  2.49e-007  2.78e-005  9.03e-004  2.45e-013  
4.52265e+016 2.93e-024  4.20e-001  2.28e-001  1.56e-005  2.70e-006  3.52e-001  2.10e-006  1.90e-007  2.00e-005  6.66e-004  5.26e-014  
4.52632e+016 3.98e-024  4.22e-001  2.28e-001  7.29e-006  1.22e-006  3.49e-001  1.00e-006  1.31e-007  1.22e-005  4.30e-004  2.54e-014  
4.53239e+016 4.95e-024  4.26e-001  2.28e-001  8.42e-006  1.33e-006  3.45e-001  1.19e-006  9.53e-008  7.21e-006  2.79e-004  3.15e-014  
4.54167e+016 5.96e-024  4.31e-001  2.30e-001  6.61e-006  9.86e-007  3.39e-001  9.95e-007  6.88e-008  3.71e-006  1.65e-004  2.77e-014  
4.55446e+016 8.93e-024  4.36e-001  2.30e-001  4.74e-006  6.54e-007  3.27e-001  7.90e-007  3.93e-008  1.34e-006  7.65e-003  2.34e-014  
4.55658e+016 9.61e-024  4.37e-001  2.30e-001  0.00e+000  0.00e+000  3.27e-001  0.00e+000  3.57e-008  1.11e-006  6.56e-003  0.00e+000  
4.55697e+016 9.75e-024  4.37e-001  2.30e-001  0.00e+000  0.00e+000  3.27e-001  0.00e+000  3.44e-008  1.07e-006  6.36e-003  0.00e+000  
4.55761e+016 1.00e-023  4.36e-001  2.29e-001  2.45e-003  3.04e-004  3.26e-001  4.19e-004  3.36e-008  1.01e-006  6.03e-003  1.26e-011  
4.55871e+016 1.06e-023  4.38e-001  2.30e-001  6.17e-004  7.62e-005  3.26e-001  1.06e-004  3.24e-008  8.95e-007  5.49e-003  3.23e-012  
4.56066e+016 1.17e-023  4.40e-001  2.30e-001  5.45e-005  6.68e-006  3.24e-001  9.48e-006  2.95e-008  7.24e-007  4.59e-003  2.92e-013  
4.56410e+016 1.41e-023  4.43e-001  2.31e-001  5.24e-006  6.37e-007  3.23e-001  9.43e-007  2.45e-008  4.95e-007  3.36e-003  2.95e-014  
4.56849e+016 1.74e-023  4.46e-001  2.32e-001  3.91e-006  4.68e-007  3.20e-001  7.32e-007  1.98e-008  3.12e-007  2.31e-003  2.35e-014  
4.57241e+016 2.02e-023  4.48e-001  2.32e-001  6.20e-006  7.19e-007  3.18e-001  1.19e-006  1.67e-008  2.14e-007  1.71e-003  3.92e-014  
4.57850e+016 2.44e-023  4.50e-001  2.33e-001  4.08e-006  4.42e-007  3.15e-001  8.15e-007  1.34e-008  1.23e-007  1.11e-003  2.78e-014  
4.58802e+016 3.17e-023  4.58e-001  2.33e-001  5.69e-006  5.43e-007  3.08e-001  1.22e-006  1.01e-008  5.43e-008  5.91e-004  4.39e-014  
4.59720e+016 3.96e-023  4.62e-001  2.34e-001  5.05e-006  4.35e-007  3.03e-001  1.16e-006  8.14e-009  2.73e-008  3.29e-004  4.45e-014  
4.59734e+016 3.97e-023  4.63e-001  2.34e-001  0.00e+000  0.00e+000  3.02e-001  0.00e+000  8.01e-009  2.95e-008  2.42e-004  0.00e+000  
4.59759e+016 4.00e-023  4.63e-001  2.34e-001  6.88e-004  5.70e-005  3.03e-001  1.63e-004  7.83e-009  2.24e-008  2.04e-004  6.18e-012  
4.59802e+016 4.04e-023  4.63e-001  2.34e-001  5.05e-004  4.11e-005  3.02e-001  1.21e-004  7.83e-009  2.05e-008  1.89e-004  4.63e-012  
4.59873e+016 4.10e-023  4.63e-001  2.34e-001  4.12e-004  3.34e-005  3.02e-001  9.94e-005  7.85e-009  1.98e-008  1.78e-004  3.80e-012  
4.59993e+016 4.21e-023  4.63e-001  2.35e-001  1.70e-004  1.35e-005  3.02e-001  4.11e-005  7.86e-009  1.87e-008  1.65e-004  1.59e-012  
4.60196e+016 4.40e-023  4.66e-001  2.34e-001  4.43e-005  3.41e-006  3.00e-001  1.08e-005  7.70e-009  1.71e-008  1.46e-004  4.25e-013  
4.60580e+016 4.77e-023  4.67e-001  2.35e-001  1.14e-005  8.28e-007  2.98e-001  2.87e-006  7.23e-009  1.46e-008  1.15e-004  1.15e-013  
4.61139e+016 5.36e-023  4.70e-001  2.35e-001  1.01e-005  7.03e-007  2.95e-001  2.63e-006  6.49e-009  1.20e-008  8.17e-005  1.10e-013  
4.61801e+016 6.07e-023  4.74e-001  2.36e-001  1.07e-005  7.17e-007  2.90e-001  2.97e-006  5.77e-009  1.02e-008  5.50e-005  1.29e-013  
4.62829e+016 7.25e-023  4.80e-001  2.36e-001  1.17e-005  7.06e-007  2.84e-001  3.57e-006  4.85e-009  8.97e-009  2.95e-005  1.67e-013  
4.63958e+016 8.62e-023  4.87e-001  2.37e-001  1.69e-005  8.48e-007  2.76e-001  5.72e-006  4.14e-009  8.74e-009  1.53e-005  2.88e-013  
4.64165e+016 8.87e-023  4.88e-001  2.37e-001  0.00e+000  0.00e+000  2.75e-001  0.00e+000  4.04e-009  9.31e-009  1.50e-005  0.00e+000  
4.64187e+016 8.91e-023  4.88e-001  2.37e-001  0.00e+000  0.00e+000  2.75e-001  0.00e+000  3.94e-009  1.50e-008  0.00e+000  0.00e+000  
4.64224e+016 8.95e-023  4.87e-001  2.37e-001  0.00e+000  0.00e+000  2.76e-001  0.00e+000  3.87e-009  1.84e-008  0.00e+000  0.00e+000  
4.64286e+016 9.07e-023  4.85e-001  2.36e-001  3.88e-003  1.62e-004  2.73e-001  1.38e-003  3.84e-009  1.75e-008  1.27e-004  7.08e-011  
4.64396e+016 9.18e-023  4.87e-001  2.37e-001  2.67e-003  1.10e-004  2.72e-001  9.60e-004  3.85e-009  1.73e-008  1.11e-004  4.96e-011  
4.64596e+016 9.38e-023  4.90e-001  2.37e-001  1.13e-003  4.64e-005  2.72e-001  4.18e-004  3.85e-009  1.67e-008  1.01e-004  2.19e-011  
4.64933e+016 9.73e-023  4.92e-001  2.37e-001  1.99e-004  7.89e-006  2.70e-001  7.57e-005  3.81e-009  1.66e-008  6.46e-005  4.06e-012  
4.65501e+016 1.04e-022  4.96e-001  2.37e-001  8.95e-005  3.23e-006  2.68e-001  3.53e-005  3.68e-009  1.53e-008  5.33e-005  1.97e-012  
4.66259e+016 1.13e-022  5.00e-001  2.37e-001  4.74e-005  1.45e-006  2.63e-001  1.99e-005  3.46e-009  1.45e-008  3.52e-005  1.18e-012  
4.67450e+016 1.29e-022  5.06e-001  2.37e-001  5.63e-005  1.52e-006  2.57e-001  2.67e-005  3.11e-009  1.41e-008  1.83e-005  1.73e-012  
4.68726e+016 1.46e-022  5.14e-001  2.37e-001  7.20e-005  1.58e-006  2.49e-001  4.02e-005  2.76e-009  1.45e-008  9.26e-006  2.87e-012  
4.69009e+016 1.50e-022  5.15e-001  2.37e-001  7.55e-005  1.54e-006  2.47e-001  4.35e-005  2.70e-009  1.46e-008  7.89e-006  3.18e-012  
4.69024e+016 1.50e-022  5.15e-001  2.37e-001  2.98e-005  5.89e-007  2.48e-001  1.72e-005  2.68e-009  1.77e-008  0.00e+000  1.26e-012  
4.69048e+016 1.50e-022  5.15e-001  2.37e-001  1.01e-004  1.89e-006  2.48e-001  5.82e-005  2.64e-009  1.77e-008  0.00e+000  4.26e-012  
4.69090e+016 1.51e-022  5.14e-001  2.37e-001  4.82e-004  8.03e-006  2.48e-001  2.79e-004  2.56e-009  1.77e-008  0.00e+000  2.05e-011  
4.69160e+016 1.51e-022  5.15e-001  2.37e-001  3.82e-004  5.45e-006  2.48e-001  2.26e-004  2.47e-009  1.82e-008  0.00e+000  1.66e-011  
4.69279e+016 1.53e-022  5.16e-001  2.38e-001  3.14e-004  4.36e-006  2.46e-001  1.89e-004  2.39e-009  1.83e-008  0.00e+000  1.40e-011  
4.69476e+016 1.55e-022  5.18e-001  2.37e-001  2.49e-004  3.44e-006  2.44e-001  1.53e-004  2.33e-009  1.78e-008  0.00e+000  1.15e-011  
4.69806e+016 1.59e-022  5.19e-001  2.37e-001  2.19e-004  2.98e-006  2.43e-001  1.39e-004  2.30e-009  1.88e-008  0.00e+000  1.08e-011  
4.70337e+016 1.66e-022  5.23e-001  2.37e-001  0.00e+000  0.00e+000  2.40e-001  0.00e+000  2.33e-009  2.00e-008  0.00e+000  0.00e+000  
4.70622e+016 1.70e-022  5.24e-001  2.37e-001  0.00e+000  0.00e+000  2.39e-001  0.00e+000  2.34e-009  2.07e-008  0.00e+000  0.00e+000  
4.71061e+016 1.76e-022  5.27e-001  2.36e-001  0.00e+000  0.00e+000  2.37e-001  0.00e+000  2.34e-009  2.16e-008  0.00e+000  0.00e+000  
4.71746e+016 1.86e-022  5.31e-001  2.36e-001  0.00e+000  0.00e+000  2.33e-001  0.00e+000  2.42e-009  2.28e-008  0.00e+000  0.00e+000  
4.72860e+016 2.05e-022  5.42e-001  2.34e-001  1.16e-004  8.70e-007  2.24e-001  1.05e-004  2.49e-009  2.44e-008  0.00e+000  1.06e-011  
4.74240e+016 2.31e-022  5.59e-001  2.28e-001  1.72e-004  9.36e-007  2.13e-001  1.89e-004  2.62e-009  2.66e-008  0.00e+000  2.17e-011  
4.74305e+016 2.32e-022  5.60e-001  2.27e-001  1.73e-004  9.30e-007  2.13e-001  1.92e-004  2.63e-009  2.66e-008  0.00e+000  2.22e-011  
4.74313e+016 2.32e-022  5.60e-001  2.27e-001  1.73e-004  9.26e-007  2.13e-001  1.93e-004  2.63e-009  2.67e-008  0.00e+000  2.23e-011  
4.74348e+016 2.32e-022  5.59e-001  2.28e-001  1.74e-004  9.08e-007  2.13e-001  1.95e-004  2.63e-009  2.69e-008  0.00e+000  2.25e-011  
4.74406e+016 2.34e-022  5.60e-001  2.27e-001  1.74e-004  8.34e-007  2.12e-001  1.98e-004  2.60e-009  1.39e-007  0.00e+000  2.29e-011  
4.74503e+016 2.35e-022  5.61e-001  2.27e-001  1.71e-004  6.58e-007  2.12e-001  2.01e-004  2.54e-009  1.37e-007  0.00e+000  2.35e-011  
4.74676e+016 2.38e-022  5.63e-001  2.27e-001  1.47e-004  5.12e-007  2.10e-001  1.81e-004  2.44e-009  1.34e-007  0.00e+000  2.13e-011  
4.74972e+016 2.44e-022  5.67e-001  2.25e-001  2.87e-004  9.03e-007  2.07e-001  3.74e-004  2.37e-009  1.30e-007  0.00e+000  4.52e-011  
4.75283e+016 2.50e-022  5.72e-001  2.23e-001  2.59e-004  7.20e-007  2.04e-001  3.52e-004  2.43e-009  1.26e-007  0.00e+000  4.40e-011  
4.75365e+016 2.52e-022  5.72e-001  2.23e-001  2.55e-004  6.84e-007  2.04e-001  3.50e-004  2.46e-009  1.25e-007  0.00e+000  4.41e-011  
4.75556e+016 2.56e-022  5.75e-001  2.22e-001  2.09e-004  5.40e-007  2.02e-001  2.94e-004  2.53e-009  1.22e-007  0.00e+000  3.76e-011  
4.75856e+016 2.61e-022  5.78e-001  2.21e-001  2.06e-004  5.28e-007  2.00e-001  3.01e-004  2.67e-009  1.19e-007  0.00e+000  3.98e-011  
4.76342e+016 2.72e-022  5.85e-001  2.19e-001  2.00e-004  4.86e-007  1.96e-001  3.19e-004  2.89e-009  1.13e-007  0.00e+000  4.42e-011  
4.77120e+016 2.89e-022  5.95e-001  2.15e-001  1.89e-004  3.77e-007  1.89e-001  3.57e-004  3.25e-009  1.06e-007  0.00e+000  5.30e-011  
4.78339e+016 3.17e-022  6.10e-001  2.10e-001  1.89e-004  2.66e-007  1.80e-001  4.23e-004  3.82e-009  9.92e-008  0.00e+000  7.14e-011  
4.79819e+016 3.52e-022  6.27e-001  2.03e-001  1.73e-004  1.17e-007  1.69e-001  5.16e-004  4.62e-009  9.56e-008  9.28e-007  1.02e-010  
4.80101e+016 3.60e-022  6.31e-001  2.01e-001  1.70e-004  1.04e-007  1.67e-001  5.34e-004  4.81e-009  9.53e-008  1.21e-006  1.08e-010  
4.80156e+016 3.61e-022  6.31e-001  2.01e-001  1.70e-004  1.02e-007  1.67e-001  5.37e-004  4.85e-009  9.55e-008  1.25e-006  1.10e-010  
4.80288e+016 3.65e-022  6.33e-001  2.01e-001  1.68e-004  9.62e-008  1.66e-001  5.45e-004  4.93e-009  9.54e-008  1.36e-006  1.13e-010  
4.80511e+016 3.70e-022  6.35e-001  2.00e-001  1.65e-004  8.62e-008  1.64e-001  5.62e-004  5.08e-009  9.57e-008  1.55e-006  1.19e-010  
4.80875e+016 3.80e-022  6.40e-001  1.98e-001  1.56e-004  6.69e-008  1.61e-001  5.87e-004  5.34e-009  9.61e-008  1.80e-006  1.30e-010  
4.81463e+016 3.96e-022  6.47e-001  1.96e-001  1.43e-004  4.12e-008  1.57e-001  6.27e-004  5.76e-009  9.78e-008  2.10e-006  1.48e-010  
4.82445e+016 4.24e-022  6.58e-001  1.91e-001  1.26e-004  2.69e-008  1.50e-001  6.91e-004  6.61e-009  1.02e-007  2.45e-006  1.82e-010  
4.83636e+016 4.60e-022  6.72e-001  1.85e-001  1.00e-004  1.22e-008  1.42e-001  7.67e-004  7.93e-009  1.08e-007  2.59e-006  2.33e-010  
4.84912e+016 5.03e-022  6.86e-001  1.79e-001  7.30e-005  4.84e-009  1.34e-001  8.48e-004  9.53e-009  1.18e-007  2.91e-006  2.96e-010  
4.86294e+016 5.51e-022  7.02e-001  1.73e-001  4.92e-005  1.79e-009  1.24e-001  9.22e-004  1.15e-008  1.32e-007  1.68e-006  3.81e-010  
4.87591e+016 5.98e-022  7.14e-001  1.69e-001  3.24e-005  5.30e-010  1.16e-001  9.92e-004  1.38e-008  1.48e-007  3.65e-006  4.80e-010  
4.88968e+016 6.28e-022  7.23e-001  1.69e-001  2.02e-005  1.19e-010  1.07e-001  1.09e-003  1.70e-008  1.75e-007  3.58e-006  6.29e-010  
4.90444e+016 6.56e-022  7.31e-001  1.71e-001  1.09e-005  2.00e-011  9.68e-002  1.18e-003  2.16e-008  2.13e-007  4.19e-006  8.33e-010  
4.91980e+016 6.83e-022  7.39e-001  1.73e-001  5.03e-006  2.52e-012  8.72e-002  1.26e-003  2.74e-008  2.63e-007  4.49e-006  1.10e-009  
4.93317e+016 7.03e-022  7.43e-001  1.75e-001  2.22e-006  2.96e-013  8.03e-002  1.32e-003  3.35e-008  3.17e-007  4.82e-006  1.40e-009  
4.94239e+016 7.16e-022  7.46e-001  1.77e-001  1.07e-006  3.86e-014  7.50e-002  1.35e-003  3.87e-008  3.61e-007  5.04e-006  1.65e-009  
4.95192e+016 7.27e-022  7.49e-001  1.80e-001  5.08e-007  6.14e-015  6.96e-002  1.37e-003  4.45e-008  4.13e-007  5.31e-006  1.94e-009  
4.96202e+016 7.37e-022  7.51e-001  1.83e-001  2.71e-007  1.13e-015  6.43e-002  1.38e-003  5.14e-008  4.75e-007  5.38e-006  2.31e-009  
4.97297e+016 7.47e-022  7.52e-001  1.87e-001  1.12e-007  8.39e-017  5.90e-002  1.38e-003  6.02e-008  5.54e-007  8.23e-006  2.76e-009  
4.98461e+016 7.53e-022  7.53e-001  1.91e-001  3.63e-008  3.60e-018  5.39e-002  1.36e-003  7.00e-008  6.54e-007  7.39e-006  3.33e-009  
4.99670e+016 7.58e-022  7.53e-001  1.97e-001  8.98e-009  9.54e-020  4.89e-002  1.33e-003  8.19e-008  7.74e-007  7.11e-006  4.04e-009  
5.00936e+016 7.58e-022  7.50e-001  2.04e-001  1.42e-009  1.82e-021  4.39e-002  1.29e-003  9.48e-008  9.26e-007  9.20e-006  4.92e-009  
5.02240e+016 7.58e-022  7.48e-001  2.11e-001  1.07e-010  2.90e-024  3.95e-002  1.22e-003  1.09e-007  1.11e-006  8.37e-006  5.98e-009  
5.03584e+016 7.57e-022  7.45e-001  2.18e-001  9.62e-012  2.19e-026  3.54e-002  1.11e-003  1.23e-007  1.33e-006  7.97e-006  7.24e-009  
5.05026e+016 7.61e-022  7.44e-001  2.23e-001  1.28e-012  5.39e-029  3.19e-002  9.50e-004  1.35e-007  1.62e-006  7.77e-006  8.75e-009  
5.05959e+016 7.87e-022  7.47e-001  2.21e-001  1.68e-013  1.97e-031  3.06e-002  8.19e-004  1.42e-007  1.77e-006  7.73e-006  9.56e-009  
5.06957e+016 8.12e-022  7.50e-001  2.20e-001  1.24e-014  3.27e-034  2.92e-002  7.25e-004  1.45e-007  1.93e-006  7.64e-006  1.05e-008  
5.07988e+016 8.39e-022  7.52e-001  2.19e-001  5.78e-016  1.56e-036  2.78e-002  6.20e-004  1.49e-007  2.12e-006  7.63e-006  1.16e-008  
5.09058e+016 8.71e-022  7.56e-001  2.17e-001  1.76e-017  1.34e-039  2.65e-002  5.07e-004  1.52e-007  2.31e-006  7.65e-006  1.26e-008  
5.10237e+016 9.03e-022  7.58e-001  2.16e-001  3.19e-019  3.94e-043  2.52e-002  3.90e-004  1.53e-007  2.55e-006  7.45e-006  1.40e-008  
5.11496e+016 9.43e-022  7.63e-001  2.13e-001  3.47e-021  4.41e-047  2.40e-002  2.77e-004  1.52e-007  2.79e-006  7.72e-006  1.55e-008  
5.12843e+016 9.82e-022  7.67e-001  2.11e-001  8.06e-023  1.68e-051  2.26e-002  1.59e-004  1.52e-007  3.07e-006  6.53e-006  1.54e-008  
5.14296e+016 1.02e-021  7.71e-001  2.08e-001  3.28e-024  2.54e-053  2.13e-002  7.86e-005  1.48e-007  3.39e-006  7.67e-006  1.52e-008  
5.15425e+016 1.06e-021  7.75e-001  2.05e-001  2.82e-025  7.65e-057  2.04e-002  4.57e-005  1.47e-007  3.62e-006  8.11e-006  1.50e-008  
5.16792e+016 1.11e-021  7.78e-001  2.03e-001  1.02e-027  5.49e-062  1.94e-002  2.03e-005  1.44e-007  3.92e-006  1.12e-005  1.50e-008  
5.18319e+016 1.15e-021  7.83e-001  1.98e-001  1.49e-030  9.79e-068  1.83e-002  6.72e-006  1.39e-007  4.23e-006  9.70e-006  1.48e-008  
5.19950e+016 1.20e-021  7.87e-001  1.95e-001  1.06e-033  4.57e-074  1.73e-002  1.55e-006  1.35e-007  4.56e-006  9.48e-006  1.48e-008  
5.21655e+016 1.26e-021  7.93e-001  1.91e-001  2.73e-037  0.00e+000  1.63e-002  2.54e-007  1.28e-007  4.91e-006  9.48e-006  1.47e-008  
5.23457e+016 1.30e-021  7.97e-001  1.88e-001  4.82e-039  0.00e+000  1.52e-002  3.05e-008  1.22e-007  5.28e-006  9.58e-006  1.48e-008  
5.25384e+016 1.36e-021  8.02e-001  1.84e-001  1.09e-043  0.00e+000  1.44e-002  5.88e-009  1.14e-007  5.68e-006  9.78e-006  1.49e-008  
5.27451e+016 1.42e-021  8.08e-001  1.79e-001  5.40e-048  0.00e+000  1.34e-002  3.91e-010  1.06e-007  6.12e-006  9.90e-006  1.49e-008  
5.29668e+016 1.49e-021  8.13e-001  1.75e-001  8.46e-053  0.00e+000  1.26e-002  1.10e-011  9.67e-008  6.66e-006  1.01e-005  1.50e-008  
5.31993e+016 1.56e-021  8.18e-001  1.70e-001  3.18e-058  0.00e+000  1.16e-002  6.84e-014  8.69e-008  7.29e-006  1.02e-005  1.51e-008  
5.34440e+016 1.64e-021  8.24e-001  1.65e-001  2.84e-059  0.00e+000  1.08e-002  1.01e-016  7.69e-008  8.12e-006  1.03e-005  1.53e-008  
5.36995e+016 1.71e-021  8.28e-001  1.62e-001  3.23e-067  0.00e+000  1.01e-002  3.36e-019  6.82e-008  9.10e-006  1.04e-005  1.56e-008  
5.39765e+016 1.81e-021  8.34e-001  1.57e-001  7.68e-074  0.00e+000  9.39e-003  1.44e-022  5.85e-008  1.03e-005  1.07e-005  1.58e-008  
5.42627e+016 1.92e-021  8.40e-001  1.52e-001  4.53e-075  0.00e+000  8.71e-003  1.53e-026  5.02e-008  1.18e-005  1.07e-005  1.60e-008  
5.45738e+016 2.02e-021  8.45e-001  1.47e-001  0.00e+000  0.00e+000  8.05e-003  1.65e-030  4.16e-008  1.38e-005  1.06e-005  1.64e-008  
5.49079e+016 2.14e-021  8.50e-001  1.43e-001  0.00e+000  0.00e+000  7.47e-003  1.60e-035  3.48e-008  1.64e-005  8.45e-006  1.68e-008  
5.52575e+016 2.28e-021  8.55e-001  1.38e-001  0.00e+000  0.00e+000  6.93e-003  2.60e-040  2.83e-008  1.95e-005  1.10e-005  1.71e-008  
5.56155e+016 2.41e-021  8.60e-001  1.34e-001  0.00e+000  0.00e+000  6.44e-003  4.20e-046  2.31e-008  2.34e-005  1.13e-005  1.76e-008  
5.59918e+016 2.55e-021  8.64e-001  1.30e-001  0.00e+000  0.00e+000  6.05e-003  1.09e-051  1.89e-008  2.82e-005  1.16e-005  1.81e-008  
5.63913e+016 2.71e-021  8.69e-001  1.26e-001  0.00e+000  0.00e+000  5.62e-003  1.85e-057  1.53e-008  3.41e-005  1.19e-005  1.86e-008  
5.68226e+016 2.86e-021  8.73e-001  1.22e-001  0.00e+000  0.00e+000  5.27e-003  2.12e-069  1.23e-008  4.15e-005  1.22e-005  1.92e-008  
5.72780e+016 3.02e-021  8.77e-001  1.18e-001  0.00e+000  0.00e+000  4.96e-003  9.49e-071  9.86e-009  5.13e-005  1.26e-005  2.00e-008  
5.77650e+016 3.19e-021  8.80e-001  1.15e-001  0.00e+000  0.00e+000  4.64e-003  0.00e+000  7.96e-009  6.36e-005  1.31e-005  2.08e-008  
5.82707e+016 3.36e-021  8.84e-001  1.12e-001  0.00e+000  0.00e+000  4.40e-003  0.00e+000  6.49e-009  7.91e-005  1.36e-005  2.17e-008  
5.88124e+016 3.54e-021  8.87e-001  1.08e-001  0.00e+000  0.00e+000  4.18e-003  0.00e+000  5.23e-009  9.86e-005  1.42e-005  2.26e-008  
5.93801e+016 3.70e-021  8.90e-001  1.06e-001  0.00e+000  0.00e+000  3.95e-003  0.00e+000  4.33e-009  1.24e-004  1.49e-005  2.38e-008  
5.99878e+016 4.49e-021  8.93e-001  1.03e-001  0.00e+000  0.00e+000  3.79e-003  0.00e+000  3.05e-009  1.35e-004  1.37e-005  2.16e-008  
6.06254e+016 7.29e-021  8.96e-001  1.01e-001  0.00e+000  0.00e+000  3.63e-003  0.00e+000  1.63e-009  1.11e-004  9.88e-006  1.47e-008  
6.12860e+016 1.18e-020  8.98e-001  9.83e-002  0.00e+000  0.00e+000  3.50e-003  0.00e+000  8.90e-010  9.24e-005  7.67e-006  1.01e-008  
6.19772e+016 1.92e-020  9.01e-001  9.58e-002  0.00e+000  0.00e+000  3.38e-003  0.00e+000  4.86e-010  7.81e-005  6.51e-006  7.03e-009  
6.27006e+016 3.13e-020  9.03e-001  9.35e-002  0.00e+000  0.00e+000  3.26e-003  0.00e+000  2.66e-010  6.64e-005  5.90e-006  5.11e-009  
6.34752e+016 5.17e-020  9.05e-001  9.15e-002  0.00e+000  0.00e+000  3.17e-003  0.00e+000  1.45e-010  5.69e-005  5.76e-006  3.83e-009  
6.43223e+016 8.72e-020  9.07e-001  8.95e-002  0.00e+000  0.00e+000  3.09e-003  0.00e+000  7.85e-011  4.88e-005  5.88e-006  3.01e-009  
6.52408e+016 1.50e-019  9.09e-001  8.76e-002  0.00e+000  0.00e+000  2.99e-003  0.00e+000  4.22e-011  4.19e-005  6.17e-006  2.49e-009  
6.62440e+016 2.60e-019  9.12e-001  8.54e-002  0.00e+000  0.00e+000  2.94e-003  0.00e+000  2.25e-011  3.64e-005  6.69e-006  2.19e-009  
6.73219e+016 4.55e-019  9.14e-001  8.35e-002  0.00e+000  0.00e+000  2.90e-003  0.00e+000  1.20e-011  3.18e-005  7.38e-006  2.01e-009  
6.84641e+016 7.88e-019  9.15e-001  8.20e-002  0.00e+000  0.00e+000  2.86e-003  0.00e+000  6.60e-012  2.86e-005  8.24e-006  1.93e-009  
6.96945e+016 1.35e-018  9.17e-001  8.06e-002  0.00e+000  0.00e+000  2.84e-003  0.00e+000  3.73e-012  2.62e-005  9.24e-006  1.91e-009  
7.10391e+016 2.31e-018  9.17e-001  8.00e-002  0.00e+000  0.00e+000  2.82e-003  0.00e+000  2.16e-012  2.47e-005  1.06e-005  1.96e-009  
7.25155e+016 3.87e-018  9.17e-001  7.98e-002  0.00e+000  0.00e+000  2.84e-003  0.00e+000  1.30e-012  2.44e-005  1.22e-005  2.06e-009  
7.42223e+016 6.49e-018  9.17e-001  8.03e-002  0.00e+000  0.00e+000  2.88e-003  0.00e+000  8.06e-013  2.53e-005  1.46e-005  2.25e-009  
7.63108e+016 1.09e-017  9.15e-001  8.24e-002  0.00e+000  0.00e+000  2.96e-003  0.00e+000  5.17e-013  2.80e-005  1.78e-005  2.58e-009  
7.86896e+016 1.78e-017  9.12e-001  8.50e-002  0.00e+000  0.00e+000  3.07e-003  0.00e+000  3.59e-013  3.28e-005  2.20e-005  3.06e-009  
8.18150e+016 2.88e-017  9.05e-001  9.12e-002  0.00e+000  0.00e+000  3.29e-003  0.00e+000  2.70e-013  4.23e-005  2.85e-005  3.92e-009  
8.55776e+016 4.43e-017  8.95e-001  1.01e-001  0.00e+000  0.00e+000  3.59e-003  0.00e+000  2.32e-013  5.80e-005  3.72e-005  5.32e-009  
9.00548e+016 6.49e-017  8.81e-001  1.14e-001  0.00e+000  0.00e+000  4.07e-003  0.00e+000  2.30e-013  8.15e-005  4.92e-005  7.40e-009  
9.53916e+016 9.11e-017  8.61e-001  1.34e-001  0.00e+000  0.00e+000  4.73e-003  0.00e+000  2.63e-013  1.16e-004  6.43e-005  1.04e-008  
1.01535e+017 1.22e-016  8.34e-001  1.60e-001  0.00e+000  0.00e+000  5.58e-003  0.00e+000  3.45e-013  1.63e-004  8.26e-005  1.45e-008  
1.09249e+017 1.64e-016  7.94e-001  1.99e-001  0.00e+000  0.00e+000  6.78e-003  0.00e+000  5.14e-013  2.25e-004  1.06e-004  2.00e-008  
1.19176e+017 2.19e-016  7.27e-001  2.63e-001  0.00e+000  0.00e+000  8.83e-003  0.00e+000  8.10e-013  2.99e-004  1.40e-004  2.75e-008  
1.32448e+017 2.98e-016  6.08e-001  3.80e-001  0.00e+000  0.00e+000  1.19e-002  0.00e+000  9.98e-013  3.36e-004  1.80e-004  3.63e-008  
