! 0       CH3OCH3 + H -> CH3OCH2 + H2
! 1       CH3OCH3 + OH -> CH3OCH2 + H2O
! 2       *H + *CH3CHO -> CH3OCH2
! 3       CH3OCH3 + O -> CH3OCH2 + OH
! 4       CH3OCH3 + CH3 -> CH3OCH2 + CH4
! 5       *CH3OCH2 + He -> CH3OCH2 + He
! 6       *CH3OCH2 + H2 -> CH3OCH2 + H2
! 7       CH3OCH3 + O2 -> O2H + CH3OCH2
! 8       *CH3OCH2 + CO -> CH3OCH2 + CO
! 9       *CH3OCH2 + CRPhoton -> CH3OCH2
!            tot_rate   0          1          2          3          4          5          6          7          8          9          
1.58188e+013 3.47e-021  2.48e-040  4.79e-003  9.95e-001  2.15e-048  0.00e+000  0.00e+000  0.00e+000  0.00e+000  0.00e+000  6.26e-013  
3.50727e+014 3.47e-021  2.48e-040  4.79e-003  9.95e-001  2.15e-048  0.00e+000  0.00e+000  0.00e+000  0.00e+000  0.00e+000  6.26e-013  
5.21628e+015 3.47e-021  2.49e-040  4.79e-003  9.95e-001  2.15e-048  0.00e+000  0.00e+000  0.00e+000  0.00e+000  0.00e+000  6.26e-013  
2.67137e+016 4.38e-021  2.18e-040  3.82e-003  9.96e-001  1.96e-048  0.00e+000  0.00e+000  0.00e+000  0.00e+000  0.00e+000  6.24e-013  
3.33598e+016 5.67e-021  1.14e-039  2.96e-003  9.97e-001  2.01e-047  0.00e+000  0.00e+000  0.00e+000  0.00e+000  0.00e+000  6.48e-013  
3.42055e+016 4.56e-021  8.27e-039  3.69e-003  9.96e-001  2.72e-046  0.00e+000  0.00e+000  0.00e+000  0.00e+000  6.28e-072  8.10e-013  
3.44017e+016 4.22e-021  1.75e-038  3.98e-003  9.96e-001  7.23e-046  0.00e+000  0.00e+000  0.00e+000  0.00e+000  6.59e-056  8.75e-013  
3.46353e+016 3.80e-021  5.32e-038  4.42e-003  9.96e-001  3.13e-045  0.00e+000  0.00e+000  0.00e+000  0.00e+000  3.82e-025  9.69e-013  
3.48860e+016 3.32e-021  2.53e-037  5.07e-003  9.95e-001  2.45e-044  0.00e+000  0.00e+000  0.00e+000  0.00e+000  1.16e-016  1.11e-012  
3.51370e+016 2.83e-021  2.03e-036  5.94e-003  9.94e-001  3.86e-043  0.00e+000  0.00e+000  0.00e+000  0.00e+000  3.23e-011  1.30e-012  
3.53250e+016 2.46e-021  1.55e-035  6.88e-003  9.93e-001  5.66e-042  0.00e+000  0.00e+000  0.00e+000  0.00e+000  6.47e-010  1.51e-012  
3.55515e+016 2.03e-021  3.80e-034  8.58e-003  9.91e-001  3.82e-040  0.00e+000  0.00e+000  0.00e+000  0.00e+000  5.38e-009  1.85e-012  
3.57182e+016 1.75e-021  7.95e-033  1.06e-002  9.89e-001  2.10e-038  0.00e+000  0.00e+000  0.00e+000  0.00e+000  1.80e-008  2.21e-012  
3.58524e+016 1.57e-021  1.58e-031  1.30e-002  9.87e-001  1.06e-036  0.00e+000  5.65e-064  0.00e+000  0.00e+000  4.48e-008  2.59e-012  
3.60047e+016 1.44e-021  9.14e-030  1.63e-002  9.84e-001  2.18e-034  0.00e+000  4.59e-042  0.00e+000  0.00e+000  7.00e-008  3.14e-012  
3.61718e+016 1.30e-021  2.12e-027  2.16e-002  9.78e-001  2.70e-031  0.00e+000  4.58e-025  0.00e+000  0.00e+000  1.21e-007  3.99e-012  
3.62899e+016 1.18e-021  2.06e-025  2.73e-002  9.73e-001  1.03e-028  0.00e+000  3.52e-014  0.00e+000  0.00e+000  1.90e-007  4.77e-012  
3.63893e+016 1.09e-021  1.59e-023  3.45e-002  9.66e-001  2.83e-026  0.00e+000  4.63e-011  0.00e+000  0.00e+000  2.90e-007  5.58e-012  
3.64972e+016 1.01e-021  3.63e-021  5.65e-002  9.43e-001  2.78e-023  0.00e+000  3.21e-007  2.24e-059  0.00e+000  4.73e-007  6.53e-012  
3.66124e+016 1.02e-021  2.81e-018  1.44e-001  8.56e-001  1.06e-019  2.38e-072  3.92e-006  1.19e-040  0.00e+000  7.89e-007  7.23e-012  
3.67348e+016 1.28e-021  4.56e-015  3.79e-001  6.21e-001  8.96e-016  1.38e-060  1.88e-005  3.99e-027  0.00e+000  1.16e-006  6.43e-012  
3.68621e+016 2.32e-021  7.20e-012  6.77e-001  3.23e-001  6.34e-012  1.24e-048  3.91e-005  1.56e-011  0.00e+000  1.29e-006  3.91e-012  
3.69700e+016 4.66e-021  2.45e-009  8.47e-001  1.53e-001  5.77e-009  3.69e-039  5.23e-005  5.69e-008  0.00e+000  1.27e-006  2.13e-012  
3.70376e+016 7.56e-021  7.60e-008  9.10e-001  9.03e-002  2.75e-007  1.07e-033  5.76e-005  5.25e-007  0.00e+000  1.25e-006  1.40e-012  
3.71087e+016 1.29e-020  2.26e-006  9.49e-001  5.07e-002  1.07e-005  1.88e-028  5.93e-005  2.40e-006  0.00e+000  1.24e-006  8.71e-013  
3.71826e+016 2.27e-020  5.85e-005  9.73e-001  2.70e-002  2.99e-004  1.27e-023  5.81e-005  4.84e-006  0.00e+000  1.21e-006  5.15e-013  
3.72589e+016 4.14e-020  1.19e-003  9.80e-001  1.37e-002  5.19e-003  2.12e-019  5.29e-005  7.02e-006  1.42e-073  1.18e-006  2.87e-013  
3.73370e+016 8.11e-020  1.63e-002  9.28e-001  6.34e-003  4.96e-002  6.27e-016  4.24e-005  7.65e-006  2.12e-056  1.05e-006  1.44e-013  
3.74165e+016 2.09e-019  1.16e-001  6.71e-001  2.21e-003  2.11e-001  2.51e-013  2.45e-005  5.75e-006  2.52e-043  6.85e-007  5.46e-014  
3.74829e+016 6.90e-019  2.95e-001  3.78e-001  6.23e-004  3.26e-001  7.63e-012  1.06e-005  2.77e-006  2.95e-035  3.16e-007  1.65e-014  
3.75505e+016 2.91e-018  4.94e-001  1.91e-001  1.46e-004  3.15e-001  8.69e-011  3.67e-006  1.14e-006  5.53e-029  1.16e-007  4.22e-015  
3.76194e+016 1.34e-017  6.73e-001  8.95e-002  3.53e-005  2.37e-001  5.42e-010  1.38e-006  4.60e-007  6.23e-024  4.37e-008  1.16e-015  
3.76839e+016 5.66e-017  8.37e-001  4.43e-002  1.29e-005  1.19e-001  2.15e-009  8.05e-007  3.00e-007  5.79e-020  2.58e-008  5.31e-016  
3.76854e+016 5.85e-017  8.40e-001  4.36e-002  1.28e-005  1.16e-001  2.21e-009  8.06e-007  3.01e-007  7.00e-020  2.58e-008  5.27e-016  
3.76877e+016 6.17e-017  8.45e-001  4.24e-002  1.25e-005  1.12e-001  2.32e-009  8.05e-007  3.01e-007  9.52e-020  2.58e-008  5.23e-016  
3.76917e+016 6.76e-017  8.54e-001  4.06e-002  1.21e-005  1.05e-001  2.49e-009  8.08e-007  3.03e-007  1.58e-019  2.59e-008  5.17e-016  
3.76980e+016 7.83e-017  8.67e-001  3.77e-002  1.17e-005  9.53e-002  2.78e-009  8.27e-007  3.12e-007  3.52e-019  2.64e-008  5.16e-016  
3.77083e+016 9.97e-017  8.86e-001  3.35e-002  1.15e-005  8.07e-002  3.34e-009  9.02e-007  3.42e-007  1.26e-018  2.89e-008  5.41e-016  
3.77248e+016 1.48e-016  9.11e-001  2.75e-002  1.33e-005  6.15e-002  4.37e-009  1.26e-006  4.79e-007  9.11e-018  4.04e-008  7.09e-016  
3.77450e+016 2.43e-016  9.34e-001  2.17e-002  2.79e-005  4.40e-002  5.93e-009  3.96e-006  1.57e-006  8.97e-017  1.29e-007  2.09e-015  
3.77655e+016 3.98e-016  9.51e-001  1.74e-002  7.32e-005  3.17e-002  7.77e-009  5.28e-005  2.16e-005  7.19e-016  1.68e-006  2.62e-014  
3.77936e+016 5.57e-016  9.63e-001  1.44e-002  5.67e-008  2.30e-002  9.86e-009  6.84e-008  2.89e-008  4.63e-015  2.10e-009  3.11e-017  
3.78016e+016 6.10e-016  9.65e-001  1.37e-002  3.93e-008  2.10e-002  1.05e-008  5.31e-008  2.26e-008  7.75e-015  1.61e-009  2.36e-017  
3.78111e+016 6.82e-016  9.68e-001  1.30e-002  3.15e-008  1.88e-002  1.14e-008  4.87e-008  2.08e-008  1.43e-014  1.45e-009  2.08e-017  
3.78273e+016 8.26e-016  9.73e-001  1.18e-002  2.47e-008  1.55e-002  1.30e-008  4.71e-008  2.04e-008  4.03e-014  1.37e-009  1.93e-017  
3.78530e+016 1.12e-015  9.78e-001  1.04e-002  1.76e-008  1.13e-002  1.58e-008  4.68e-008  2.05e-008  2.00e-013  1.32e-009  1.77e-017  
3.78818e+016 1.61e-015  9.83e-001  9.45e-003  1.21e-008  7.90e-003  1.95e-008  4.54e-008  2.05e-008  1.11e-012  1.23e-009  1.59e-017  
3.79076e+016 2.20e-015  9.85e-001  9.04e-003  8.44e-009  5.72e-003  2.36e-008  4.27e-008  2.00e-008  4.68e-012  1.13e-009  1.40e-017  
3.79253e+016 2.74e-015  9.87e-001  8.92e-003  6.69e-009  4.57e-003  2.68e-008  3.87e-008  1.85e-008  1.20e-011  1.01e-009  1.22e-017  
3.79502e+016 3.71e-015  9.88e-001  9.01e-003  4.80e-009  3.32e-003  3.24e-008  3.40e-008  1.64e-008  4.18e-011  8.58e-010  9.98e-018  
3.79755e+016 5.04e-015  9.88e-001  9.27e-003  3.43e-009  2.40e-003  3.93e-008  2.86e-008  1.39e-008  1.38e-010  7.03e-010  7.92e-018  
3.79897e+016 5.97e-015  9.89e-001  9.47e-003  2.85e-009  1.99e-003  4.42e-008  2.56e-008  1.26e-008  2.58e-010  6.23e-010  6.90e-018  
3.79918e+016 6.13e-015  9.89e-001  9.49e-003  2.77e-009  1.94e-003  4.50e-008  2.53e-008  1.24e-008  2.84e-010  6.12e-010  6.75e-018  
3.79956e+016 6.40e-015  9.89e-001  9.54e-003  2.64e-009  1.84e-003  4.65e-008  2.45e-008  1.22e-008  3.33e-010  5.92e-010  6.53e-018  
3.80017e+016 6.89e-015  9.89e-001  9.63e-003  2.44e-009  1.70e-003  4.89e-008  2.34e-008  1.17e-008  4.28e-010  5.62e-010  6.14e-018  
3.80129e+016 7.84e-015  9.89e-001  9.80e-003  2.11e-009  1.47e-003  5.40e-008  2.16e-008  1.09e-008  6.74e-010  5.13e-010  5.52e-018  
3.80319e+016 9.79e-015  9.89e-001  9.79e-003  1.66e-009  1.13e-003  6.45e-008  1.86e-008  9.60e-009  1.42e-009  4.38e-010  4.61e-018  
3.80578e+016 1.32e-014  9.90e-001  9.00e-003  1.19e-009  7.86e-004  8.39e-008  1.52e-008  7.94e-009  3.70e-009  3.51e-010  3.58e-018  
3.80629e+016 1.40e-014  9.90e-001  8.84e-003  1.11e-009  7.34e-004  8.84e-008  1.46e-008  7.62e-009  4.41e-009  3.35e-010  3.40e-018  
3.80713e+016 1.53e-014  9.91e-001  8.60e-003  1.00e-009  6.50e-004  9.71e-008  1.38e-008  7.24e-009  5.83e-009  3.13e-010  3.15e-018  
3.80859e+016 1.81e-014  9.91e-001  8.09e-003  8.42e-010  5.23e-004  1.13e-007  1.24e-008  6.48e-009  9.19e-009  2.76e-010  2.74e-018  
3.81083e+016 2.32e-014  9.93e-001  7.12e-003  6.43e-010  3.67e-004  1.47e-007  1.03e-008  5.52e-009  1.85e-008  2.28e-010  2.21e-018  
3.81265e+016 2.69e-014  9.93e-001  6.66e-003  5.50e-010  2.84e-004  1.94e-007  9.45e-009  5.17e-009  3.31e-008  2.07e-010  1.96e-018  
3.81480e+016 2.72e-014  9.93e-001  6.95e-003  5.52e-010  2.40e-004  3.21e-007  1.01e-008  5.63e-009  7.02e-008  2.19e-010  2.04e-018  
3.81769e+016 2.76e-014  9.93e-001  6.85e-003  5.98e-010  1.80e-004  5.22e-007  1.20e-008  6.67e-009  1.96e-007  2.53e-010  2.29e-018  
3.81836e+016 2.77e-014  9.93e-001  6.75e-003  6.28e-010  1.66e-004  5.92e-007  1.27e-008  7.11e-009  2.44e-007  2.69e-010  2.42e-018  
3.81952e+016 2.79e-014  9.93e-001  6.49e-003  7.06e-010  1.42e-004  7.46e-007  1.48e-008  8.25e-009  3.47e-007  3.09e-010  2.76e-018  
3.82149e+016 2.80e-014  9.94e-001  5.86e-003  1.02e-009  1.07e-004  1.17e-006  2.22e-008  1.27e-008  6.40e-007  4.58e-010  4.04e-018  
3.82433e+016 2.77e-014  9.95e-001  4.58e-003  2.64e-009  6.31e-005  2.46e-006  6.06e-008  3.54e-008  1.47e-006  1.24e-009  1.06e-017  
3.82740e+016 2.66e-014  9.97e-001  3.05e-003  9.78e-009  3.06e-005  5.61e-006  2.42e-007  1.43e-007  2.07e-006  4.85e-009  4.06e-017  
3.83054e+016 2.41e-014  9.98e-001  1.69e-003  3.21e-008  1.18e-005  1.20e-005  8.57e-007  5.05e-007  2.05e-006  1.70e-008  1.39e-016  
3.83376e+016 2.00e-014  9.99e-001  7.84e-004  6.05e-008  3.40e-006  2.21e-005  1.74e-006  1.05e-006  2.03e-006  3.39e-008  2.72e-016  
3.83751e+016 1.35e-014  1.00e+000  3.37e-004  9.70e-008  5.37e-007  3.31e-005  2.99e-006  1.85e-006  2.01e-006  5.78e-008  4.52e-016  
3.84132e+016 6.65e-015  1.00e+000  2.80e-004  2.00e-007  6.72e-008  3.79e-005  6.55e-006  4.06e-006  2.00e-006  1.24e-007  9.50e-016  
3.84531e+016 1.95e-015  1.00e+000  4.04e-004  7.53e-007  2.39e-008  4.13e-005  2.59e-005  1.64e-005  1.97e-006  4.85e-007  3.63e-015  
3.84962e+016 2.34e-016  9.99e-001  5.81e-004  8.49e-006  2.15e-008  5.08e-005  3.03e-004  1.96e-004  1.93e-006  5.63e-006  4.11e-014  
3.85449e+016 5.72e-018  9.63e-001  5.82e-004  5.75e-004  2.06e-008  6.38e-005  2.13e-002  1.39e-002  1.84e-006  3.92e-004  2.78e-012  
3.85990e+016 3.81e-019  3.91e-002  1.36e-005  1.47e-002  8.78e-010  3.15e-006  5.66e-001  3.70e-001  7.24e-008  1.02e-002  7.11e-011  
3.86597e+016 5.42e-019  6.31e-003  9.61e-007  1.46e-002  1.77e-010  6.27e-007  5.79e-001  3.89e-001  1.13e-008  1.04e-002  7.05e-011  
3.87288e+016 5.71e-019  3.92e-003  6.08e-007  1.41e-002  1.73e-010  5.15e-007  5.78e-001  3.94e-001  6.71e-009  1.03e-002  6.79e-011  
3.88139e+016 3.44e-019  4.33e-003  9.63e-007  1.39e-002  3.14e-010  7.27e-007  5.76e-001  3.96e-001  6.81e-009  1.02e-002  6.52e-011  
3.89093e+016 8.42e-020  1.27e-002  4.11e-006  1.37e-002  1.41e-009  2.31e-006  5.68e-001  3.96e-001  1.73e-008  9.90e-003  6.21e-011  
3.90068e+016 8.67e-021  1.01e-001  4.28e-005  1.28e-002  1.50e-008  1.64e-005  5.14e-001  3.63e-001  1.12e-007  8.92e-003  5.48e-011  
3.91088e+016 2.21e-021  3.60e-001  1.80e-004  9.62e-003  6.28e-008  4.56e-005  3.64e-001  2.60e-001  3.10e-007  6.28e-003  3.80e-011  
3.92181e+016 2.48e-021  3.27e-001  1.74e-004  1.09e-002  5.98e-008  2.90e-005  3.82e-001  2.73e-001  2.04e-007  6.58e-003  3.92e-011  
3.93325e+016 2.91e-021  3.11e-001  1.60e-004  1.25e-002  5.36e-008  1.83e-005  3.91e-001  2.78e-001  1.35e-007  6.70e-003  3.95e-011  
3.94519e+016 3.27e-021  3.30e-001  1.55e-004  1.41e-002  4.99e-008  1.29e-005  3.79e-001  2.70e-001  9.73e-008  6.52e-003  3.82e-011  
3.95803e+016 3.52e-021  3.78e-001  1.55e-004  1.56e-002  4.72e-008  9.95e-006  3.50e-001  2.50e-001  7.45e-008  6.06e-003  3.53e-011  
3.97190e+016 3.67e-021  4.49e-001  1.56e-004  1.69e-002  4.39e-008  8.31e-006  3.08e-001  2.20e-001  5.88e-008  5.39e-003  3.13e-011  
3.98699e+016 3.76e-021  5.34e-001  1.53e-004  1.78e-002  3.91e-008  7.36e-006  2.59e-001  1.84e-001  4.63e-008  4.60e-003  2.66e-011  
4.00514e+016 3.80e-021  6.32e-001  1.45e-004  1.84e-002  3.21e-008  6.79e-006  2.03e-001  1.43e-001  3.45e-008  3.69e-003  2.14e-011  
4.02549e+016 3.79e-021  7.23e-001  1.31e-004  1.84e-002  2.43e-008  6.52e-006  1.51e-001  1.04e-001  2.47e-008  2.80e-003  1.64e-011  
4.04761e+016 3.69e-021  7.99e-001  1.16e-004  1.81e-002  1.74e-008  6.50e-006  1.08e-001  7.26e-002  1.70e-008  2.06e-003  1.23e-011  
4.07070e+016 3.51e-021  8.57e-001  1.00e-004  1.77e-002  1.20e-008  6.63e-006  7.52e-002  4.87e-002  1.14e-008  1.48e-003  9.11e-012  
4.09451e+016 3.25e-021  8.99e-001  8.71e-005  1.71e-002  8.07e-009  6.90e-006  5.05e-002  3.20e-002  7.51e-009  1.04e-003  6.59e-012  
4.11988e+016 2.90e-021  9.31e-001  7.55e-005  1.65e-002  5.34e-009  7.24e-006  3.23e-002  1.99e-002  4.76e-009  7.03e-004  4.62e-012  
4.14624e+016 2.52e-021  9.52e-001  6.59e-005  1.58e-002  3.55e-009  7.54e-006  1.98e-002  1.16e-002  2.88e-009  4.56e-004  3.15e-012  
4.17462e+016 2.03e-021  9.66e-001  5.86e-005  1.56e-002  2.40e-009  7.64e-006  1.17e-002  6.50e-003  1.63e-009  2.90e-004  2.12e-012  
4.20512e+016 1.38e-021  9.71e-001  5.33e-005  1.75e-002  1.72e-009  7.46e-006  7.25e-003  3.86e-003  8.48e-010  1.96e-004  1.54e-012  
4.23867e+016 6.52e-022  9.63e-001  4.94e-005  2.78e-002  1.31e-009  6.67e-006  5.72e-003  2.84e-003  3.80e-010  1.72e-004  1.47e-012  
4.27356e+016 1.96e-022  9.19e-001  4.55e-005  7.10e-002  1.09e-009  5.36e-006  6.64e-003  3.05e-003  1.58e-010  2.26e-004  2.13e-012  
4.30994e+016 6.15e-023  8.14e-001  3.97e-005  1.76e-001  1.09e-009  3.85e-006  6.75e-003  2.86e-003  5.90e-011  2.68e-004  2.81e-012  
4.34671e+016 3.02e-023  7.86e-001  3.81e-005  2.10e-001  1.40e-009  3.05e-006  2.65e-003  1.02e-003  2.42e-011  1.23e-004  1.47e-012  
4.38104e+016 2.47e-023  8.54e-001  3.32e-005  1.45e-001  1.65e-009  2.92e-006  5.54e-004  1.95e-004  1.21e-011  3.08e-005  4.17e-013  
4.41007e+016 3.17e-023  9.05e-001  2.51e-005  9.49e-002  1.64e-009  2.92e-006  1.27e-004  3.97e-005  6.78e-012  8.13e-006  1.23e-013  
4.42181e+016 4.19e-023  9.19e-001  2.20e-005  8.14e-002  1.62e-009  2.93e-006  6.94e-005  2.10e-005  5.34e-012  4.80e-006  7.61e-014  
4.42811e+016 5.43e-023  9.29e-001  2.08e-005  7.10e-002  1.68e-009  2.93e-006  4.79e-005  1.42e-005  4.74e-012  3.43e-006  5.57e-014  
4.43809e+016 7.55e-023  9.33e-001  2.00e-005  6.71e-002  1.66e-009  2.94e-006  3.06e-005  8.84e-006  3.88e-012  2.33e-006  3.96e-014  
4.45030e+016 1.26e-022  9.39e-001  1.85e-005  6.10e-002  1.56e-009  2.95e-006  1.77e-005  4.77e-006  3.09e-012  1.44e-006  2.57e-014  
4.45401e+016 1.60e-022  9.45e-001  1.73e-005  5.53e-002  1.48e-009  2.95e-006  1.38e-005  3.67e-006  2.90e-012  1.15e-006  2.09e-014  
4.45998e+016 2.35e-022  9.53e-001  1.64e-005  4.68e-002  1.41e-009  2.98e-006  9.40e-006  2.42e-006  2.67e-012  8.13e-007  1.51e-014  
4.46779e+016 3.20e-022  9.53e-001  1.61e-005  4.66e-002  1.38e-009  2.99e-006  7.00e-006  1.71e-006  2.36e-012  6.31e-007  1.22e-014  
4.48006e+016 5.74e-022  9.58e-001  1.48e-005  4.15e-002  1.29e-009  3.00e-006  4.03e-006  9.36e-007  1.97e-012  3.92e-007  8.03e-015  
4.48529e+016 7.77e-022  9.63e-001  1.33e-005  3.73e-002  1.21e-009  3.01e-006  3.01e-006  6.65e-007  1.83e-012  3.05e-007  6.38e-015  
4.48834e+016 1.03e-021  9.69e-001  1.24e-005  3.14e-002  1.12e-009  3.03e-006  2.29e-006  4.97e-007  1.78e-012  2.35e-007  5.01e-015  
4.49346e+016 1.32e-021  9.71e-001  1.24e-005  2.90e-002  1.11e-009  3.03e-006  1.79e-006  3.86e-007  1.68e-012  1.91e-007  4.16e-015  
4.49870e+016 1.59e-021  9.71e-001  1.23e-005  2.86e-002  1.10e-009  3.03e-006  1.49e-006  3.19e-007  1.57e-012  1.67e-007  3.72e-015  
4.50684e+016 2.17e-021  9.73e-001  1.17e-005  2.69e-002  1.06e-009  3.04e-006  1.11e-006  2.26e-007  1.43e-012  1.31e-007  3.03e-015  
4.51867e+016 3.50e-021  9.77e-001  1.06e-005  2.32e-002  9.77e-010  3.06e-006  7.05e-007  1.31e-007  1.26e-012  8.91e-008  2.20e-015  
4.51946e+016 3.66e-021  9.77e-001  9.74e-006  2.30e-002  9.58e-010  3.06e-006  6.69e-007  1.23e-007  6.90e-013  8.65e-008  2.13e-015  
4.52061e+016 4.05e-021  9.78e-001  8.82e-006  2.15e-002  8.72e-010  3.06e-006  6.08e-007  1.10e-007  6.10e-013  7.93e-008  1.97e-015  
4.52265e+016 4.63e-021  9.80e-001  8.77e-006  1.98e-002  8.33e-010  3.09e-006  5.31e-007  9.50e-008  5.98e-013  7.02e-008  1.76e-015  
4.52632e+016 5.49e-021  9.82e-001  8.76e-006  1.82e-002  8.31e-010  3.08e-006  4.52e-007  7.81e-008  5.79e-013  6.07e-008  1.55e-015  
4.53239e+016 6.63e-021  9.83e-001  8.72e-006  1.74e-002  8.29e-010  3.09e-006  3.77e-007  6.17e-008  5.37e-013  5.25e-008  1.39e-015  
4.54167e+016 8.59e-021  9.83e-001  8.25e-006  1.65e-002  7.95e-010  3.10e-006  2.94e-007  4.56e-008  3.98e-013  4.35e-008  1.21e-015  
4.55446e+016 1.26e-020  9.85e-001  7.28e-006  1.49e-002  7.18e-010  3.11e-006  2.03e-007  2.91e-008  2.25e-013  3.31e-008  9.85e-016  
4.55658e+016 1.34e-020  9.85e-001  7.09e-006  1.47e-002  7.05e-010  3.11e-006  1.90e-007  2.65e-008  1.74e-013  3.17e-008  9.55e-016  
4.55697e+016 1.36e-020  9.85e-001  6.57e-006  1.47e-002  6.99e-010  3.11e-006  1.87e-007  2.47e-008  1.00e-013  3.14e-008  9.49e-016  
4.55761e+016 1.40e-020  9.85e-001  5.89e-006  1.45e-002  6.65e-010  3.12e-006  1.82e-007  2.36e-008  8.57e-014  3.07e-008  9.28e-016  
4.55871e+016 1.48e-020  9.86e-001  5.63e-006  1.40e-002  6.09e-010  3.11e-006  1.72e-007  2.22e-008  8.44e-014  2.92e-008  8.91e-016  
4.56066e+016 1.60e-020  9.87e-001  5.61e-006  1.34e-002  5.83e-010  3.13e-006  1.59e-007  2.04e-008  8.37e-014  2.73e-008  8.43e-016  
4.56410e+016 1.79e-020  9.87e-001  5.58e-006  1.28e-002  5.80e-010  3.13e-006  1.42e-007  1.80e-008  8.20e-014  2.51e-008  7.92e-016  
4.56849e+016 2.01e-020  9.87e-001  5.64e-006  1.25e-002  5.79e-010  3.14e-006  1.26e-007  1.58e-008  7.98e-014  2.33e-008  7.48e-016  
4.57241e+016 2.20e-020  9.88e-001  5.55e-006  1.23e-002  5.74e-010  3.13e-006  1.16e-007  1.40e-008  7.42e-014  2.19e-008  7.19e-016  
4.57850e+016 2.50e-020  9.88e-001  5.32e-006  1.21e-002  5.56e-010  3.14e-006  1.02e-007  1.16e-008  6.12e-014  2.01e-008  6.84e-016  
4.58802e+016 3.07e-020  9.88e-001  4.83e-006  1.18e-002  5.19e-010  3.15e-006  8.28e-008  8.32e-009  4.04e-014  1.75e-008  6.36e-016  
4.59720e+016 3.73e-020  9.89e-001  4.31e-006  1.14e-002  4.77e-010  3.16e-006  6.75e-008  6.11e-009  2.56e-014  1.53e-008  5.87e-016  
4.59734e+016 3.74e-020  9.89e-001  4.27e-006  1.14e-002  4.76e-010  2.91e-006  6.71e-008  5.93e-009  1.96e-014  1.53e-008  5.88e-016  
4.59759e+016 3.76e-020  9.89e-001  4.01e-006  1.14e-002  4.73e-010  2.42e-006  6.59e-008  5.77e-009  1.11e-014  1.53e-008  5.85e-016  
4.59802e+016 3.80e-020  9.89e-001  3.58e-006  1.14e-002  4.63e-010  2.24e-006  6.47e-008  5.57e-009  8.70e-015  1.52e-008  5.84e-016  
4.59873e+016 3.87e-020  9.89e-001  3.28e-006  1.14e-002  4.39e-010  2.24e-006  6.35e-008  5.42e-009  8.60e-015  1.50e-008  5.81e-016  
4.59993e+016 4.02e-020  9.89e-001  3.16e-006  1.12e-002  4.03e-010  2.24e-006  6.13e-008  5.16e-009  8.52e-015  1.46e-008  5.68e-016  
4.60196e+016 4.23e-020  9.89e-001  3.15e-006  1.10e-002  3.81e-010  2.24e-006  5.82e-008  4.76e-009  8.45e-015  1.40e-008  5.51e-016  
4.60580e+016 4.59e-020  9.89e-001  3.16e-006  1.08e-002  3.75e-010  2.24e-006  5.34e-008  4.10e-009  8.35e-015  1.32e-008  5.32e-016  
4.61139e+016 5.07e-020  9.89e-001  3.17e-006  1.07e-002  3.76e-010  2.25e-006  4.77e-008  3.53e-009  8.10e-015  1.23e-008  5.14e-016  
4.61801e+016 5.55e-020  9.89e-001  3.17e-006  1.09e-002  3.82e-010  2.23e-006  4.25e-008  3.04e-009  7.12e-015  1.17e-008  5.10e-016  
4.62829e+016 6.37e-020  9.89e-001  3.14e-006  1.12e-002  3.94e-010  2.20e-006  3.56e-008  2.29e-009  5.07e-015  1.08e-008  5.02e-016  
4.63958e+016 7.43e-020  9.89e-001  3.09e-006  1.14e-002  4.13e-010  2.14e-006  2.92e-008  1.56e-009  3.20e-015  9.67e-009  4.88e-016  
4.64165e+016 7.51e-020  9.88e-001  3.13e-006  1.16e-002  4.24e-010  2.12e-006  2.84e-008  1.45e-009  2.77e-015  9.66e-009  4.94e-016  
4.64187e+016 6.51e-020  9.87e-001  3.50e-006  1.35e-002  4.92e-010  2.04e-006  3.23e-008  1.61e-009  1.75e-015  1.12e-008  5.72e-016  
4.64224e+016 5.80e-020  9.85e-001  3.59e-006  1.52e-002  5.62e-010  1.98e-006  3.60e-008  1.67e-009  1.15e-015  1.26e-008  6.45e-016  
4.64286e+016 5.81e-020  9.85e-001  3.20e-006  1.53e-002  5.72e-010  1.96e-006  3.58e-008  1.61e-009  1.02e-015  1.26e-008  6.47e-016  
4.64396e+016 6.20e-020  9.85e-001  2.94e-006  1.46e-002  5.39e-010  1.97e-006  3.32e-008  1.48e-009  1.01e-015  1.18e-008  6.13e-016  
4.64596e+016 6.86e-020  9.86e-001  2.87e-006  1.36e-002  4.98e-010  1.97e-006  2.96e-008  1.30e-009  1.01e-015  1.08e-008  5.67e-016  
4.64933e+016 7.87e-020  9.88e-001  2.87e-006  1.24e-002  4.75e-010  1.97e-006  2.53e-008  1.08e-009  1.00e-015  9.51e-009  5.12e-016  
4.65501e+016 9.27e-020  9.89e-001  2.88e-006  1.14e-002  4.68e-010  1.99e-006  2.09e-008  8.19e-010  9.90e-016  8.18e-009  4.60e-016  
4.66259e+016 1.05e-019  9.89e-001  2.87e-006  1.11e-002  4.79e-010  1.97e-006  1.77e-008  5.85e-010  8.71e-016  7.33e-009  4.36e-016  
4.67450e+016 1.19e-019  9.89e-001  2.81e-006  1.15e-002  5.16e-010  1.92e-006  1.41e-008  4.16e-010  5.68e-016  6.60e-009  4.31e-016  
4.68726e+016 1.36e-019  9.88e-001  2.68e-006  1.19e-002  5.76e-010  1.83e-006  1.08e-008  2.59e-010  3.08e-016  5.92e-009  4.25e-016  
4.69009e+016 1.40e-019  9.88e-001  2.63e-006  1.20e-002  5.93e-010  1.80e-006  1.01e-008  2.26e-010  2.64e-016  5.76e-009  4.23e-016  
4.69024e+016 1.35e-019  9.88e-001  2.69e-006  1.25e-002  6.17e-010  1.78e-006  1.04e-008  2.27e-010  2.31e-016  5.97e-009  4.39e-016  
4.69048e+016 1.23e-019  9.86e-001  2.77e-006  1.37e-002  6.83e-010  1.73e-006  1.15e-008  2.36e-010  1.63e-016  6.55e-009  4.83e-016  
4.69090e+016 1.10e-019  9.85e-001  2.72e-006  1.54e-002  7.82e-010  1.66e-006  1.28e-008  2.34e-010  1.02e-016  7.30e-009  5.40e-016  
4.69160e+016 1.01e-019  9.83e-001  2.46e-006  1.68e-002  8.90e-010  1.60e-006  1.36e-008  2.14e-010  6.74e-017  7.95e-009  5.89e-016  
4.69279e+016 1.04e-019  9.83e-001  2.10e-006  1.66e-002  9.27e-010  1.59e-006  1.30e-008  2.01e-010  6.08e-017  7.72e-009  5.78e-016  
4.69476e+016 1.13e-019  9.84e-001  1.99e-006  1.56e-002  9.31e-010  1.59e-006  1.17e-008  1.79e-010  6.04e-017  7.09e-009  5.40e-016  
4.69806e+016 1.28e-019  9.86e-001  1.97e-006  1.43e-002  9.23e-010  1.60e-006  9.94e-009  1.50e-010  6.01e-017  6.26e-009  4.90e-016  
4.70337e+016 1.50e-019  9.87e-001  1.97e-006  1.30e-002  9.07e-010  1.60e-006  7.87e-009  1.16e-010  5.98e-017  5.35e-009  4.36e-016  
4.70622e+016 1.61e-019  9.87e-001  1.96e-006  1.25e-002  9.07e-010  1.60e-006  7.08e-009  1.01e-010  5.84e-017  4.98e-009  4.16e-016  
4.71061e+016 1.73e-019  9.88e-001  1.95e-006  1.22e-002  9.30e-010  1.59e-006  6.30e-009  8.32e-011  5.37e-017  4.62e-009  4.00e-016  
4.71746e+016 1.88e-019  9.88e-001  1.87e-006  1.22e-002  9.93e-010  1.56e-006  5.36e-009  6.05e-011  4.22e-017  4.21e-009  3.86e-016  
4.72860e+016 2.06e-019  9.87e-001  1.68e-006  1.25e-002  1.19e-009  1.48e-006  4.21e-009  3.55e-011  2.40e-017  3.76e-009  3.83e-016  
4.74240e+016 2.23e-019  9.87e-001  1.43e-006  1.33e-002  1.64e-009  1.38e-006  3.06e-009  1.90e-011  1.01e-017  3.36e-009  3.87e-016  
4.74305e+016 2.24e-019  9.87e-001  1.42e-006  1.33e-002  1.67e-009  1.37e-006  3.01e-009  1.84e-011  9.64e-018  3.34e-009  3.87e-016  
4.74313e+016 2.24e-019  9.87e-001  1.42e-006  1.33e-002  1.67e-009  1.37e-006  3.00e-009  1.83e-011  9.51e-018  3.34e-009  3.87e-016  
4.74348e+016 2.20e-019  9.86e-001  1.42e-006  1.36e-002  1.72e-009  1.35e-006  3.04e-009  1.81e-011  8.64e-018  3.40e-009  3.95e-016  
4.74406e+016 2.08e-019  9.85e-001  1.42e-006  1.45e-002  1.86e-009  1.31e-006  3.17e-009  1.74e-011  6.39e-018  3.58e-009  4.18e-016  
4.74503e+016 1.88e-019  9.84e-001  1.36e-006  1.62e-002  2.17e-009  1.24e-006  3.37e-009  1.49e-011  3.76e-018  3.95e-009  4.64e-016  
4.74676e+016 1.70e-019  9.82e-001  1.18e-006  1.82e-002  2.70e-009  1.16e-006  3.54e-009  1.43e-011  1.94e-018  4.36e-009  5.17e-016  
4.74972e+016 1.68e-019  9.81e-001  9.87e-007  1.89e-002  3.37e-009  1.11e-006  3.35e-009  1.22e-011  1.21e-018  4.36e-009  5.31e-016  
4.75283e+016 1.81e-019  9.82e-001  9.27e-007  1.81e-002  3.77e-009  1.09e-006  2.95e-009  9.49e-012  1.08e-018  4.00e-009  5.03e-016  
4.75365e+016 1.85e-019  9.82e-001  9.23e-007  1.79e-002  3.85e-009  1.10e-006  2.85e-009  8.85e-012  1.07e-018  3.91e-009  4.94e-016  
4.75556e+016 1.94e-019  9.83e-001  9.16e-007  1.73e-002  4.03e-009  1.10e-006  2.63e-009  7.92e-012  1.06e-018  3.70e-009  4.77e-016  
4.75856e+016 2.09e-019  9.83e-001  9.17e-007  1.66e-002  4.23e-009  1.10e-006  2.32e-009  6.92e-012  1.04e-018  3.39e-009  4.52e-016  
4.76342e+016 2.31e-019  9.84e-001  9.06e-007  1.58e-002  4.55e-009  1.09e-006  1.90e-009  5.38e-012  9.32e-019  3.03e-009  4.23e-016  
4.77120e+016 2.54e-019  9.85e-001  8.62e-007  1.55e-002  5.24e-009  1.05e-006  1.42e-009  3.34e-012  6.66e-019  2.68e-009  4.02e-016  
4.78339e+016 2.74e-019  9.84e-001  7.62e-007  1.60e-002  7.03e-009  9.69e-007  1.05e-009  1.75e-012  2.98e-019  2.35e-009  4.01e-016  
4.79819e+016 2.85e-019  9.82e-001  6.46e-007  1.76e-002  1.13e-008  8.46e-007  6.98e-010  5.72e-013  8.39e-020  2.10e-009  4.17e-016  
4.80101e+016 2.85e-019  9.82e-001  6.31e-007  1.81e-002  1.24e-008  8.24e-007  6.52e-010  4.87e-013  6.42e-020  2.07e-009  4.24e-016  
4.80156e+016 2.85e-019  9.82e-001  6.28e-007  1.82e-002  1.27e-008  8.17e-007  6.45e-010  4.70e-013  6.03e-020  2.06e-009  4.24e-016  
4.80288e+016 2.84e-019  9.82e-001  6.19e-007  1.85e-002  1.34e-008  8.02e-007  6.23e-010  4.36e-013  5.14e-020  2.05e-009  4.29e-016  
4.80511e+016 2.79e-019  9.81e-001  6.09e-007  1.92e-002  1.48e-008  7.77e-007  5.98e-010  3.79e-013  3.79e-020  2.06e-009  4.40e-016  
4.80875e+016 2.73e-019  9.80e-001  5.87e-007  2.03e-002  1.75e-008  7.34e-007  5.43e-010  2.85e-013  2.26e-020  2.07e-009  4.59e-016  
4.81463e+016 2.65e-019  9.78e-001  5.70e-007  2.20e-002  2.29e-008  6.72e-007  4.61e-010  1.65e-013  1.04e-020  2.05e-009  4.87e-016  
4.82445e+016 2.63e-019  9.76e-001  5.73e-007  2.41e-002  3.41e-008  5.92e-007  3.48e-010  9.34e-014  3.44e-021  1.94e-009  5.16e-016  
4.83636e+016 2.63e-019  9.73e-001  6.31e-007  2.68e-002  5.36e-008  5.09e-007  2.31e-010  3.59e-014  9.35e-022  1.80e-009  5.47e-016  
4.84912e+016 2.55e-019  9.69e-001  7.73e-007  3.08e-002  8.75e-008  4.20e-007  1.44e-010  1.24e-014  1.89e-022  1.71e-009  6.04e-016  
4.86294e+016 2.37e-019  9.63e-001  1.08e-006  3.74e-002  1.53e-007  3.31e-007  8.65e-011  4.19e-015  2.60e-023  1.67e-009  6.97e-016  
4.87591e+016 2.16e-019  9.54e-001  1.60e-006  4.59e-002  2.62e-007  2.54e-007  5.23e-011  1.17e-015  3.15e-024  1.67e-009  8.15e-016  
4.88968e+016 1.91e-019  9.42e-001  2.60e-006  5.81e-002  4.65e-007  1.85e-007  2.99e-011  2.50e-016  2.59e-025  1.68e-009  9.89e-016  
4.90444e+016 1.64e-019  9.23e-001  4.65e-006  7.70e-002  8.68e-007  1.23e-007  1.52e-011  4.08e-017  1.20e-026  1.74e-009  1.24e-015  
4.91980e+016 1.35e-019  8.94e-001  9.01e-006  1.06e-001  1.67e-006  7.53e-008  6.82e-012  5.21e-018  3.18e-028  1.82e-009  1.62e-015  
4.93317e+016 1.13e-019  8.58e-001  1.67e-005  1.42e-001  2.49e-006  4.53e-008  3.00e-012  6.40e-019  8.51e-030  1.93e-009  2.07e-015  
4.94239e+016 9.93e-020  8.25e-001  2.59e-005  1.75e-001  3.10e-006  3.04e-008  1.45e-012  8.74e-020  5.28e-031  1.99e-009  2.48e-015  
4.95192e+016 8.69e-020  7.82e-001  4.13e-005  2.17e-001  3.84e-006  1.91e-008  6.94e-013  1.45e-020  2.26e-032  2.06e-009  2.97e-015  
4.96202e+016 7.61e-020  7.31e-001  6.77e-005  2.69e-001  4.70e-006  1.11e-008  3.74e-013  2.77e-021  6.07e-034  2.10e-009  3.57e-015  
4.97297e+016 6.69e-020  6.64e-001  1.15e-004  3.36e-001  5.69e-006  5.72e-009  1.54e-013  2.15e-022  8.40e-036  2.11e-009  4.29e-015  
4.98461e+016 5.92e-020  5.81e-001  1.99e-004  4.19e-001  6.70e-006  2.53e-009  4.85e-014  9.56e-024  5.13e-038  2.06e-009  5.15e-015  
4.99670e+016 5.35e-020  4.88e-001  3.48e-004  5.12e-001  7.60e-006  9.75e-010  1.15e-014  2.60e-025  1.46e-040  1.96e-009  6.07e-015  
5.00936e+016 4.96e-020  3.87e-001  6.02e-004  6.13e-001  8.14e-006  3.04e-010  1.67e-015  4.90e-027  1.41e-043  1.80e-009  6.99e-015  
5.02240e+016 4.74e-020  2.87e-001  1.09e-003  7.12e-001  8.13e-006  7.58e-011  1.11e-016  8.09e-030  4.39e-047  1.56e-009  7.83e-015  
5.03584e+016 4.68e-020  1.98e-001  2.00e-003  8.00e-001  7.50e-006  1.48e-011  8.68e-018  5.84e-032  4.04e-051  1.27e-009  8.49e-015  
5.05026e+016 4.77e-020  1.21e-001  3.69e-003  8.75e-001  6.15e-006  1.88e-012  9.88e-019  1.35e-034  4.03e-056  9.42e-010  8.94e-015  
5.05959e+016 4.95e-020  8.71e-002  5.30e-003  9.08e-001  5.22e-006  4.71e-013  1.17e-019  4.97e-037  1.90e-059  7.52e-010  9.08e-015  
5.06957e+016 5.20e-020  6.00e-002  7.63e-003  9.32e-001  4.23e-006  9.92e-014  7.61e-021  8.27e-040  3.58e-063  6.06e-010  9.11e-015  
5.07988e+016 5.53e-020  4.00e-002  1.10e-002  9.49e-001  3.27e-006  1.83e-014  3.09e-022  3.83e-042  3.34e-067  4.68e-010  9.08e-015  
5.09058e+016 5.96e-020  2.67e-002  1.56e-002  9.58e-001  2.50e-006  3.25e-015  8.12e-024  3.29e-045  2.55e-071  3.44e-010  8.96e-015  
5.10237e+016 6.53e-020  1.66e-002  2.25e-002  9.61e-001  1.78e-006  4.35e-016  1.24e-025  9.59e-049  4.32e-076  2.33e-010  8.78e-015  
5.11496e+016 7.24e-020  9.89e-003  3.27e-002  9.57e-001  1.19e-006  4.88e-017  1.12e-027  1.07e-052  0.00e+000  1.44e-010  8.54e-015  
5.12843e+016 8.14e-020  5.75e-003  4.76e-002  9.47e-001  7.65e-007  4.70e-018  2.20e-029  4.06e-057  0.00e+000  7.10e-011  7.37e-015  
5.14296e+016 9.34e-020  3.07e-003  6.97e-002  9.27e-001  4.48e-007  3.27e-019  7.57e-031  5.24e-059  0.00e+000  2.96e-011  6.25e-015  
5.15425e+016 1.05e-019  1.96e-003  9.20e-002  9.06e-001  2.99e-007  4.53e-020  5.51e-032  1.62e-062  0.00e+000  1.51e-011  5.50e-015  
5.16792e+016 1.21e-019  1.14e-003  1.26e-001  8.73e-001  1.81e-007  4.17e-021  1.61e-034  1.18e-067  0.00e+000  5.64e-012  4.69e-015  
5.18319e+016 1.45e-019  5.89e-004  1.74e-001  8.25e-001  9.70e-008  2.54e-022  1.81e-037  2.08e-073  0.00e+000  1.52e-012  3.89e-015  
5.19950e+016 1.80e-019  2.59e-004  2.38e-001  7.62e-001  4.28e-008  8.57e-024  9.57e-041  0.00e+000  0.00e+000  2.73e-013  3.13e-015  
5.21655e+016 2.31e-019  1.18e-004  3.15e-001  6.85e-001  1.92e-008  3.26e-025  1.79e-044  0.00e+000  0.00e+000  3.37e-014  2.46e-015  
5.23457e+016 3.08e-019  4.84e-005  4.03e-001  5.97e-001  7.60e-009  8.99e-027  2.39e-046  0.00e+000  0.00e+000  2.93e-015  1.87e-015  
5.25384e+016 4.31e-019  2.03e-005  5.01e-001  4.99e-001  3.04e-009  2.81e-028  3.43e-051  0.00e+000  0.00e+000  4.04e-016  1.37e-015  
5.27451e+016 6.33e-019  7.38e-006  5.97e-001  4.03e-001  1.02e-009  5.45e-030  1.08e-055  0.00e+000  0.00e+000  1.77e-017  9.64e-016  
5.29668e+016 9.72e-019  2.83e-006  6.86e-001  3.14e-001  3.57e-010  1.36e-031  1.01e-060  0.00e+000  0.00e+000  3.14e-019  6.56e-016  
5.31993e+016 1.53e-018  9.23e-007  7.60e-001  2.40e-001  1.04e-010  2.01e-033  2.23e-066  0.00e+000  0.00e+000  1.19e-021  4.39e-016  
5.34440e+016 2.45e-018  3.48e-007  8.19e-001  1.81e-001  3.48e-011  5.09e-035  1.30e-067  0.00e+000  0.00e+000  1.04e-024  2.90e-016  
5.36995e+016 3.95e-018  1.09e-007  8.64e-001  1.36e-001  9.42e-012  6.82e-037  8.03e-076  0.00e+000  0.00e+000  2.02e-027  1.93e-016  
5.39765e+016 6.47e-018  4.02e-008  8.99e-001  1.01e-001  3.02e-012  1.65e-038  0.00e+000  0.00e+000  0.00e+000  5.03e-031  1.27e-016  
5.42627e+016 1.04e-017  1.35e-008  9.23e-001  7.67e-002  8.55e-013  2.80e-040  0.00e+000  0.00e+000  0.00e+000  3.17e-035  8.52e-017  
5.45738e+016 1.69e-017  4.20e-009  9.42e-001  5.78e-002  2.19e-013  3.48e-042  0.00e+000  0.00e+000  0.00e+000  1.98e-039  5.72e-017  
5.49079e+016 2.71e-017  1.47e-009  9.56e-001  4.43e-002  6.38e-014  6.64e-044  0.00e+000  0.00e+000  0.00e+000  1.15e-044  3.91e-017  
5.52575e+016 4.27e-017  4.83e-010  9.66e-001  3.42e-002  1.70e-014  9.73e-046  0.00e+000  0.00e+000  0.00e+000  1.11e-049  2.74e-017  
5.56155e+016 6.48e-017  1.47e-010  9.73e-001  2.70e-002  4.09e-015  1.02e-047  0.00e+000  0.00e+000  0.00e+000  1.13e-055  1.98e-017  
5.59918e+016 9.58e-017  5.48e-011  9.78e-001  2.19e-002  1.25e-015  2.25e-049  0.00e+000  0.00e+000  0.00e+000  1.81e-061  1.47e-017  
5.63913e+016 1.39e-016  1.96e-011  9.82e-001  1.81e-002  3.59e-016  4.12e-051  0.00e+000  0.00e+000  0.00e+000  2.07e-067  1.13e-017  
5.68226e+016 1.96e-016  6.48e-012  9.85e-001  1.51e-002  9.24e-017  5.21e-053  0.00e+000  0.00e+000  0.00e+000  1.36e-079  8.88e-018  
5.72780e+016 2.67e-016  1.92e-012  9.87e-001  1.30e-002  2.07e-017  4.00e-055  0.00e+000  0.00e+000  0.00e+000  4.79e-081  7.22e-018  
5.77650e+016 3.56e-016  7.11e-013  9.89e-001  1.14e-002  6.07e-018  7.25e-057  0.00e+000  0.00e+000  0.00e+000  0.00e+000  6.07e-018  
5.82707e+016 4.54e-016  2.58e-013  9.90e-001  1.03e-002  1.74e-018  1.16e-058  0.00e+000  0.00e+000  0.00e+000  0.00e+000  5.31e-018  
5.88124e+016 5.60e-016  8.62e-014  9.91e-001  9.48e-003  4.44e-019  1.24e-060  0.00e+000  0.00e+000  0.00e+000  0.00e+000  4.82e-018  
5.93801e+016 6.69e-016  2.60e-014  9.91e-001  8.95e-003  1.01e-019  8.51e-063  0.00e+000  0.00e+000  0.00e+000  0.00e+000  4.51e-018  
5.99878e+016 7.75e-016  9.73e-015  9.91e-001  8.65e-003  2.97e-020  1.34e-064  0.00e+000  0.00e+000  0.00e+000  0.00e+000  4.38e-018  
6.06254e+016 8.73e-016  3.34e-015  9.92e-001  8.48e-003  7.93e-021  1.48e-066  0.00e+000  0.00e+000  0.00e+000  0.00e+000  4.36e-018  
6.12860e+016 9.60e-016  1.16e-015  9.92e-001  8.46e-003  2.14e-021  1.64e-068  0.00e+000  0.00e+000  0.00e+000  0.00e+000  4.46e-018  
6.19772e+016 1.04e-015  3.91e-016  9.92e-001  8.50e-003  5.66e-022  1.69e-070  0.00e+000  0.00e+000  0.00e+000  0.00e+000  4.65e-018  
6.27006e+016 1.11e-015  1.29e-016  9.91e-001  8.59e-003  1.46e-022  1.61e-072  0.00e+000  0.00e+000  0.00e+000  0.00e+000  4.91e-018  
6.34752e+016 1.18e-015  3.99e-017  9.91e-001  8.64e-003  3.51e-023  1.23e-074  0.00e+000  0.00e+000  0.00e+000  0.00e+000  5.24e-018  
6.43223e+016 1.25e-015  1.13e-017  9.91e-001  8.79e-003  7.57e-024  6.58e-077  0.00e+000  0.00e+000  0.00e+000  0.00e+000  5.68e-018  
6.52408e+016 1.33e-015  2.89e-018  9.91e-001  8.86e-003  1.48e-024  2.58e-079  0.00e+000  0.00e+000  0.00e+000  0.00e+000  6.20e-018  
6.62440e+016 1.42e-015  6.66e-019  9.91e-001  8.93e-003  2.54e-025  0.00e+000  0.00e+000  0.00e+000  0.00e+000  0.00e+000  6.86e-018  
6.73219e+016 1.53e-015  1.40e-019  9.91e-001  8.93e-003  3.98e-026  0.00e+000  0.00e+000  0.00e+000  0.00e+000  0.00e+000  7.63e-018  
6.84641e+016 1.64e-015  2.78e-020  9.91e-001  9.00e-003  5.84e-027  0.00e+000  0.00e+000  0.00e+000  0.00e+000  0.00e+000  8.63e-018  
6.96945e+016 1.77e-015  5.01e-021  9.91e-001  9.12e-003  7.64e-028  0.00e+000  0.00e+000  0.00e+000  0.00e+000  0.00e+000  9.97e-018  
7.10391e+016 1.92e-015  8.60e-022  9.91e-001  9.18e-003  9.75e-029  0.00e+000  0.00e+000  0.00e+000  0.00e+000  0.00e+000  1.16e-017  
7.25155e+016 2.08e-015  1.20e-022  9.91e-001  9.28e-003  9.62e-030  0.00e+000  0.00e+000  0.00e+000  0.00e+000  0.00e+000  1.40e-017  
7.42223e+016 2.27e-015  1.33e-023  9.91e-001  9.42e-003  7.31e-031  0.00e+000  0.00e+000  0.00e+000  0.00e+000  0.00e+000  1.74e-017  
7.63108e+016 2.51e-015  8.91e-025  9.90e-001  9.66e-003  3.10e-032  0.00e+000  0.00e+000  0.00e+000  0.00e+000  0.00e+000  2.30e-017  
7.86896e+016 2.77e-015  4.81e-026  9.90e-001  1.00e-002  1.03e-033  0.00e+000  0.00e+000  0.00e+000  0.00e+000  0.00e+000  3.23e-017  
8.18150e+016 3.03e-015  1.19e-027  9.89e-001  1.08e-002  1.38e-035  0.00e+000  0.00e+000  0.00e+000  0.00e+000  0.00e+000  5.21e-017  
8.55776e+016 3.26e-015  1.81e-029  9.88e-001  1.19e-002  1.06e-037  0.00e+000  0.00e+000  0.00e+000  0.00e+000  0.00e+000  9.42e-017  
9.00548e+016 3.39e-015  1.73e-031  9.87e-001  1.35e-002  4.78e-040  0.00e+000  0.00e+000  0.00e+000  0.00e+000  0.00e+000  1.92e-016  
9.53916e+016 3.39e-015  1.06e-033  9.85e-001  1.53e-002  1.31e-042  0.00e+000  0.00e+000  0.00e+000  0.00e+000  0.00e+000  4.42e-016  
1.01535e+017 3.26e-015  5.37e-036  9.83e-001  1.72e-002  3.01e-045  0.00e+000  0.00e+000  0.00e+000  0.00e+000  0.00e+000  1.09e-015  
1.09249e+017 2.96e-015  1.72e-038  9.81e-001  1.88e-002  4.09e-048  0.00e+000  0.00e+000  0.00e+000  0.00e+000  0.00e+000  2.99e-015  
1.19176e+017 2.46e-015  4.27e-041  9.81e-001  1.95e-002  4.05e-051  0.00e+000  0.00e+000  0.00e+000  0.00e+000  0.00e+000  7.97e-015  
1.32448e+017 1.69e-015  1.27e-043  9.82e-001  1.84e-002  3.89e-054  0.00e+000  0.00e+000  0.00e+000  0.00e+000  0.00e+000  1.51e-014  
