! 0       CH3CHO + GRAIN -> *CH3CHO + GRAIN
! 1       *H + *CH3CO -> *CH3CHO
! 2       *CH3 + *HCO -> *CH3CHO
! 3       *CH3COCH3 + CRPhoton -> *CH3CHO + *CH2
! 4       *CH3COCH3 + ISPhoton -> *CH3CHO + *CH2
!            tot_rate   0          1          2          3          4          
1.58188e+013 3.45e-019  6.93e-002  9.31e-001  3.54e-005  5.25e-007  4.84e-014  
3.50727e+014 3.45e-019  6.93e-002  9.31e-001  3.54e-005  5.25e-007  4.84e-014  
5.21628e+015 3.45e-019  6.96e-002  9.30e-001  3.54e-005  5.25e-007  4.84e-014  
2.67137e+016 4.36e-019  2.11e-001  7.89e-001  2.75e-005  4.18e-007  3.85e-014  
3.33598e+016 5.64e-019  2.98e-001  7.02e-001  3.40e-005  3.28e-007  3.03e-014  
3.42055e+016 4.54e-019  2.82e-001  7.18e-001  9.14e-005  4.10e-007  3.79e-014  
3.44017e+016 4.20e-019  2.76e-001  7.24e-001  1.31e-004  4.45e-007  4.12e-014  
3.46353e+016 3.78e-019  2.70e-001  7.30e-001  2.25e-004  4.95e-007  4.60e-014  
3.48860e+016 3.30e-019  2.62e-001  7.37e-001  4.76e-004  5.70e-007  5.28e-014  
3.51370e+016 2.81e-019  2.54e-001  7.44e-001  1.25e-003  6.73e-007  6.23e-014  
3.53250e+016 2.43e-019  2.49e-001  7.48e-001  3.05e-003  7.80e-007  7.23e-014  
3.55515e+016 2.01e-019  2.42e-001  7.46e-001  1.13e-002  9.55e-007  8.86e-014  
3.57182e+016 1.73e-019  2.34e-001  7.33e-001  3.35e-002  1.11e-006  1.03e-013  
3.58524e+016 1.56e-019  2.22e-001  7.01e-001  7.78e-002  1.25e-006  1.16e-013  
3.60047e+016 1.42e-019  2.00e-001  6.38e-001  1.62e-001  1.38e-006  1.29e-013  
3.61718e+016 1.27e-019  1.76e-001  5.68e-001  2.57e-001  1.57e-006  1.45e-013  
3.62899e+016 1.15e-019  1.62e-001  5.28e-001  3.10e-001  1.75e-006  1.62e-013  
3.63893e+016 1.05e-019  1.51e-001  4.98e-001  3.51e-001  1.94e-006  1.79e-013  
3.64972e+016 9.57e-020  1.39e-001  4.65e-001  3.96e-001  2.16e-006  2.01e-013  
3.66124e+016 1.02e-019  1.07e-001  3.67e-001  5.25e-001  2.09e-006  1.93e-013  
3.67348e+016 4.02e-020  2.18e-001  7.82e-001  0.00e+000  5.43e-006  5.03e-013  
3.68621e+016 7.50e-020  9.28e-002  3.75e-001  5.32e-001  3.01e-006  2.79e-013  
3.69700e+016 7.10e-020  8.05e-002  3.59e-001  5.60e-001  3.31e-006  3.06e-013  
3.70376e+016 6.83e-020  7.41e-002  3.52e-001  5.74e-001  3.53e-006  3.27e-013  
3.71087e+016 6.51e-020  6.87e-002  3.49e-001  5.82e-001  3.81e-006  3.53e-013  
3.71826e+016 6.13e-020  6.42e-002  3.57e-001  5.79e-001  4.19e-006  3.88e-013  
3.72589e+016 5.67e-020  6.16e-002  3.83e-001  5.56e-001  4.73e-006  4.37e-013  
3.73370e+016 5.13e-020  6.04e-002  4.37e-001  5.03e-001  5.44e-006  5.05e-013  
3.74165e+016 4.61e-020  6.07e-002  5.21e-001  4.19e-001  6.31e-006  5.86e-013  
3.74829e+016 4.30e-020  6.05e-002  5.95e-001  3.44e-001  6.95e-006  6.44e-013  
3.75505e+016 4.26e-020  5.72e-002  6.29e-001  3.14e-001  7.11e-006  6.57e-013  
3.76194e+016 4.73e-020  4.90e-002  5.47e-001  4.04e-001  6.23e-006  5.77e-013  
3.76839e+016 7.34e-020  3.04e-002  2.97e-001  6.73e-001  3.58e-006  3.31e-013  
3.76854e+016 7.48e-020  2.98e-002  2.89e-001  6.82e-001  3.50e-006  3.23e-013  
3.76877e+016 7.74e-020  2.87e-002  2.76e-001  6.95e-001  3.35e-006  3.10e-013  
3.76917e+016 8.22e-020  2.70e-002  2.55e-001  7.18e-001  3.11e-006  2.88e-013  
3.76980e+016 9.20e-020  2.40e-002  2.21e-001  7.55e-001  2.72e-006  2.51e-013  
3.77083e+016 1.15e-019  1.91e-002  1.65e-001  8.16e-001  2.06e-006  1.91e-013  
3.77248e+016 1.98e-019  1.10e-002  8.30e-002  9.06e-001  1.07e-006  9.97e-014  
3.77450e+016 6.84e-019  3.16e-003  1.62e-002  9.81e-001  2.40e-007  2.22e-014  
3.77655e+016 3.02e-018  7.08e-004  1.34e-004  9.99e-001  1.88e-008  1.74e-015  
3.77936e+016 3.22e-021  6.58e-001  4.69e-004  3.41e-001  1.33e-006  1.23e-013  
3.78016e+016 2.47e-021  8.55e-001  5.02e-004  1.45e-001  7.82e-007  7.21e-014  
3.78111e+016 2.22e-021  9.45e-001  5.40e-004  5.49e-002  3.20e-007  2.97e-014  
3.78273e+016 2.12e-021  9.85e-001  5.46e-004  1.49e-002  5.61e-008  5.18e-015  
3.78530e+016 2.09e-021  9.93e-001  5.25e-004  6.02e-003  2.56e-009  2.37e-016  
3.78818e+016 2.08e-021  9.94e-001  4.95e-004  5.09e-003  5.33e-011  4.95e-018  
3.79076e+016 2.07e-021  9.95e-001  4.25e-004  5.02e-003  2.90e-012  2.68e-019  
3.79253e+016 2.07e-021  9.94e-001  3.75e-004  5.17e-003  1.81e-012  1.68e-019  
3.79502e+016 2.06e-021  9.94e-001  2.89e-004  5.67e-003  1.63e-012  1.51e-019  
3.79755e+016 2.07e-021  9.93e-001  1.95e-004  6.51e-003  1.59e-012  1.48e-019  
3.79897e+016 2.08e-021  9.93e-001  1.48e-004  7.23e-003  1.47e-012  1.36e-019  
3.79918e+016 2.08e-021  9.92e-001  1.40e-004  7.37e-003  1.46e-012  1.35e-019  
3.79956e+016 2.08e-021  9.92e-001  1.31e-004  7.61e-003  1.45e-012  1.33e-019  
3.80017e+016 2.08e-021  9.92e-001  1.12e-004  8.04e-003  1.42e-012  1.31e-019  
3.80129e+016 2.08e-021  9.91e-001  8.80e-005  9.00e-003  1.38e-012  1.27e-019  
3.80319e+016 2.09e-021  9.89e-001  5.64e-005  1.12e-002  1.31e-012  1.22e-019  
3.80578e+016 2.10e-021  9.84e-001  3.46e-005  1.61e-002  0.00e+000  0.00e+000  
3.80629e+016 2.12e-021  9.83e-001  3.17e-005  1.73e-002  0.00e+000  0.00e+000  
3.80713e+016 2.12e-021  9.80e-001  2.29e-005  2.00e-002  7.77e-013  7.21e-020  
3.80859e+016 2.15e-021  9.74e-001  3.05e-005  2.57e-002  1.13e-012  1.04e-019  
3.81083e+016 2.19e-021  9.60e-001  1.87e-005  3.99e-002  1.08e-012  9.97e-020  
3.81265e+016 2.24e-021  9.40e-001  1.52e-005  5.97e-002  1.02e-012  9.40e-020  
3.81480e+016 2.36e-021  8.99e-001  1.23e-005  1.01e-001  9.37e-013  8.65e-020  
3.81769e+016 2.76e-021  7.76e-001  8.45e-006  2.24e-001  7.58e-013  7.00e-020  
3.81836e+016 2.93e-021  7.27e-001  7.55e-006  2.73e-001  7.14e-013  6.59e-020  
3.81952e+016 3.41e-021  6.25e-001  7.13e-006  3.75e-001  6.04e-013  5.60e-020  
3.82149e+016 5.16e-021  4.07e-001  3.33e-006  5.93e-001  3.91e-013  3.62e-020  
3.82433e+016 1.40e-020  1.37e-001  7.13e-007  8.63e-001  1.38e-013  1.28e-020  
3.82740e+016 5.32e-020  2.61e-002  1.11e-007  9.74e-001  3.53e-014  3.27e-021  
3.83054e+016 1.68e-019  3.03e-003  6.15e-009  9.97e-001  1.09e-014  1.01e-021  
3.83376e+016 2.77e-019  1.06e-004  3.51e-010  1.00e+000  6.35e-015  5.88e-022  
3.83751e+016 3.25e-019  1.97e-007  1.28e-010  1.00e+000  5.26e-015  4.86e-022  
3.84132e+016 3.57e-019  4.57e-008  1.09e-010  1.00e+000  4.68e-015  4.31e-022  
3.84531e+016 4.29e-019  1.41e-008  5.31e-011  1.00e+000  3.80e-015  3.52e-022  
3.84962e+016 6.27e-019  4.34e-009  2.73e-011  1.00e+000  2.55e-015  2.36e-022  
3.85449e+016 1.12e-018  1.17e-009  1.04e-010  1.00e+000  1.41e-015  1.30e-022  
3.85990e+016 2.06e-018  2.48e-010  3.00e-012  1.00e+000  7.52e-016  6.99e-023  
3.86597e+016 3.15e-018  7.11e-011  1.38e-012  1.00e+000  4.89e-016  4.51e-023  
3.87288e+016 3.45e-018  3.65e-011  0.00e+000  1.00e+000  0.00e+000  0.00e+000  
3.88139e+016 2.11e-018  2.76e-011  0.00e+000  1.00e+000  7.35e-016  6.78e-023  
3.89093e+016 5.09e-019  4.48e-011  3.18e-012  1.00e+000  3.08e-015  2.85e-022  
3.90068e+016 4.59e-020  2.48e-010  0.00e+000  1.00e+000  3.51e-014  3.25e-021  
3.91088e+016 7.93e-021  8.83e-010  2.67e-010  1.00e+000  2.11e-013  1.95e-020  
3.92181e+016 8.64e-021  5.45e-010  3.46e-010  1.00e+000  2.01e-013  1.87e-020  
3.93325e+016 9.72e-021  3.70e-010  1.43e-009  1.00e+000  1.89e-013  1.75e-020  
3.94519e+016 1.03e-020  3.09e-010  7.54e-009  1.00e+000  1.89e-013  1.76e-020  
3.95803e+016 1.04e-020  3.08e-010  3.78e-010  1.00e+000  2.00e-013  1.86e-020  
3.97190e+016 1.03e-020  3.46e-010  0.00e+000  1.00e+000  2.17e-013  2.02e-020  
3.98699e+016 9.88e-021  4.29e-010  1.60e-007  1.00e+000  2.46e-013  2.28e-020  
4.00514e+016 9.30e-021  5.78e-010  0.00e+000  1.00e+000  2.87e-013  2.67e-020  
4.02549e+016 8.58e-021  8.33e-010  0.00e+000  1.00e+000  3.43e-013  3.18e-020  
4.04761e+016 7.76e-021  1.27e-009  4.38e-008  1.00e+000  4.19e-013  3.89e-020  
4.07070e+016 6.88e-021  2.02e-009  1.02e-007  1.00e+000  5.19e-013  4.83e-020  
4.09451e+016 5.97e-021  3.40e-009  2.09e-007  1.00e+000  6.52e-013  6.06e-020  
4.11988e+016 5.01e-021  6.35e-009  4.65e-007  1.00e+000  8.42e-013  7.84e-020  
4.14624e+016 4.09e-021  1.30e-008  1.04e-006  1.00e+000  1.10e-012  1.03e-019  
4.17462e+016 3.21e-021  3.04e-008  2.73e-006  1.00e+000  1.49e-012  1.39e-019  
4.20512e+016 2.44e-021  8.16e-008  1.10e-005  1.00e+000  2.05e-012  1.91e-019  
4.23867e+016 1.82e-021  2.55e-007  4.01e-005  1.00e+000  2.77e-012  2.58e-019  
4.27356e+016 1.39e-021  8.70e-007  2.02e-004  1.00e+000  3.54e-012  3.29e-019  
4.30994e+016 1.07e-021  3.34e-006  1.15e-003  9.99e-001  4.22e-012  3.93e-019  
4.34671e+016 6.34e-022  1.89e-005  9.60e-003  9.90e-001  5.98e-012  5.57e-019  
4.38104e+016 3.59e-022  1.17e-004  8.10e-002  9.19e-001  8.19e-012  7.63e-019  
4.41007e+016 3.02e-022  4.40e-004  3.61e-001  6.39e-001  7.18e-012  6.69e-019  
4.42181e+016 3.41e-022  6.65e-004  5.42e-001  4.57e-001  5.51e-012  5.13e-019  
4.42811e+016 3.85e-022  8.54e-004  6.38e-001  3.61e-001  4.49e-012  4.18e-019  
4.43809e+016 5.05e-022  9.04e-004  7.72e-001  2.28e-001  2.99e-012  2.77e-019  
4.45030e+016 7.67e-022  9.96e-004  8.77e-001  1.22e-001  1.62e-012  1.51e-019  
4.45401e+016 8.83e-022  1.31e-003  9.00e-001  9.86e-002  1.32e-012  1.23e-019  
4.45998e+016 1.10e-021  1.47e-003  9.27e-001  7.16e-002  9.54e-013  8.91e-020  
4.46779e+016 1.49e-021  1.29e-003  9.52e-001  4.67e-002  6.12e-013  5.70e-020  
4.48006e+016 2.37e-021  1.38e-003  9.74e-001  2.49e-002  3.06e-013  2.85e-020  
4.48529e+016 2.90e-021  2.10e-003  9.79e-001  1.89e-002  2.25e-013  2.10e-020  
4.48834e+016 3.23e-021  2.73e-003  9.81e-001  1.64e-002  1.90e-013  1.77e-020  
4.49346e+016 3.82e-021  2.42e-003  9.84e-001  1.32e-002  1.45e-013  1.35e-020  
4.49870e+016 4.53e-021  2.23e-003  9.87e-001  1.07e-002  1.10e-013  1.03e-020  
4.50684e+016 5.82e-021  2.35e-003  9.90e-001  7.99e-003  7.32e-014  6.82e-021  
4.51867e+016 8.11e-021  3.00e-003  9.91e-001  5.54e-003  4.33e-014  4.03e-021  
4.51946e+016 8.41e-021  3.42e-003  9.91e-001  5.23e-003  3.26e-014  3.04e-021  
4.52061e+016 8.71e-021  4.58e-003  9.90e-001  5.05e-003  3.66e-014  3.41e-021  
4.52265e+016 9.15e-021  5.71e-003  9.89e-001  4.80e-003  3.47e-014  3.23e-021  
4.52632e+016 9.97e-021  6.23e-003  9.89e-001  4.41e-003  2.97e-014  2.77e-021  
4.53239e+016 1.15e-020  5.94e-003  9.90e-001  3.87e-003  2.34e-014  2.18e-021  
4.54167e+016 1.42e-020  6.17e-003  9.91e-001  3.23e-003  1.69e-014  1.57e-021  
4.55446e+016 1.88e-020  7.87e-003  9.90e-001  2.57e-003  1.23e-014  1.14e-021  
4.55658e+016 1.97e-020  8.17e-003  9.89e-001  2.47e-003  1.31e-014  1.22e-021  
4.55697e+016 2.00e-020  8.34e-003  9.89e-001  2.41e-003  4.25e-014  3.96e-021  
4.55761e+016 2.02e-020  8.90e-003  9.89e-001  2.39e-003  0.00e+000  0.00e+000  
4.55871e+016 2.06e-020  9.73e-003  9.88e-001  2.36e-003  0.00e+000  0.00e+000  
4.56066e+016 2.15e-020  1.09e-002  9.87e-001  2.29e-003  1.25e-015  1.16e-022  
4.56410e+016 2.29e-020  1.25e-002  9.85e-001  2.21e-003  9.20e-015  8.59e-022  
4.56849e+016 2.51e-020  1.35e-002  9.84e-001  2.10e-003  8.85e-015  8.25e-022  
4.57241e+016 2.70e-020  1.40e-002  9.84e-001  2.00e-003  7.10e-015  6.62e-022  
4.57850e+016 3.02e-020  1.45e-002  9.84e-001  1.86e-003  7.65e-015  7.12e-022  
4.58802e+016 3.61e-020  1.52e-002  9.83e-001  1.68e-003  6.90e-015  6.42e-022  
4.59720e+016 4.25e-020  1.61e-002  9.82e-001  1.55e-003  6.32e-015  5.90e-022  
4.59734e+016 4.27e-020  1.60e-002  9.82e-001  1.54e-003  1.69e-013  1.57e-020  
4.59759e+016 4.31e-020  1.60e-002  9.83e-001  1.51e-003  0.00e+000  0.00e+000  
4.59802e+016 4.36e-020  1.60e-002  9.82e-001  1.50e-003  0.00e+000  0.00e+000  
4.59873e+016 4.41e-020  1.62e-002  9.82e-001  1.49e-003  0.00e+000  0.00e+000  
4.59993e+016 4.49e-020  1.66e-002  9.82e-001  1.48e-003  0.00e+000  0.00e+000  
4.60196e+016 4.65e-020  1.71e-002  9.81e-001  1.46e-003  0.00e+000  0.00e+000  
4.60580e+016 4.95e-020  1.78e-002  9.81e-001  1.42e-003  4.65e-015  4.33e-022  
4.61139e+016 5.42e-020  1.84e-002  9.80e-001  1.37e-003  5.85e-015  5.46e-022  
4.61801e+016 6.04e-020  1.85e-002  9.80e-001  1.32e-003  5.81e-015  5.43e-022  
4.62829e+016 7.13e-020  1.84e-002  9.80e-001  1.23e-003  5.26e-015  4.91e-022  
4.63958e+016 8.45e-020  1.83e-002  9.81e-001  1.16e-003  5.49e-015  5.11e-022  
4.64165e+016 8.73e-020  1.82e-002  9.81e-001  1.15e-003  0.00e+000  0.00e+000  
4.64187e+016 8.77e-020  1.82e-002  9.81e-001  1.13e-003  1.77e-013  1.64e-020  
4.64224e+016 8.83e-020  1.81e-002  9.81e-001  1.12e-003  0.00e+000  0.00e+000  
4.64286e+016 8.91e-020  1.82e-002  9.81e-001  1.11e-003  0.00e+000  0.00e+000  
4.64396e+016 9.06e-020  1.83e-002  9.81e-001  1.12e-003  0.00e+000  0.00e+000  
4.64596e+016 9.32e-020  1.86e-002  9.80e-001  1.10e-003  0.00e+000  0.00e+000  
4.64933e+016 9.78e-020  1.88e-002  9.80e-001  1.09e-003  0.00e+000  0.00e+000  
4.65501e+016 1.06e-019  1.89e-002  9.80e-001  1.07e-003  0.00e+000  0.00e+000  
4.66259e+016 1.17e-019  1.90e-002  9.80e-001  1.05e-003  3.31e-015  3.09e-022  
4.67450e+016 1.38e-019  1.88e-002  9.80e-001  1.01e-003  5.21e-015  4.85e-022  
4.68726e+016 1.61e-019  1.89e-002  9.80e-001  9.74e-004  5.29e-015  4.93e-022  
4.69009e+016 1.67e-019  1.89e-002  9.80e-001  9.68e-004  6.45e-015  6.04e-022  
4.69024e+016 1.67e-019  1.89e-002  9.80e-001  9.62e-004  1.55e-014  1.45e-021  
4.69048e+016 1.68e-019  1.88e-002  9.80e-001  9.51e-004  1.50e-014  1.40e-021  
4.69090e+016 1.68e-019  1.89e-002  9.80e-001  9.45e-004  1.28e-014  1.20e-021  
4.69160e+016 1.70e-019  1.89e-002  9.80e-001  9.33e-004  0.00e+000  0.00e+000  
4.69279e+016 1.72e-019  1.91e-002  9.80e-001  9.34e-004  0.00e+000  0.00e+000  
4.69476e+016 1.77e-019  1.94e-002  9.80e-001  9.34e-004  2.68e-015  2.50e-022  
4.69806e+016 1.84e-019  1.97e-002  9.79e-001  9.30e-004  4.47e-016  4.17e-023  
4.70337e+016 1.95e-019  2.02e-002  9.79e-001  9.28e-004  2.98e-015  2.77e-022  
4.70622e+016 2.02e-019  2.03e-002  9.79e-001  9.19e-004  3.85e-015  3.59e-022  
4.71061e+016 2.12e-019  2.07e-002  9.78e-001  9.17e-004  5.86e-015  5.44e-022  
4.71746e+016 2.29e-019  2.08e-002  9.78e-001  9.43e-004  5.85e-015  5.46e-022  
4.72860e+016 2.58e-019  2.13e-002  9.78e-001  9.93e-004  5.78e-015  5.39e-022  
4.74240e+016 2.97e-019  2.22e-002  9.77e-001  1.06e-003  6.90e-015  6.43e-022  
4.74305e+016 2.99e-019  2.23e-002  9.77e-001  1.06e-003  6.96e-015  6.49e-022  
4.74313e+016 2.99e-019  2.23e-002  9.77e-001  1.06e-003  6.96e-015  6.49e-022  
4.74348e+016 3.00e-019  2.23e-002  9.77e-001  1.06e-003  7.00e-015  6.53e-022  
4.74406e+016 3.02e-019  2.23e-002  9.77e-001  1.06e-003  7.45e-015  6.92e-022  
4.74503e+016 3.04e-019  2.25e-002  9.76e-001  1.06e-003  9.17e-015  8.55e-022  
4.74676e+016 3.09e-019  2.28e-002  9.76e-001  1.05e-003  1.22e-014  1.14e-021  
4.74972e+016 3.18e-019  2.34e-002  9.75e-001  1.06e-003  1.40e-014  1.31e-021  
4.75283e+016 3.28e-019  2.41e-002  9.75e-001  1.08e-003  1.55e-014  1.45e-021  
4.75365e+016 3.30e-019  2.43e-002  9.75e-001  1.09e-003  1.61e-014  1.50e-021  
4.75556e+016 3.37e-019  2.47e-002  9.74e-001  1.10e-003  0.00e+000  0.00e+000  
4.75856e+016 3.47e-019  2.53e-002  9.74e-001  1.11e-003  1.19e-013  1.11e-020  
4.76342e+016 3.65e-019  2.60e-002  9.73e-001  1.14e-003  9.04e-014  8.44e-021  
4.77120e+016 3.93e-019  2.72e-002  9.72e-001  1.20e-003  6.21e-014  5.77e-021  
4.78339e+016 4.40e-019  2.88e-002  9.70e-001  1.26e-003  4.63e-014  4.32e-021  
4.79819e+016 5.04e-019  3.16e-002  9.67e-001  1.35e-003  3.69e-014  3.44e-021  
4.80101e+016 5.16e-019  3.22e-002  9.66e-001  1.36e-003  3.62e-014  3.37e-021  
4.80156e+016 5.18e-019  3.22e-002  9.66e-001  1.37e-003  3.61e-014  3.36e-021  
4.80288e+016 5.25e-019  3.24e-002  9.66e-001  1.37e-003  3.58e-014  3.34e-021  
4.80511e+016 5.35e-019  3.29e-002  9.66e-001  1.39e-003  3.55e-014  3.31e-021  
4.80875e+016 5.52e-019  3.38e-002  9.65e-001  1.41e-003  3.51e-014  3.28e-021  
4.81463e+016 5.81e-019  3.54e-002  9.63e-001  1.44e-003  3.49e-014  3.25e-021  
4.82445e+016 6.34e-019  3.83e-002  9.60e-001  1.49e-003  3.59e-014  3.36e-021  
4.83636e+016 7.04e-019  4.21e-002  9.56e-001  1.58e-003  3.52e-014  3.28e-021  
4.84912e+016 7.86e-019  4.67e-002  9.52e-001  1.68e-003  3.82e-014  3.56e-021  
4.86294e+016 8.86e-019  5.24e-002  9.46e-001  1.77e-003  6.12e-014  5.70e-021  
4.87591e+016 9.90e-019  5.86e-002  9.40e-001  1.87e-003  7.04e-014  6.57e-021  
4.88968e+016 1.12e-018  6.60e-002  9.32e-001  1.96e-003  7.99e-014  7.45e-021  
4.90444e+016 1.26e-018  7.51e-002  9.23e-001  2.08e-003  9.55e-014  8.91e-021  
4.91980e+016 1.44e-018  8.50e-002  9.13e-001  2.19e-003  1.16e-013  1.08e-020  
4.93317e+016 1.61e-018  9.47e-002  9.03e-001  2.28e-003  1.39e-013  1.30e-020  
4.94239e+016 1.74e-018  1.01e-001  8.97e-001  2.35e-003  1.58e-013  1.47e-020  
4.95192e+016 1.89e-018  1.08e-001  8.89e-001  2.38e-003  1.79e-013  1.67e-020  
4.96202e+016 2.05e-018  1.17e-001  8.81e-001  2.41e-003  2.06e-013  1.92e-020  
4.97297e+016 2.25e-018  1.27e-001  8.71e-001  2.44e-003  2.34e-013  2.18e-020  
4.98461e+016 2.48e-018  1.36e-001  8.61e-001  2.41e-003  2.72e-013  2.54e-020  
4.99670e+016 2.74e-018  1.47e-001  8.50e-001  2.39e-003  3.19e-013  2.98e-020  
5.00936e+016 3.04e-018  1.59e-001  8.39e-001  2.31e-003  3.85e-013  3.59e-020  
5.02240e+016 3.37e-018  1.71e-001  8.27e-001  2.20e-003  4.45e-013  4.15e-020  
5.03584e+016 3.74e-018  1.83e-001  8.15e-001  2.05e-003  5.18e-013  4.84e-020  
5.05026e+016 4.17e-018  1.97e-001  8.01e-001  1.85e-003  6.05e-013  5.64e-020  
5.05959e+016 4.48e-018  2.06e-001  7.92e-001  1.74e-003  6.65e-013  6.20e-020  
5.06957e+016 4.85e-018  2.17e-001  7.82e-001  1.58e-003  7.34e-013  6.83e-020  
5.07988e+016 5.25e-018  2.27e-001  7.72e-001  1.44e-003  8.08e-013  7.53e-020  
5.09058e+016 5.72e-018  2.40e-001  7.59e-001  1.31e-003  8.89e-013  8.27e-020  
5.10237e+016 6.27e-018  2.54e-001  7.45e-001  1.15e-003  9.78e-013  9.13e-020  
5.11496e+016 6.93e-018  2.70e-001  7.29e-001  1.00e-003  1.08e-012  1.01e-019  
5.12843e+016 7.72e-018  2.89e-001  7.10e-001  8.68e-004  1.20e-012  1.12e-019  
5.14296e+016 8.66e-018  3.10e-001  6.90e-001  7.37e-004  1.33e-012  1.24e-019  
5.15425e+016 9.49e-018  3.27e-001  6.73e-001  6.56e-004  1.43e-012  1.33e-019  
5.16792e+016 1.06e-017  3.49e-001  6.51e-001  5.64e-004  1.55e-012  1.44e-019  
5.18319e+016 1.20e-017  3.73e-001  6.26e-001  4.72e-004  1.67e-012  1.56e-019  
5.19950e+016 1.37e-017  4.01e-001  5.99e-001  3.90e-004  1.80e-012  1.67e-019  
5.21655e+016 1.58e-017  4.30e-001  5.70e-001  3.13e-004  1.91e-012  1.78e-019  
5.23457e+016 1.84e-017  4.60e-001  5.40e-001  2.50e-004  2.03e-012  1.88e-019  
5.25384e+016 2.15e-017  4.93e-001  5.07e-001  1.94e-004  2.13e-012  1.98e-019  
5.27451e+016 2.55e-017  5.25e-001  4.74e-001  1.47e-004  2.22e-012  2.06e-019  
5.29668e+016 3.05e-017  5.57e-001  4.43e-001  1.09e-004  2.30e-012  2.14e-019  
5.31993e+016 3.67e-017  5.89e-001  4.11e-001  7.93e-005  2.37e-012  2.21e-019  
5.34440e+016 4.44e-017  6.19e-001  3.81e-001  5.68e-005  2.45e-012  2.27e-019  
5.36995e+016 5.38e-017  6.49e-001  3.51e-001  4.03e-005  2.53e-012  2.36e-019  
5.39765e+016 6.56e-017  6.77e-001  3.23e-001  2.79e-005  2.62e-012  2.44e-019  
5.42627e+016 7.98e-017  7.03e-001  2.97e-001  1.94e-005  2.74e-012  2.56e-019  
5.45738e+016 9.76e-017  7.28e-001  2.72e-001  1.30e-005  2.90e-012  2.70e-019  
5.49079e+016 1.20e-016  7.51e-001  2.49e-001  8.79e-006  3.11e-012  2.90e-019  
5.52575e+016 1.45e-016  7.72e-001  2.28e-001  5.88e-006  3.39e-012  3.15e-019  
5.56155e+016 1.75e-016  7.92e-001  2.08e-001  3.95e-006  3.69e-012  3.44e-019  
5.59918e+016 2.10e-016  8.10e-001  1.90e-001  2.70e-006  4.10e-012  3.81e-019  
5.63913e+016 2.50e-016  8.25e-001  1.75e-001  1.85e-006  4.61e-012  4.29e-019  
5.68226e+016 2.96e-016  8.41e-001  1.59e-001  1.27e-006  5.23e-012  4.86e-019  
5.72780e+016 3.48e-016  8.54e-001  1.46e-001  8.69e-007  5.98e-012  5.58e-019  
5.77650e+016 4.05e-016  8.67e-001  1.33e-001  6.07e-007  6.94e-012  6.47e-019  
5.82707e+016 4.66e-016  8.78e-001  1.22e-001  4.34e-007  8.07e-012  7.51e-019  
5.88124e+016 5.31e-016  8.89e-001  1.11e-001  3.11e-007  9.47e-012  8.81e-019  
5.93801e+016 5.99e-016  8.98e-001  1.02e-001  2.29e-007  1.11e-011  1.04e-018  
5.99878e+016 6.69e-016  9.07e-001  9.31e-002  1.69e-007  1.32e-011  1.22e-018  
6.06254e+016 7.41e-016  9.15e-001  8.50e-002  1.28e-007  1.55e-011  1.44e-018  
6.12860e+016 8.12e-016  9.22e-001  7.79e-002  9.98e-008  1.83e-011  1.71e-018  
6.19772e+016 8.82e-016  9.28e-001  7.16e-002  7.86e-008  2.19e-011  2.03e-018  
6.27006e+016 9.53e-016  9.34e-001  6.59e-002  6.28e-008  2.61e-011  2.42e-018  
6.34752e+016 1.02e-015  9.39e-001  6.08e-002  5.11e-008  3.15e-011  2.92e-018  
6.43223e+016 1.10e-015  9.44e-001  5.59e-002  4.18e-008  3.84e-011  3.56e-018  
6.52408e+016 1.18e-015  9.48e-001  5.16e-002  3.50e-008  4.73e-011  4.39e-018  
6.62440e+016 1.27e-015  9.52e-001  4.76e-002  2.92e-008  5.89e-011  5.46e-018  
6.73219e+016 1.37e-015  9.56e-001  4.39e-002  2.47e-008  7.37e-011  6.82e-018  
6.84641e+016 1.48e-015  9.59e-001  4.08e-002  2.12e-008  9.19e-011  8.51e-018  
6.96945e+016 1.61e-015  9.62e-001  3.79e-002  1.85e-008  1.16e-010  1.07e-017  
7.10391e+016 1.75e-015  9.64e-001  3.56e-002  1.65e-008  1.48e-010  1.37e-017  
7.25155e+016 1.92e-015  9.66e-001  3.36e-002  1.50e-008  1.91e-010  1.77e-017  
7.42223e+016 2.14e-015  9.68e-001  3.20e-002  1.39e-008  2.53e-010  2.34e-017  
7.63108e+016 2.42e-015  9.69e-001  3.08e-002  1.32e-008  3.51e-010  3.25e-017  
7.86896e+016 2.77e-015  9.70e-001  3.05e-002  1.32e-008  5.01e-010  4.65e-017  
8.18150e+016 3.27e-015  9.69e-001  3.12e-002  1.39e-008  7.70e-010  7.15e-017  
8.55776e+016 3.88e-015  9.66e-001  3.38e-002  1.61e-008  1.24e-009  1.15e-016  
9.00548e+016 4.57e-015  9.62e-001  3.83e-002  2.08e-008  2.05e-009  1.90e-016  
9.53916e+016 5.20e-015  9.55e-001  4.54e-002  3.16e-008  3.52e-009  3.25e-016  
1.01535e+017 5.60e-015  9.45e-001  5.54e-002  5.59e-008  6.11e-009  5.66e-016  
1.09249e+017 5.57e-015  9.30e-001  6.97e-002  1.25e-007  1.14e-008  1.06e-015  
1.19176e+017 4.79e-015  9.05e-001  9.45e-002  3.38e-007  2.40e-008  2.23e-015  
1.32448e+017 3.11e-015  8.35e-001  1.65e-001  9.22e-007  6.23e-008  5.78e-015  
