! 0       CH3CHO + OH -> CH3CO + H2O
! 1       CH3CHO + H -> CH3CO + H2
! 2       *H + *CH2CO -> CH3CO
! 3       CH3CHO + O -> CH3CO + OH
! 4       CH3COCH3 + H -> CH3CO + CH2 + H2
! 5       CH3CHO + CH3 -> CH4 + CH3CO
! 6       *CH3CO + He -> CH3CO + He
! 7       *CH3CO + H2 -> CH3CO + H2
! 8       CH3COCH3 + O -> CH3CO + CH2 + OH
! 9       CH3COCH3 + CH3 -> CH3CO + CH2 + CH4
!            tot_rate   0          1          2          3          4          5          6          7          8          9          
1.58188e+013 3.03e-020  8.92e-001  6.57e-044  1.08e-001  5.48e-032  0.00e+000  3.83e-046  0.00e+000  0.00e+000  0.00e+000  0.00e+000  
3.50727e+014 3.03e-020  8.92e-001  6.57e-044  1.08e-001  5.48e-032  0.00e+000  3.83e-046  0.00e+000  0.00e+000  0.00e+000  0.00e+000  
5.21628e+015 3.03e-020  8.92e-001  6.57e-044  1.08e-001  5.48e-032  0.00e+000  3.83e-046  0.00e+000  0.00e+000  0.00e+000  0.00e+000  
2.67137e+016 3.06e-020  8.85e-001  7.35e-044  1.15e-001  5.95e-032  0.00e+000  4.15e-046  0.00e+000  0.00e+000  0.00e+000  0.00e+000  
3.33598e+016 3.12e-020  8.71e-001  7.94e-043  1.29e-001  3.46e-031  0.00e+000  2.30e-045  0.00e+000  0.00e+000  0.00e+000  0.00e+000  
3.42055e+016 3.05e-020  8.91e-001  7.44e-042  1.09e-001  1.84e-030  0.00e+000  1.19e-044  0.00e+000  0.00e+000  0.00e+000  0.00e+000  
3.44017e+016 3.03e-020  8.98e-001  1.74e-041  1.02e-001  3.47e-030  0.00e+000  2.22e-044  0.00e+000  0.00e+000  0.00e+000  0.00e+000  
3.46353e+016 3.00e-020  9.06e-001  6.20e-041  9.36e-002  8.93e-030  0.00e+000  5.66e-044  0.00e+000  0.00e+000  0.00e+000  0.00e+000  
3.48860e+016 2.97e-020  9.16e-001  3.74e-040  8.36e-002  3.40e-029  0.00e+000  2.12e-043  0.00e+000  0.00e+000  0.00e+000  0.00e+000  
3.51370e+016 2.93e-020  9.27e-001  4.19e-039  7.26e-002  2.05e-028  0.00e+000  1.26e-042  0.00e+000  0.00e+000  0.00e+000  0.00e+000  
3.53250e+016 2.91e-020  9.36e-001  4.47e-038  6.40e-002  1.19e-027  0.00e+000  7.26e-042  1.59e-070  0.00e+000  0.00e+000  0.00e+000  
3.55515e+016 2.87e-020  9.47e-001  1.85e-036  5.33e-002  1.89e-026  0.00e+000  1.15e-040  5.40e-049  0.00e+000  0.00e+000  0.00e+000  
3.57182e+016 2.85e-020  9.55e-001  6.35e-035  4.53e-002  2.61e-025  0.00e+000  1.60e-039  5.76e-034  0.00e+000  0.00e+000  0.00e+000  
3.58524e+016 2.83e-020  9.61e-001  2.04e-033  3.92e-002  3.42e-024  5.37e-075  2.13e-038  8.62e-026  0.00e+000  0.00e+000  0.00e+000  
3.60047e+016 2.81e-020  9.67e-001  2.35e-031  3.28e-002  1.15e-022  1.01e-070  7.50e-037  2.27e-016  0.00e+000  0.00e+000  0.00e+000  
3.61718e+016 2.79e-020  9.74e-001  1.40e-028  2.63e-002  1.30e-020  5.62e-065  9.38e-035  8.13e-011  5.48e-067  2.77e-074  0.00e+000  
3.62899e+016 2.78e-020  9.78e-001  2.90e-026  2.23e-002  6.69e-019  3.56e-060  5.50e-033  7.01e-009  8.81e-056  1.21e-068  0.00e+000  
3.63893e+016 2.77e-020  9.81e-001  4.47e-024  1.93e-002  2.74e-017  1.21e-055  2.66e-031  4.33e-008  2.02e-038  2.49e-063  0.00e+000  
3.64972e+016 2.77e-020  9.84e-001  1.79e-021  1.64e-002  2.26e-015  2.99e-050  2.85e-029  2.03e-007  4.81e-022  5.10e-057  0.00e+000  
3.66124e+016 2.76e-020  9.86e-001  1.75e-018  1.38e-002  3.52e-013  4.60e-044  6.67e-027  6.27e-007  6.13e-015  8.59e-050  0.00e+000  
3.67348e+016 2.75e-020  9.88e-001  3.55e-015  1.16e-002  9.16e-011  3.21e-037  3.28e-024  1.83e-006  1.34e-010  7.89e-042  7.74e-071  
3.68621e+016 2.75e-020  9.90e-001  9.35e-012  1.04e-002  2.78e-008  3.78e-030  2.55e-021  4.88e-006  9.75e-008  1.19e-033  1.46e-057  
3.69700e+016 2.76e-020  9.91e-001  5.22e-009  9.47e-003  2.61e-006  1.80e-024  7.08e-019  1.07e-005  8.13e-007  3.88e-027  5.44e-047  
3.70376e+016 2.75e-020  9.91e-001  2.08e-007  8.86e-003  3.57e-005  3.56e-021  2.23e-017  1.74e-005  2.07e-006  2.17e-023  6.53e-041  
3.71087e+016 2.75e-020  9.91e-001  7.26e-006  8.39e-003  4.32e-004  5.45e-018  7.41e-016  2.84e-005  4.86e-006  8.39e-020  4.25e-035  
3.71826e+016 2.77e-020  9.88e-001  1.94e-004  8.04e-003  4.18e-003  4.87e-015  2.38e-014  4.72e-005  1.03e-005  1.59e-016  8.72e-030  
3.72589e+016 2.86e-020  9.60e-001  3.45e-003  7.77e-003  2.91e-002  1.96e-012  6.48e-013  7.77e-005  2.07e-005  1.10e-013  3.42e-025  
3.73370e+016 3.30e-020  8.34e-001  3.37e-002  6.95e-003  1.25e-001  2.74e-010  1.21e-011  1.15e-004  3.58e-005  2.13e-011  1.75e-021  
3.74165e+016 4.96e-020  5.58e-001  1.55e-001  4.94e-003  2.82e-001  1.14e-008  1.23e-010  1.31e-004  4.74e-005  1.01e-009  1.02e-018  
3.74829e+016 8.57e-020  3.26e-001  3.17e-001  3.05e-003  3.54e-001  1.12e-007  5.25e-010  1.19e-004  4.65e-005  9.75e-009  4.79e-017  
3.75505e+016 1.57e-019  1.43e-001  4.97e-001  1.74e-003  3.58e-001  7.13e-007  1.77e-009  9.80e-005  4.32e-005  5.74e-008  9.87e-016  
3.76194e+016 3.06e-019  6.31e-002  6.31e-001  8.63e-004  3.05e-001  3.40e-006  5.07e-009  7.36e-005  3.43e-005  2.38e-007  1.14e-014  
3.76839e+016 5.69e-019  3.14e-002  7.24e-001  3.90e-004  2.44e-001  1.31e-005  1.33e-008  5.15e-005  2.65e-005  7.64e-007  8.31e-014  
3.76854e+016 5.77e-019  3.10e-002  7.26e-001  3.83e-004  2.43e-001  1.35e-005  1.36e-008  5.11e-005  2.63e-005  7.83e-007  8.66e-014  
3.76877e+016 5.90e-019  3.03e-002  7.29e-001  3.69e-004  2.41e-001  1.42e-005  1.41e-008  5.03e-005  2.61e-005  8.17e-007  9.29e-014  
3.76917e+016 6.13e-019  2.90e-002  7.32e-001  3.49e-004  2.38e-001  1.54e-005  1.50e-008  4.91e-005  2.54e-005  8.73e-007  1.04e-013  
3.76980e+016 6.51e-019  2.73e-002  7.40e-001  3.18e-004  2.32e-001  1.75e-005  1.64e-008  4.73e-005  2.46e-005  9.75e-007  1.25e-013  
3.77083e+016 7.17e-019  2.47e-002  7.52e-001  2.71e-004  2.23e-001  2.18e-005  1.92e-008  4.44e-005  2.33e-005  1.17e-006  1.67e-013  
3.77248e+016 8.36e-019  2.12e-002  7.70e-001  2.01e-004  2.08e-001  3.10e-005  2.50e-008  3.96e-005  2.08e-005  1.57e-006  2.69e-013  
3.77450e+016 1.01e-018  1.78e-002  7.90e-001  1.11e-004  1.92e-001  4.88e-005  3.42e-008  3.32e-005  1.81e-005  2.29e-006  4.86e-013  
3.77655e+016 1.20e-018  1.53e-002  8.08e-001  3.50e-006  1.76e-001  8.60e-005  4.65e-008  5.99e-006  3.35e-006  3.72e-006  9.60e-013  
3.77936e+016 1.41e-018  1.36e-002  8.23e-001  3.13e-009  1.63e-001  1.18e-004  6.27e-008  2.67e-008  1.54e-008  4.73e-006  1.47e-012  
3.78016e+016 1.47e-018  1.33e-002  8.27e-001  1.13e-009  1.59e-001  1.25e-004  6.85e-008  2.35e-008  1.36e-008  4.90e-006  1.60e-012  
3.78111e+016 1.56e-018  1.29e-002  8.33e-001  7.81e-010  1.54e-001  1.34e-004  7.62e-008  2.43e-008  1.42e-008  4.64e-006  1.76e-012  
3.78273e+016 1.72e-018  1.23e-002  8.41e-001  5.58e-010  1.47e-001  1.49e-004  9.10e-008  2.63e-008  1.55e-008  4.20e-006  2.06e-012  
3.78530e+016 2.01e-018  1.19e-002  8.53e-001  3.40e-010  1.35e-001  1.77e-004  1.24e-007  2.95e-008  1.77e-008  3.61e-006  2.65e-012  
3.78818e+016 2.38e-018  1.19e-002  8.66e-001  1.97e-010  1.22e-001  2.12e-004  1.77e-007  3.24e-008  2.00e-008  3.02e-006  3.47e-012  
3.79076e+016 2.76e-018  1.26e-002  8.75e-001  1.22e-010  1.12e-001  2.49e-004  2.47e-007  3.21e-008  2.03e-008  2.58e-006  4.38e-012  
3.79253e+016 3.06e-018  1.34e-002  8.82e-001  8.88e-011  1.05e-001  2.76e-004  3.13e-007  2.94e-008  1.89e-008  2.32e-006  5.16e-012  
3.79502e+016 3.52e-018  1.49e-002  8.90e-001  5.74e-011  9.50e-002  3.18e-004  4.46e-007  2.41e-008  1.57e-008  1.99e-006  6.45e-012  
3.79755e+016 4.05e-018  1.65e-002  8.98e-001  3.77e-011  8.53e-002  3.65e-004  6.51e-007  1.71e-008  1.13e-008  1.69e-006  8.19e-012  
3.79897e+016 4.38e-018  1.75e-002  9.02e-001  3.01e-011  8.02e-002  3.95e-004  8.15e-007  1.33e-008  8.84e-009  1.54e-006  9.41e-012  
3.79918e+016 4.42e-018  1.77e-002  9.02e-001  2.92e-011  7.96e-002  4.00e-004  8.46e-007  1.27e-008  8.46e-009  1.52e-006  9.66e-012  
3.79956e+016 4.52e-018  1.79e-002  9.04e-001  2.75e-011  7.82e-002  4.07e-004  8.99e-007  1.18e-008  7.93e-009  1.48e-006  9.99e-012  
3.80017e+016 4.66e-018  1.84e-002  9.05e-001  2.49e-011  7.59e-002  4.20e-004  9.93e-007  1.03e-008  6.93e-009  1.42e-006  1.06e-011  
3.80129e+016 4.94e-018  1.93e-002  9.08e-001  2.10e-011  7.20e-002  4.43e-004  1.20e-006  8.17e-009  5.58e-009  1.32e-006  1.19e-011  
3.80319e+016 5.46e-018  2.07e-002  9.14e-001  1.57e-011  6.52e-002  4.87e-004  1.67e-006  5.44e-009  3.77e-009  1.15e-006  1.46e-011  
3.80578e+016 6.23e-018  2.26e-002  9.21e-001  1.08e-011  5.61e-002  5.52e-004  2.12e-006  3.45e-009  2.42e-009  9.48e-007  1.97e-011  
3.80629e+016 6.40e-018  2.30e-002  9.22e-001  1.01e-011  5.42e-002  5.64e-004  2.14e-006  3.19e-009  2.25e-009  9.10e-007  2.09e-011  
3.80713e+016 6.66e-018  2.36e-002  9.25e-001  8.99e-012  5.13e-002  5.85e-004  2.21e-006  2.34e-009  1.65e-009  8.49e-007  2.31e-011  
3.80859e+016 7.15e-018  2.42e-002  9.29e-001  7.43e-012  4.64e-002  6.22e-004  2.35e-006  3.18e-009  2.25e-009  7.50e-007  2.76e-011  
3.81083e+016 7.98e-018  2.47e-002  9.36e-001  5.54e-012  3.88e-002  6.88e-004  2.61e-006  1.99e-009  1.44e-009  6.06e-007  3.66e-011  
3.81265e+016 8.71e-018  2.44e-002  9.42e-001  4.41e-012  3.26e-002  7.44e-004  2.93e-006  1.68e-009  1.23e-009  4.99e-007  4.71e-011  
3.81480e+016 9.58e-018  2.36e-002  9.50e-001  3.42e-012  2.55e-002  8.08e-004  3.50e-006  1.45e-009  1.08e-009  3.89e-007  6.48e-011  
3.81769e+016 1.09e-017  2.08e-002  9.61e-001  2.48e-012  1.70e-002  8.28e-004  4.88e-006  1.16e-009  8.72e-010  2.60e-007  1.10e-010  
3.81836e+016 1.12e-017  2.01e-002  9.64e-001  2.32e-012  1.53e-002  8.11e-004  5.41e-006  1.10e-009  8.27e-010  2.36e-007  1.27e-010  
3.81952e+016 1.17e-017  1.86e-002  9.68e-001  2.08e-012  1.27e-002  7.85e-004  6.59e-006  1.22e-009  9.17e-010  1.96e-007  1.66e-010  
3.82149e+016 1.24e-017  1.56e-002  9.75e-001  1.73e-012  8.86e-003  7.49e-004  9.67e-006  8.78e-010  6.73e-010  1.39e-007  2.80e-010  
3.82433e+016 1.27e-017  1.10e-002  9.83e-001  1.43e-012  4.73e-003  7.45e-004  1.83e-005  5.58e-010  4.37e-010  8.26e-008  6.80e-010  
3.82740e+016 9.62e-018  7.05e-003  9.90e-001  1.59e-012  2.20e-003  1.00e-003  3.99e-005  4.92e-010  3.89e-010  5.34e-008  2.40e-009  
3.83054e+016 3.49e-018  3.90e-003  9.92e-001  3.70e-012  8.49e-004  2.80e-003  8.58e-005  2.67e-010  2.12e-010  5.74e-008  1.65e-008  
3.83376e+016 2.10e-019  1.73e-003  9.51e-001  5.14e-011  2.34e-004  4.67e-002  1.51e-004  4.67e-010  3.80e-010  2.76e-007  5.75e-007  
3.83751e+016 1.03e-020  3.28e-005  4.16e-002  8.82e-010  1.63e-006  9.58e-001  9.88e-006  4.63e-009  3.83e-009  8.97e-007  2.03e-005  
3.84132e+016 1.01e-020  7.02e-006  1.07e-002  7.67e-010  5.25e-008  9.89e-001  2.93e-006  5.02e-009  4.17e-009  1.16e-007  2.69e-005  
3.84531e+016 1.00e-020  3.74e-006  3.97e-003  6.48e-010  6.89e-009  9.96e-001  1.18e-006  3.32e-009  2.81e-009  4.17e-008  3.31e-005  
3.84962e+016 1.02e-020  2.34e-006  1.73e-003  5.31e-010  2.71e-009  9.98e-001  6.34e-007  2.71e-009  2.34e-009  3.74e-008  4.50e-005  
3.85449e+016 1.04e-020  1.14e-006  8.15e-004  4.14e-010  1.27e-009  9.99e-001  3.88e-007  2.04e-008  1.78e-008  3.71e-008  6.46e-005  
3.85990e+016 1.06e-020  2.50e-007  3.09e-004  2.93e-010  5.04e-010  1.00e+000  1.79e-007  1.17e-009  1.03e-009  3.91e-008  8.66e-005  
3.86597e+016 1.09e-020  4.66e-008  1.31e-004  1.72e-010  2.67e-010  1.00e+000  9.36e-008  8.88e-010  7.96e-010  4.88e-008  1.16e-004  
3.87288e+016 1.14e-020  2.56e-008  7.13e-005  7.28e-011  2.27e-010  1.00e+000  6.71e-008  0.00e+000  0.00e+000  7.66e-008  1.66e-004  
3.88139e+016 1.24e-020  1.60e-008  3.11e-005  1.58e-011  1.64e-010  1.00e+000  3.74e-008  0.00e+000  0.00e+000  1.26e-007  2.27e-004  
3.89093e+016 1.41e-020  8.65e-009  1.16e-005  1.40e-012  9.29e-011  1.00e+000  1.50e-008  2.88e-010  2.67e-010  1.94e-007  2.61e-004  
3.90068e+016 1.69e-020  5.41e-009  5.48e-006  1.51e-013  5.90e-011  1.00e+000  6.39e-009  0.00e+000  0.00e+000  2.59e-007  2.46e-004  
3.91088e+016 2.15e-020  3.66e-009  3.15e-006  1.34e-013  3.99e-011  1.00e+000  2.85e-009  1.94e-010  1.84e-010  3.03e-007  1.99e-004  
3.92181e+016 2.87e-020  2.46e-009  1.99e-006  2.00e-013  2.63e-011  1.00e+000  1.26e-009  1.64e-010  1.56e-010  3.16e-007  1.44e-004  
3.93325e+016 3.92e-020  1.71e-009  1.43e-006  3.65e-013  1.79e-011  1.00e+000  6.05e-010  4.26e-010  4.03e-010  3.01e-007  9.85e-005  
3.94519e+016 5.39e-020  1.29e-009  1.18e-006  7.81e-013  1.30e-011  1.00e+000  3.32e-010  1.29e-009  1.22e-009  2.63e-007  6.64e-005  
3.95803e+016 7.36e-020  1.07e-009  1.11e-006  1.87e-012  1.01e-011  1.00e+000  2.11e-010  3.49e-011  3.30e-011  2.17e-007  4.54e-005  
3.97190e+016 9.84e-020  9.38e-010  1.16e-006  4.57e-012  8.22e-012  1.00e+000  1.54e-010  0.00e+000  0.00e+000  1.70e-007  3.21e-005  
3.98699e+016 1.27e-019  8.66e-010  1.30e-006  1.06e-011  6.88e-012  1.00e+000  1.29e-010  4.31e-009  4.06e-009  1.28e-007  2.41e-005  
4.00514e+016 1.61e-019  8.26e-010  1.55e-006  2.38e-011  5.70e-012  1.00e+000  1.20e-010  0.00e+000  0.00e+000  8.82e-008  1.88e-005  
4.02549e+016 1.94e-019  8.25e-010  1.94e-006  4.80e-011  4.74e-012  1.00e+000  1.26e-010  0.00e+000  0.00e+000  5.88e-008  1.56e-005  
4.04761e+016 2.20e-019  8.64e-010  2.56e-006  8.73e-011  4.03e-012  1.00e+000  1.50e-010  1.85e-010  1.65e-010  3.78e-008  1.38e-005  
4.07070e+016 2.34e-019  9.70e-010  3.55e-006  1.45e-010  3.59e-012  1.00e+000  1.97e-010  2.50e-010  2.15e-010  2.43e-008  1.29e-005  
4.09451e+016 2.36e-019  1.17e-009  5.21e-006  2.28e-010  3.39e-012  1.00e+000  2.86e-010  3.03e-010  2.55e-010  1.56e-008  1.25e-005  
4.11988e+016 2.25e-019  1.58e-009  8.40e-006  3.58e-010  3.50e-012  1.00e+000  4.67e-010  3.92e-010  3.20e-010  1.00e-008  1.23e-005  
4.14624e+016 2.05e-019  2.39e-009  1.48e-005  5.80e-010  4.01e-012  1.00e+000  8.39e-010  5.02e-010  3.94e-010  6.49e-009  1.20e-005  
4.17462e+016 1.76e-019  4.22e-009  2.99e-005  1.09e-009  5.40e-012  1.00e+000  1.70e-009  7.33e-010  5.42e-010  4.33e-009  1.15e-005  
4.20512e+016 1.42e-019  8.94e-009  7.01e-005  2.63e-009  8.94e-012  1.00e+000  3.85e-009  1.56e-009  1.11e-009  3.06e-009  1.05e-005  
4.23867e+016 1.05e-019  2.41e-008  2.02e-004  9.12e-009  2.00e-011  1.00e+000  1.01e-008  2.91e-009  1.92e-009  2.36e-009  8.80e-006  
4.27356e+016 7.08e-020  8.13e-008  7.05e-004  4.44e-008  6.05e-011  9.99e-001  2.97e-008  7.82e-009  4.81e-009  2.05e-009  6.83e-006  
4.30994e+016 4.29e-020  3.47e-007  3.07e-003  3.00e-007  2.98e-010  9.97e-001  1.04e-007  2.42e-008  1.38e-008  2.32e-009  4.94e-006  
4.34671e+016 2.34e-020  1.89e-006  1.68e-002  2.67e-006  2.15e-009  9.83e-001  4.66e-007  7.40e-008  3.88e-008  3.04e-009  3.53e-006  
4.38104e+016 1.26e-020  8.72e-006  9.67e-002  2.36e-005  1.35e-008  9.03e-001  2.37e-006  2.06e-007  1.01e-007  3.03e-009  2.51e-006  
4.41007e+016 9.23e-021  2.47e-005  3.82e-001  1.20e-004  5.03e-008  6.17e-001  8.85e-006  3.76e-007  1.69e-007  1.95e-009  1.43e-006  
4.42181e+016 9.94e-021  3.24e-005  5.80e-001  1.90e-004  7.44e-008  4.19e-001  1.33e-005  3.87e-007  1.70e-007  1.29e-009  9.00e-007  
4.42811e+016 1.17e-020  3.67e-005  7.01e-001  2.14e-004  9.23e-008  2.99e-001  1.59e-005  3.48e-007  1.50e-007  9.40e-010  6.10e-007  
4.43809e+016 1.36e-020  4.01e-005  8.07e-001  2.92e-004  1.04e-007  1.92e-001  1.82e-005  3.25e-007  1.39e-007  5.95e-010  3.77e-007  
4.45030e+016 1.94e-020  4.17e-005  9.07e-001  3.53e-004  1.09e-007  9.27e-002  2.05e-005  2.52e-007  1.03e-007  2.67e-010  1.71e-007  
4.45401e+016 2.80e-020  4.04e-005  9.43e-001  2.90e-004  1.08e-007  5.68e-002  2.12e-005  1.79e-007  7.25e-008  1.56e-010  9.96e-008  
4.45998e+016 3.74e-020  3.87e-005  9.65e-001  2.81e-004  1.03e-007  3.50e-002  2.17e-005  1.39e-007  5.50e-008  8.98e-011  5.88e-008  
4.46779e+016 4.30e-020  3.84e-005  9.76e-001  3.37e-004  1.03e-007  2.32e-002  2.19e-005  1.28e-007  4.88e-008  5.88e-011  3.86e-008  
4.48006e+016 6.89e-020  3.57e-005  9.90e-001  3.43e-004  9.70e-008  9.34e-003  2.22e-005  8.52e-008  3.17e-008  2.19e-011  1.45e-008  
4.48529e+016 1.26e-019  3.19e-005  9.96e-001  2.31e-004  9.08e-008  4.20e-003  2.24e-005  4.79e-008  1.73e-008  9.24e-012  5.91e-009  
4.48834e+016 1.80e-019  2.98e-005  9.97e-001  1.80e-004  8.30e-008  2.61e-003  2.24e-005  3.39e-008  1.21e-008  5.22e-012  3.60e-009  
4.49346e+016 1.85e-019  2.97e-005  9.98e-001  2.07e-004  8.30e-008  2.07e-003  2.24e-005  3.33e-008  1.19e-008  4.12e-012  2.85e-009  
4.49870e+016 1.98e-019  2.95e-005  9.98e-001  2.30e-004  8.27e-008  1.56e-003  2.24e-005  3.16e-008  1.12e-008  3.09e-012  2.13e-009  
4.50684e+016 2.62e-019  2.79e-005  9.99e-001  2.24e-004  7.89e-008  8.39e-004  2.24e-005  2.46e-008  8.50e-009  1.59e-012  1.11e-009  
4.51867e+016 4.46e-019  2.53e-005  9.99e-001  1.84e-004  7.26e-008  2.94e-004  2.24e-005  1.51e-008  4.95e-009  5.09e-013  3.59e-010  
4.51946e+016 4.89e-019  2.49e-005  1.00e+000  1.74e-004  7.67e-008  2.58e-004  2.43e-005  1.37e-008  4.48e-009  4.37e-013  2.84e-010  
4.52061e+016 6.65e-019  2.30e-005  1.00e+000  1.32e-004  7.07e-008  1.79e-004  2.47e-005  1.01e-008  3.28e-009  2.78e-013  1.94e-010  
4.52265e+016 8.63e-019  2.27e-005  1.00e+000  1.07e-004  6.74e-008  1.25e-004  2.47e-005  7.83e-009  2.51e-009  1.85e-013  1.36e-010  
4.52632e+016 1.01e-018  2.29e-005  1.00e+000  1.00e-004  6.75e-008  9.04e-005  2.48e-005  6.75e-009  2.13e-009  1.33e-013  9.80e-011  
4.53239e+016 1.09e-018  2.27e-005  1.00e+000  1.06e-004  6.72e-008  6.26e-005  2.49e-005  6.37e-009  1.94e-009  9.17e-014  6.76e-011  
4.54167e+016 1.32e-018  2.20e-005  1.00e+000  1.08e-004  6.61e-008  3.24e-005  2.55e-005  5.39e-009  1.61e-009  4.55e-014  3.37e-011  
4.55446e+016 2.00e-018  2.06e-005  1.00e+000  9.50e-005  6.35e-008  1.16e-005  2.71e-005  3.66e-009  1.05e-009  1.48e-014  1.11e-011  
4.55658e+016 2.11e-018  2.07e-005  1.00e+000  9.43e-005  6.40e-008  9.86e-006  2.80e-005  3.49e-009  9.86e-010  1.23e-014  9.00e-012  
4.55697e+016 2.05e-018  2.04e-005  1.00e+000  9.85e-005  6.78e-008  9.90e-006  2.98e-005  3.59e-009  9.80e-010  1.22e-014  8.19e-012  
4.55761e+016 2.15e-018  1.87e-005  1.00e+000  9.49e-005  6.56e-008  9.11e-006  3.05e-005  3.43e-009  9.25e-010  1.06e-014  7.35e-012  
4.55871e+016 2.40e-018  1.78e-005  1.00e+000  8.71e-005  6.00e-008  7.67e-006  3.05e-005  3.08e-009  8.29e-010  8.25e-015  6.21e-012  
4.56066e+016 2.79e-018  1.77e-005  1.00e+000  7.74e-005  5.73e-008  5.91e-006  3.05e-005  2.65e-009  7.13e-010  6.06e-015  4.77e-012  
4.56410e+016 3.36e-018  1.77e-005  1.00e+000  6.87e-005  5.71e-008  4.05e-006  3.07e-005  2.21e-009  5.92e-010  4.14e-015  3.27e-012  
4.56849e+016 3.92e-018  1.78e-005  1.00e+000  6.43e-005  5.69e-008  2.70e-006  3.06e-005  1.90e-009  5.08e-010  2.75e-015  2.19e-012  
4.57241e+016 4.29e-018  1.77e-005  1.00e+000  6.32e-005  5.71e-008  1.97e-006  3.08e-005  1.75e-009  4.61e-010  1.99e-015  1.58e-012  
4.57850e+016 4.78e-018  1.73e-005  1.00e+000  6.34e-005  5.63e-008  1.24e-006  3.14e-005  1.59e-009  4.04e-010  1.22e-015  9.66e-013  
4.58802e+016 5.56e-018  1.63e-005  1.00e+000  6.51e-005  5.45e-008  5.99e-007  3.29e-005  1.39e-009  3.31e-010  5.57e-016  4.48e-013  
4.59720e+016 6.37e-018  1.53e-005  1.00e+000  6.70e-005  5.26e-008  3.01e-007  3.45e-005  1.22e-009  2.76e-010  2.81e-016  2.29e-013  
4.59734e+016 6.19e-018  1.56e-005  1.00e+000  6.91e-005  5.41e-008  3.17e-007  3.57e-005  1.26e-009  2.81e-010  3.12e-016  2.42e-013  
4.59759e+016 5.83e-018  1.57e-005  1.00e+000  7.39e-005  5.76e-008  2.26e-007  3.81e-005  1.32e-009  2.95e-010  2.52e-016  1.77e-013  
4.59802e+016 5.75e-018  1.43e-005  1.00e+000  7.58e-005  5.81e-008  2.03e-007  3.91e-005  1.33e-009  2.96e-010  2.33e-016  1.59e-013  
4.59873e+016 5.87e-018  1.31e-005  1.00e+000  7.53e-005  5.48e-008  1.94e-007  3.92e-005  1.31e-009  2.88e-010  2.10e-016  1.52e-013  
4.59993e+016 6.09e-018  1.27e-005  1.00e+000  7.39e-005  5.04e-008  1.82e-007  3.92e-005  1.26e-009  2.76e-010  1.81e-016  1.43e-013  
4.60196e+016 6.44e-018  1.27e-005  1.00e+000  7.22e-005  4.77e-008  1.65e-007  3.93e-005  1.19e-009  2.58e-010  1.55e-016  1.29e-013  
4.60580e+016 7.04e-018  1.27e-005  1.00e+000  7.03e-005  4.70e-008  1.39e-007  3.95e-005  1.09e-009  2.29e-010  1.30e-016  1.10e-013  
4.61139e+016 7.80e-018  1.27e-005  1.00e+000  6.95e-005  4.69e-008  1.17e-007  3.95e-005  9.86e-010  2.03e-010  1.08e-016  9.22e-014  
4.61801e+016 8.44e-018  1.24e-005  1.00e+000  7.16e-005  4.64e-008  1.01e-007  4.03e-005  9.06e-010  1.84e-010  9.45e-017  8.02e-014  
4.62829e+016 9.15e-018  1.16e-005  1.00e+000  7.79e-005  4.46e-008  8.98e-008  4.23e-005  8.24e-010  1.58e-010  8.52e-017  7.23e-014  
4.63958e+016 9.74e-018  1.05e-005  1.00e+000  8.68e-005  4.20e-008  8.73e-008  4.52e-005  7.61e-010  1.33e-010  8.43e-017  7.13e-014  
4.64165e+016 9.76e-018  1.03e-005  1.00e+000  8.94e-005  4.18e-008  9.21e-008  4.62e-005  7.53e-010  1.29e-010  9.07e-017  7.56e-014  
4.64187e+016 9.14e-018  1.07e-005  1.00e+000  9.60e-005  4.36e-008  1.41e-007  4.93e-005  7.93e-010  1.35e-010  1.56e-016  1.17e-013  
4.64224e+016 8.64e-018  1.01e-005  1.00e+000  1.02e-004  4.54e-008  1.63e-007  5.24e-005  8.38e-010  1.38e-010  2.04e-016  1.37e-013  
4.64286e+016 8.59e-018  8.88e-006  1.00e+000  1.04e-004  4.49e-008  1.54e-007  5.33e-005  8.40e-010  1.35e-010  1.93e-016  1.29e-013  
4.64396e+016 8.75e-018  8.11e-006  1.00e+000  1.04e-004  4.23e-008  1.51e-007  5.34e-005  8.20e-010  1.33e-010  1.78e-016  1.26e-013  
4.64596e+016 9.04e-018  7.94e-006  1.00e+000  1.03e-004  3.90e-008  1.44e-007  5.34e-005  7.87e-010  1.26e-010  1.57e-016  1.21e-013  
4.64933e+016 9.49e-018  7.93e-006  1.00e+000  1.03e-004  3.72e-008  1.42e-007  5.36e-005  7.43e-010  1.17e-010  1.49e-016  1.19e-013  
4.65501e+016 1.02e-017  7.92e-006  1.00e+000  1.04e-004  3.66e-008  1.30e-007  5.37e-005  6.84e-010  1.03e-010  1.33e-016  1.10e-013  
4.66259e+016 1.08e-017  7.79e-006  1.00e+000  1.08e-004  3.67e-008  1.24e-007  5.51e-005  6.30e-010  8.74e-011  1.29e-016  1.05e-013  
4.67450e+016 1.14e-017  7.08e-006  1.00e+000  1.20e-004  3.60e-008  1.17e-007  5.85e-005  5.64e-010  7.36e-011  1.28e-016  1.00e-013  
4.68726e+016 1.19e-017  6.11e-006  1.00e+000  1.36e-004  3.55e-008  1.13e-007  5.08e-005  4.94e-010  5.84e-011  1.36e-016  9.75e-014  
4.69009e+016 1.20e-017  5.90e-006  1.00e+000  1.39e-004  3.55e-008  1.12e-007  4.87e-005  4.81e-010  5.49e-011  1.38e-016  9.66e-014  
4.69024e+016 1.18e-017  5.96e-006  1.00e+000  1.42e-004  3.58e-008  1.34e-007  4.68e-005  4.86e-010  5.49e-011  1.70e-016  1.15e-013  
4.69048e+016 1.12e-017  6.06e-006  1.00e+000  1.50e-004  3.73e-008  1.29e-007  4.27e-005  5.15e-010  5.61e-011  1.80e-016  1.12e-013  
4.69090e+016 1.06e-017  5.80e-006  1.00e+000  1.59e-004  3.90e-008  1.23e-007  3.75e-005  5.40e-010  5.57e-011  1.92e-016  1.06e-013  
4.69160e+016 1.02e-017  5.08e-006  1.00e+000  1.67e-004  4.08e-008  1.19e-007  3.34e-005  5.52e-010  5.34e-011  2.09e-016  1.02e-013  
4.69279e+016 1.02e-017  4.35e-006  1.00e+000  1.69e-004  4.18e-008  1.18e-007  3.27e-005  5.47e-010  5.22e-011  2.15e-016  1.01e-013  
4.69476e+016 1.06e-017  4.06e-006  1.00e+000  1.66e-004  4.13e-008  1.11e-007  3.24e-005  5.20e-010  4.93e-011  2.03e-016  9.62e-014  
4.69806e+016 1.11e-017  4.04e-006  1.00e+000  1.65e-004  4.09e-008  1.16e-007  3.25e-005  4.85e-010  4.57e-011  2.09e-016  1.00e-013  
4.70337e+016 1.18e-017  4.05e-006  1.00e+000  1.65e-004  4.06e-008  1.21e-007  3.28e-005  4.36e-010  4.04e-011  2.16e-016  1.05e-013  
4.70622e+016 1.22e-017  4.02e-006  1.00e+000  1.66e-004  4.03e-008  1.24e-007  3.25e-005  4.11e-010  3.76e-011  2.20e-016  1.07e-013  
4.71061e+016 1.26e-017  3.96e-006  1.00e+000  1.68e-004  4.05e-008  1.27e-007  3.19e-005  3.89e-010  3.38e-011  2.31e-016  1.10e-013  
4.71746e+016 1.30e-017  3.76e-006  1.00e+000  1.75e-004  4.17e-008  1.31e-007  3.02e-005  3.58e-010  2.86e-011  2.51e-016  1.13e-013  
4.72860e+016 1.35e-017  3.28e-006  1.00e+000  1.90e-004  4.51e-008  1.31e-007  2.63e-005  3.11e-010  2.15e-011  2.99e-016  1.13e-013  
4.74240e+016 1.39e-017  2.68e-006  1.00e+000  2.13e-004  5.32e-008  1.29e-007  2.16e-005  2.59e-010  1.52e-011  3.96e-016  1.11e-013  
4.74305e+016 1.40e-017  2.64e-006  1.00e+000  2.13e-004  5.34e-008  1.28e-007  2.12e-005  2.56e-010  1.49e-011  3.99e-016  1.10e-013  
4.74313e+016 1.40e-017  2.63e-006  1.00e+000  2.13e-004  5.35e-008  1.28e-007  2.11e-005  2.55e-010  1.49e-011  4.00e-016  1.10e-013  
4.74348e+016 1.38e-017  2.64e-006  1.00e+000  2.17e-004  5.44e-008  1.28e-007  2.08e-005  2.58e-010  1.49e-011  4.10e-016  1.09e-013  
4.74406e+016 1.34e-017  2.58e-006  1.00e+000  2.25e-004  5.61e-008  6.39e-007  1.95e-005  2.63e-010  1.45e-011  2.22e-015  5.45e-013  
4.74503e+016 1.28e-017  2.36e-006  1.00e+000  2.37e-004  5.96e-008  5.90e-007  1.72e-005  2.69e-010  1.34e-011  2.37e-015  4.98e-013  
4.74676e+016 1.21e-017  1.97e-006  1.00e+000  2.54e-004  6.69e-008  5.35e-007  1.50e-005  2.74e-010  1.31e-011  2.65e-015  4.45e-013  
4.74972e+016 1.21e-017  1.59e-006  1.00e+000  2.61e-004  7.68e-008  4.78e-007  1.35e-005  2.63e-010  1.17e-011  2.94e-015  3.93e-013  
4.75283e+016 1.25e-017  1.49e-006  1.00e+000  2.61e-004  8.48e-008  4.49e-007  1.32e-005  2.46e-010  1.03e-011  3.10e-015  3.69e-013  
4.75365e+016 1.27e-017  1.47e-006  1.00e+000  2.59e-004  8.66e-008  4.41e-007  1.31e-005  2.40e-010  9.92e-012  3.10e-015  3.62e-013  
4.75556e+016 1.30e-017  1.46e-006  1.00e+000  2.58e-004  9.00e-008  4.28e-007  1.32e-005  2.30e-010  9.38e-012  3.13e-015  3.51e-013  
4.75856e+016 1.35e-017  1.46e-006  1.00e+000  2.55e-004  9.40e-008  4.08e-007  1.31e-005  2.14e-010  8.59e-012  3.14e-015  3.35e-013  
4.76342e+016 1.42e-017  1.43e-006  1.00e+000  2.55e-004  1.00e-007  3.78e-007  1.29e-005  1.91e-010  7.46e-012  3.12e-015  3.10e-013  
4.77120e+016 1.50e-017  1.33e-006  1.00e+000  2.60e-004  1.09e-007  3.34e-007  1.20e-005  1.60e-010  5.70e-012  3.15e-015  2.72e-013  
4.78339e+016 1.57e-017  1.13e-006  1.00e+000  2.77e-004  1.29e-007  2.76e-007  1.03e-005  1.32e-010  3.82e-012  3.50e-015  2.20e-013  
4.79819e+016 1.62e-017  8.89e-007  1.00e+000  3.07e-004  1.72e-007  2.23e-007  8.15e-006  1.01e-010  2.04e-012  4.52e-015  1.71e-013  
4.80101e+016 1.63e-017  8.52e-007  1.00e+000  3.12e-004  1.83e-007  2.14e-007  7.73e-006  9.63e-011  1.83e-012  4.79e-015  1.63e-013  
4.80156e+016 1.63e-017  8.46e-007  1.00e+000  3.13e-004  1.85e-007  2.13e-007  7.67e-006  9.57e-011  1.79e-012  4.85e-015  1.61e-013  
4.80288e+016 1.63e-017  8.28e-007  1.00e+000  3.17e-004  1.91e-007  2.08e-007  7.42e-006  9.32e-011  1.70e-012  5.01e-015  1.56e-013  
4.80511e+016 1.62e-017  8.02e-007  1.00e+000  3.25e-004  2.02e-007  2.01e-007  7.10e-006  9.01e-011  1.56e-012  5.33e-015  1.49e-013  
4.80875e+016 1.61e-017  7.58e-007  1.00e+000  3.37e-004  2.23e-007  1.88e-007  6.46e-006  8.44e-011  1.31e-012  5.94e-015  1.37e-013  
4.81463e+016 1.61e-017  7.08e-007  1.00e+000  3.55e-004  2.61e-007  1.71e-007  5.64e-006  7.57e-011  9.75e-013  7.08e-015  1.21e-013  
4.82445e+016 1.64e-017  6.83e-007  1.00e+000  3.79e-004  3.37e-007  1.51e-007  4.73e-006  6.16e-011  6.58e-013  9.45e-015  1.02e-013  
4.83636e+016 1.69e-017  7.16e-007  1.00e+000  4.06e-004  4.49e-007  1.33e-007  3.87e-006  4.67e-011  3.73e-013  1.21e-014  8.46e-014  
4.84912e+016 1.72e-017  8.25e-007  1.00e+000  4.43e-004  6.04e-007  1.16e-007  3.06e-006  3.39e-011  1.92e-013  1.39e-014  6.80e-014  
4.86294e+016 1.72e-017  1.09e-006  9.99e-001  4.96e-004  8.43e-007  9.94e-008  2.34e-006  2.40e-011  9.41e-014  1.62e-014  5.25e-014  
4.87591e+016 1.70e-017  1.53e-006  9.99e-001  5.57e-004  1.14e-006  8.41e-008  1.79e-006  1.71e-011  4.31e-014  1.80e-014  3.94e-014  
4.88968e+016 1.65e-017  2.38e-006  9.99e-001  6.42e-004  1.57e-006  6.97e-008  1.33e-006  1.18e-011  1.70e-014  1.99e-014  2.82e-014  
4.90444e+016 1.54e-017  4.14e-006  9.99e-001  7.72e-004  2.20e-006  5.66e-008  9.60e-007  7.79e-012  5.83e-015  2.13e-014  1.88e-014  
4.91980e+016 1.40e-017  7.85e-006  9.99e-001  9.56e-004  3.08e-006  4.39e-008  6.71e-007  4.86e-012  1.71e-015  2.18e-014  1.14e-014  
4.93317e+016 1.24e-017  1.47e-005  9.99e-001  1.19e-003  4.12e-006  3.43e-008  4.89e-007  3.11e-012  5.19e-016  2.12e-014  6.90e-015  
4.94239e+016 1.12e-017  2.34e-005  9.99e-001  1.42e-003  5.03e-006  2.84e-008  3.91e-007  2.17e-012  1.84e-016  2.01e-014  4.66e-015  
4.95192e+016 9.92e-018  3.88e-005  9.98e-001  1.72e-003  6.15e-006  2.29e-008  3.08e-007  1.50e-012  6.25e-017  1.86e-014  2.97e-015  
4.96202e+016 8.54e-018  6.83e-005  9.98e-001  2.15e-003  7.61e-006  1.79e-008  2.40e-007  1.09e-012  2.39e-017  1.66e-014  1.77e-015  
4.97297e+016 7.10e-018  1.29e-004  9.97e-001  2.82e-003  9.58e-006  1.34e-008  1.83e-007  7.27e-013  6.25e-018  1.42e-014  9.45e-016  
4.98461e+016 5.63e-018  2.63e-004  9.96e-001  3.87e-003  1.22e-005  9.53e-009  1.36e-007  4.49e-013  1.22e-018  1.14e-014  4.46e-016  
4.99670e+016 4.28e-018  5.66e-004  9.94e-001  5.57e-003  1.58e-005  6.45e-009  1.00e-007  2.50e-013  1.82e-019  8.63e-015  1.87e-016  
5.00936e+016 3.04e-018  1.19e-003  9.90e-001  8.55e-003  2.08e-005  4.08e-009  7.30e-008  1.19e-013  2.09e-020  6.02e-015  6.61e-017  
5.02240e+016 2.03e-018  2.56e-003  9.83e-001  1.40e-002  2.76e-005  2.40e-009  5.26e-008  4.40e-014  1.20e-021  3.84e-015  1.95e-017  
5.03584e+016 1.27e-018  5.79e-003  9.70e-001  2.45e-002  3.73e-005  1.32e-009  3.77e-008  1.64e-014  1.08e-022  2.23e-015  4.75e-018  
5.05026e+016 7.15e-019  1.44e-002  9.38e-001  4.77e-002  5.12e-005  6.14e-010  2.60e-008  7.24e-015  4.60e-024  1.07e-015  7.95e-019  
5.05959e+016 4.99e-019  2.54e-002  9.02e-001  7.27e-002  6.15e-005  3.63e-010  2.04e-008  3.53e-015  3.09e-025  6.37e-016  2.36e-019  
5.06957e+016 3.41e-019  4.57e-002  8.41e-001  1.13e-001  7.30e-005  1.97e-010  1.58e-008  1.27e-015  1.24e-026  3.43e-016  5.86e-020  
5.07988e+016 2.38e-019  8.08e-002  7.45e-001  1.74e-001  8.29e-005  9.73e-011  1.17e-008  3.41e-016  7.87e-028  1.65e-016  1.23e-020  
5.09058e+016 1.77e-019  1.34e-001  6.16e-001  2.50e-001  8.76e-005  4.39e-011  8.14e-009  6.67e-017  2.16e-029  7.18e-017  2.29e-021  
5.10237e+016 1.39e-019  2.12e-001  4.46e-001  3.41e-001  8.32e-005  1.58e-011  5.00e-009  8.75e-018  2.79e-031  2.44e-017  2.94e-022  
5.11496e+016 1.23e-019  3.03e-001  2.77e-001  4.20e-001  6.92e-005  4.56e-012  2.66e-009  7.49e-019  1.76e-033  6.55e-018  2.74e-023  
5.12843e+016 1.21e-019  3.91e-001  1.48e-001  4.62e-001  4.99e-005  1.07e-012  1.24e-009  6.53e-020  4.78e-036  1.40e-018  1.90e-024  
5.14296e+016 1.30e-019  4.66e-001  6.64e-002  4.67e-001  3.11e-005  1.90e-013  4.91e-010  5.34e-021  6.93e-038  2.19e-019  8.36e-026  
5.15425e+016 1.44e-019  5.11e-001  3.55e-002  4.53e-001  2.11e-005  5.07e-014  2.43e-010  1.38e-021  1.82e-039  5.29e-020  7.79e-027  
5.16792e+016 1.65e-019  5.57e-001  1.64e-002  4.26e-001  1.29e-005  1.00e-014  1.04e-010  5.04e-023  1.77e-042  9.26e-021  4.41e-028  
5.18319e+016 1.96e-019  6.02e-001  6.58e-003  3.92e-001  7.14e-006  1.51e-015  3.93e-011  9.28e-025  6.43e-046  1.18e-021  1.51e-029  
5.19950e+016 2.36e-019  6.43e-001  2.22e-003  3.55e-001  3.46e-006  1.56e-016  1.26e-011  1.07e-026  9.60e-050  9.86e-023  2.64e-031  
5.21655e+016 2.89e-019  6.81e-001  7.74e-004  3.18e-001  1.71e-006  1.75e-017  4.29e-012  6.02e-029  6.53e-054  8.89e-024  5.29e-033  
5.23457e+016 3.57e-019  7.17e-001  2.48e-004  2.83e-001  7.87e-007  1.62e-018  1.36e-012  9.97e-031  1.24e-055  6.41e-025  7.48e-035  
5.25384e+016 4.47e-019  7.49e-001  8.25e-005  2.51e-001  3.71e-007  1.63e-019  4.63e-013  2.66e-033  2.46e-059  5.08e-026  1.23e-036  
5.27451e+016 5.66e-019  7.81e-001  2.42e-005  2.19e-001  1.59e-007  1.26e-020  1.40e-013  5.60e-036  2.90e-064  2.93e-027  1.22e-038  
5.29668e+016 7.24e-019  8.09e-001  7.65e-006  1.91e-001  7.15e-008  1.15e-021  4.70e-014  5.25e-039  6.10e-070  2.03e-028  1.66e-040  
5.31993e+016 9.29e-019  8.34e-001  2.10e-006  1.66e-001  2.88e-008  7.90e-023  1.39e-014  1.77e-042  2.55e-077  1.01e-029  1.29e-042  
5.34440e+016 1.19e-018  8.56e-001  6.80e-007  1.44e-001  1.31e-008  7.74e-024  4.87e-015  1.22e-043  3.89e-078  7.40e-031  1.92e-044  
5.36995e+016 1.53e-018  8.75e-001  1.83e-007  1.25e-001  5.12e-009  5.25e-025  1.46e-015  1.10e-048  0.00e+000  3.53e-032  1.41e-046  
5.39765e+016 1.98e-018  8.91e-001  5.87e-008  1.09e-001  2.28e-009  5.21e-026  5.21e-016  5.97e-053  0.00e+000  2.59e-033  2.07e-048  
5.42627e+016 2.53e-018  9.04e-001  1.70e-008  9.56e-002  9.36e-010  4.23e-027  1.72e-016  2.80e-054  0.00e+000  1.49e-034  2.04e-050  
5.45738e+016 3.25e-018  9.17e-001  4.52e-009  8.34e-002  3.60e-010  2.93e-028  5.29e-017  3.07e-060  0.00e+000  7.04e-036  1.45e-052  
5.49079e+016 4.15e-018  9.27e-001  1.37e-009  7.30e-002  1.51e-010  2.65e-029  1.85e-017  1.43e-061  0.00e+000  4.50e-037  1.69e-054  
5.52575e+016 5.24e-018  9.36e-001  3.86e-010  6.43e-002  6.01e-011  2.10e-030  6.13e-018  3.48e-068  0.00e+000  2.43e-038  1.48e-056  
5.56155e+016 6.50e-018  9.43e-001  9.87e-011  5.72e-002  2.23e-011  1.36e-031  1.89e-018  5.68e-070  0.00e+000  1.04e-039  8.83e-059  
5.59918e+016 7.95e-018  9.49e-001  3.18e-011  5.13e-002  9.73e-012  1.41e-032  7.15e-019  1.01e-076  0.00e+000  7.59e-041  1.24e-060  
5.63913e+016 9.60e-018  9.54e-001  9.71e-012  4.64e-002  4.10e-012  1.31e-033  2.61e-019  1.33e-079  0.00e+000  4.86e-042  1.41e-062  
5.68226e+016 1.15e-017  9.58e-001  2.67e-012  4.20e-002  1.60e-012  9.84e-035  8.80e-020  0.00e+000  0.00e+000  2.40e-043  1.04e-064  
5.72780e+016 1.34e-017  9.61e-001  6.46e-013  3.85e-002  5.72e-013  5.58e-036  2.68e-020  0.00e+000  0.00e+000  8.57e-045  4.42e-067  
5.77650e+016 1.55e-017  9.64e-001  2.02e-013  3.57e-002  2.47e-013  5.33e-037  1.02e-020  0.00e+000  0.00e+000  5.58e-046  4.93e-069  
5.82707e+016 1.75e-017  9.67e-001  6.12e-014  3.32e-002  1.05e-013  4.74e-038  3.81e-021  0.00e+000  0.00e+000  3.35e-047  4.78e-071  
5.88124e+016 1.94e-017  9.69e-001  1.66e-014  3.11e-002  4.17e-014  3.32e-039  1.31e-021  0.00e+000  0.00e+000  1.53e-048  2.89e-073  
5.93801e+016 2.12e-017  9.71e-001  4.01e-015  2.93e-002  1.53e-014  1.80e-040  4.14e-022  0.00e+000  0.00e+000  5.18e-050  1.06e-075  
5.99878e+016 2.29e-017  9.72e-001  1.24e-015  2.77e-002  6.76e-015  1.60e-041  1.60e-022  0.00e+000  0.00e+000  3.15e-051  9.98e-078  
6.06254e+016 2.45e-017  9.74e-001  3.44e-016  2.62e-002  2.80e-015  1.17e-042  5.79e-023  0.00e+000  0.00e+000  1.52e-052  6.27e-080  
6.12860e+016 2.61e-017  9.75e-001  9.56e-017  2.47e-002  1.17e-015  8.68e-044  2.09e-023  0.00e+000  0.00e+000  7.50e-054  0.00e+000  
6.19772e+016 2.78e-017  9.77e-001  2.60e-017  2.32e-002  4.85e-016  6.25e-045  7.47e-024  0.00e+000  0.00e+000  3.63e-055  0.00e+000  
6.27006e+016 2.98e-017  9.79e-001  6.80e-018  2.15e-002  1.95e-016  4.29e-046  2.60e-024  0.00e+000  0.00e+000  1.66e-056  0.00e+000  
6.34752e+016 3.22e-017  9.80e-001  1.67e-018  1.97e-002  7.57e-017  2.59e-047  8.62e-025  0.00e+000  0.00e+000  6.61e-058  0.00e+000  
6.43223e+016 3.55e-017  9.82e-001  3.60e-019  1.77e-002  2.70e-017  1.27e-048  2.61e-025  0.00e+000  0.00e+000  2.08e-059  0.00e+000  
6.52408e+016 3.99e-017  9.84e-001  7.01e-020  1.56e-002  8.97e-018  5.16e-050  7.34e-026  0.00e+000  0.00e+000  5.36e-061  0.00e+000  
6.62440e+016 4.59e-017  9.87e-001  1.20e-020  1.34e-002  2.74e-018  1.66e-051  1.87e-026  0.00e+000  0.00e+000  1.07e-062  0.00e+000  
6.73219e+016 5.41e-017  9.89e-001  1.87e-021  1.13e-002  7.80e-019  4.49e-053  4.44e-027  0.00e+000  0.00e+000  1.76e-064  0.00e+000  
6.84641e+016 6.50e-017  9.91e-001  2.66e-022  9.47e-003  2.11e-019  1.07e-054  9.98e-028  0.00e+000  0.00e+000  2.54e-066  0.00e+000  
6.96945e+016 7.98e-017  9.92e-001  3.36e-023  7.80e-003  5.27e-020  2.05e-056  2.05e-028  0.00e+000  0.00e+000  2.88e-068  0.00e+000  
7.10391e+016 1.00e-016  9.94e-001  4.07e-024  6.35e-003  1.29e-020  3.76e-058  4.15e-029  0.00e+000  0.00e+000  3.18e-070  0.00e+000  
7.25155e+016 1.29e-016  9.95e-001  3.81e-025  5.12e-003  2.63e-021  4.25e-060  6.93e-030  0.00e+000  0.00e+000  2.02e-072  0.00e+000  
7.42223e+016 1.71e-016  9.96e-001  2.68e-026  4.08e-003  4.45e-022  2.89e-062  9.43e-031  0.00e+000  0.00e+000  7.32e-075  0.00e+000  
7.63108e+016 2.37e-016  9.97e-001  1.04e-027  3.22e-003  5.03e-023  6.42e-065  8.32e-032  0.00e+000  0.00e+000  7.56e-078  0.00e+000  
7.86896e+016 3.33e-016  9.97e-001  3.09e-029  2.59e-003  4.81e-024  8.68e-068  6.13e-033  0.00e+000  0.00e+000  4.57e-081  0.00e+000  
8.18150e+016 4.90e-016  9.98e-001  3.55e-031  2.12e-003  2.43e-025  1.94e-071  2.29e-034  0.00e+000  0.00e+000  0.00e+000  0.00e+000  
8.55776e+016 7.16e-016  9.98e-001  2.26e-033  1.86e-003  8.46e-027  1.42e-075  5.75e-036  0.00e+000  0.00e+000  0.00e+000  0.00e+000  
9.00548e+016 1.02e-015  9.98e-001  8.04e-036  1.73e-003  2.02e-028  3.41e-080  9.79e-038  0.00e+000  0.00e+000  0.00e+000  0.00e+000  
9.53916e+016 1.39e-015  9.98e-001  1.67e-038  1.71e-003  3.43e-030  0.00e+000  1.18e-039  0.00e+000  0.00e+000  0.00e+000  0.00e+000  
1.01535e+017 1.80e-015  9.98e-001  2.77e-041  1.72e-003  5.11e-032  0.00e+000  1.24e-041  0.00e+000  0.00e+000  0.00e+000  0.00e+000  
1.09249e+017 2.21e-015  9.98e-001  2.60e-044  1.72e-003  5.29e-034  0.00e+000  8.63e-044  0.00e+000  0.00e+000  0.00e+000  0.00e+000  
1.19176e+017 2.49e-015  9.98e-001  1.79e-047  1.72e-003  4.33e-036  0.00e+000  4.45e-046  0.00e+000  0.00e+000  0.00e+000  0.00e+000  
1.32448e+017 2.32e-015  9.98e-001  1.48e-050  2.08e-003  3.30e-038  0.00e+000  1.93e-048  0.00e+000  0.00e+000  0.00e+000  0.00e+000  
