! 0       H2CO + CH3OH2+ -> H2 + H5C2O2+
! 1       HCOOCH3 + H3O+ -> H2O + H5C2O2+
! 2       HCOOCH3 + H3+ -> H2 + H5C2O2+
! 3       HCOOCH3 + HCO+ -> CO + H5C2O2+
!            tot_rate   0          1          2          3          
1.58188e+013 1.20e-021  2.51e-001  1.36e-001  2.22e-001  3.91e-001  
3.50727e+014 1.20e-021  2.51e-001  1.36e-001  2.22e-001  3.91e-001  
5.21628e+015 1.20e-021  2.51e-001  1.37e-001  2.22e-001  3.90e-001  
2.67137e+016 5.28e-022  1.49e-001  1.34e-001  3.60e-001  3.56e-001  
3.33598e+016 1.74e-022  9.09e-002  1.25e-001  3.95e-001  3.89e-001  
3.42055e+016 1.34e-022  8.43e-002  1.25e-001  3.91e-001  3.99e-001  
3.44017e+016 1.25e-022  8.23e-002  1.25e-001  3.91e-001  4.02e-001  
3.46353e+016 1.15e-022  8.08e-002  1.26e-001  3.88e-001  4.06e-001  
3.48860e+016 1.04e-022  7.85e-002  1.26e-001  3.86e-001  4.09e-001  
3.51370e+016 9.32e-023  7.65e-002  1.27e-001  3.83e-001  4.14e-001  
3.53250e+016 8.53e-023  7.51e-002  1.27e-001  3.80e-001  4.18e-001  
3.55515e+016 7.65e-023  7.34e-002  1.27e-001  3.78e-001  4.22e-001  
3.57182e+016 7.01e-023  7.23e-002  1.27e-001  3.75e-001  4.25e-001  
3.58524e+016 6.50e-023  7.15e-002  1.27e-001  3.72e-001  4.29e-001  
3.60047e+016 5.95e-023  7.05e-002  1.27e-001  3.70e-001  4.32e-001  
3.61718e+016 5.35e-023  6.94e-002  1.28e-001  3.67e-001  4.36e-001  
3.62899e+016 4.94e-023  6.84e-002  1.29e-001  3.64e-001  4.39e-001  
3.63893e+016 4.66e-023  6.70e-002  1.28e-001  3.59e-001  4.47e-001  
3.64972e+016 4.52e-023  6.35e-002  1.23e-001  3.41e-001  4.73e-001  
3.66124e+016 4.47e-023  6.50e-002  1.26e-001  3.15e-001  4.94e-001  
3.67348e+016 4.46e-023  6.65e-002  1.32e-001  2.87e-001  5.15e-001  
3.68621e+016 4.51e-023  6.91e-002  1.38e-001  2.55e-001  5.38e-001  
3.69700e+016 4.68e-023  7.39e-002  1.42e-001  2.29e-001  5.56e-001  
3.70376e+016 4.91e-023  8.03e-002  1.43e-001  2.12e-001  5.64e-001  
3.71087e+016 5.32e-023  9.31e-002  1.44e-001  1.93e-001  5.69e-001  
3.71826e+016 6.22e-023  1.18e-001  1.41e-001  1.83e-001  5.58e-001  
3.72589e+016 8.09e-023  1.66e-001  1.35e-001  1.67e-001  5.33e-001  
3.73370e+016 1.24e-022  2.48e-001  1.23e-001  1.42e-001  4.87e-001  
3.74165e+016 2.35e-022  3.67e-001  1.05e-001  1.10e-001  4.17e-001  
3.74829e+016 4.77e-022  4.78e-001  8.88e-002  8.36e-002  3.50e-001  
3.75505e+016 1.11e-021  5.80e-001  7.39e-002  6.02e-002  2.86e-001  
3.76194e+016 2.87e-021  6.62e-001  6.27e-002  4.25e-002  2.33e-001  
3.76839e+016 7.19e-021  7.09e-001  5.74e-002  3.16e-002  2.02e-001  
3.76854e+016 7.33e-021  7.11e-001  5.74e-002  3.15e-002  2.00e-001  
3.76877e+016 7.59e-021  7.11e-001  5.74e-002  3.12e-002  2.00e-001  
3.76917e+016 8.04e-021  7.13e-001  5.72e-002  3.07e-002  1.99e-001  
3.76980e+016 8.81e-021  7.15e-001  5.73e-002  3.00e-002  1.98e-001  
3.77083e+016 1.02e-020  7.18e-001  5.75e-002  2.90e-002  1.96e-001  
3.77248e+016 1.30e-020  7.18e-001  5.88e-002  2.79e-002  1.96e-001  
3.77450e+016 1.77e-020  7.05e-001  6.32e-002  2.76e-002  2.04e-001  
3.77655e+016 2.55e-020  6.39e-001  7.96e-002  3.21e-002  2.49e-001  
3.77936e+016 3.37e-020  6.23e-001  8.66e-002  3.11e-002  2.59e-001  
3.78016e+016 3.55e-020  6.31e-001  8.56e-002  2.99e-002  2.54e-001  
3.78111e+016 3.75e-020  6.41e-001  8.44e-002  2.83e-002  2.46e-001  
3.78273e+016 4.07e-020  6.61e-001  8.13e-002  2.55e-002  2.32e-001  
3.78530e+016 4.58e-020  6.90e-001  7.66e-002  2.18e-002  2.12e-001  
3.78818e+016 5.17e-020  7.18e-001  7.20e-002  1.84e-002  1.92e-001  
3.79076e+016 5.72e-020  7.39e-001  6.83e-002  1.59e-002  1.77e-001  
3.79253e+016 6.10e-020  7.52e-001  6.64e-002  1.44e-002  1.67e-001  
3.79502e+016 6.67e-020  7.68e-001  6.36e-002  1.26e-002  1.56e-001  
3.79755e+016 7.24e-020  7.83e-001  6.13e-002  1.11e-002  1.45e-001  
3.79897e+016 7.57e-020  7.90e-001  6.01e-002  1.04e-002  1.40e-001  
3.79918e+016 7.63e-020  7.91e-001  5.99e-002  1.03e-002  1.39e-001  
3.79956e+016 7.72e-020  7.92e-001  5.96e-002  1.01e-002  1.39e-001  
3.80017e+016 7.86e-020  7.95e-001  5.91e-002  9.82e-003  1.36e-001  
3.80129e+016 8.14e-020  8.00e-001  5.82e-002  9.30e-003  1.33e-001  
3.80319e+016 8.60e-020  8.08e-001  5.68e-002  8.53e-003  1.27e-001  
3.80578e+016 9.23e-020  8.18e-001  5.54e-002  7.62e-003  1.19e-001  
3.80629e+016 9.36e-020  8.19e-001  5.50e-002  7.44e-003  1.19e-001  
3.80713e+016 9.58e-020  8.22e-001  5.45e-002  7.18e-003  1.16e-001  
3.80859e+016 9.95e-020  8.27e-001  5.38e-002  6.75e-003  1.13e-001  
3.81083e+016 1.05e-019  8.34e-001  5.27e-002  6.17e-003  1.07e-001  
3.81265e+016 1.10e-019  8.39e-001  5.19e-002  5.75e-003  1.04e-001  
3.81480e+016 1.15e-019  8.44e-001  5.10e-002  5.29e-003  9.97e-002  
3.81769e+016 1.23e-019  8.51e-001  4.99e-002  4.76e-003  9.41e-002  
3.81836e+016 1.24e-019  8.52e-001  4.99e-002  4.67e-003  9.33e-002  
3.81952e+016 1.27e-019  8.55e-001  4.96e-002  4.49e-003  9.10e-002  
3.82149e+016 1.33e-019  8.59e-001  4.90e-002  4.20e-003  8.81e-002  
3.82433e+016 1.40e-019  8.64e-001  4.83e-002  3.84e-003  8.36e-002  
3.82740e+016 1.48e-019  8.69e-001  4.75e-002  3.50e-003  7.95e-002  
3.83054e+016 1.57e-019  8.75e-001  4.69e-002  3.20e-003  7.53e-002  
3.83376e+016 1.65e-019  8.79e-001  4.64e-002  2.93e-003  7.15e-002  
3.83751e+016 1.77e-019  8.86e-001  4.52e-002  2.64e-003  6.60e-002  
3.84132e+016 1.93e-019  8.93e-001  4.34e-002  2.35e-003  6.08e-002  
3.84531e+016 2.16e-019  9.04e-001  4.04e-002  2.03e-003  5.33e-002  
3.84962e+016 2.50e-019  9.16e-001  3.64e-002  1.70e-003  4.56e-002  
3.85449e+016 2.86e-019  9.26e-001  3.32e-002  1.43e-003  3.91e-002  
3.85990e+016 2.82e-019  9.25e-001  3.52e-002  1.41e-003  3.86e-002  
3.86597e+016 2.14e-019  9.01e-001  4.85e-002  1.81e-003  4.90e-002  
3.87288e+016 1.19e-019  8.22e-001  9.09e-002  3.17e-003  8.40e-002  
3.88139e+016 4.64e-020  5.51e-001  2.41e-001  7.95e-003  2.00e-001  
3.89093e+016 2.30e-020  1.13e-001  5.05e-001  1.58e-002  3.67e-001  
3.90068e+016 1.97e-020  4.75e-003  5.95e-001  1.81e-002  3.82e-001  
3.91088e+016 1.85e-020  7.99e-005  6.26e-001  1.90e-002  3.55e-001  
3.92181e+016 1.74e-020  3.30e-005  6.57e-001  2.00e-002  3.23e-001  
3.93325e+016 1.58e-020  3.42e-005  6.83e-001  2.16e-002  2.95e-001  
3.94519e+016 1.43e-020  3.61e-005  7.09e-001  2.34e-002  2.68e-001  
3.95803e+016 1.26e-020  4.00e-005  7.30e-001  2.58e-002  2.44e-001  
3.97190e+016 1.08e-020  4.69e-005  7.48e-001  2.86e-002  2.23e-001  
3.98699e+016 9.07e-021  5.83e-005  7.61e-001  3.21e-002  2.07e-001  
4.00514e+016 7.28e-021  7.70e-005  7.64e-001  3.64e-002  1.99e-001  
4.02549e+016 5.62e-021  1.04e-004  7.59e-001  4.14e-002  1.99e-001  
4.04761e+016 4.23e-021  1.40e-004  7.45e-001  4.66e-002  2.09e-001  
4.07070e+016 3.14e-021  1.86e-004  7.27e-001  5.07e-002  2.22e-001  
4.09451e+016 2.30e-021  2.38e-004  7.12e-001  5.34e-002  2.34e-001  
4.11988e+016 1.64e-021  3.03e-004  7.01e-001  5.49e-002  2.44e-001  
4.14624e+016 1.13e-021  3.76e-004  6.95e-001  5.48e-002  2.50e-001  
4.17462e+016 7.40e-022  4.62e-004  6.95e-001  5.35e-002  2.51e-001  
4.20512e+016 4.43e-022  5.60e-004  7.00e-001  5.15e-002  2.48e-001  
4.23867e+016 2.33e-022  6.95e-004  7.08e-001  4.89e-002  2.42e-001  
4.27356e+016 1.07e-022  9.75e-004  7.17e-001  4.66e-002  2.35e-001  
4.30994e+016 4.09e-023  1.89e-003  7.26e-001  4.45e-002  2.28e-001  
4.34671e+016 1.30e-023  5.62e-003  7.31e-001  4.25e-002  2.21e-001  
4.38104e+016 3.76e-024  1.91e-002  7.29e-001  4.04e-002  2.12e-001  
4.41007e+016 1.14e-024  5.89e-002  7.05e-001  3.77e-002  1.98e-001  
4.42181e+016 6.85e-025  9.74e-002  6.79e-001  3.56e-002  1.88e-001  
4.42811e+016 5.23e-025  1.30e-001  6.55e-001  3.40e-002  1.81e-001  
4.43809e+016 3.47e-025  2.03e-001  6.02e-001  3.08e-002  1.64e-001  
4.45030e+016 2.26e-025  3.23e-001  5.13e-001  2.59e-002  1.38e-001  
4.45401e+016 2.04e-025  3.63e-001  4.83e-001  2.43e-002  1.30e-001  
4.45998e+016 1.76e-025  4.24e-001  4.38e-001  2.18e-002  1.17e-001  
4.46779e+016 1.50e-025  5.08e-001  3.74e-001  1.84e-002  9.92e-002  
4.48006e+016 1.25e-025  6.37e-001  2.77e-001  1.35e-002  7.24e-002  
4.48529e+016 1.18e-025  6.85e-001  2.41e-001  1.16e-002  6.26e-002  
4.48834e+016 1.14e-025  7.05e-001  2.25e-001  1.08e-002  5.85e-002  
4.49346e+016 1.10e-025  7.38e-001  2.00e-001  9.56e-003  5.16e-002  
4.49870e+016 1.07e-025  7.72e-001  1.75e-001  8.28e-003  4.48e-002  
4.50684e+016 1.03e-025  8.19e-001  1.40e-001  6.53e-003  3.54e-002  
4.51867e+016 1.00e-025  8.69e-001  1.01e-001  4.64e-003  2.53e-002  
4.51946e+016 1.00e-025  8.73e-001  9.81e-002  4.52e-003  2.46e-002  
4.52061e+016 1.00e-025  8.76e-001  9.57e-002  4.40e-003  2.39e-002  
4.52265e+016 9.93e-026  8.80e-001  9.24e-002  4.23e-003  2.31e-002  
4.52632e+016 9.81e-026  8.89e-001  8.59e-002  3.90e-003  2.13e-002  
4.53239e+016 9.77e-026  9.03e-001  7.48e-002  3.37e-003  1.84e-002  
4.54167e+016 9.86e-026  9.23e-001  5.97e-002  2.66e-003  1.44e-002  
4.55446e+016 9.98e-026  9.43e-001  4.45e-002  2.00e-003  1.05e-002  
4.55658e+016 1.00e-025  9.46e-001  4.25e-002  1.91e-003  1.00e-002  
4.55697e+016 1.00e-025  9.46e-001  4.21e-002  1.89e-003  9.91e-003  
4.55761e+016 1.01e-025  9.47e-001  4.15e-002  1.87e-003  9.77e-003  
4.55871e+016 1.01e-025  9.48e-001  4.09e-002  1.84e-003  9.60e-003  
4.56066e+016 9.97e-026  9.49e-001  4.00e-002  1.81e-003  9.37e-003  
4.56410e+016 9.89e-026  9.51e-001  3.82e-002  1.73e-003  8.91e-003  
4.56849e+016 9.91e-026  9.55e-001  3.56e-002  1.61e-003  8.22e-003  
4.57241e+016 1.00e-025  9.58e-001  3.31e-002  1.50e-003  7.60e-003  
4.57850e+016 1.02e-025  9.62e-001  2.95e-002  1.35e-003  6.71e-003  
4.58802e+016 1.04e-025  9.68e-001  2.49e-002  1.14e-003  5.56e-003  
4.59720e+016 1.07e-025  9.73e-001  2.13e-002  9.82e-004  4.70e-003  
4.59734e+016 1.07e-025  9.73e-001  2.13e-002  9.82e-004  4.69e-003  
4.59759e+016 1.07e-025  9.73e-001  2.12e-002  9.82e-004  4.67e-003  
4.59802e+016 1.07e-025  9.73e-001  2.11e-002  9.73e-004  4.65e-003  
4.59873e+016 1.08e-025  9.74e-001  2.09e-002  9.64e-004  4.57e-003  
4.59993e+016 1.08e-025  9.74e-001  2.06e-002  9.55e-004  4.52e-003  
4.60196e+016 1.07e-025  9.74e-001  2.04e-002  9.46e-004  4.46e-003  
4.60580e+016 1.07e-025  9.75e-001  1.98e-002  9.17e-004  4.28e-003  
4.61139e+016 1.08e-025  9.77e-001  1.86e-002  8.67e-004  4.00e-003  
4.61801e+016 1.10e-025  9.79e-001  1.70e-002  7.96e-004  3.62e-003  
4.62829e+016 1.16e-025  9.81e-001  1.48e-002  6.95e-004  3.07e-003  
4.63958e+016 1.22e-025  9.84e-001  1.29e-002  6.09e-004  2.62e-003  
4.64165e+016 1.23e-025  9.84e-001  1.26e-002  5.97e-004  2.55e-003  
4.64187e+016 1.23e-025  9.84e-001  1.29e-002  6.13e-004  2.63e-003  
4.64224e+016 1.24e-025  9.84e-001  1.27e-002  6.04e-004  2.58e-003  
4.64286e+016 1.25e-025  9.84e-001  1.26e-002  5.99e-004  2.56e-003  
4.64396e+016 1.26e-025  9.84e-001  1.25e-002  5.93e-004  2.53e-003  
4.64596e+016 1.27e-025  9.85e-001  1.23e-002  5.85e-004  2.48e-003  
4.64933e+016 1.29e-025  9.85e-001  1.19e-002  5.69e-004  2.40e-003  
4.65501e+016 1.32e-025  9.86e-001  1.14e-002  5.48e-004  2.27e-003  
4.66259e+016 1.38e-025  9.87e-001  1.07e-002  5.12e-004  2.08e-003  
4.67450e+016 1.49e-025  9.88e-001  9.48e-003  4.58e-004  1.82e-003  
4.68726e+016 1.64e-025  9.90e-001  8.31e-003  4.05e-004  1.55e-003  
4.69009e+016 1.68e-025  9.90e-001  8.05e-003  3.94e-004  1.50e-003  
4.69024e+016 1.69e-025  9.90e-001  8.24e-003  4.04e-004  1.54e-003  
4.69048e+016 1.69e-025  9.90e-001  8.24e-003  4.04e-004  1.54e-003  
4.69090e+016 1.70e-025  9.90e-001  8.13e-003  4.01e-004  1.52e-003  
4.69160e+016 1.72e-025  9.90e-001  8.04e-003  3.96e-004  1.50e-003  
4.69279e+016 1.76e-025  9.90e-001  7.85e-003  3.87e-004  1.46e-003  
4.69476e+016 1.83e-025  9.91e-001  7.61e-003  3.75e-004  1.41e-003  
4.69806e+016 1.92e-025  9.91e-001  7.20e-003  3.57e-004  1.33e-003  
4.70337e+016 2.04e-025  9.91e-001  7.02e-003  3.49e-004  1.29e-003  
4.70622e+016 2.10e-025  9.92e-001  6.82e-003  3.40e-004  1.24e-003  
4.71061e+016 2.18e-025  9.92e-001  6.57e-003  3.29e-004  1.18e-003  
4.71746e+016 2.33e-025  9.92e-001  6.14e-003  3.10e-004  1.08e-003  
4.72860e+016 2.63e-025  9.93e-001  5.44e-003  2.79e-004  9.21e-004  
4.74240e+016 3.13e-025  9.94e-001  4.64e-003  2.40e-004  7.42e-004  
4.74305e+016 3.15e-025  9.94e-001  4.61e-003  2.39e-004  7.34e-004  
4.74313e+016 3.16e-025  9.94e-001  4.59e-003  2.38e-004  7.32e-004  
4.74348e+016 3.17e-025  9.94e-001  4.58e-003  2.37e-004  7.29e-004  
4.74406e+016 3.20e-025  9.95e-001  4.53e-003  2.35e-004  7.22e-004  
4.74503e+016 3.26e-025  9.95e-001  4.45e-003  2.31e-004  7.06e-004  
4.74676e+016 3.39e-025  9.98e-001  2.06e-003  1.07e-004  3.25e-004  
4.74972e+016 3.66e-025  9.99e-001  1.05e-003  5.51e-005  1.65e-004  
4.75283e+016 3.98e-025  9.99e-001  9.76e-004  5.12e-005  1.51e-004  
4.75365e+016 4.06e-025  9.99e-001  9.59e-004  5.04e-005  1.48e-004  
4.75556e+016 4.26e-025  9.99e-001  9.19e-004  4.85e-005  1.41e-004  
4.75856e+016 4.56e-025  9.99e-001  8.76e-004  4.62e-005  1.32e-004  
4.76342e+016 5.02e-025  9.99e-001  8.20e-004  4.28e-005  1.20e-004  
4.77120e+016 5.88e-025  9.99e-001  7.35e-004  3.80e-005  1.02e-004  
4.78339e+016 7.51e-025  9.99e-001  6.24e-004  3.16e-005  8.02e-005  
4.79819e+016 1.05e-024  9.99e-001  4.95e-004  2.46e-005  5.81e-005  
4.80101e+016 1.12e-024  9.99e-001  4.75e-004  2.35e-005  5.47e-005  
4.80156e+016 1.14e-024  9.99e-001  4.68e-004  2.31e-005  5.37e-005  
4.80288e+016 1.17e-024  9.99e-001  4.61e-004  2.27e-005  5.25e-005  
4.80511e+016 1.24e-024  1.00e+000  4.18e-004  2.06e-005  4.69e-005  
4.80875e+016 1.37e-024  1.00e+000  3.93e-004  1.92e-005  4.36e-005  
4.81463e+016 1.62e-024  1.00e+000  3.49e-004  1.70e-005  3.79e-005  
4.82445e+016 2.17e-024  1.00e+000  2.88e-004  1.38e-005  3.03e-005  
4.83636e+016 3.12e-024  1.00e+000  2.30e-004  1.09e-005  2.32e-005  
4.84912e+016 4.61e-024  1.00e+000  1.86e-004  8.67e-006  1.80e-005  
4.86294e+016 7.13e-024  1.00e+000  1.50e-004  6.89e-006  1.39e-005  
4.87591e+016 1.08e-023  1.00e+000  1.28e-004  5.77e-006  1.13e-005  
4.88968e+016 1.69e-023  1.00e+000  1.09e-004  4.90e-006  9.29e-006  
4.90444e+016 2.74e-023  1.00e+000  9.52e-005  4.27e-006  7.85e-006  
4.91980e+016 4.51e-023  1.00e+000  8.65e-005  3.86e-006  6.87e-006  
4.93317e+016 6.92e-023  1.00e+000  8.22e-005  3.67e-006  6.33e-006  
4.94239e+016 9.27e-023  1.00e+000  8.06e-005  3.60e-006  6.09e-006  
4.95192e+016 1.25e-022  1.00e+000  7.98e-005  3.58e-006  5.92e-006  
4.96202e+016 1.71e-022  1.00e+000  7.95e-005  3.58e-006  5.80e-006  
4.97297e+016 2.38e-022  1.00e+000  8.07e-005  3.65e-006  5.76e-006  
4.98461e+016 3.37e-022  1.00e+000  8.25e-005  3.74e-006  5.76e-006  
4.99670e+016 4.78e-022  1.00e+000  8.53e-005  3.89e-006  5.84e-006  
5.00936e+016 6.83e-022  1.00e+000  8.87e-005  4.07e-006  5.96e-006  
5.02240e+016 9.57e-022  1.00e+000  9.51e-005  4.39e-006  6.26e-006  
5.03584e+016 1.30e-021  1.00e+000  1.06e-004  4.95e-006  6.85e-006  
5.05026e+016 1.79e-021  1.00e+000  1.18e-004  5.58e-006  7.49e-006  
5.05959e+016 2.19e-021  1.00e+000  1.27e-004  5.98e-006  7.90e-006  
5.06957e+016 2.69e-021  1.00e+000  1.37e-004  6.43e-006  8.36e-006  
5.07988e+016 3.29e-021  1.00e+000  1.48e-004  6.96e-006  8.90e-006  
5.09058e+016 4.00e-021  1.00e+000  1.62e-004  7.57e-006  9.52e-006  
5.10237e+016 4.86e-021  1.00e+000  1.79e-004  8.37e-006  1.04e-005  
5.11496e+016 5.88e-021  1.00e+000  2.01e-004  9.35e-006  1.14e-005  
5.12843e+016 7.02e-021  1.00e+000  2.29e-004  1.06e-005  1.28e-005  
5.14296e+016 8.29e-021  1.00e+000  2.64e-004  1.22e-005  1.46e-005  
5.15425e+016 9.33e-021  1.00e+000  2.95e-004  1.36e-005  1.60e-005  
5.16792e+016 1.06e-020  1.00e+000  3.36e-004  1.54e-005  1.79e-005  
5.18319e+016 1.23e-020  1.00e+000  3.79e-004  1.73e-005  1.99e-005  
5.19950e+016 1.44e-020  1.00e+000  4.22e-004  1.92e-005  2.17e-005  
5.21655e+016 1.76e-020  1.00e+000  4.50e-004  2.04e-005  2.27e-005  
5.23457e+016 2.25e-020  9.99e-001  4.62e-004  2.09e-005  2.27e-005  
5.25384e+016 3.05e-020  1.00e+000  4.56e-004  2.06e-005  2.18e-005  
5.27451e+016 4.33e-020  1.00e+000  4.43e-004  2.01e-005  2.06e-005  
5.29668e+016 6.40e-020  1.00e+000  4.33e-004  1.95e-005  1.94e-005  
5.31993e+016 9.64e-020  1.00e+000  4.29e-004  1.95e-005  1.87e-005  
5.34440e+016 1.47e-019  1.00e+000  4.37e-004  1.99e-005  1.83e-005  
5.36995e+016 2.26e-019  1.00e+000  4.56e-004  2.07e-005  1.84e-005  
5.39765e+016 3.54e-019  9.99e-001  4.83e-004  2.20e-005  1.88e-005  
5.42627e+016 5.52e-019  9.99e-001  5.20e-004  2.37e-005  1.96e-005  
5.45738e+016 8.72e-019  9.99e-001  5.69e-004  2.63e-005  2.07e-005  
5.49079e+016 1.39e-018  9.99e-001  6.28e-004  2.92e-005  2.19e-005  
5.52575e+016 2.19e-018  9.99e-001  7.03e-004  3.29e-005  2.37e-005  
5.56155e+016 3.39e-018  9.99e-001  7.87e-004  3.74e-005  2.56e-005  
5.59918e+016 5.22e-018  9.99e-001  8.84e-004  4.23e-005  2.79e-005  
5.63913e+016 8.02e-018  9.99e-001  9.98e-004  4.84e-005  3.07e-005  
5.68226e+016 1.23e-017  9.99e-001  1.14e-003  5.56e-005  3.38e-005  
5.72780e+016 1.87e-017  9.99e-001  1.29e-003  6.46e-005  3.74e-005  
5.77650e+016 2.83e-017  9.98e-001  1.47e-003  7.48e-005  4.16e-005  
5.82707e+016 4.21e-017  9.98e-001  1.68e-003  8.72e-005  4.66e-005  
5.88124e+016 6.20e-017  9.98e-001  1.93e-003  1.02e-004  5.22e-005  
5.93801e+016 8.99e-017  9.98e-001  2.22e-003  1.20e-004  5.88e-005  
5.99878e+016 1.29e-016  9.97e-001  2.56e-003  1.42e-004  6.66e-005  
6.06254e+016 1.84e-016  9.97e-001  2.94e-003  1.68e-004  7.57e-005  
6.12860e+016 2.56e-016  9.96e-001  3.38e-003  1.98e-004  8.56e-005  
6.19772e+016 3.51e-016  9.96e-001  3.87e-003  2.34e-004  9.73e-005  
6.27006e+016 4.75e-016  9.95e-001  4.44e-003  2.76e-004  1.11e-004  
6.34752e+016 6.37e-016  9.94e-001  5.11e-003  3.27e-004  1.28e-004  
6.43223e+016 8.51e-016  9.94e-001  5.90e-003  3.88e-004  1.48e-004  
6.52408e+016 1.13e-015  9.93e-001  6.86e-003  4.64e-004  1.74e-004  
6.62440e+016 1.49e-015  9.91e-001  7.97e-003  5.56e-004  2.04e-004  
6.73219e+016 1.94e-015  9.90e-001  9.38e-003  6.70e-004  2.42e-004  
6.84641e+016 2.48e-015  9.88e-001  1.10e-002  8.06e-004  2.89e-004  
6.96945e+016 3.11e-015  9.86e-001  1.30e-002  9.73e-004  3.50e-004  
7.10391e+016 3.86e-015  9.83e-001  1.54e-002  1.18e-003  4.25e-004  
7.25155e+016 4.69e-015  9.80e-001  1.85e-002  1.45e-003  5.25e-004  
7.42223e+016 5.60e-015  9.75e-001  2.27e-002  1.80e-003  6.64e-004  
7.63108e+016 6.59e-015  9.68e-001  2.87e-002  2.35e-003  8.76e-004  
7.86896e+016 7.46e-015  9.59e-001  3.70e-002  3.10e-003  1.18e-003  
8.18150e+016 8.16e-015  9.43e-001  5.06e-002  4.35e-003  1.68e-003  
8.55776e+016 8.42e-015  9.20e-001  7.12e-002  6.30e-003  2.47e-003  
9.00548e+016 8.15e-015  8.84e-001  1.03e-001  9.36e-003  3.73e-003  
9.53916e+016 7.37e-015  8.28e-001  1.52e-001  1.43e-002  5.74e-003  
1.01535e+017 6.26e-015  7.41e-001  2.28e-001  2.17e-002  8.88e-003  
1.09249e+017 4.94e-015  6.02e-001  3.50e-001  3.38e-002  1.42e-002  
1.19176e+017 3.67e-015  3.84e-001  5.42e-001  5.17e-002  2.24e-002  
1.32448e+017 2.70e-015  1.40e-001  7.60e-001  6.86e-002  3.15e-002  
