! 0       *CH3OCH3 + He -> CH3OCH3 + He
! 1       *CH3OCH3 + H2 -> CH3OCH3 + H2
! 2       CH3O + CH3 -> CH3OCH3
! 3       *CH3OCH3 + CO -> CH3OCH3 + CO
! 4       CH3OCH4+ + e- -> CH3OCH3 + H
! 5       CH3OCH4+ + GRAIN -> CH3OCH3 + H + GRAIN
! 6       *H + *CH3OCH2 -> CH3OCH3
! 7       CH3OCH3+ + GRAIN -> CH3OCH3 + GRAIN
! 8       *CH3 + *CH3O -> CH3OCH3
! 9       *CH3OCH3 + CRPhoton -> CH3OCH3
!            tot_rate   0          1          2          3          4          5          6          7          8          9          
1.58188e+013 7.70e-021  0.00e+000  0.00e+000  4.48e-001  0.00e+000  7.96e-002  2.22e-004  4.43e-001  7.41e-004  3.43e-007  2.87e-002  
3.50727e+014 7.70e-021  0.00e+000  0.00e+000  4.48e-001  0.00e+000  7.95e-002  2.22e-004  4.43e-001  7.42e-004  3.43e-007  2.87e-002  
5.21628e+015 7.70e-021  0.00e+000  0.00e+000  4.48e-001  0.00e+000  7.94e-002  2.21e-004  4.43e-001  7.42e-004  3.43e-007  2.87e-002  
2.67137e+016 8.23e-021  0.00e+000  0.00e+000  4.20e-001  0.00e+000  2.75e-002  7.20e-005  5.25e-001  4.11e-004  3.15e-007  2.70e-002  
3.33598e+016 9.33e-021  0.00e+000  0.00e+000  3.69e-001  0.00e+000  7.34e-003  5.77e-005  5.99e-001  3.42e-004  4.44e-007  2.43e-002  
3.42055e+016 8.22e-021  0.00e+000  0.00e+000  4.18e-001  1.79e-032  7.08e-003  7.16e-005  5.46e-001  4.32e-004  1.09e-006  2.79e-002  
3.44017e+016 7.88e-021  0.00e+000  0.00e+000  4.35e-001  2.08e-021  7.07e-003  7.73e-005  5.28e-001  4.67e-004  1.51e-006  2.91e-002  
3.46353e+016 7.46e-021  0.00e+000  0.00e+000  4.60e-001  5.47e-005  7.05e-003  8.54e-005  5.02e-001  5.22e-004  2.47e-006  3.08e-002  
3.48860e+016 8.97e-021  0.00e+000  0.00e+000  3.83e-001  2.21e-001  5.51e-003  7.60e-005  3.65e-001  4.65e-004  3.77e-006  2.59e-002  
3.51370e+016 1.00e-019  0.00e+000  0.00e+000  3.40e-002  9.35e-001  4.75e-004  7.61e-006  2.77e-002  4.51e-005  7.53e-007  2.32e-003  
3.53250e+016 4.54e-019  0.00e+000  0.00e+000  7.53e-003  9.87e-001  1.12e-004  2.05e-006  5.31e-003  1.07e-005  3.52e-007  5.17e-004  
3.55515e+016 1.75e-018  6.13e-063  0.00e+000  1.96e-003  9.97e-001  3.87e-005  8.48e-007  1.14e-003  3.06e-006  2.81e-007  1.36e-004  
3.57182e+016 4.05e-018  1.03e-042  0.00e+000  8.45e-004  9.99e-001  2.23e-005  5.73e-007  4.23e-004  1.42e-006  3.09e-007  5.91e-005  
3.58524e+016 7.78e-018  5.44e-032  0.00e+000  4.40e-004  9.99e-001  1.41e-005  4.22e-007  1.98e-004  7.86e-007  3.36e-007  3.10e-005  
3.60047e+016 9.84e-018  2.10e-017  0.00e+000  3.48e-004  9.99e-001  1.30e-005  4.68e-007  1.42e-004  6.71e-007  5.04e-007  2.48e-005  
3.61718e+016 1.32e-017  2.67e-007  0.00e+000  2.59e-004  1.00e+000  1.05e-005  4.80e-007  9.54e-005  5.50e-007  5.32e-007  1.88e-005  
3.62899e+016 1.73e-017  1.82e-002  0.00e+000  1.98e-004  9.82e-001  8.20e-006  4.53e-007  6.58e-005  4.53e-007  4.45e-007  1.45e-005  
3.63893e+016 2.93e-017  2.52e-001  5.09e-059  1.17e-004  7.48e-001  4.92e-006  3.20e-007  3.55e-005  2.88e-007  2.73e-007  8.74e-006  
3.64972e+016 1.52e-016  8.02e-001  2.38e-032  2.25e-005  1.98e-001  1.06e-006  7.42e-008  6.22e-006  6.01e-008  5.37e-008  1.71e-006  
3.66124e+016 5.82e-016  9.23e-001  3.75e-020  5.89e-006  7.73e-002  3.23e-007  2.41e-008  1.48e-006  1.75e-008  1.98e-008  4.59e-007  
3.67348e+016 1.98e-015  9.63e-001  6.70e-012  1.73e-006  3.73e-002  1.15e-007  9.22e-009  3.97e-007  6.00e-009  0.00e+000  1.39e-007  
3.68621e+016 5.79e-015  9.76e-001  5.04e-004  5.94e-007  2.35e-002  5.61e-008  4.87e-009  1.28e-007  2.61e-009  1.51e-009  4.96e-008  
3.69700e+016 1.37e-014  9.67e-001  1.46e-002  2.50e-007  1.80e-002  4.03e-008  3.75e-009  5.11e-008  1.53e-009  6.42e-010  2.20e-008  
3.70376e+016 2.36e-014  9.42e-001  4.23e-002  1.46e-007  1.60e-002  3.72e-008  3.64e-009  2.87e-008  1.21e-009  3.74e-010  1.34e-008  
3.71087e+016 4.13e-014  9.03e-001  8.21e-002  8.35e-008  1.48e-002  3.78e-008  3.87e-009  1.56e-008  1.04e-009  2.10e-010  8.01e-009  
3.71826e+016 7.40e-014  8.66e-001  1.20e-001  4.67e-008  1.43e-002  4.07e-008  4.42e-009  8.20e-009  9.78e-010  1.12e-010  4.80e-009  
3.72589e+016 1.35e-013  8.30e-001  1.56e-001  2.57e-008  1.47e-002  4.62e-008  5.29e-009  4.16e-009  1.01e-009  5.54e-011  2.89e-009  
3.73370e+016 2.48e-013  7.99e-001  1.86e-001  1.40e-008  1.57e-002  5.45e-008  6.58e-009  2.06e-009  1.11e-009  2.47e-011  1.78e-009  
3.74165e+016 4.57e-013  7.64e-001  2.19e-001  7.66e-009  1.72e-002  6.55e-008  8.41e-009  1.00e-009  1.29e-009  9.83e-012  1.13e-009  
3.74829e+016 7.66e-013  7.48e-001  2.34e-001  4.58e-009  1.80e-002  7.64e-008  1.03e-008  5.56e-010  1.46e-009  4.43e-012  7.94e-010  
3.75505e+016 1.27e-012  7.22e-001  2.60e-001  2.78e-009  1.86e-002  9.20e-008  1.29e-008  3.32e-010  1.70e-009  2.42e-012  5.69e-010  
3.76194e+016 2.07e-012  7.09e-001  2.73e-001  1.72e-009  1.84e-002  1.14e-007  1.67e-008  2.26e-010  2.00e-009  2.15e-012  4.17e-010  
3.76839e+016 3.27e-012  6.88e-001  2.94e-001  1.11e-009  1.82e-002  1.39e-007  2.13e-008  2.21e-010  2.27e-009  3.97e-012  3.21e-010  
3.76854e+016 3.30e-012  6.87e-001  2.94e-001  1.10e-009  1.82e-002  1.39e-007  2.14e-008  2.23e-010  2.27e-009  4.09e-012  3.18e-010  
3.76877e+016 3.36e-012  6.87e-001  2.95e-001  1.08e-009  1.82e-002  1.40e-007  2.15e-008  2.27e-010  2.28e-009  4.28e-012  3.15e-010  
3.76917e+016 3.46e-012  6.87e-001  2.95e-001  1.05e-009  1.82e-002  1.41e-007  2.18e-008  2.34e-010  2.29e-009  4.65e-012  3.12e-010  
3.76980e+016 3.65e-012  6.86e-001  2.96e-001  1.00e-009  1.82e-002  1.43e-007  2.22e-008  2.48e-010  2.30e-009  5.38e-012  3.02e-010  
3.77083e+016 3.96e-012  6.84e-001  2.98e-001  9.26e-010  1.82e-002  1.46e-007  2.28e-008  2.85e-010  2.31e-009  7.12e-012  2.90e-010  
3.77248e+016 4.58e-012  6.83e-001  2.99e-001  8.12e-010  1.83e-002  1.49e-007  2.36e-008  4.23e-010  2.29e-009  1.32e-011  2.75e-010  
3.77450e+016 5.77e-012  6.76e-001  3.05e-001  6.61e-010  1.84e-002  1.46e-007  2.32e-008  1.16e-009  2.15e-009  4.67e-011  2.55e-010  
3.77655e+016 2.96e-012  6.70e-001  3.12e-001  1.34e-009  1.78e-002  3.52e-007  5.68e-008  8.32e-009  4.94e-009  1.34e-009  2.38e-010  
3.77936e+016 2.12e-014  6.64e-001  3.19e-001  1.99e-007  1.70e-002  6.36e-005  1.05e-005  1.47e-009  8.48e-007  4.41e-010  2.17e-010  
3.78016e+016 4.62e-015  6.62e-001  3.20e-001  9.33e-007  1.68e-002  3.14e-004  5.22e-005  5.15e-009  4.11e-006  8.36e-010  2.11e-010  
3.78111e+016 6.98e-016  6.60e-001  3.21e-001  6.34e-006  1.65e-002  2.25e-003  3.75e-004  3.05e-008  2.91e-005  2.78e-009  2.05e-010  
3.78273e+016 2.65e-017  6.08e-001  2.98e-001  1.76e-004  1.48e-002  6.72e-002  1.13e-002  7.63e-007  8.46e-004  4.15e-008  1.79e-010  
3.78530e+016 3.65e-018  2.03e-001  1.01e-001  1.41e-003  4.82e-003  5.83e-001  1.00e-001  5.36e-006  7.09e-003  2.26e-007  5.55e-011  
3.78818e+016 4.11e-018  1.67e-001  8.57e-002  1.43e-003  3.85e-003  6.26e-001  1.09e-001  4.70e-006  7.30e-003  1.94e-007  4.26e-011  
3.79076e+016 4.60e-018  1.47e-001  7.76e-002  1.47e-003  3.31e-003  6.48e-001  1.15e-001  4.02e-006  7.39e-003  1.86e-007  3.52e-011  
3.79253e+016 4.96e-018  1.35e-001  7.26e-002  1.53e-003  2.98e-003  6.62e-001  1.19e-001  3.65e-006  7.42e-003  1.86e-007  3.11e-011  
3.79502e+016 5.50e-018  1.21e-001  6.59e-002  1.64e-003  2.60e-003  6.78e-001  1.24e-001  3.14e-006  7.47e-003  1.96e-007  2.62e-011  
3.79755e+016 6.10e-018  1.08e-001  5.97e-002  1.82e-003  2.28e-003  6.92e-001  1.29e-001  2.67e-006  7.47e-003  2.20e-007  2.21e-011  
3.79897e+016 6.44e-018  1.02e-001  5.69e-002  1.94e-003  2.13e-003  6.98e-001  1.31e-001  2.44e-006  7.49e-003  2.42e-007  2.03e-011  
3.79918e+016 6.51e-018  1.01e-001  5.64e-002  1.97e-003  2.11e-003  6.99e-001  1.31e-001  2.40e-006  7.49e-003  2.46e-007  2.00e-011  
3.79956e+016 6.59e-018  9.96e-002  5.58e-002  2.00e-003  2.06e-003  7.01e-001  1.32e-001  2.34e-006  7.49e-003  2.53e-007  1.96e-011  
3.80017e+016 6.75e-018  9.70e-002  5.48e-002  2.07e-003  2.00e-003  7.03e-001  1.33e-001  2.25e-006  7.51e-003  2.68e-007  1.88e-011  
3.80129e+016 7.04e-018  9.26e-002  5.30e-002  2.20e-003  1.89e-003  7.08e-001  1.35e-001  2.09e-006  7.52e-003  2.97e-007  1.76e-011  
3.80319e+016 7.55e-018  8.58e-002  5.00e-002  2.45e-003  1.73e-003  7.15e-001  1.38e-001  1.84e-006  7.53e-003  3.69e-007  1.58e-011  
3.80578e+016 8.29e-018  7.81e-002  4.61e-002  2.86e-003  1.56e-003  7.21e-001  1.42e-001  1.57e-006  7.56e-003  5.28e-007  1.36e-011  
3.80629e+016 8.44e-018  7.67e-002  4.53e-002  2.95e-003  1.52e-003  7.23e-001  1.43e-001  1.53e-006  7.57e-003  5.72e-007  1.33e-011  
3.80713e+016 8.70e-018  7.44e-002  4.40e-002  3.09e-003  1.46e-003  7.25e-001  1.45e-001  1.45e-006  7.58e-003  6.57e-007  1.27e-011  
3.80859e+016 9.13e-018  7.09e-002  4.20e-002  3.37e-003  1.38e-003  7.28e-001  1.47e-001  1.34e-006  7.61e-003  8.53e-007  1.17e-011  
3.81083e+016 9.84e-018  6.55e-002  3.97e-002  3.81e-003  1.25e-003  7.32e-001  1.50e-001  1.17e-006  7.64e-003  1.34e-006  1.05e-011  
3.81265e+016 1.04e-017  6.17e-002  3.81e-002  4.23e-003  1.17e-003  7.35e-001  1.52e-001  1.06e-006  7.68e-003  2.08e-006  9.59e-012  
3.81480e+016 1.11e-017  5.76e-002  3.62e-002  4.87e-003  1.09e-003  7.36e-001  1.56e-001  9.69e-007  7.74e-003  3.85e-006  8.70e-012  
3.81769e+016 1.22e-017  5.33e-002  3.35e-002  6.47e-003  9.87e-004  7.38e-001  1.60e-001  9.29e-007  7.81e-003  1.13e-005  7.68e-012  
3.81836e+016 1.24e-017  5.24e-002  3.30e-002  7.08e-003  9.67e-004  7.37e-001  1.61e-001  9.51e-007  7.81e-003  1.52e-005  7.49e-012  
3.81952e+016 1.28e-017  5.13e-002  3.24e-002  8.49e-003  9.35e-004  7.37e-001  1.62e-001  1.02e-006  7.79e-003  2.66e-005  7.21e-012  
3.82149e+016 1.37e-017  5.06e-002  3.26e-002  1.24e-002  9.15e-004  7.32e-001  1.63e-001  1.33e-006  7.84e-003  7.76e-005  6.93e-012  
3.82433e+016 1.54e-017  6.26e-002  4.12e-002  2.42e-002  1.12e-003  7.03e-001  1.60e-001  2.85e-006  7.55e-003  4.04e-004  8.27e-012  
3.82740e+016 1.96e-017  1.27e-001  8.42e-002  4.86e-002  2.25e-003  5.92e-001  1.38e-001  7.50e-006  6.43e-003  1.72e-003  1.62e-011  
3.83054e+016 2.74e-017  2.04e-001  1.36e-001  8.74e-002  3.55e-003  4.53e-001  1.08e-001  1.54e-005  4.97e-003  3.15e-003  2.51e-011  
3.83376e+016 2.83e-017  1.37e-001  9.39e-002  1.80e-001  2.36e-003  4.66e-001  1.14e-001  2.21e-005  5.19e-003  2.00e-003  1.63e-011  
3.83751e+016 2.78e-017  3.92e-002  2.73e-002  2.96e-001  6.66e-004  5.04e-001  1.27e-001  2.30e-005  5.72e-003  4.46e-004  4.50e-012  
3.84132e+016 2.72e-017  1.22e-002  8.53e-003  2.93e-001  2.05e-004  5.40e-001  1.40e-001  2.22e-005  6.21e-003  9.04e-005  1.35e-012  
3.84531e+016 2.51e-017  5.90e-003  4.19e-003  2.19e-001  9.77e-005  6.02e-001  1.62e-001  2.48e-005  7.10e-003  4.67e-005  6.30e-013  
3.84962e+016 2.31e-017  4.23e-003  3.07e-003  1.39e-001  6.96e-005  6.62e-001  1.83e-001  3.39e-005  8.09e-003  3.63e-005  4.41e-013  
3.85449e+016 2.12e-017  5.09e-003  3.74e-003  7.54e-002  8.30e-005  7.03e-001  2.04e-001  5.66e-005  9.24e-003  3.38e-005  5.09e-013  
3.85990e+016 1.91e-017  7.73e-003  5.70e-003  2.08e-002  1.24e-004  7.32e-001  2.23e-001  9.93e-005  1.07e-002  3.79e-005  7.47e-013  
3.86597e+016 1.74e-017  1.11e-002  8.44e-003  1.42e-003  1.78e-004  7.30e-001  2.37e-001  1.44e-004  1.24e-002  5.63e-005  1.05e-012  
3.87288e+016 1.57e-017  1.48e-002  1.13e-002  2.36e-004  2.34e-004  7.13e-001  2.46e-001  1.53e-004  1.43e-002  1.13e-004  1.34e-012  
3.88139e+016 1.36e-017  1.98e-002  1.53e-002  2.98e-004  3.12e-004  6.89e-001  2.58e-001  1.01e-004  1.71e-002  2.57e-004  1.73e-012  
3.89093e+016 1.14e-017  3.30e-002  2.58e-002  3.64e-004  5.14e-004  6.51e-001  2.68e-001  2.91e-005  2.07e-002  5.71e-004  2.79e-012  
3.90068e+016 9.72e-018  6.15e-002  4.91e-002  3.88e-004  9.59e-004  5.94e-001  2.69e-001  3.47e-006  2.47e-002  1.12e-003  5.09e-012  
3.91088e+016 8.40e-018  1.08e-001  8.70e-002  3.75e-004  1.68e-003  5.14e-001  2.58e-001  8.49e-007  2.84e-002  1.99e-003  8.77e-012  
3.92181e+016 7.46e-018  1.73e-001  1.39e-001  3.39e-004  2.67e-003  4.17e-001  2.33e-001  1.41e-006  3.14e-002  3.18e-003  1.38e-011  
3.93325e+016 6.86e-018  2.47e-001  1.98e-001  2.96e-004  3.81e-003  3.15e-001  1.98e-001  2.39e-006  3.30e-002  4.54e-003  1.94e-011  
3.94519e+016 6.51e-018  3.18e-001  2.55e-001  2.55e-004  4.92e-003  2.24e-001  1.58e-001  3.70e-006  3.30e-002  5.84e-003  2.49e-011  
3.95803e+016 6.28e-018  3.79e-001  3.04e-001  2.23e-004  5.87e-003  1.51e-001  1.21e-001  5.22e-006  3.22e-002  6.94e-003  2.96e-011  
3.97190e+016 6.03e-018  4.26e-001  3.41e-001  2.02e-004  6.68e-003  9.76e-002  8.93e-002  6.90e-006  3.08e-002  7.82e-003  3.35e-011  
3.98699e+016 5.73e-018  4.61e-001  3.69e-001  1.94e-004  7.32e-003  6.11e-002  6.41e-002  8.63e-006  2.92e-002  8.45e-003  3.67e-011  
4.00514e+016 5.25e-018  4.89e-001  3.87e-001  1.96e-004  7.92e-003  3.56e-002  4.36e-002  1.06e-005  2.76e-002  8.93e-003  4.00e-011  
4.02549e+016 4.65e-018  5.12e-001  3.96e-001  2.09e-004  8.43e-003  2.00e-002  2.86e-002  1.27e-005  2.62e-002  9.22e-003  4.28e-011  
4.04761e+016 3.94e-018  5.28e-001  3.99e-001  2.36e-004  8.94e-003  1.11e-002  1.84e-002  1.51e-005  2.50e-002  9.45e-003  4.62e-011  
4.07070e+016 3.23e-018  5.42e-001  3.97e-001  2.71e-004  9.48e-003  6.23e-003  1.17e-002  1.77e-005  2.38e-002  9.58e-003  5.02e-011  
4.09451e+016 2.55e-018  5.54e-001  3.93e-001  3.18e-004  1.01e-002  3.53e-003  7.30e-003  2.05e-005  2.27e-002  9.66e-003  5.50e-011  
4.11988e+016 1.92e-018  5.63e-001  3.88e-001  3.80e-004  1.07e-002  1.97e-003  4.46e-003  2.39e-005  2.17e-002  9.65e-003  6.10e-011  
4.14624e+016 1.36e-018  5.74e-001  3.79e-001  4.64e-004  1.15e-002  1.11e-003  2.68e-003  2.83e-005  2.10e-002  9.70e-003  6.85e-011  
4.17462e+016 8.69e-019  5.88e-001  3.66e-001  5.90e-004  1.25e-002  6.32e-004  1.60e-003  3.56e-005  2.11e-002  9.72e-003  7.90e-011  
4.20512e+016 4.47e-019  5.94e-001  3.55e-001  8.54e-004  1.38e-002  3.93e-004  1.02e-003  5.32e-005  2.44e-002  9.68e-003  9.30e-011  
4.23867e+016 1.48e-019  5.99e-001  3.34e-001  1.73e-003  1.53e-002  3.20e-004  8.27e-004  1.21e-004  3.95e-002  9.42e-003  1.12e-010  
4.27356e+016 2.82e-020  5.71e-001  2.96e-001  5.71e-003  1.62e-002  3.87e-004  9.93e-004  4.86e-004  1.01e-001  8.41e-003  1.31e-010  
4.30994e+016 4.86e-021  4.69e-001  2.26e-001  2.20e-002  1.53e-002  4.40e-004  1.08e-003  2.18e-003  2.59e-001  4.98e-003  1.38e-010  
4.34671e+016 1.33e-021  3.67e-001  1.61e-001  6.72e-002  1.39e-002  2.79e-004  6.51e-004  4.70e-003  3.84e-001  7.72e-004  1.42e-010  
4.38104e+016 6.71e-022  3.65e-001  1.47e-001  1.54e-001  1.63e-002  1.34e-004  2.95e-004  5.31e-003  3.12e-001  4.04e-005  1.86e-010  
4.41007e+016 5.38e-022  3.87e-001  1.42e-001  2.73e-001  1.97e-002  1.34e-004  2.79e-004  5.54e-003  1.72e-001  2.08e-006  2.53e-010  
4.42181e+016 5.79e-022  4.07e-001  1.45e-001  3.06e-001  2.23e-002  1.44e-004  2.93e-004  5.83e-003  1.13e-001  7.51e-007  2.97e-010  
4.42811e+016 6.37e-022  4.19e-001  1.47e-001  3.19e-001  2.37e-002  1.46e-004  2.95e-004  5.98e-003  8.54e-002  5.21e-007  3.25e-010  
4.43809e+016 7.77e-022  4.53e-001  1.56e-001  3.05e-001  2.72e-002  1.55e-004  3.03e-004  6.45e-003  5.16e-002  3.67e-007  3.86e-010  
4.45030e+016 1.06e-021  5.05e-001  1.65e-001  2.64e-001  3.23e-002  1.37e-004  2.63e-004  7.14e-003  2.59e-002  2.99e-007  4.83e-010  
4.45401e+016 1.19e-021  5.19e-001  1.67e-001  2.52e-001  3.39e-002  1.31e-004  2.47e-004  7.33e-003  2.05e-002  2.82e-007  5.16e-010  
4.45998e+016 1.45e-021  5.38e-001  1.68e-001  2.36e-001  3.63e-002  1.21e-004  2.26e-004  7.53e-003  1.40e-002  2.58e-007  5.66e-010  
4.46779e+016 1.87e-021  5.68e-001  1.70e-001  2.05e-001  3.98e-002  1.10e-004  2.03e-004  7.93e-003  8.47e-003  2.33e-007  6.43e-010  
4.48006e+016 2.79e-021  6.06e-001  1.75e-001  1.62e-001  4.59e-002  9.07e-005  1.63e-004  8.42e-003  3.80e-003  1.99e-007  7.81e-010  
4.48529e+016 3.34e-021  6.20e-001  1.72e-001  1.49e-001  4.85e-002  8.20e-005  1.45e-004  8.59e-003  2.68e-003  1.84e-007  8.44e-010  
4.48834e+016 3.71e-021  6.25e-001  1.71e-001  1.43e-001  4.96e-002  7.76e-005  1.36e-004  8.63e-003  2.17e-003  1.77e-007  8.79e-010  
4.49346e+016 4.33e-021  6.33e-001  1.72e-001  1.33e-001  5.20e-002  7.28e-005  1.26e-004  8.73e-003  1.57e-003  1.67e-007  9.38e-010  
4.49870e+016 5.06e-021  6.41e-001  1.73e-001  1.22e-001  5.48e-002  6.78e-005  1.16e-004  8.86e-003  1.13e-003  1.60e-007  1.01e-009  
4.50684e+016 6.40e-021  6.55e-001  1.70e-001  1.06e-001  5.88e-002  6.03e-005  1.02e-004  9.02e-003  6.74e-004  1.50e-007  1.13e-009  
4.51867e+016 8.74e-021  6.73e-001  1.63e-001  9.00e-002  6.47e-002  5.12e-005  8.40e-005  9.19e-003  3.27e-004  1.40e-007  1.32e-009  
4.51946e+016 8.95e-021  6.72e-001  1.61e-001  9.17e-002  6.60e-002  5.04e-005  8.29e-005  9.30e-003  3.12e-004  1.37e-007  1.34e-009  
4.52061e+016 9.40e-021  6.73e-001  1.60e-001  9.13e-002  6.67e-002  4.86e-005  7.97e-005  9.19e-003  2.84e-004  1.35e-007  1.36e-009  
4.52265e+016 9.86e-021  6.75e-001  1.58e-001  8.98e-002  6.76e-002  4.76e-005  7.74e-005  9.19e-003  2.52e-004  1.34e-007  1.40e-009  
4.52632e+016 1.07e-020  6.78e-001  1.56e-001  8.68e-002  6.92e-002  4.60e-005  7.41e-005  9.22e-003  2.04e-004  1.33e-007  1.46e-009  
4.53239e+016 1.22e-020  6.86e-001  1.51e-001  8.13e-002  7.23e-002  4.35e-005  6.91e-005  9.33e-003  1.43e-004  1.32e-007  1.57e-009  
4.54167e+016 1.50e-020  6.94e-001  1.46e-001  7.34e-002  7.74e-002  3.95e-005  6.12e-005  9.34e-003  8.34e-005  1.31e-007  1.76e-009  
4.55446e+016 1.96e-020  6.99e-001  1.40e-001  6.58e-002  8.57e-002  3.48e-005  5.26e-005  9.49e-003  3.98e-005  1.29e-007  2.09e-009  
4.55658e+016 2.05e-020  7.02e-001  1.36e-001  6.48e-002  8.72e-002  3.38e-005  5.07e-005  9.50e-003  3.51e-005  1.28e-007  2.14e-009  
4.55697e+016 2.07e-020  7.04e-001  1.31e-001  6.71e-002  8.78e-002  3.36e-005  5.02e-005  9.55e-003  3.44e-005  1.27e-007  2.16e-009  
4.55761e+016 2.12e-020  7.03e-001  1.29e-001  6.94e-002  8.83e-002  3.30e-005  4.96e-005  9.49e-003  3.29e-005  1.27e-007  2.18e-009  
4.55871e+016 2.17e-020  7.04e-001  1.29e-001  6.90e-002  8.88e-002  3.25e-005  4.83e-005  9.43e-003  3.06e-005  1.27e-007  2.20e-009  
4.56066e+016 2.25e-020  7.03e-001  1.29e-001  6.85e-002  9.03e-002  3.20e-005  4.76e-005  9.47e-003  2.75e-005  1.27e-007  2.26e-009  
4.56410e+016 2.40e-020  7.03e-001  1.28e-001  6.70e-002  9.24e-002  3.10e-005  4.58e-005  9.45e-003  2.26e-005  1.28e-007  2.36e-009  
4.56849e+016 2.60e-020  7.03e-001  1.27e-001  6.49e-002  9.60e-002  3.00e-005  4.38e-005  9.52e-003  1.77e-005  1.30e-007  2.51e-009  
4.57241e+016 2.81e-020  7.05e-001  1.24e-001  6.27e-002  9.86e-002  2.89e-005  4.17e-005  9.51e-003  1.42e-005  1.31e-007  2.63e-009  
4.57850e+016 3.13e-020  7.09e-001  1.18e-001  6.03e-002  1.03e-001  2.75e-005  3.93e-005  9.55e-003  1.01e-005  1.31e-007  2.83e-009  
4.58802e+016 3.71e-020  7.14e-001  1.09e-001  5.74e-002  1.10e-001  2.52e-005  3.53e-005  9.62e-003  5.93e-006  1.34e-007  3.21e-009  
4.59720e+016 4.36e-020  7.15e-001  1.01e-001  5.57e-002  1.18e-001  2.32e-005  3.16e-005  9.65e-003  3.58e-006  1.37e-007  3.62e-009  
4.59734e+016 4.37e-020  7.16e-001  9.91e-002  5.61e-002  1.19e-001  2.31e-005  3.16e-005  9.68e-003  3.50e-006  1.36e-007  3.64e-009  
4.59759e+016 4.36e-020  7.13e-001  9.82e-002  5.83e-002  1.20e-001  2.32e-005  3.17e-005  9.77e-003  3.42e-006  1.36e-007  3.69e-009  
4.59802e+016 4.42e-020  7.11e-001  9.67e-002  6.13e-002  1.21e-001  2.31e-005  3.15e-005  9.76e-003  3.31e-006  1.36e-007  3.71e-009  
4.59873e+016 4.52e-020  7.10e-001  9.60e-002  6.26e-002  1.22e-001  2.26e-005  3.07e-005  9.64e-003  3.14e-006  1.36e-007  3.76e-009  
4.59993e+016 4.64e-020  7.11e-001  9.48e-002  6.24e-002  1.23e-001  2.24e-005  3.01e-005  9.58e-003  2.93e-006  1.35e-007  3.79e-009  
4.60196e+016 4.80e-020  7.11e-001  9.30e-002  6.23e-002  1.24e-001  2.21e-005  2.96e-005  9.59e-003  2.63e-006  1.36e-007  3.90e-009  
4.60580e+016 5.10e-020  7.12e-001  8.91e-002  6.14e-002  1.27e-001  2.16e-005  2.89e-005  9.62e-003  2.16e-006  1.38e-007  4.10e-009  
4.61139e+016 5.56e-020  7.12e-001  8.66e-002  6.00e-002  1.32e-001  2.10e-005  2.79e-005  9.65e-003  1.63e-006  1.41e-007  4.40e-009  
4.61801e+016 6.18e-020  7.09e-001  8.39e-002  5.86e-002  1.39e-001  2.02e-005  2.64e-005  9.68e-003  1.18e-006  1.44e-007  4.81e-009  
4.62829e+016 7.26e-020  7.05e-001  7.72e-002  5.80e-002  1.50e-001  1.90e-005  2.42e-005  9.72e-003  7.44e-007  1.47e-007  5.55e-009  
4.63958e+016 8.58e-020  7.01e-001  6.66e-002  5.91e-002  1.63e-001  1.79e-005  2.20e-005  9.75e-003  4.95e-007  1.51e-007  6.44e-009  
4.64165e+016 8.83e-020  7.00e-001  6.42e-002  5.95e-002  1.67e-001  1.78e-005  2.17e-005  9.79e-003  4.70e-007  1.53e-007  6.65e-009  
4.64187e+016 8.78e-020  6.97e-001  6.33e-002  6.11e-002  1.69e-001  1.78e-005  2.18e-005  9.89e-003  4.37e-007  1.53e-007  6.74e-009  
4.64224e+016 8.86e-020  6.97e-001  5.98e-002  6.41e-002  1.69e-001  1.75e-005  2.16e-005  9.88e-003  3.91e-007  1.51e-007  6.79e-009  
4.64286e+016 9.02e-020  6.94e-001  5.82e-002  6.80e-002  1.70e-001  1.74e-005  2.13e-005  9.78e-003  6.02e-007  1.51e-007  6.82e-009  
4.64396e+016 9.22e-020  6.92e-001  5.77e-002  7.04e-002  1.70e-001  1.72e-005  2.09e-005  9.72e-003  5.79e-007  1.52e-007  6.93e-009  
4.64596e+016 9.52e-020  6.89e-001  5.70e-002  7.11e-002  1.73e-001  1.71e-005  2.07e-005  9.69e-003  5.40e-007  1.52e-007  7.13e-009  
4.64933e+016 1.00e-019  6.86e-001  5.55e-002  7.10e-002  1.78e-001  1.70e-005  2.04e-005  9.67e-003  4.97e-007  1.54e-007  7.46e-009  
4.65501e+016 1.08e-019  6.85e-001  5.15e-002  7.10e-002  1.83e-001  1.70e-005  2.02e-005  9.70e-003  4.49e-007  1.55e-007  7.98e-009  
4.66259e+016 1.19e-019  6.80e-001  4.53e-002  7.17e-002  1.93e-001  1.70e-005  1.99e-005  9.72e-003  4.13e-007  1.59e-007  8.88e-009  
4.67450e+016 1.39e-019  6.66e-001  4.05e-002  7.55e-002  2.08e-001  1.68e-005  1.91e-005  9.78e-003  3.88e-007  1.64e-007  1.04e-008  
4.68726e+016 1.63e-019  6.44e-001  3.33e-002  8.21e-002  2.31e-001  1.65e-005  1.83e-005  9.81e-003  3.93e-007  1.67e-007  1.26e-008  
4.69009e+016 1.69e-019  6.39e-001  3.14e-002  8.40e-002  2.36e-001  1.65e-005  1.82e-005  9.82e-003  3.98e-007  1.68e-007  1.31e-008  
4.69024e+016 1.69e-019  6.39e-001  3.08e-002  8.40e-002  2.37e-001  1.66e-005  1.82e-005  9.82e-003  4.01e-007  1.67e-007  1.32e-008  
4.69048e+016 1.70e-019  6.40e-001  2.95e-002  8.46e-002  2.36e-001  1.65e-005  1.82e-005  9.81e-003  4.01e-007  1.65e-007  1.32e-008  
4.69090e+016 1.71e-019  6.38e-001  2.72e-002  8.73e-002  2.37e-001  1.65e-005  1.83e-005  9.78e-003  8.55e-007  1.63e-007  1.33e-008  
4.69160e+016 1.72e-019  6.34e-001  2.43e-002  9.19e-002  2.40e-001  1.66e-005  1.82e-005  9.78e-003  8.32e-007  1.63e-007  1.35e-008  
4.69279e+016 1.75e-019  6.28e-001  2.36e-002  9.71e-002  2.42e-001  1.65e-005  1.80e-005  9.71e-003  8.05e-007  1.64e-007  1.37e-008  
4.69476e+016 1.80e-019  6.22e-001  2.33e-002  1.01e-001  2.44e-001  1.65e-005  1.79e-005  9.72e-003  7.67e-007  1.64e-007  1.40e-008  
4.69806e+016 1.88e-019  6.17e-001  2.26e-002  1.03e-001  2.48e-001  1.66e-005  1.80e-005  9.68e-003  7.07e-007  1.65e-007  1.46e-008  
4.70337e+016 1.99e-019  6.03e-001  2.17e-002  1.07e-001  2.59e-001  1.69e-005  1.81e-005  9.70e-003  1.65e-007  1.67e-007  1.59e-008  
4.70622e+016 2.06e-019  5.97e-001  2.10e-002  1.08e-001  2.64e-001  1.72e-005  1.83e-005  9.71e-003  2.35e-007  1.68e-007  1.66e-008  
4.71061e+016 2.18e-019  5.92e-001  1.94e-002  1.10e-001  2.69e-001  1.75e-005  1.85e-005  9.65e-003  3.26e-007  1.67e-007  1.74e-008  
4.71746e+016 2.34e-019  5.80e-001  1.67e-002  1.15e-001  2.78e-001  1.82e-005  1.89e-005  9.64e-003  4.39e-007  1.75e-007  1.90e-008  
4.72860e+016 2.62e-019  5.53e-001  1.28e-002  1.27e-001  2.97e-001  1.92e-005  1.95e-005  9.73e-003  5.84e-007  1.90e-007  2.23e-008  
4.74240e+016 3.00e-019  5.13e-001  9.36e-003  1.42e-001  3.26e-001  2.08e-005  2.05e-005  9.79e-003  7.32e-007  2.09e-007  2.74e-008  
4.74305e+016 3.03e-019  5.12e-001  9.21e-003  1.43e-001  3.26e-001  2.08e-005  2.05e-005  9.77e-003  7.36e-007  2.09e-007  2.76e-008  
4.74313e+016 3.03e-019  5.11e-001  9.21e-003  1.43e-001  3.27e-001  2.08e-005  2.05e-005  9.77e-003  7.39e-007  2.10e-007  2.76e-008  
4.74348e+016 3.04e-019  5.10e-001  9.02e-003  1.43e-001  3.28e-001  2.09e-005  2.06e-005  9.77e-003  7.44e-007  2.10e-007  2.77e-008  
4.74406e+016 3.05e-019  5.09e-001  8.44e-003  1.44e-001  3.28e-001  2.10e-005  2.07e-005  9.82e-003  7.52e-007  2.09e-007  2.81e-008  
4.74503e+016 3.06e-019  5.03e-001  7.12e-003  1.46e-001  3.33e-001  2.12e-005  2.09e-005  9.84e-003  7.68e-007  2.10e-007  2.86e-008  
4.74676e+016 3.10e-019  4.94e-001  6.52e-003  1.48e-001  3.42e-001  2.16e-005  2.11e-005  9.87e-003  7.97e-007  2.12e-007  2.95e-008  
4.74972e+016 3.19e-019  4.83e-001  5.87e-003  1.49e-001  3.52e-001  2.21e-005  2.14e-005  9.89e-003  8.54e-007  2.15e-007  3.09e-008  
4.75283e+016 3.28e-019  4.75e-001  5.27e-003  1.53e-001  3.56e-001  2.28e-005  2.19e-005  9.90e-003  9.17e-007  2.19e-007  3.23e-008  
4.75365e+016 3.31e-019  4.74e-001  5.11e-003  1.54e-001  3.57e-001  2.30e-005  2.21e-005  9.88e-003  9.34e-007  2.21e-007  3.26e-008  
4.75556e+016 3.38e-019  4.67e-001  4.91e-003  1.57e-001  3.61e-001  2.34e-005  2.24e-005  9.88e-003  9.73e-007  2.23e-007  3.34e-008  
4.75856e+016 3.48e-019  4.59e-001  4.76e-003  1.62e-001  3.65e-001  2.41e-005  2.29e-005  9.87e-003  1.02e-006  2.27e-007  3.50e-008  
4.76342e+016 3.64e-019  4.42e-001  4.37e-003  1.70e-001  3.74e-001  2.54e-005  2.40e-005  9.92e-003  1.12e-006  2.35e-007  3.76e-008  
4.77120e+016 3.88e-019  4.10e-001  3.50e-003  1.82e-001  3.94e-001  2.78e-005  2.58e-005  1.00e-002  1.30e-006  2.51e-007  4.23e-008  
4.78339e+016 4.36e-019  3.76e-001  2.41e-003  1.96e-001  4.15e-001  3.12e-005  2.82e-005  1.00e-002  1.55e-006  2.64e-007  4.98e-008  
4.79819e+016 4.86e-019  3.25e-001  1.21e-003  2.14e-001  4.49e-001  3.73e-005  3.27e-005  1.03e-002  1.97e-006  2.92e-007  6.18e-008  
4.80101e+016 4.96e-019  3.17e-001  1.09e-003  2.18e-001  4.54e-001  3.85e-005  3.37e-005  1.03e-002  2.06e-006  2.99e-007  6.44e-008  
4.80156e+016 4.98e-019  3.15e-001  1.06e-003  2.17e-001  4.56e-001  3.88e-005  3.38e-005  1.03e-002  2.07e-006  2.99e-007  6.49e-008  
4.80288e+016 5.02e-019  3.11e-001  1.01e-003  2.19e-001  4.58e-001  3.95e-005  3.43e-005  1.04e-002  2.13e-006  3.03e-007  6.62e-008  
4.80511e+016 5.08e-019  3.03e-001  9.12e-004  2.21e-001  4.65e-001  4.06e-005  3.52e-005  1.04e-002  2.21e-006  3.07e-007  6.87e-008  
4.80875e+016 5.19e-019  2.89e-001  7.40e-004  2.24e-001  4.76e-001  4.28e-005  3.66e-005  1.05e-002  2.37e-006  3.16e-007  7.27e-008  
4.81463e+016 5.35e-019  2.67e-001  5.16e-004  2.28e-001  4.93e-001  4.65e-005  3.94e-005  1.08e-002  2.64e-006  3.33e-007  8.00e-008  
4.82445e+016 5.69e-019  2.34e-001  3.50e-004  2.39e-001  5.15e-001  5.36e-005  4.43e-005  1.10e-002  3.13e-006  3.54e-007  9.25e-008  
4.83636e+016 6.14e-019  1.92e-001  1.86e-004  2.57e-001  5.39e-001  6.35e-005  5.15e-005  1.13e-002  3.71e-006  3.84e-007  1.09e-007  
4.84912e+016 6.62e-019  1.47e-001  8.70e-005  2.79e-001  5.62e-001  7.67e-005  6.04e-005  1.17e-002  4.24e-006  4.23e-007  1.31e-007  
4.86294e+016 7.24e-019  1.06e-001  3.79e-005  3.04e-001  5.78e-001  9.38e-005  7.09e-005  1.21e-002  4.56e-006  4.62e-007  1.56e-007  
4.87591e+016 7.91e-019  7.41e-002  1.42e-005  3.34e-001  5.79e-001  1.14e-004  8.29e-005  1.24e-002  4.65e-006  5.01e-007  1.81e-007  
4.88968e+016 8.78e-019  4.78e-002  4.08e-006  3.73e-001  5.66e-001  1.40e-004  9.35e-005  1.25e-002  4.52e-006  5.33e-007  2.07e-007  
4.90444e+016 1.00e-018  2.69e-002  9.03e-007  4.29e-001  5.32e-001  1.70e-004  1.02e-004  1.25e-002  4.20e-006  5.59e-007  2.33e-007  
4.91980e+016 1.19e-018  1.29e-002  1.51e-007  5.03e-001  4.72e-001  1.98e-004  1.06e-004  1.19e-002  3.80e-006  5.62e-007  2.51e-007  
4.93317e+016 1.45e-018  5.86e-003  2.39e-008  5.81e-001  4.02e-001  2.17e-004  1.06e-004  1.10e-002  3.45e-006  5.41e-007  2.54e-007  
4.94239e+016 1.71e-018  2.97e-003  4.43e-009  6.39e-001  3.48e-001  2.25e-004  1.01e-004  1.01e-002  3.15e-006  5.14e-007  2.49e-007  
4.95192e+016 2.06e-018  1.42e-003  8.15e-010  6.99e-001  2.90e-001  2.27e-004  9.37e-005  9.08e-003  2.84e-006  4.67e-007  2.37e-007  
4.96202e+016 2.57e-018  6.95e-004  1.69e-010  7.57e-001  2.34e-001  2.23e-004  8.39e-005  7.88e-003  2.54e-006  4.12e-007  2.19e-007  
4.97297e+016 3.36e-018  2.75e-004  1.77e-011  8.15e-001  1.78e-001  2.12e-004  7.23e-005  6.63e-003  2.25e-006  3.51e-007  1.96e-007  
4.98461e+016 4.58e-018  8.81e-005  1.13e-012  8.66e-001  1.29e-001  1.95e-004  5.92e-005  5.38e-003  1.97e-006  2.82e-007  1.70e-007  
4.99670e+016 6.44e-018  2.24e-005  4.63e-014  9.06e-001  8.99e-002  1.74e-004  4.66e-005  4.23e-003  1.72e-006  2.19e-007  1.42e-007  
5.00936e+016 9.31e-018  4.02e-006  1.30e-015  9.36e-001  6.06e-002  1.50e-004  3.54e-005  3.23e-003  1.53e-006  1.62e-007  1.16e-007  
5.02240e+016 1.38e-017  4.41e-007  8.06e-018  9.58e-001  3.91e-002  1.27e-004  2.60e-005  2.42e-003  1.36e-006  1.15e-007  9.22e-008  
5.03584e+016 2.05e-017  4.85e-008  1.19e-019  9.74e-001  2.45e-002  1.06e-004  1.89e-005  1.80e-003  1.22e-006  8.03e-008  7.30e-008  
5.05026e+016 3.16e-017  6.27e-009  6.39e-022  9.84e-001  1.44e-002  8.51e-005  1.35e-005  1.31e-003  1.11e-006  5.25e-008  5.66e-008  
5.05959e+016 4.15e-017  1.16e-009  6.92e-024  9.89e-001  1.02e-002  7.48e-005  1.15e-005  1.07e-003  1.09e-006  4.05e-008  4.80e-008  
5.06957e+016 5.51e-017  1.38e-010  3.81e-026  9.92e-001  7.23e-003  6.58e-005  9.68e-006  8.72e-004  1.08e-006  3.00e-008  4.05e-008  
5.07988e+016 7.34e-017  1.15e-011  4.47e-028  9.94e-001  5.03e-003  5.80e-005  8.19e-006  7.08e-004  1.08e-006  2.22e-008  3.42e-008  
5.09058e+016 9.80e-017  6.86e-013  1.55e-030  9.96e-001  3.42e-003  5.17e-005  7.03e-006  5.78e-004  1.10e-006  1.64e-008  2.89e-008  
5.10237e+016 1.34e-016  2.61e-014  2.16e-033  9.97e-001  2.19e-003  4.60e-005  6.00e-006  4.62e-004  1.12e-006  1.15e-008  2.40e-008  
5.11496e+016 1.86e-016  6.65e-016  1.36e-036  9.98e-001  1.34e-003  4.15e-005  5.22e-006  3.68e-004  1.16e-006  8.00e-009  1.99e-008  
5.12843e+016 2.61e-016  2.45e-017  3.46e-040  9.99e-001  6.93e-004  3.83e-005  4.59e-006  2.92e-004  1.21e-006  5.51e-009  1.47e-008  
5.14296e+016 3.78e-016  1.02e-018  3.81e-042  9.99e-001  3.25e-004  3.57e-005  4.10e-006  2.27e-004  1.25e-006  3.65e-009  1.06e-008  
5.15425e+016 5.01e-016  1.64e-019  9.80e-045  1.00e+000  1.82e-004  3.47e-005  3.87e-006  1.88e-004  1.29e-006  2.67e-009  8.32e-009  
5.16792e+016 6.93e-016  1.93e-021  7.18e-049  1.00e+000  8.64e-005  3.46e-005  3.71e-006  1.51e-004  1.36e-006  1.86e-009  6.33e-009  
5.18319e+016 9.89e-016  1.04e-023  1.61e-053  1.00e+000  3.51e-005  3.51e-005  3.63e-006  1.20e-004  1.43e-006  1.23e-009  4.76e-009  
5.19950e+016 1.45e-015  3.11e-026  1.19e-058  1.00e+000  1.18e-005  3.59e-005  3.56e-006  9.38e-005  1.48e-006  8.00e-010  3.55e-009  
5.21655e+016 2.13e-015  4.11e-029  3.19e-064  1.00e+000  3.40e-006  3.76e-005  3.60e-006  7.37e-005  1.54e-006  5.02e-010  2.71e-009  
5.23457e+016 3.10e-015  6.00e-031  6.16e-066  1.00e+000  8.00e-007  4.03e-005  3.68e-006  5.87e-005  1.61e-006  3.19e-010  2.14e-009  
5.25384e+016 4.54e-015  2.02e-034  4.01e-071  1.00e+000  2.03e-007  4.38e-005  3.88e-006  4.69e-005  1.72e-006  1.98e-010  1.76e-009  
5.27451e+016 6.63e-015  8.52e-038  1.22e-077  1.00e+000  3.44e-008  4.83e-005  4.07e-006  3.82e-005  1.82e-006  1.22e-010  1.51e-009  
5.29668e+016 9.69e-015  1.44e-041  0.00e+000  1.00e+000  3.52e-009  5.37e-005  4.35e-006  3.12e-005  1.95e-006  7.39e-011  1.36e-009  
5.31993e+016 1.39e-014  7.77e-046  0.00e+000  1.00e+000  1.16e-010  6.03e-005  4.68e-006  2.62e-005  2.11e-006  4.52e-011  1.29e-009  
5.34440e+016 1.99e-014  6.73e-047  0.00e+000  1.00e+000  1.68e-012  6.73e-005  5.01e-006  2.21e-005  2.26e-006  2.73e-011  1.26e-009  
5.36995e+016 2.79e-014  3.87e-053  0.00e+000  1.00e+000  4.41e-014  7.63e-005  5.41e-006  1.91e-005  2.44e-006  1.68e-011  1.28e-009  
5.39765e+016 3.89e-014  2.45e-058  0.00e+000  1.00e+000  2.02e-016  8.69e-005  5.91e-006  1.67e-005  2.65e-006  1.01e-011  1.34e-009  
5.42627e+016 5.34e-014  1.54e-059  0.00e+000  1.00e+000  2.64e-019  9.83e-005  6.44e-006  1.48e-005  2.88e-006  6.25e-012  1.43e-009  
5.45738e+016 7.25e-014  7.28e-067  0.00e+000  1.00e+000  4.61e-022  1.13e-004  7.05e-006  1.33e-005  3.14e-006  3.77e-012  1.56e-009  
5.49079e+016 9.79e-014  4.72e-068  0.00e+000  1.00e+000  5.40e-026  1.30e-004  7.78e-006  1.21e-005  3.44e-006  2.31e-012  1.72e-009  
5.52575e+016 1.29e-013  3.85e-076  0.00e+000  1.00e+000  2.15e-029  1.50e-004  8.60e-006  1.12e-005  3.79e-006  1.43e-012  1.91e-009  
5.56155e+016 1.66e-013  8.49e-078  0.00e+000  1.00e+000  3.91e-034  1.73e-004  9.52e-006  1.05e-005  4.16e-006  9.03e-013  2.14e-009  
5.59918e+016 2.09e-013  0.00e+000  0.00e+000  1.00e+000  3.75e-038  2.00e-004  1.07e-005  9.95e-006  4.60e-006  5.88e-013  2.42e-009  
5.63913e+016 2.60e-013  0.00e+000  0.00e+000  1.00e+000  6.77e-043  2.32e-004  1.20e-005  9.50e-006  5.08e-006  3.85e-013  2.74e-009  
5.68226e+016 3.17e-013  0.00e+000  0.00e+000  1.00e+000  3.94e-052  2.72e-004  1.35e-005  9.24e-006  5.68e-006  2.55e-013  3.14e-009  
5.72780e+016 3.79e-013  0.00e+000  0.00e+000  1.00e+000  1.96e-053  3.19e-004  1.54e-005  9.07e-006  6.38e-006  1.72e-013  3.61e-009  
5.77650e+016 4.45e-013  0.00e+000  0.00e+000  1.00e+000  1.39e-063  3.77e-004  1.76e-005  9.01e-006  7.17e-006  1.20e-013  4.20e-009  
5.82707e+016 5.09e-013  0.00e+000  0.00e+000  1.00e+000  9.05e-069  4.46e-004  2.02e-005  9.05e-006  8.11e-006  8.60e-014  4.89e-009  
5.88124e+016 5.70e-013  0.00e+000  0.00e+000  9.99e-001  1.23e-080  5.30e-004  2.37e-005  9.22e-006  9.28e-006  6.26e-014  5.73e-009  
5.93801e+016 6.25e-013  0.00e+000  0.00e+000  9.99e-001  0.00e+000  6.30e-004  2.73e-005  9.48e-006  1.05e-005  4.75e-014  6.73e-009  
5.99878e+016 6.72e-013  0.00e+000  0.00e+000  9.99e-001  0.00e+000  7.56e-004  3.23e-005  9.87e-006  1.22e-005  3.65e-014  7.97e-009  
6.06254e+016 7.06e-013  0.00e+000  0.00e+000  9.99e-001  0.00e+000  9.08e-004  3.83e-005  1.04e-005  1.43e-005  2.92e-014  9.44e-009  
6.12860e+016 7.28e-013  0.00e+000  0.00e+000  9.99e-001  0.00e+000  1.09e-003  4.51e-005  1.10e-005  1.65e-005  2.42e-014  1.12e-008  
6.19772e+016 7.38e-013  0.00e+000  0.00e+000  9.99e-001  0.00e+000  1.30e-003  5.37e-005  1.18e-005  1.94e-005  2.05e-014  1.32e-008  
6.27006e+016 7.37e-013  0.00e+000  0.00e+000  9.98e-001  0.00e+000  1.56e-003  6.36e-005  1.28e-005  2.24e-005  1.76e-014  1.56e-008  
6.34752e+016 7.24e-013  0.00e+000  0.00e+000  9.98e-001  0.00e+000  1.88e-003  7.65e-005  1.39e-005  2.64e-005  1.57e-014  1.85e-008  
6.43223e+016 7.02e-013  0.00e+000  0.00e+000  9.98e-001  0.00e+000  2.28e-003  9.23e-005  1.55e-005  3.12e-005  1.43e-014  2.22e-008  
6.52408e+016 6.70e-013  0.00e+000  0.00e+000  9.97e-001  0.00e+000  2.78e-003  1.12e-004  1.75e-005  3.70e-005  1.34e-014  2.66e-008  
6.62440e+016 6.28e-013  0.00e+000  0.00e+000  9.96e-001  0.00e+000  3.42e-003  1.38e-004  2.01e-005  4.44e-005  1.29e-014  3.22e-008  
6.73219e+016 5.82e-013  0.00e+000  0.00e+000  9.96e-001  0.00e+000  4.23e-003  1.72e-004  2.34e-005  5.38e-005  1.26e-014  3.90e-008  
6.84641e+016 5.31e-013  0.00e+000  0.00e+000  9.94e-001  0.00e+000  5.24e-003  2.15e-004  2.77e-005  6.52e-005  1.29e-014  4.75e-008  
6.96945e+016 4.77e-013  0.00e+000  0.00e+000  9.93e-001  0.00e+000  6.56e-003  2.70e-004  3.33e-005  7.92e-005  1.36e-014  5.80e-008  
7.10391e+016 4.23e-013  0.00e+000  0.00e+000  9.91e-001  0.00e+000  8.28e-003  3.45e-004  4.12e-005  9.72e-005  1.49e-014  7.17e-008  
7.25155e+016 3.66e-013  0.00e+000  0.00e+000  9.89e-001  0.00e+000  1.06e-002  4.45e-004  5.22e-005  1.20e-004  1.72e-014  8.96e-008  
7.42223e+016 3.10e-013  0.00e+000  0.00e+000  9.85e-001  0.00e+000  1.39e-002  5.94e-004  6.85e-005  1.52e-004  2.10e-014  1.14e-007  
7.63108e+016 2.49e-013  0.00e+000  0.00e+000  9.80e-001  0.00e+000  1.92e-002  8.19e-004  9.64e-005  1.98e-004  2.81e-014  1.53e-007  
7.86896e+016 1.94e-013  0.00e+000  0.00e+000  9.71e-001  0.00e+000  2.70e-002  1.16e-003  1.42e-004  2.65e-004  4.13e-014  2.11e-007  
8.18150e+016 1.39e-013  0.00e+000  0.00e+000  9.57e-001  0.00e+000  4.06e-002  1.74e-003  2.33e-004  3.74e-004  7.20e-014  3.16e-007  
8.55776e+016 9.24e-014  0.00e+000  0.00e+000  9.32e-001  0.00e+000  6.40e-002  2.73e-003  4.17e-004  5.51e-004  1.49e-013  5.08e-007  
9.00548e+016 5.76e-014  0.00e+000  0.00e+000  8.90e-001  0.00e+000  1.04e-001  4.42e-003  7.84e-004  8.45e-004  3.70e-013  8.64e-007  
9.53916e+016 3.39e-014  0.00e+000  0.00e+000  8.18e-001  0.00e+000  1.72e-001  7.29e-003  1.52e-003  1.32e-003  1.11e-012  1.55e-006  
1.01535e+017 1.95e-014  0.00e+000  0.00e+000  7.03e-001  0.00e+000  2.80e-001  1.18e-002  2.85e-003  2.03e-003  3.81e-012  2.82e-006  
1.09249e+017 1.10e-014  0.00e+000  0.00e+000  5.32e-001  0.00e+000  4.42e-001  1.81e-002  5.01e-003  3.01e-003  1.57e-011  5.16e-006  
1.19176e+017 6.39e-015  0.00e+000  0.00e+000  3.29e-001  0.00e+000  6.34e-001  2.57e-002  7.47e-003  4.18e-003  6.68e-011  9.17e-006  
1.32448e+017 3.60e-015  0.00e+000  0.00e+000  1.67e-001  0.00e+000  7.89e-001  2.97e-002  8.64e-003  5.20e-003  2.14e-010  1.65e-005  
