! 0       H2 + NH2 -> NH3 + H
! 1       *NH3 + He -> NH3 + He
! 2       *NH3 + H2 -> NH3 + H2
! 3       *NH3 + CO -> NH3 + CO
! 4       NH4+ + e- -> NH3 + H
! 5       NH2 + CH4 -> CH3 + NH3
! 6       NH4+ + GRAIN -> NH3 + H + GRAIN
! 7       *H + *NH2 -> NH3
! 8       NH2 + OH -> NH3 + O
! 9       C6H- + NH4+ -> C6H + NH3 + H
!            tot_rate   0          1          2          3          4          5          6          7          8          9          
1.58188e+013 1.14e-014  2.15e-057  0.00e+000  0.00e+000  0.00e+000  9.94e-001  0.00e+000  8.56e-004  5.13e-003  1.95e-016  1.13e-005  
3.50727e+014 1.14e-014  2.15e-057  0.00e+000  0.00e+000  0.00e+000  9.94e-001  0.00e+000  8.56e-004  5.13e-003  1.95e-016  1.13e-005  
5.21628e+015 1.14e-014  2.15e-057  0.00e+000  0.00e+000  0.00e+000  9.94e-001  0.00e+000  8.55e-004  5.14e-003  1.95e-016  1.13e-005  
2.67137e+016 7.54e-015  3.74e-057  0.00e+000  0.00e+000  0.00e+000  9.86e-001  0.00e+000  8.45e-004  1.25e-002  3.02e-016  9.95e-006  
3.33598e+016 3.93e-015  1.21e-055  0.00e+000  0.00e+000  0.00e+000  9.63e-001  0.00e+000  1.91e-003  3.34e-002  9.78e-016  5.37e-006  
3.42055e+016 3.89e-015  1.67e-054  0.00e+000  0.00e+000  5.14e-031  9.71e-001  0.00e+000  2.30e-003  2.49e-002  1.61e-015  4.26e-006  
3.44017e+016 3.89e-015  4.52e-054  0.00e+000  0.00e+000  8.97e-021  9.74e-001  0.00e+000  2.43e-003  2.23e-002  1.94e-015  4.06e-006  
3.46353e+016 3.88e-015  2.02e-053  0.00e+000  0.00e+000  1.64e-006  9.77e-001  0.00e+000  2.63e-003  1.91e-002  2.57e-015  3.76e-006  
3.48860e+016 3.87e-015  1.67e-052  0.00e+000  0.00e+000  2.44e-003  9.78e-001  0.00e+000  2.90e-003  1.54e-002  3.83e-015  3.52e-006  
3.51370e+016 4.06e-015  2.76e-051  0.00e+000  0.00e+000  6.36e-002  9.21e-001  0.00e+000  3.10e-003  1.11e-002  6.21e-015  3.03e-006  
3.53250e+016 4.82e-015  3.80e-050  0.00e+000  0.00e+000  2.26e-001  7.63e-001  0.00e+000  2.86e-003  7.13e-003  8.84e-015  2.34e-006  
3.55515e+016 7.56e-015  1.98e-048  1.53e-057  0.00e+000  5.26e-001  4.68e-001  0.00e+000  2.05e-003  3.13e-003  1.29e-014  1.38e-006  
3.57182e+016 1.25e-014  7.95e-047  2.51e-038  0.00e+000  7.25e-001  2.72e-001  0.00e+000  1.37e-003  1.46e-003  1.71e-014  7.67e-007  
3.58524e+016 2.04e-014  2.98e-045  4.13e-028  1.34e-080  8.40e-001  1.59e-001  0.00e+000  9.08e-004  7.46e-004  2.26e-014  4.36e-007  
3.60047e+016 2.46e-014  6.98e-043  1.30e-014  1.84e-059  8.77e-001  1.22e-001  0.00e+000  8.32e-004  5.36e-004  5.40e-014  3.30e-007  
3.61718e+016 3.15e-014  1.10e-039  1.65e-005  6.21e-034  9.13e-001  8.59e-002  0.00e+000  7.39e-004  3.71e-004  1.75e-013  2.32e-007  
3.62899e+016 4.72e-014  4.34e-037  1.62e-001  4.11e-026  7.84e-001  5.32e-002  0.00e+000  5.47e-004  2.16e-004  3.88e-013  1.44e-007  
3.63893e+016 1.73e-013  5.01e-035  7.12e-001  4.20e-015  2.74e-001  1.37e-002  0.00e+000  1.64e-004  4.72e-005  3.29e-013  3.69e-008  
3.64972e+016 1.44e-012  8.21e-033  9.53e-001  4.10e-007  4.53e-002  1.56e-003  0.00e+000  2.18e-005  3.64e-006  1.53e-013  4.17e-009  
3.66124e+016 5.52e-012  8.85e-030  9.81e-001  7.04e-004  1.75e-002  3.89e-004  0.00e+000  6.39e-006  4.58e-007  1.90e-013  1.02e-009  
3.67348e+016 1.86e-011  2.87e-026  9.69e-001  2.28e-002  8.45e-003  1.12e-004  1.24e-079  2.19e-006  5.35e-008  3.24e-013  2.85e-010  
3.68621e+016 5.79e-011  1.55e-022  8.79e-001  1.16e-001  4.94e-003  3.59e-005  7.30e-065  8.29e-007  8.15e-009  6.48e-013  8.58e-011  
3.69700e+016 1.41e-010  1.81e-019  8.07e-001  1.89e-001  3.64e-003  1.52e-005  5.28e-053  3.99e-007  1.70e-009  1.18e-012  3.38e-011  
3.70376e+016 2.40e-010  1.17e-017  7.70e-001  2.26e-001  3.23e-003  9.49e-006  3.86e-046  2.61e-007  5.66e-010  1.69e-012  1.95e-011  
3.71087e+016 4.07e-010  7.05e-016  7.29e-001  2.68e-001  3.04e-003  6.04e-006  1.55e-039  1.75e-007  1.84e-010  2.38e-012  1.14e-011  
3.71826e+016 6.92e-010  3.35e-014  6.99e-001  2.98e-001  3.05e-003  3.89e-006  1.82e-033  1.19e-007  6.33e-011  3.22e-012  6.73e-012  
3.72589e+016 1.17e-009  1.08e-012  6.68e-001  3.28e-001  3.23e-003  2.58e-006  3.55e-028  8.37e-008  2.50e-011  4.05e-012  4.06e-012  
3.73370e+016 1.93e-009  2.11e-011  6.42e-001  3.55e-001  3.60e-003  1.80e-006  7.86e-024  6.21e-008  1.25e-011  4.75e-012  2.56e-012  
3.74165e+016 3.06e-009  2.40e-010  6.11e-001  3.85e-001  4.08e-003  1.36e-006  1.84e-020  5.00e-008  7.80e-012  5.19e-012  1.77e-012  
3.74829e+016 4.18e-009  1.29e-009  5.93e-001  4.02e-001  4.45e-003  1.20e-006  2.63e-018  4.62e-008  5.12e-012  5.58e-012  1.46e-012  
3.75505e+016 5.01e-009  6.02e-009  5.68e-001  4.27e-001  4.71e-003  1.24e-006  1.54e-016  5.07e-008  2.91e-012  6.46e-012  1.43e-012  
3.76194e+016 4.62e-009  3.09e-008  5.54e-001  4.41e-001  4.82e-003  1.74e-006  5.75e-015  7.44e-008  1.44e-012  9.45e-012  1.99e-012  
3.76839e+016 2.61e-009  2.15e-007  5.32e-001  4.63e-001  4.90e-003  3.94e-006  1.84e-013  1.78e-007  6.32e-013  2.17e-011  4.55e-012  
3.76854e+016 2.55e-009  2.27e-007  5.33e-001  4.62e-001  4.90e-003  4.07e-006  2.00e-013  1.84e-007  6.19e-013  2.24e-011  4.70e-012  
3.76877e+016 2.45e-009  2.49e-007  5.30e-001  4.65e-001  4.89e-003  4.28e-006  2.30e-013  1.94e-007  6.00e-013  2.35e-011  4.93e-012  
3.76917e+016 2.28e-009  2.90e-007  5.30e-001  4.65e-001  4.91e-003  4.69e-006  2.92e-013  2.12e-007  5.65e-013  2.56e-011  5.39e-012  
3.76980e+016 2.02e-009  3.74e-007  5.29e-001  4.66e-001  4.92e-003  5.39e-006  4.30e-013  2.47e-007  5.10e-013  2.97e-011  6.23e-012  
3.77083e+016 1.58e-009  5.91e-007  5.28e-001  4.67e-001  4.95e-003  7.21e-006  8.41e-013  3.31e-007  4.39e-013  3.96e-011  8.29e-012  
3.77248e+016 9.06e-010  1.45e-006  5.26e-001  4.69e-001  5.01e-003  1.35e-005  2.85e-012  6.25e-007  3.57e-013  7.41e-011  1.55e-011  
3.77450e+016 2.56e-010  7.72e-006  5.19e-001  4.76e-001  5.07e-003  5.15e-005  2.20e-011  2.42e-006  3.35e-013  2.86e-010  5.89e-011  
3.77655e+016 4.59e-013  6.36e-003  4.92e-001  4.64e-001  4.73e-003  3.09e-002  2.55e-008  1.48e-003  1.23e-011  1.75e-007  3.57e-008  
3.77936e+016 2.29e-014  1.84e-001  4.71e-002  4.58e-002  4.45e-004  6.89e-001  9.95e-007  3.36e-002  1.39e-010  3.91e-006  7.94e-007  
3.78016e+016 2.39e-014  1.96e-001  4.52e-002  4.39e-002  4.22e-004  6.81e-001  1.15e-006  3.34e-002  1.11e-010  3.89e-006  7.82e-007  
3.78111e+016 2.51e-014  2.12e-001  4.27e-002  4.19e-002  3.96e-004  6.70e-001  1.37e-006  3.32e-002  8.65e-011  3.88e-006  7.74e-007  
3.78273e+016 2.74e-014  2.41e-001  3.87e-002  3.83e-002  3.53e-004  6.49e-001  1.84e-006  3.25e-002  5.76e-011  3.87e-006  7.48e-007  
3.78530e+016 3.19e-014  2.93e-001  3.26e-002  3.29e-002  2.93e-004  6.10e-001  2.88e-006  3.12e-002  3.00e-011  3.91e-006  7.04e-007  
3.78818e+016 3.87e-014  3.59e-001  2.63e-002  2.71e-002  2.32e-004  5.58e-001  4.62e-006  2.92e-002  1.52e-011  4.08e-006  6.43e-007  
3.79076e+016 4.65e-014  4.23e-001  2.15e-002  2.28e-002  1.88e-004  5.05e-001  6.81e-006  2.69e-002  8.17e-012  4.34e-006  5.85e-007  
3.79253e+016 5.35e-014  4.69e-001  1.86e-002  2.00e-002  1.61e-004  4.67e-001  8.69e-006  2.50e-002  5.72e-012  4.56e-006  5.40e-007  
3.79502e+016 6.55e-014  5.34e-001  1.50e-002  1.63e-002  1.28e-004  4.12e-001  1.20e-005  2.26e-002  3.48e-012  4.97e-006  4.79e-007  
3.79755e+016 8.23e-014  5.99e-001  1.19e-002  1.31e-002  9.97e-005  3.56e-001  1.60e-005  1.99e-002  2.13e-012  5.43e-006  4.14e-007  
3.79897e+016 9.40e-014  6.34e-001  1.04e-002  1.15e-002  8.63e-005  3.26e-001  1.86e-005  1.84e-002  1.62e-012  5.69e-006  3.79e-007  
3.79918e+016 9.60e-014  6.40e-001  1.01e-002  1.12e-002  8.44e-005  3.21e-001  1.90e-005  1.81e-002  1.55e-012  5.74e-006  3.74e-007  
3.79956e+016 9.95e-014  6.48e-001  9.78e-003  1.09e-002  8.11e-005  3.13e-001  1.97e-005  1.78e-002  1.45e-012  5.81e-006  3.65e-007  
3.80017e+016 1.06e-013  6.62e-001  9.18e-003  1.03e-002  7.59e-005  3.01e-001  2.09e-005  1.71e-002  1.29e-012  5.91e-006  3.50e-007  
3.80129e+016 1.18e-013  6.88e-001  8.18e-003  9.24e-003  6.74e-005  2.79e-001  2.31e-005  1.59e-002  1.04e-012  6.11e-006  3.26e-007  
3.80319e+016 1.44e-013  7.30e-001  6.66e-003  7.64e-003  5.46e-005  2.42e-001  2.72e-005  1.40e-002  7.23e-013  6.37e-006  2.83e-007  
3.80578e+016 1.91e-013  7.81e-001  5.02e-003  5.82e-003  4.06e-005  1.97e-001  3.35e-005  1.16e-002  4.45e-013  6.60e-006  2.31e-007  
3.80629e+016 2.02e-013  7.90e-001  4.72e-003  5.48e-003  3.82e-005  1.88e-001  3.47e-005  1.12e-002  4.06e-013  6.62e-006  2.21e-007  
3.80713e+016 2.22e-013  8.05e-001  4.30e-003  5.04e-003  3.46e-005  1.75e-001  3.67e-005  1.05e-002  3.50e-013  6.70e-006  2.06e-007  
3.80859e+016 2.63e-013  8.28e-001  3.64e-003  4.25e-003  2.91e-005  1.55e-001  4.03e-005  9.34e-003  2.71e-013  6.65e-006  1.82e-007  
3.81083e+016 3.49e-013  8.62e-001  2.73e-003  3.24e-003  2.16e-005  1.24e-001  4.58e-005  7.65e-003  1.82e-013  6.39e-006  1.46e-007  
3.81265e+016 4.44e-013  8.86e-001  2.14e-003  2.59e-003  1.69e-005  1.02e-001  5.06e-005  6.41e-003  1.32e-013  6.05e-006  1.21e-007  
3.81480e+016 5.91e-013  9.10e-001  1.60e-003  1.96e-003  1.26e-005  8.15e-002  5.56e-005  5.19e-003  9.16e-014  5.50e-006  9.65e-008  
3.81769e+016 9.11e-013  9.37e-001  1.04e-003  1.28e-003  8.12e-006  5.69e-002  6.28e-005  3.73e-003  5.66e-014  4.45e-006  6.77e-008  
3.81836e+016 1.01e-012  9.42e-001  9.44e-004  1.16e-003  7.32e-006  5.22e-002  6.43e-005  3.44e-003  5.08e-014  4.19e-006  6.22e-008  
3.81952e+016 1.21e-012  9.50e-001  7.90e-004  9.75e-004  6.10e-006  4.49e-002  6.67e-005  2.97e-003  4.23e-014  3.74e-006  5.35e-008  
3.82149e+016 1.67e-012  9.62e-001  5.70e-004  7.17e-004  4.38e-006  3.41e-002  7.11e-005  2.29e-003  3.09e-014  2.96e-006  4.07e-008  
3.82433e+016 2.78e-012  9.76e-001  3.44e-004  4.39e-004  2.63e-006  2.19e-002  7.67e-005  1.51e-003  1.96e-014  1.91e-006  2.63e-008  
3.82740e+016 5.02e-012  9.86e-001  1.92e-004  2.45e-004  1.45e-006  1.30e-002  8.24e-005  9.14e-004  1.21e-014  1.04e-006  1.56e-008  
3.83054e+016 9.66e-012  9.92e-001  1.01e-004  1.29e-004  7.57e-007  7.25e-003  8.75e-005  5.21e-004  7.53e-015  4.65e-007  8.73e-009  
3.83376e+016 1.94e-011  9.96e-001  5.03e-005  6.60e-005  3.76e-007  3.86e-003  9.23e-005  2.84e-004  4.75e-015  1.75e-007  4.66e-009  
3.83751e+016 4.37e-011  9.98e-001  2.25e-005  3.00e-005  1.68e-007  1.84e-003  9.73e-005  1.40e-004  2.84e-015  6.02e-008  2.24e-009  
3.84132e+016 7.35e-011  9.99e-001  1.36e-005  1.82e-005  1.00e-007  1.18e-003  9.89e-005  9.18e-005  2.29e-015  5.01e-008  1.43e-009  
3.84531e+016 1.23e-010  9.99e-001  8.28e-006  1.12e-005  6.04e-008  7.51e-004  1.01e-004  6.08e-005  1.86e-015  7.29e-008  9.18e-010  
3.84962e+016 1.88e-010  9.99e-001  5.47e-006  7.55e-006  4.01e-008  5.27e-004  1.02e-004  4.43e-005  1.55e-015  1.05e-007  6.48e-010  
3.85449e+016 2.60e-010  9.99e-001  4.07e-006  5.65e-006  2.96e-008  4.11e-004  1.03e-004  3.60e-005  1.29e-015  1.11e-007  5.04e-010  
3.85990e+016 3.47e-010  1.00e+000  3.14e-006  4.38e-006  2.26e-008  3.28e-004  1.02e-004  3.05e-005  1.08e-015  6.54e-008  4.06e-010  
3.86597e+016 4.90e-010  1.00e+000  2.26e-006  3.20e-006  1.63e-008  2.51e-004  9.81e-005  2.47e-005  9.06e-016  2.94e-008  3.10e-010  
3.87288e+016 7.88e-010  1.00e+000  1.42e-006  2.03e-006  1.02e-008  1.66e-004  8.92e-005  1.74e-005  7.73e-016  3.11e-008  2.04e-010  
3.88139e+016 1.46e-009  1.00e+000  7.46e-007  1.08e-006  5.37e-009  9.52e-005  7.53e-005  1.08e-005  6.99e-016  4.79e-008  1.15e-010  
3.89093e+016 2.61e-009  1.00e+000  3.81e-007  5.55e-007  2.72e-009  5.55e-005  5.98e-005  6.93e-006  6.74e-016  7.89e-008  6.44e-011  
3.90068e+016 3.96e-009  1.00e+000  2.13e-007  3.16e-007  1.52e-009  3.71e-005  4.67e-005  5.10e-006  7.10e-016  1.23e-007  3.91e-011  
3.91088e+016 5.14e-009  1.00e+000  1.32e-007  1.96e-007  9.44e-010  2.80e-005  3.64e-005  4.26e-006  8.17e-016  1.83e-007  2.51e-011  
3.92181e+016 5.90e-009  1.00e+000  9.05e-008  1.34e-007  6.44e-010  2.32e-005  2.83e-005  3.95e-006  1.02e-015  2.56e-007  1.57e-011  
3.93325e+016 6.22e-009  1.00e+000  6.86e-008  1.02e-007  4.89e-010  2.03e-005  2.23e-005  3.87e-006  1.36e-015  3.39e-007  9.28e-012  
3.94519e+016 6.27e-009  1.00e+000  5.73e-008  8.47e-008  4.07e-010  1.82e-005  1.80e-005  3.89e-006  1.90e-015  4.21e-007  5.45e-012  
3.95803e+016 6.20e-009  1.00e+000  5.13e-008  7.60e-008  3.66e-010  1.61e-005  1.52e-005  3.94e-006  2.71e-015  4.98e-007  3.58e-012  
3.97190e+016 6.13e-009  1.00e+000  4.91e-008  7.28e-008  3.54e-010  1.40e-005  1.35e-005  3.88e-006  4.00e-015  5.63e-007  2.61e-012  
3.98699e+016 6.13e-009  1.00e+000  5.02e-008  7.42e-008  3.64e-010  1.17e-005  1.26e-005  3.75e-006  6.02e-015  6.04e-007  1.97e-012  
4.00514e+016 6.25e-009  1.00e+000  5.52e-008  8.08e-008  4.05e-010  9.33e-006  1.25e-005  3.47e-006  9.68e-015  6.21e-007  1.45e-012  
4.02549e+016 6.51e-009  1.00e+000  6.53e-008  9.39e-008  4.84e-010  7.14e-006  1.31e-005  3.09e-006  1.63e-014  6.10e-007  1.06e-012  
4.04761e+016 6.88e-009  1.00e+000  8.23e-008  1.16e-007  6.19e-010  5.42e-006  1.45e-005  2.72e-006  2.85e-014  5.78e-007  7.83e-013  
4.07070e+016 7.33e-009  1.00e+000  1.08e-007  1.49e-007  8.32e-010  4.19e-006  1.68e-005  2.39e-006  5.09e-014  5.35e-007  6.02e-013  
4.09451e+016 7.76e-009  1.00e+000  1.48e-007  1.98e-007  1.16e-009  3.43e-006  1.97e-005  2.16e-006  9.63e-014  4.90e-007  4.91e-013  
4.11988e+016 8.10e-009  1.00e+000  2.15e-007  2.81e-007  1.74e-009  3.02e-006  2.39e-005  2.09e-006  1.95e-013  4.43e-007  4.32e-013  
4.14624e+016 8.18e-009  1.00e+000  3.30e-007  4.17e-007  2.76e-009  2.98e-006  2.95e-005  2.19e-006  4.21e-013  4.02e-007  4.23e-013  
4.17462e+016 7.82e-009  1.00e+000  5.51e-007  6.62e-007  4.77e-009  3.36e-006  3.68e-005  2.58e-006  1.01e-012  3.68e-007  4.73e-013  
4.20512e+016 6.87e-009  1.00e+000  9.94e-007  1.15e-006  9.02e-009  4.44e-006  4.61e-005  3.49e-006  2.79e-012  3.44e-007  6.16e-013  
4.23867e+016 5.44e-009  1.00e+000  1.97e-006  2.13e-006  1.89e-008  6.86e-006  5.72e-005  5.42e-006  9.12e-012  3.31e-007  9.32e-013  
4.27356e+016 4.09e-009  1.00e+000  3.94e-006  3.98e-006  4.06e-008  1.12e-005  6.85e-005  8.78e-006  3.40e-011  3.25e-007  1.50e-012  
4.30994e+016 3.28e-009  1.00e+000  7.04e-006  6.68e-006  7.96e-008  1.71e-005  7.83e-005  1.28e-005  1.47e-010  3.23e-007  2.23e-012  
4.34671e+016 3.10e-009  1.00e+000  1.05e-005  9.19e-006  1.31e-007  2.15e-005  8.55e-005  1.53e-005  7.97e-010  3.23e-007  2.78e-012  
4.38104e+016 3.33e-009  1.00e+000  1.34e-005  1.09e-005  1.87e-007  2.33e-005  8.89e-005  1.56e-005  3.66e-009  2.60e-007  3.12e-012  
4.41007e+016 3.71e-009  1.00e+000  1.58e-005  1.20e-005  2.45e-007  2.36e-005  9.03e-005  1.50e-005  8.89e-009  1.86e-007  3.34e-012  
4.42181e+016 3.90e-009  1.00e+000  1.68e-005  1.25e-005  2.72e-007  2.36e-005  9.05e-005  1.46e-005  1.10e-008  1.60e-007  3.44e-012  
4.42811e+016 4.00e-009  1.00e+000  1.73e-005  1.27e-005  2.87e-007  2.36e-005  9.07e-005  1.44e-005  1.20e-008  1.50e-007  3.47e-012  
4.43809e+016 3.98e-009  1.00e+000  1.90e-005  1.38e-005  3.32e-007  2.47e-005  9.02e-005  1.48e-005  1.41e-008  1.49e-007  3.72e-012  
4.45030e+016 3.71e-009  1.00e+000  2.28e-005  1.60e-005  4.18e-007  2.80e-005  8.87e-005  1.62e-005  1.76e-008  1.52e-007  4.31e-012  
4.45401e+016 3.35e-009  1.00e+000  2.61e-005  1.81e-005  4.86e-007  3.13e-005  8.74e-005  1.81e-005  2.02e-008  1.56e-007  4.86e-012  
4.45998e+016 3.18e-009  1.00e+000  2.91e-005  1.98e-005  5.56e-007  3.40e-005  8.61e-005  1.93e-005  2.26e-008  1.56e-007  5.31e-012  
4.46779e+016 3.18e-009  1.00e+000  3.13e-005  2.08e-005  6.19e-007  3.52e-005  8.58e-005  1.97e-005  2.44e-008  1.57e-007  5.60e-012  
4.48006e+016 2.97e-009  1.00e+000  3.74e-005  2.43e-005  7.81e-007  3.94e-005  8.42e-005  2.16e-005  2.91e-008  1.59e-007  6.43e-012  
4.48529e+016 2.46e-009  1.00e+000  4.71e-005  3.00e-005  1.02e-006  4.88e-005  8.09e-005  2.63e-005  3.65e-008  1.67e-007  8.05e-012  
4.48834e+016 2.38e-009  1.00e+000  5.04e-005  3.16e-005  1.10e-006  5.12e-005  8.02e-005  2.73e-005  3.85e-008  1.61e-007  8.44e-012  
4.49346e+016 2.43e-009  1.00e+000  5.14e-005  3.23e-005  1.15e-006  5.10e-005  8.02e-005  2.70e-005  3.94e-008  1.61e-007  8.52e-012  
4.49870e+016 2.45e-009  1.00e+000  5.30e-005  3.34e-005  1.23e-006  5.18e-005  8.00e-005  2.70e-005  4.08e-008  1.62e-007  8.73e-012  
4.50684e+016 2.37e-009  1.00e+000  5.91e-005  3.64e-005  1.43e-006  5.53e-005  7.89e-005  2.84e-005  4.51e-008  1.62e-007  9.45e-012  
4.51867e+016 2.17e-009  1.00e+000  7.19e-005  4.28e-005  1.84e-006  6.36e-005  7.69e-005  3.18e-005  5.39e-008  1.64e-007  1.11e-011  
4.51946e+016 1.78e-009  1.00e+000  8.82e-005  5.22e-005  2.29e-006  7.75e-005  7.36e-005  3.89e-005  6.57e-008  1.76e-007  1.36e-011  
4.52061e+016 1.72e-009  1.00e+000  9.24e-005  5.44e-005  2.42e-006  8.08e-005  7.26e-005  4.03e-005  6.86e-008  1.64e-007  1.42e-011  
4.52265e+016 1.72e-009  1.00e+000  9.42e-005  5.50e-005  2.49e-006  8.14e-005  7.26e-005  4.03e-005  6.92e-008  1.63e-007  1.44e-011  
4.52632e+016 1.74e-009  1.00e+000  9.59e-005  5.57e-005  2.59e-006  8.16e-005  7.30e-005  4.02e-005  7.01e-008  1.63e-007  1.45e-011  
4.53239e+016 1.78e-009  1.00e+000  9.94e-005  5.62e-005  2.75e-006  8.20e-005  7.24e-005  3.96e-005  7.24e-008  1.63e-007  1.48e-011  
4.54167e+016 1.73e-009  1.00e+000  1.12e-004  6.18e-005  3.22e-006  8.78e-005  7.11e-005  4.14e-005  7.97e-008  1.63e-007  1.61e-011  
4.55446e+016 1.57e-009  1.00e+000  1.37e-004  7.45e-005  4.30e-006  1.03e-004  6.88e-005  4.68e-005  9.68e-008  1.62e-007  1.92e-011  
4.55658e+016 1.46e-009  1.00e+000  1.50e-004  8.08e-005  4.78e-006  1.11e-004  6.76e-005  5.06e-005  1.05e-007  1.68e-007  2.09e-011  
4.55697e+016 1.23e-009  9.99e-001  1.80e-004  9.43e-005  5.74e-006  1.32e-004  6.46e-005  6.03e-005  1.25e-007  1.78e-007  2.49e-011  
4.55761e+016 1.17e-009  9.99e-001  1.90e-004  9.91e-005  6.12e-006  1.39e-004  6.38e-005  6.34e-005  1.32e-007  1.66e-007  2.63e-011  
4.55871e+016 1.17e-009  9.99e-001  1.92e-004  9.99e-005  6.21e-006  1.40e-004  6.36e-005  6.34e-005  1.32e-007  1.58e-007  2.65e-011  
4.56066e+016 1.17e-009  9.99e-001  1.96e-004  1.02e-004  6.38e-006  1.41e-004  6.36e-005  6.36e-005  1.33e-007  1.58e-007  2.68e-011  
4.56410e+016 1.18e-009  9.99e-001  1.99e-004  1.04e-004  6.65e-006  1.41e-004  6.36e-005  6.35e-005  1.35e-007  1.58e-007  2.72e-011  
4.56849e+016 1.20e-009  9.99e-001  2.03e-004  1.06e-004  7.00e-006  1.42e-004  6.36e-005  6.30e-005  1.37e-007  1.58e-007  2.74e-011  
4.57241e+016 1.21e-009  9.99e-001  2.08e-004  1.08e-004  7.36e-006  1.43e-004  6.32e-005  6.30e-005  1.40e-007  1.58e-007  2.78e-011  
4.57850e+016 1.18e-009  9.99e-001  2.26e-004  1.14e-004  8.25e-006  1.51e-004  6.26e-005  6.54e-005  1.52e-007  1.58e-007  2.96e-011  
4.58802e+016 1.10e-009  9.99e-001  2.66e-004  1.29e-004  1.03e-005  1.68e-004  6.05e-005  7.13e-005  1.74e-007  1.55e-007  3.35e-011  
4.59720e+016 1.01e-009  9.99e-001  3.15e-004  1.48e-004  1.29e-005  1.91e-004  5.80e-005  7.89e-005  2.03e-007  1.51e-007  3.86e-011  
4.59734e+016 9.32e-010  9.99e-001  3.41e-004  1.60e-004  1.41e-005  2.07e-004  5.69e-005  8.57e-005  2.20e-007  1.61e-007  4.20e-011  
4.59759e+016 7.92e-010  9.99e-001  4.00e-004  1.87e-004  1.67e-005  2.44e-004  5.39e-005  1.01e-004  2.59e-007  1.72e-007  4.96e-011  
4.59802e+016 7.39e-010  9.99e-001  4.32e-004  2.02e-004  1.81e-005  2.61e-004  5.27e-005  1.09e-004  2.77e-007  1.61e-007  5.33e-011  
4.59873e+016 7.35e-010  9.99e-001  4.38e-004  2.03e-004  1.85e-005  2.64e-004  5.27e-005  1.09e-004  2.79e-007  1.48e-007  5.39e-011  
4.59993e+016 7.32e-010  9.99e-001  4.45e-004  2.05e-004  1.89e-005  2.66e-004  5.26e-005  1.10e-004  2.80e-007  1.43e-007  5.45e-011  
4.60196e+016 7.31e-010  9.99e-001  4.54e-004  2.08e-004  1.96e-005  2.70e-004  5.25e-005  1.10e-004  2.83e-007  1.42e-007  5.51e-011  
4.60580e+016 7.35e-010  9.99e-001  4.69e-004  2.11e-004  2.05e-005  2.72e-004  5.25e-005  1.11e-004  2.89e-007  1.43e-007  5.61e-011  
4.61139e+016 7.46e-010  9.99e-001  4.85e-004  2.16e-004  2.20e-005  2.74e-004  5.26e-005  1.10e-004  2.96e-007  1.43e-007  5.70e-011  
4.61801e+016 7.37e-010  9.99e-001  5.18e-004  2.31e-004  2.47e-005  2.85e-004  5.17e-005  1.13e-004  3.18e-007  1.42e-007  6.01e-011  
4.62829e+016 6.83e-010  9.99e-001  6.12e-004  2.66e-004  3.15e-005  3.22e-004  4.96e-005  1.24e-004  3.72e-007  1.39e-007  6.91e-011  
4.63958e+016 6.04e-010  9.98e-001  7.70e-004  3.16e-004  4.27e-005  3.81e-004  4.70e-005  1.43e-004  4.59e-007  1.34e-007  8.38e-011  
4.64165e+016 5.77e-010  9.98e-001  8.20e-004  3.33e-004  4.63e-005  4.02e-004  4.61e-005  1.50e-004  4.87e-007  1.35e-007  8.89e-011  
4.64187e+016 4.91e-010  9.98e-001  9.55e-004  3.89e-004  5.50e-005  4.75e-004  4.34e-005  1.77e-004  5.72e-007  1.47e-007  1.05e-010  
4.64224e+016 4.24e-010  9.98e-001  1.12e-003  4.41e-004  6.46e-005  5.49e-004  4.10e-005  2.06e-004  6.63e-007  1.48e-007  1.21e-010  
4.64286e+016 4.07e-010  9.97e-001  1.18e-003  4.62e-004  6.85e-005  5.72e-004  4.03e-005  2.13e-004  6.90e-007  1.31e-007  1.27e-010  
4.64396e+016 4.04e-010  9.97e-001  1.20e-003  4.68e-004  7.03e-005  5.82e-004  4.03e-005  2.15e-004  6.98e-007  1.20e-007  1.29e-010  
4.64596e+016 4.02e-010  9.97e-001  1.22e-003  4.80e-004  7.31e-005  5.89e-004  4.03e-005  2.17e-004  7.06e-007  1.17e-007  1.31e-010  
4.64933e+016 4.00e-010  9.97e-001  1.27e-003  4.92e-004  7.77e-005  6.00e-004  4.02e-005  2.19e-004  7.22e-007  1.17e-007  1.34e-010  
4.65501e+016 4.02e-010  9.97e-001  1.33e-003  5.02e-004  8.41e-005  6.09e-004  4.03e-005  2.21e-004  7.49e-007  1.18e-007  1.38e-010  
4.66259e+016 3.96e-010  9.97e-001  1.45e-003  5.25e-004  9.67e-005  6.39e-004  3.94e-005  2.28e-004  8.10e-007  1.16e-007  1.47e-010  
4.67450e+016 3.58e-010  9.96e-001  1.77e-003  6.28e-004  1.30e-004  7.51e-004  3.71e-005  2.57e-004  9.96e-007  1.11e-007  1.73e-010  
4.68726e+016 3.03e-010  9.95e-001  2.33e-003  7.91e-004  1.93e-004  9.53e-004  3.43e-005  3.09e-004  1.31e-006  1.04e-007  2.20e-010  
4.69009e+016 2.91e-010  9.95e-001  2.48e-003  8.30e-004  2.12e-004  1.01e-003  3.35e-005  3.24e-004  1.39e-006  1.02e-007  2.33e-010  
4.69024e+016 2.79e-010  9.95e-001  2.59e-003  8.59e-004  2.22e-004  1.05e-003  3.28e-005  3.37e-004  1.46e-006  1.05e-007  2.43e-010  
4.69048e+016 2.50e-010  9.94e-001  2.92e-003  9.42e-004  2.49e-004  1.16e-003  3.13e-005  3.78e-004  1.63e-006  1.10e-007  2.72e-010  
4.69090e+016 2.18e-010  9.94e-001  3.36e-003  1.04e-003  2.88e-004  1.34e-003  2.92e-005  4.35e-004  1.86e-006  1.10e-007  3.14e-010  
4.69160e+016 1.92e-010  9.93e-001  3.84e-003  1.14e-003  3.35e-004  1.54e-003  2.74e-005  4.93e-004  2.12e-006  1.02e-007  3.58e-010  
4.69279e+016 1.85e-010  9.92e-001  4.06e-003  1.20e-003  3.58e-004  1.61e-003  2.71e-005  5.10e-004  2.22e-006  8.74e-008  3.74e-010  
4.69476e+016 1.83e-010  9.92e-001  4.17e-003  1.24e-003  3.73e-004  1.65e-003  2.70e-005  5.16e-004  2.26e-006  8.23e-008  3.82e-010  
4.69806e+016 1.81e-010  9.92e-001  4.32e-003  1.28e-003  3.98e-004  1.69e-003  2.70e-005  5.25e-004  2.33e-006  8.21e-008  3.93e-010  
4.70337e+016 1.81e-010  9.91e-001  4.51e-003  1.35e-003  4.40e-004  1.75e-003  2.69e-005  5.34e-004  2.44e-006  8.20e-008  4.06e-010  
4.70622e+016 1.80e-010  9.91e-001  4.64e-003  1.39e-003  4.67e-004  1.79e-003  2.68e-005  5.40e-004  2.51e-006  8.19e-008  4.15e-010  
4.71061e+016 1.76e-010  9.91e-001  4.94e-003  1.43e-003  5.11e-004  1.87e-003  2.65e-005  5.57e-004  2.65e-006  8.08e-008  4.37e-010  
4.71746e+016 1.66e-010  9.90e-001  5.56e-003  1.54e-003  6.03e-004  2.07e-003  2.55e-005  5.99e-004  2.97e-006  7.84e-008  4.86e-010  
4.72860e+016 1.43e-010  9.87e-001  7.07e-003  1.82e-003  8.54e-004  2.56e-003  2.34e-005  7.14e-004  3.75e-006  7.28e-008  6.08e-010  
4.74240e+016 1.14e-010  9.82e-001  9.82e-003  2.38e-003  1.39e-003  3.49e-003  2.04e-005  9.21e-004  5.22e-006  6.37e-008  8.37e-010  
4.74305e+016 1.12e-010  9.82e-001  9.99e-003  2.42e-003  1.43e-003  3.57e-003  2.04e-005  9.46e-004  5.33e-006  6.36e-008  8.57e-010  
4.74313e+016 1.12e-010  9.82e-001  9.99e-003  2.42e-003  1.43e-003  3.57e-003  2.03e-005  9.46e-004  5.34e-006  6.34e-008  8.57e-010  
4.74348e+016 1.09e-010  9.81e-001  1.04e-002  2.47e-003  1.48e-003  3.67e-003  2.00e-005  9.72e-004  5.49e-006  6.40e-008  8.83e-010  
4.74406e+016 1.01e-010  9.80e-001  1.12e-002  2.59e-003  1.61e-003  3.97e-003  1.91e-005  1.05e-003  5.95e-006  6.49e-008  9.58e-010  
4.74503e+016 8.79e-011  9.77e-001  1.29e-002  2.81e-003  1.90e-003  4.60e-003  1.76e-005  1.21e-003  6.87e-006  6.33e-008  1.11e-009  
4.74676e+016 7.42e-011  9.72e-001  1.55e-002  3.29e-003  2.37e-003  5.53e-003  1.58e-005  1.43e-003  8.21e-006  5.62e-008  1.33e-009  
4.74972e+016 6.54e-011  9.67e-001  1.80e-002  3.73e-003  2.87e-003  6.39e-003  1.47e-005  1.64e-003  9.47e-006  4.80e-008  1.54e-009  
4.75283e+016 6.32e-011  9.65e-001  1.91e-002  3.83e-003  3.15e-003  6.74e-003  1.44e-005  1.69e-003  1.00e-005  4.51e-008  1.63e-009  
4.75365e+016 6.29e-011  9.65e-001  1.94e-002  3.85e-003  3.21e-003  6.79e-003  1.44e-005  1.70e-003  1.01e-005  4.48e-008  1.64e-009  
4.75556e+016 6.24e-011  9.64e-001  1.99e-002  3.91e-003  3.35e-003  6.92e-003  1.43e-005  1.73e-003  1.03e-005  4.45e-008  1.68e-009  
4.75856e+016 6.18e-011  9.63e-001  2.04e-002  4.05e-003  3.54e-003  7.11e-003  1.42e-005  1.75e-003  1.06e-005  4.44e-008  1.73e-009  
4.76342e+016 5.97e-011  9.61e-001  2.16e-002  4.28e-003  4.00e-003  7.55e-003  1.40e-005  1.82e-003  1.14e-005  4.39e-008  1.84e-009  
4.77120e+016 5.47e-011  9.55e-001  2.45e-002  4.74e-003  5.10e-003  8.62e-003  1.32e-005  2.03e-003  1.31e-005  4.21e-008  2.14e-009  
4.78339e+016 4.49e-011  9.40e-001  3.23e-002  5.66e-003  7.71e-003  1.13e-002  1.15e-005  2.54e-003  1.74e-005  3.79e-008  2.85e-009  
4.79819e+016 3.37e-011  9.14e-001  4.57e-002  6.71e-003  1.34e-002  1.64e-002  9.11e-006  3.47e-003  2.56e-005  3.27e-008  4.24e-009  
4.80101e+016 3.17e-011  9.07e-001  4.95e-002  7.02e-003  1.50e-002  1.76e-002  8.66e-006  3.69e-003  2.77e-005  3.18e-008  4.60e-009  
4.80156e+016 3.14e-011  9.06e-001  5.01e-002  7.08e-003  1.53e-002  1.79e-002  8.58e-006  3.76e-003  2.82e-005  3.18e-008  4.66e-009  
4.80288e+016 3.03e-011  9.02e-001  5.19e-002  7.24e-003  1.63e-002  1.87e-002  8.33e-006  3.90e-003  2.94e-005  3.16e-008  4.89e-009  
4.80511e+016 2.84e-011  8.94e-001  5.56e-002  7.57e-003  1.81e-002  2.02e-002  7.89e-006  4.15e-003  3.18e-005  3.11e-008  5.32e-009  
4.80875e+016 2.55e-011  8.81e-001  6.19e-002  7.99e-003  2.15e-002  2.29e-002  7.17e-006  4.62e-003  3.62e-005  3.02e-008  6.07e-009  
4.81463e+016 2.20e-011  8.58e-001  7.22e-002  8.58e-003  2.79e-002  2.75e-002  6.13e-006  5.40e-003  4.36e-005  2.92e-008  7.36e-009  
4.82445e+016 1.80e-011  8.18e-001  8.91e-002  9.74e-003  4.05e-002  3.56e-002  4.91e-006  6.74e-003  5.68e-005  2.93e-008  9.74e-009  
4.83636e+016 1.45e-011  7.66e-001  1.07e-001  1.06e-002  6.14e-002  4.71e-002  3.72e-006  8.48e-003  7.66e-005  3.14e-008  1.32e-008  
4.84912e+016 1.15e-011  6.96e-001  1.24e-001  1.07e-002  9.49e-002  6.38e-002  2.61e-006  1.07e-002  1.05e-004  3.68e-008  1.83e-008  
4.86294e+016 9.06e-012  6.03e-001  1.38e-001  1.05e-002  1.48e-001  8.73e-002  1.63e-006  1.36e-002  1.45e-004  4.72e-008  2.57e-008  
4.87591e+016 7.43e-012  5.03e-001  1.43e-001  9.04e-003  2.14e-001  1.14e-001  9.65e-007  1.67e-002  1.90e-004  6.23e-008  3.43e-008  
4.88968e+016 6.22e-012  3.96e-001  1.34e-001  6.73e-003  2.98e-001  1.46e-001  5.00e-007  1.98e-002  2.48e-004  8.59e-008  4.47e-008  
4.90444e+016 5.32e-012  2.86e-001  1.10e-001  4.21e-003  3.95e-001  1.83e-001  2.18e-007  2.24e-002  3.16e-004  1.22e-007  5.68e-008  
4.91980e+016 4.76e-012  1.88e-001  7.63e-002  2.17e-003  4.90e-001  2.19e-001  7.76e-008  2.44e-002  3.87e-004  1.74e-007  6.85e-008  
4.93317e+016 4.47e-012  1.22e-001  4.79e-002  1.02e-003  5.55e-001  2.49e-001  2.71e-008  2.53e-002  4.43e-004  2.33e-007  7.75e-008  
4.94239e+016 4.33e-012  8.66e-002  3.09e-002  5.15e-004  5.91e-001  2.65e-001  1.21e-008  2.52e-002  4.82e-004  2.82e-007  8.26e-008  
4.95192e+016 4.25e-012  5.91e-002  1.90e-002  2.38e-004  6.14e-001  2.82e-001  4.82e-009  2.47e-002  5.18e-004  3.41e-007  8.71e-008  
4.96202e+016 4.20e-012  3.81e-002  1.21e-002  1.12e-004  6.30e-001  2.95e-001  1.68e-009  2.40e-002  5.54e-004  4.09e-007  9.06e-008  
4.97297e+016 4.17e-012  2.31e-002  6.57e-003  3.98e-005  6.35e-001  3.12e-001  4.89e-010  2.30e-002  5.90e-004  4.94e-007  9.40e-008  
4.98461e+016 4.11e-012  1.30e-002  3.04e-003  1.11e-005  6.33e-001  3.29e-001  1.16e-010  2.19e-002  6.35e-004  5.96e-007  9.76e-008  
4.99670e+016 4.09e-012  6.82e-003  1.16e-003  2.40e-006  6.26e-001  3.45e-001  2.23e-011  2.05e-002  6.77e-004  6.99e-007  1.00e-007  
5.00936e+016 4.03e-012  3.30e-003  3.25e-004  3.99e-007  6.12e-001  3.64e-001  3.27e-012  1.91e-002  7.29e-004  8.08e-007  1.02e-007  
5.02240e+016 3.95e-012  1.46e-003  6.03e-005  4.48e-008  5.95e-001  3.85e-001  3.65e-013  1.79e-002  7.90e-004  9.06e-007  1.10e-007  
5.03584e+016 3.83e-012  5.98e-004  1.11e-005  5.69e-009  5.69e-001  4.13e-001  3.00e-014  1.68e-002  8.59e-004  9.92e-007  1.22e-007  
5.05026e+016 3.61e-012  2.10e-004  2.45e-006  3.68e-010  5.37e-001  4.46e-001  1.46e-015  1.62e-002  9.63e-004  1.07e-006  1.37e-007  
5.05959e+016 3.49e-012  1.07e-004  6.67e-007  4.27e-011  5.13e-001  4.70e-001  1.98e-016  1.66e-002  1.04e-003  1.10e-006  1.49e-007  
5.06957e+016 3.42e-012  5.00e-005  1.18e-007  3.22e-012  4.91e-001  4.91e-001  2.10e-017  1.67e-002  1.10e-003  1.10e-006  1.60e-007  
5.07988e+016 3.32e-012  2.25e-005  1.51e-008  3.31e-013  4.64e-001  5.18e-001  1.90e-018  1.70e-002  1.18e-003  1.11e-006  1.74e-007  
5.09058e+016 3.21e-012  1.02e-005  1.41e-009  2.06e-014  4.30e-001  5.51e-001  1.65e-019  1.75e-002  1.27e-003  1.11e-006  1.91e-007  
5.10237e+016 3.09e-012  4.14e-006  8.83e-011  7.57e-016  3.88e-001  5.92e-001  9.90e-021  1.80e-002  1.38e-003  1.09e-006  2.10e-007  
5.11496e+016 2.95e-012  1.60e-006  3.80e-012  1.72e-017  3.39e-001  6.41e-001  4.75e-022  1.88e-002  1.52e-003  1.07e-006  2.34e-007  
5.12843e+016 2.74e-012  6.03e-007  2.31e-013  2.21e-019  2.62e-001  7.16e-001  1.92e-023  2.02e-002  1.72e-003  1.07e-006  2.69e-007  
5.14296e+016 2.57e-012  1.99e-007  1.55e-014  5.14e-021  1.87e-001  7.90e-001  5.02e-025  2.14e-002  1.93e-003  1.04e-006  3.06e-007  
5.15425e+016 2.50e-012  8.72e-008  3.58e-015  5.76e-022  1.40e-001  8.36e-001  3.33e-026  2.20e-002  2.06e-003  1.00e-006  3.30e-007  
5.16792e+016 2.45e-012  3.23e-008  7.07e-017  3.79e-024  9.20e-002  8.83e-001  1.27e-027  2.25e-002  2.21e-003  9.45e-007  3.57e-007  
5.18319e+016 2.43e-012  1.01e-008  6.50e-019  1.10e-026  5.27e-002  9.22e-001  2.80e-029  2.28e-002  2.34e-003  8.56e-007  3.81e-007  
5.19950e+016 2.45e-012  2.51e-009  3.37e-021  1.54e-029  2.52e-002  9.50e-001  2.89e-031  2.26e-002  2.44e-003  7.34e-007  3.99e-007  
5.21655e+016 2.51e-012  6.66e-010  7.70e-024  1.17e-032  1.02e-002  9.65e-001  3.57e-033  2.22e-002  2.52e-003  6.30e-007  4.11e-007  
5.23457e+016 2.58e-012  1.58e-010  1.39e-025  2.80e-034  3.32e-003  9.72e-001  3.02e-035  2.16e-002  2.59e-003  5.27e-007  4.18e-007  
5.25384e+016 2.68e-012  4.00e-011  8.67e-029  7.44e-037  1.07e-003  9.75e-001  3.09e-037  2.10e-002  2.64e-003  4.45e-007  4.22e-007  
5.27451e+016 2.78e-012  8.73e-012  5.85e-032  1.48e-040  2.33e-004  9.77e-001  1.82e-039  2.02e-002  2.69e-003  3.63e-007  4.24e-007  
5.29668e+016 2.89e-012  2.14e-012  1.57e-035  6.70e-045  3.06e-005  9.78e-001  1.54e-041  1.96e-002  2.75e-003  3.03e-007  4.21e-007  
5.31993e+016 3.02e-012  4.41e-013  1.31e-039  1.53e-050  1.31e-006  9.78e-001  6.93e-044  1.87e-002  2.80e-003  2.44e-007  4.15e-007  
5.34440e+016 3.14e-012  1.13e-013  1.12e-040  2.93e-051  2.69e-008  9.79e-001  6.47e-046  1.82e-002  2.85e-003  2.05e-007  4.08e-007  
5.36995e+016 3.26e-012  2.33e-014  1.14e-046  3.06e-056  9.06e-010  9.79e-001  2.71e-048  1.76e-002  2.91e-003  1.65e-007  3.96e-007  
5.39765e+016 3.40e-012  6.06e-015  1.11e-051  3.30e-063  5.41e-012  9.80e-001  2.48e-050  1.70e-002  2.94e-003  1.37e-007  3.80e-007  
5.42627e+016 3.54e-012  1.38e-015  6.30e-053  7.06e-064  9.61e-015  9.80e-001  1.42e-052  1.64e-002  3.00e-003  1.11e-007  3.62e-007  
5.45738e+016 3.68e-012  2.85e-016  5.43e-060  2.88e-070  2.26e-017  9.81e-001  5.57e-055  1.59e-002  3.04e-003  8.83e-008  3.40e-007  
5.49079e+016 3.84e-012  6.92e-017  3.07e-061  2.51e-072  3.46e-021  9.81e-001  3.75e-057  1.54e-002  3.07e-003  7.16e-008  3.15e-007  
5.52575e+016 4.00e-012  1.53e-017  4.72e-069  2.67e-079  1.93e-024  9.82e-001  1.80e-059  1.49e-002  3.10e-003  5.65e-008  2.90e-007  
5.56155e+016 4.15e-012  3.01e-018  9.03e-071  1.32e-081  4.53e-029  9.82e-001  5.54e-062  1.45e-002  3.11e-003  4.33e-008  2.65e-007  
5.59918e+016 4.31e-012  7.79e-019  8.02e-079  0.00e+000  6.44e-033  9.83e-001  4.40e-064  1.41e-002  3.11e-003  3.45e-008  2.41e-007  
5.63913e+016 4.48e-012  1.88e-019  6.93e-082  0.00e+000  1.46e-037  9.83e-001  2.70e-066  1.38e-002  3.08e-003  2.68e-008  2.21e-007  
5.68226e+016 4.65e-012  3.96e-020  0.00e+000  0.00e+000  1.94e-046  9.83e-001  1.01e-068  1.35e-002  3.03e-003  1.99e-008  2.03e-007  
5.72780e+016 4.82e-012  6.99e-021  0.00e+000  0.00e+000  8.11e-048  9.84e-001  1.98e-071  1.32e-002  2.99e-003  1.42e-008  1.90e-007  
5.77650e+016 4.99e-012  1.68e-021  0.00e+000  0.00e+000  1.38e-057  9.84e-001  1.14e-073  1.30e-002  2.91e-003  1.05e-008  1.81e-007  
5.82707e+016 5.15e-012  3.86e-022  0.00e+000  0.00e+000  1.05e-062  9.84e-001  5.49e-076  1.28e-002  2.82e-003  7.57e-009  1.76e-007  
5.88124e+016 5.32e-012  7.63e-023  0.00e+000  0.00e+000  3.59e-074  9.85e-001  1.54e-078  1.27e-002  2.71e-003  5.22e-009  1.75e-007  
5.93801e+016 5.48e-012  1.30e-023  0.00e+000  0.00e+000  2.90e-079  9.85e-001  2.43e-081  1.25e-002  2.57e-003  3.47e-009  1.79e-007  
5.99878e+016 5.65e-012  2.95e-024  0.00e+000  0.00e+000  0.00e+000  9.85e-001  1.09e-083  1.24e-002  2.42e-003  2.39e-009  1.84e-007  
6.06254e+016 5.82e-012  5.92e-025  0.00e+000  0.00e+000  0.00e+000  9.85e-001  0.00e+000  1.24e-002  2.27e-003  1.60e-009  1.94e-007  
6.12860e+016 5.97e-012  1.20e-025  0.00e+000  0.00e+000  0.00e+000  9.85e-001  0.00e+000  1.23e-002  2.13e-003  1.07e-009  2.06e-007  
6.19772e+016 6.12e-012  2.37e-026  0.00e+000  0.00e+000  0.00e+000  9.86e-001  0.00e+000  1.23e-002  1.98e-003  7.14e-010  2.21e-007  
6.27006e+016 6.26e-012  4.60e-027  0.00e+000  0.00e+000  0.00e+000  9.86e-001  0.00e+000  1.23e-002  1.84e-003  4.78e-010  2.36e-007  
6.34752e+016 6.40e-012  8.31e-028  0.00e+000  0.00e+000  0.00e+000  9.86e-001  0.00e+000  1.23e-002  1.70e-003  3.19e-010  2.56e-007  
6.43223e+016 6.55e-012  1.34e-028  0.00e+000  0.00e+000  0.00e+000  9.86e-001  0.00e+000  1.23e-002  1.56e-003  2.09e-010  2.81e-007  
6.52408e+016 6.69e-012  1.96e-029  0.00e+000  0.00e+000  0.00e+000  9.86e-001  0.00e+000  1.24e-002  1.43e-003  1.38e-010  3.09e-007  
6.62440e+016 6.83e-012  2.53e-030  0.00e+000  0.00e+000  0.00e+000  9.86e-001  0.00e+000  1.24e-002  1.32e-003  9.01e-011  3.42e-007  
6.73219e+016 6.97e-012  3.01e-031  0.00e+000  0.00e+000  0.00e+000  9.86e-001  0.00e+000  1.25e-002  1.21e-003  5.91e-011  3.82e-007  
6.84641e+016 7.09e-012  3.39e-032  0.00e+000  0.00e+000  0.00e+000  9.86e-001  0.00e+000  1.25e-002  1.12e-003  3.89e-011  4.26e-007  
6.96945e+016 7.20e-012  3.42e-033  0.00e+000  0.00e+000  0.00e+000  9.86e-001  0.00e+000  1.27e-002  1.04e-003  2.57e-011  4.79e-007  
7.10391e+016 7.30e-012  3.40e-034  0.00e+000  0.00e+000  0.00e+000  9.86e-001  0.00e+000  1.26e-002  9.75e-004  1.71e-011  5.40e-007  
7.25155e+016 7.38e-012  2.59e-035  0.00e+000  0.00e+000  0.00e+000  9.86e-001  0.00e+000  1.28e-002  9.19e-004  1.11e-011  6.12e-007  
7.42223e+016 7.44e-012  1.50e-036  0.00e+000  0.00e+000  0.00e+000  9.86e-001  0.00e+000  1.28e-002  8.73e-004  6.97e-012  7.01e-007  
7.63108e+016 7.48e-012  4.69e-038  0.00e+000  0.00e+000  0.00e+000  9.86e-001  0.00e+000  1.28e-002  8.35e-004  4.00e-012  8.19e-007  
7.86896e+016 7.47e-012  1.13e-039  0.00e+000  0.00e+000  0.00e+000  9.86e-001  0.00e+000  1.29e-002  8.11e-004  2.22e-012  9.69e-007  
8.18150e+016 7.40e-012  1.02e-041  0.00e+000  0.00e+000  0.00e+000  9.86e-001  0.00e+000  1.29e-002  7.96e-004  1.06e-012  1.21e-006  
8.55776e+016 7.25e-012  5.08e-044  0.00e+000  0.00e+000  0.00e+000  9.86e-001  0.00e+000  1.28e-002  7.92e-004  4.54e-013  1.60e-006  
9.00548e+016 7.01e-012  1.41e-046  0.00e+000  0.00e+000  0.00e+000  9.86e-001  0.00e+000  1.29e-002  7.94e-004  1.77e-013  2.33e-006  
9.53916e+016 6.67e-012  2.31e-049  0.00e+000  0.00e+000  0.00e+000  9.86e-001  0.00e+000  1.29e-002  7.94e-004  6.24e-014  3.82e-006  
1.01535e+017 6.25e-012  3.11e-052  0.00e+000  0.00e+000  0.00e+000  9.86e-001  0.00e+000  1.28e-002  7.97e-004  2.13e-014  7.05e-006  
1.09249e+017 5.70e-012  2.42e-055  0.00e+000  0.00e+000  0.00e+000  9.86e-001  0.00e+000  1.26e-002  8.02e-004  6.74e-015  1.48e-005  
1.19176e+017 4.98e-012  1.40e-058  0.00e+000  0.00e+000  0.00e+000  9.87e-001  0.00e+000  1.25e-002  7.94e-004  2.13e-015  3.25e-005  
1.32448e+017 4.11e-012  9.00e-062  0.00e+000  0.00e+000  0.00e+000  9.87e-001  0.00e+000  1.17e-002  7.76e-004  7.88e-016  6.15e-005  
