! 0       HCOOCH3 + GRAIN -> *HCOOCH3 + GRAIN
! 1       *HCO + *CH3O -> *HCOOCH3
!            tot_rate   0          1          
1.58188e+013 1.33e-023  1.00e+000  1.84e-005  
3.50727e+014 1.33e-023  1.00e+000  1.84e-005  
5.21628e+015 1.34e-023  1.00e+000  1.83e-005  
2.67137e+016 5.93e-023  1.00e+000  4.22e-006  
3.33598e+016 1.10e-022  1.00e+000  4.22e-006  
3.42055e+016 8.31e-023  1.00e+000  1.19e-005  
3.44017e+016 7.55e-023  1.00e+000  1.75e-005  
3.46353e+016 6.63e-023  1.00e+000  3.11e-005  
3.48860e+016 5.63e-023  1.00e+000  6.96e-005  
3.51370e+016 4.65e-023  1.00e+000  2.00e-004  
3.53250e+016 3.95e-023  9.99e-001  5.29e-004  
3.55515e+016 3.18e-023  9.98e-001  2.31e-003  
3.57182e+016 2.66e-023  9.91e-001  8.56e-003  
3.58524e+016 2.31e-023  9.72e-001  2.85e-002  
3.60047e+016 2.09e-023  8.79e-001  1.21e-001  
3.61718e+016 2.84e-023  5.11e-001  4.89e-001  
3.62899e+016 6.34e-023  1.91e-001  8.09e-001  
3.63893e+016 1.75e-022  5.88e-002  9.41e-001  
3.64972e+016 6.11e-022  1.41e-002  9.86e-001  
3.66124e+016 2.51e-021  2.82e-003  9.97e-001  
3.67348e+016 1.25e-020  4.57e-004  1.00e+000  
3.68621e+016 9.99e-020  4.56e-005  1.00e+000  
3.69700e+016 5.67e-019  6.74e-006  1.00e+000  
3.70376e+016 1.65e-018  2.10e-006  1.00e+000  
3.71087e+016 4.83e-018  6.67e-007  1.00e+000  
3.71826e+016 1.39e-017  2.23e-007  1.00e+000  
3.72589e+016 3.77e-017  8.54e-008  1.00e+000  
3.73370e+016 8.90e-017  4.21e-008  1.00e+000  
3.74165e+016 1.73e-016  2.94e-008  1.00e+000  
3.74829e+016 2.55e-016  2.94e-008  1.00e+000  
3.75505e+016 3.23e-016  3.84e-008  1.00e+000  
3.76194e+016 3.39e-016  6.73e-008  1.00e+000  
3.76839e+016 2.50e-016  1.77e-007  1.00e+000  
3.76854e+016 2.46e-016  1.83e-007  1.00e+000  
3.76877e+016 2.40e-016  1.92e-007  1.00e+000  
3.76917e+016 2.28e-016  2.12e-007  1.00e+000  
3.76980e+016 2.09e-016  2.49e-007  1.00e+000  
3.77083e+016 1.75e-016  3.37e-007  1.00e+000  
3.77248e+016 1.12e-016  6.54e-007  1.00e+000  
3.77450e+016 3.32e-017  3.04e-006  1.00e+000  
3.77655e+016 2.71e-019  6.38e-004  9.99e-001  
3.77936e+016 3.58e-022  6.42e-001  3.58e-001  
3.78016e+016 2.86e-022  8.22e-001  1.78e-001  
3.78111e+016 2.60e-022  9.15e-001  8.46e-002  
3.78273e+016 2.48e-022  9.67e-001  3.34e-002  
3.78530e+016 2.45e-022  9.77e-001  2.33e-002  
3.78818e+016 2.46e-022  9.67e-001  3.33e-002  
3.79076e+016 2.49e-022  9.52e-001  4.82e-002  
3.79253e+016 2.52e-022  9.40e-001  5.99e-002  
3.79502e+016 2.57e-022  9.18e-001  8.17e-002  
3.79755e+016 2.66e-022  8.88e-001  1.12e-001  
3.79897e+016 2.72e-022  8.67e-001  1.33e-001  
3.79918e+016 2.74e-022  8.63e-001  1.37e-001  
3.79956e+016 2.76e-022  8.56e-001  1.44e-001  
3.80017e+016 2.79e-022  8.45e-001  1.55e-001  
3.80129e+016 2.88e-022  8.22e-001  1.78e-001  
3.80319e+016 3.06e-022  7.74e-001  2.26e-001  
3.80578e+016 3.44e-022  6.92e-001  3.08e-001  
3.80629e+016 3.53e-022  6.74e-001  3.26e-001  
3.80713e+016 3.71e-022  6.42e-001  3.58e-001  
3.80859e+016 4.11e-022  5.82e-001  4.18e-001  
3.81083e+016 5.01e-022  4.79e-001  5.21e-001  
3.81265e+016 6.17e-022  3.91e-001  6.09e-001  
3.81480e+016 8.44e-022  2.87e-001  7.13e-001  
3.81769e+016 1.49e-021  1.63e-001  8.37e-001  
3.81836e+016 1.76e-021  1.40e-001  8.60e-001  
3.81952e+016 2.38e-021  1.04e-001  8.96e-001  
3.82149e+016 4.18e-021  5.91e-002  9.41e-001  
3.82433e+016 9.47e-021  2.64e-002  9.74e-001  
3.82740e+016 1.57e-020  1.62e-002  9.84e-001  
3.83054e+016 9.13e-021  2.81e-002  9.72e-001  
3.83376e+016 1.90e-021  1.36e-001  8.64e-001  
3.83751e+016 4.69e-022  5.63e-001  4.37e-001  
3.84132e+016 3.08e-022  8.70e-001  1.30e-001  
3.84531e+016 2.95e-022  9.24e-001  7.58e-002  
3.84962e+016 2.98e-022  9.36e-001  6.44e-002  
3.85449e+016 3.07e-022  9.31e-001  6.93e-002  
3.85990e+016 3.25e-022  9.06e-001  9.43e-002  
3.86597e+016 3.52e-022  8.63e-001  1.37e-001  
3.87288e+016 3.81e-022  8.27e-001  1.73e-001  
3.88139e+016 3.85e-022  8.58e-001  1.42e-001  
3.89093e+016 3.66e-022  9.46e-001  5.41e-002  
3.90068e+016 3.67e-022  9.92e-001  7.77e-003  
3.91088e+016 3.84e-022  9.98e-001  2.09e-003  
3.92181e+016 4.04e-022  9.97e-001  3.49e-003  
3.93325e+016 4.25e-022  9.94e-001  5.69e-003  
3.94519e+016 4.48e-022  9.92e-001  7.91e-003  
3.95803e+016 4.67e-022  9.90e-001  9.52e-003  
3.97190e+016 4.85e-022  9.90e-001  9.76e-003  
3.98699e+016 4.97e-022  9.91e-001  8.53e-003  
4.00514e+016 5.02e-022  9.94e-001  6.17e-003  
4.02549e+016 4.94e-022  9.96e-001  3.81e-003  
4.04761e+016 4.69e-022  9.98e-001  2.10e-003  
4.07070e+016 4.30e-022  9.99e-001  1.10e-003  
4.09451e+016 3.79e-022  9.99e-001  5.67e-004  
4.11988e+016 3.17e-022  1.00e+000  2.91e-004  
4.14624e+016 2.53e-022  1.00e+000  1.54e-004  
4.17462e+016 1.87e-022  1.00e+000  8.29e-005  
4.20512e+016 1.27e-022  1.00e+000  4.42e-005  
4.23867e+016 7.61e-023  1.00e+000  2.19e-005  
4.27356e+016 4.00e-023  1.00e+000  9.97e-006  
4.30994e+016 1.79e-023  1.00e+000  4.90e-006  
4.34671e+016 6.65e-024  1.00e+000  1.52e-006  
4.38104e+016 2.20e-024  1.00e+000  3.41e-007  
4.41007e+016 7.28e-025  1.00e+000  1.06e-007  
4.42181e+016 4.43e-025  1.00e+000  9.84e-008  
4.42811e+016 3.35e-025  1.00e+000  1.21e-007  
4.43809e+016 2.13e-025  1.00e+000  2.25e-007  
4.45030e+016 1.25e-025  1.00e+000  6.30e-007  
4.45401e+016 1.07e-025  1.00e+000  8.82e-007  
4.45998e+016 8.63e-026  1.00e+000  1.46e-006  
4.46779e+016 6.50e-026  1.00e+000  2.86e-006  
4.48006e+016 4.21e-026  1.00e+000  8.05e-006  
4.48529e+016 3.54e-026  1.00e+000  1.24e-005  
4.48834e+016 3.27e-026  1.00e+000  1.56e-005  
4.49346e+016 2.85e-026  1.00e+000  2.24e-005  
4.49870e+016 2.46e-026  1.00e+000  3.28e-005  
4.50684e+016 1.97e-026  1.00e+000  5.84e-005  
4.51867e+016 1.46e-026  1.00e+000  1.27e-004  
4.51946e+016 1.43e-026  1.00e+000  1.36e-004  
4.52061e+016 1.40e-026  1.00e+000  1.46e-004  
4.52265e+016 1.35e-026  1.00e+000  1.64e-004  
4.52632e+016 1.26e-026  1.00e+000  2.00e-004  
4.53239e+016 1.12e-026  1.00e+000  2.83e-004  
4.54167e+016 9.38e-027  1.00e+000  4.72e-004  
4.55446e+016 7.50e-027  9.99e-001  9.19e-004  
4.55658e+016 7.24e-027  9.99e-001  1.02e-003  
4.55697e+016 7.18e-027  9.99e-001  1.05e-003  
4.55761e+016 7.13e-027  9.99e-001  1.09e-003  
4.55871e+016 7.05e-027  9.99e-001  1.14e-003  
4.56066e+016 6.90e-027  9.99e-001  1.24e-003  
4.56410e+016 6.65e-027  9.99e-001  1.45e-003  
4.56849e+016 6.33e-027  9.98e-001  1.77e-003  
4.57241e+016 6.05e-027  9.98e-001  2.11e-003  
4.57850e+016 5.65e-027  9.97e-001  2.73e-003  
4.58802e+016 5.09e-027  9.96e-001  4.14e-003  
4.59720e+016 4.67e-027  9.94e-001  6.10e-003  
4.59734e+016 4.66e-027  9.94e-001  6.12e-003  
4.59759e+016 4.65e-027  9.94e-001  6.13e-003  
4.59802e+016 4.63e-027  9.94e-001  6.33e-003  
4.59873e+016 4.62e-027  9.93e-001  6.54e-003  
4.59993e+016 4.59e-027  9.93e-001  6.84e-003  
4.60196e+016 4.55e-027  9.93e-001  7.31e-003  
4.60580e+016 4.49e-027  9.92e-001  8.38e-003  
4.61139e+016 4.38e-027  9.90e-001  1.02e-002  
4.61801e+016 4.25e-027  9.87e-001  1.29e-002  
4.62829e+016 4.09e-027  9.82e-001  1.84e-002  
4.63958e+016 3.96e-027  9.73e-001  2.65e-002  
4.64165e+016 3.94e-027  9.72e-001  2.82e-002  
4.64187e+016 4.05e-027  9.73e-001  2.74e-002  
4.64224e+016 4.02e-027  9.72e-001  2.81e-002  
4.64286e+016 4.04e-027  9.71e-001  2.87e-002  
4.64396e+016 4.05e-027  9.70e-001  2.99e-002  
4.64596e+016 4.07e-027  9.68e-001  3.17e-002  
4.64933e+016 4.08e-027  9.65e-001  3.50e-002  
4.65501e+016 4.14e-027  9.60e-001  3.99e-002  
4.66259e+016 4.21e-027  9.51e-001  4.88e-002  
4.67450e+016 4.33e-027  9.35e-001  6.51e-002  
4.68726e+016 4.54e-027  9.12e-001  8.75e-002  
4.69009e+016 4.60e-027  9.07e-001  9.31e-002  
4.69024e+016 4.73e-027  9.09e-001  9.05e-002  
4.69048e+016 4.72e-027  9.10e-001  9.03e-002  
4.69090e+016 4.72e-027  9.10e-001  9.03e-002  
4.69160e+016 4.73e-027  9.08e-001  9.23e-002  
4.69279e+016 4.77e-027  9.05e-001  9.55e-002  
4.69476e+016 4.85e-027  9.01e-001  9.88e-002  
4.69806e+016 4.95e-027  8.95e-001  1.05e-001  
4.70337e+016 5.31e-027  8.88e-001  1.12e-001  
4.70622e+016 5.42e-027  8.82e-001  1.18e-001  
4.71061e+016 5.60e-027  8.74e-001  1.26e-001  
4.71746e+016 5.93e-027  8.54e-001  1.46e-001  
4.72860e+016 6.59e-027  8.13e-001  1.87e-001  
4.74240e+016 7.67e-027  7.56e-001  2.44e-001  
4.74305e+016 7.72e-027  7.54e-001  2.46e-001  
4.74313e+016 7.73e-027  7.53e-001  2.47e-001  
4.74348e+016 7.75e-027  7.52e-001  2.48e-001  
4.74406e+016 7.79e-027  7.51e-001  2.49e-001  
4.74503e+016 7.86e-027  7.47e-001  2.53e-001  
4.74676e+016 4.95e-027  5.76e-001  4.24e-001  
4.74972e+016 3.89e-027  4.11e-001  5.89e-001  
4.75283e+016 4.16e-027  3.94e-001  6.06e-001  
4.75365e+016 4.23e-027  3.90e-001  6.10e-001  
4.75556e+016 4.40e-027  3.80e-001  6.20e-001  
4.75856e+016 4.70e-027  3.68e-001  6.32e-001  
4.76342e+016 5.23e-027  3.44e-001  6.56e-001  
4.77120e+016 6.29e-027  3.07e-001  6.93e-001  
4.78339e+016 8.18e-027  2.63e-001  7.37e-001  
4.79819e+016 1.17e-026  2.13e-001  7.87e-001  
4.80101e+016 1.25e-026  2.05e-001  7.95e-001  
4.80156e+016 1.27e-026  2.03e-001  7.97e-001  
4.80288e+016 1.30e-026  2.01e-001  7.99e-001  
4.80511e+016 1.36e-026  1.84e-001  8.16e-001  
4.80875e+016 1.49e-026  1.76e-001  8.24e-001  
4.81463e+016 1.73e-026  1.62e-001  8.38e-001  
4.82445e+016 2.20e-026  1.45e-001  8.55e-001  
4.83636e+016 3.02e-026  1.25e-001  8.75e-001  
4.84912e+016 4.27e-026  1.09e-001  8.91e-001  
4.86294e+016 6.19e-026  9.75e-002  9.02e-001  
4.87591e+016 8.94e-026  8.99e-002  9.10e-001  
4.88968e+016 1.30e-025  8.67e-002  9.13e-001  
4.90444e+016 1.99e-025  8.45e-002  9.15e-001  
4.91980e+016 3.05e-025  8.64e-002  9.14e-001  
4.93317e+016 4.47e-025  9.01e-002  9.10e-001  
4.94239e+016 5.86e-025  9.34e-002  9.07e-001  
4.95192e+016 7.56e-025  1.00e-001  9.00e-001  
4.96202e+016 9.86e-025  1.09e-001  8.91e-001  
4.97297e+016 1.31e-024  1.20e-001  8.80e-001  
4.98461e+016 1.73e-024  1.37e-001  8.63e-001  
4.99670e+016 2.29e-024  1.58e-001  8.42e-001  
5.00936e+016 2.99e-024  1.88e-001  8.12e-001  
5.02240e+016 3.88e-024  2.27e-001  7.73e-001  
5.03584e+016 4.97e-024  2.80e-001  7.20e-001  
5.05026e+016 6.33e-024  3.54e-001  6.46e-001  
5.05959e+016 7.45e-024  4.04e-001  5.96e-001  
5.06957e+016 8.75e-024  4.66e-001  5.34e-001  
5.07988e+016 1.04e-023  5.33e-001  4.67e-001  
5.09058e+016 1.26e-023  5.98e-001  4.02e-001  
5.10237e+016 1.56e-023  6.72e-001  3.28e-001  
5.11496e+016 1.97e-023  7.39e-001  2.61e-001  
5.12843e+016 2.56e-023  7.97e-001  2.03e-001  
5.14296e+016 3.40e-023  8.48e-001  1.52e-001  
5.15425e+016 4.21e-023  8.76e-001  1.24e-001  
5.16792e+016 5.44e-023  9.05e-001  9.49e-002  
5.18319e+016 7.13e-023  9.30e-001  7.04e-002  
5.19950e+016 9.42e-023  9.49e-001  5.15e-002  
5.21655e+016 1.26e-022  9.64e-001  3.60e-002  
5.23457e+016 1.68e-022  9.75e-001  2.49e-002  
5.25384e+016 2.32e-022  9.84e-001  1.63e-002  
5.27451e+016 3.30e-022  9.90e-001  1.01e-002  
5.29668e+016 4.93e-022  9.94e-001  5.80e-003  
5.31993e+016 7.64e-022  9.97e-001  3.17e-003  
5.34440e+016 1.23e-021  9.98e-001  1.62e-003  
5.36995e+016 2.04e-021  9.99e-001  7.93e-004  
5.39765e+016 3.52e-021  1.00e+000  3.64e-004  
5.42627e+016 6.11e-021  1.00e+000  1.65e-004  
5.45738e+016 1.09e-020  1.00e+000  6.97e-005  
5.49079e+016 1.99e-020  1.00e+000  2.91e-005  
5.52575e+016 3.59e-020  1.00e+000  1.20e-005  
5.56155e+016 6.35e-020  1.00e+000  5.04e-006  
5.59918e+016 1.12e-019  1.00e+000  2.14e-006  
5.63913e+016 1.95e-019  1.00e+000  9.18e-007  
5.68226e+016 3.39e-019  1.00e+000  3.92e-007  
5.72780e+016 5.82e-019  1.00e+000  1.69e-007  
5.77650e+016 9.88e-019  1.00e+000  7.49e-008  
5.82707e+016 1.63e-018  1.00e+000  3.48e-008  
5.88124e+016 2.65e-018  1.00e+000  1.63e-008  
5.93801e+016 4.21e-018  1.00e+000  8.10e-009  
5.99878e+016 6.56e-018  1.00e+000  4.10e-009  
6.06254e+016 9.95e-018  1.00e+000  2.19e-009  
6.12860e+016 1.47e-017  1.00e+000  1.24e-009  
6.19772e+016 2.11e-017  1.00e+000  7.25e-010  
6.27006e+016 2.96e-017  1.00e+000  4.43e-010  
6.34752e+016 4.09e-017  1.00e+000  2.81e-010  
6.43223e+016 5.61e-017  1.00e+000  1.82e-010  
6.52408e+016 7.58e-017  1.00e+000  1.22e-010  
6.62440e+016 1.01e-016  1.00e+000  8.29e-011  
6.73219e+016 1.33e-016  1.00e+000  5.77e-011  
6.84641e+016 1.71e-016  1.00e+000  4.19e-011  
6.96945e+016 2.16e-016  1.00e+000  3.14e-011  
7.10391e+016 2.68e-016  1.00e+000  2.43e-011  
7.25155e+016 3.29e-016  1.00e+000  1.92e-011  
7.42223e+016 4.01e-016  1.00e+000  1.55e-011  
7.63108e+016 4.88e-016  1.00e+000  1.26e-011  
7.86896e+016 5.86e-016  1.00e+000  1.06e-011  
8.18150e+016 7.09e-016  1.00e+000  9.03e-012  
8.55776e+016 8.47e-016  1.00e+000  7.98e-012  
9.00548e+016 9.83e-016  1.00e+000  7.48e-012  
9.53916e+016 1.09e-015  1.00e+000  7.61e-012  
1.01535e+017 1.13e-015  1.00e+000  8.65e-012  
1.09249e+017 1.08e-015  1.00e+000  1.14e-011  
1.19176e+017 8.86e-016  1.00e+000  1.79e-011  
1.32448e+017 5.62e-016  1.00e+000  3.33e-011  
