! 0       C2O + GRAIN -> *C2O + GRAIN
! 1       *O + *C2 -> *C2O
!            tot_rate   0          1          
1.58188e+013 4.76e-021  1.00e+000  5.42e-009  
3.50727e+014 4.76e-021  1.00e+000  5.42e-009  
5.21628e+015 4.79e-021  1.00e+000  5.41e-009  
2.67137e+016 1.75e-020  1.00e+000  5.61e-009  
3.33598e+016 3.16e-020  1.00e+000  1.29e-008  
3.42055e+016 2.39e-020  1.00e+000  3.01e-008  
3.44017e+016 2.17e-020  1.00e+000  4.13e-008  
3.46353e+016 1.90e-020  1.00e+000  6.68e-008  
3.48860e+016 1.62e-020  1.00e+000  1.31e-007  
3.51370e+016 1.33e-020  1.00e+000  3.29e-007  
3.53250e+016 1.13e-020  1.00e+000  7.75e-007  
3.55515e+016 9.08e-021  1.00e+000  2.90e-006  
3.57182e+016 7.56e-021  1.00e+000  9.58e-006  
3.58524e+016 6.43e-021  1.00e+000  2.92e-005  
3.60047e+016 5.27e-021  1.00e+000  1.23e-004  
3.61718e+016 4.15e-021  9.99e-001  7.49e-004  
3.62899e+016 3.48e-021  9.97e-001  3.02e-003  
3.63893e+016 2.99e-021  9.90e-001  1.04e-002  
3.64972e+016 2.58e-021  9.59e-001  4.11e-002  
3.66124e+016 2.44e-021  8.33e-001  1.67e-001  
3.67348e+016 3.25e-021  5.02e-001  4.98e-001  
3.68621e+016 4.27e-021  3.02e-001  6.98e-001  
3.69700e+016 2.93e-021  3.62e-001  6.38e-001  
3.70376e+016 2.18e-021  4.32e-001  5.68e-001  
3.71087e+016 1.62e-021  5.14e-001  4.86e-001  
3.71826e+016 1.23e-021  5.94e-001  4.06e-001  
3.72589e+016 9.76e-022  6.63e-001  3.37e-001  
3.73370e+016 7.99e-022  7.20e-001  2.80e-001  
3.74165e+016 6.86e-022  7.54e-001  2.46e-001  
3.74829e+016 6.31e-022  7.56e-001  2.44e-001  
3.75505e+016 6.35e-022  7.01e-001  2.99e-001  
3.76194e+016 8.38e-022  5.00e-001  5.00e-001  
3.76839e+016 2.74e-021  1.46e-001  8.54e-001  
3.76854e+016 2.87e-021  1.40e-001  8.60e-001  
3.76877e+016 3.12e-021  1.28e-001  8.72e-001  
3.76917e+016 3.60e-021  1.11e-001  8.89e-001  
3.76980e+016 4.63e-021  8.60e-002  9.14e-001  
3.77083e+016 7.36e-021  5.38e-002  9.46e-001  
3.77248e+016 1.79e-020  2.20e-002  9.78e-001  
3.77450e+016 5.99e-020  6.50e-003  9.94e-001  
3.77655e+016 3.26e-020  1.18e-002  9.88e-001  
3.77936e+016 1.34e-020  2.85e-002  9.71e-001  
3.78016e+016 1.34e-020  2.85e-002  9.72e-001  
3.78111e+016 1.35e-020  2.81e-002  9.72e-001  
3.78273e+016 1.38e-020  2.74e-002  9.73e-001  
3.78530e+016 1.42e-020  2.65e-002  9.74e-001  
3.78818e+016 1.44e-020  2.60e-002  9.74e-001  
3.79076e+016 1.45e-020  2.57e-002  9.74e-001  
3.79253e+016 1.45e-020  2.57e-002  9.74e-001  
3.79502e+016 1.45e-020  2.56e-002  9.74e-001  
3.79755e+016 1.46e-020  2.55e-002  9.74e-001  
3.79897e+016 1.46e-020  2.55e-002  9.74e-001  
3.79918e+016 1.46e-020  2.55e-002  9.74e-001  
3.79956e+016 1.46e-020  2.55e-002  9.74e-001  
3.80017e+016 1.46e-020  2.55e-002  9.74e-001  
3.80129e+016 1.46e-020  2.56e-002  9.74e-001  
3.80319e+016 1.47e-020  2.55e-002  9.75e-001  
3.80578e+016 1.47e-020  2.56e-002  9.74e-001  
3.80629e+016 1.47e-020  2.56e-002  9.74e-001  
3.80713e+016 1.47e-020  2.56e-002  9.74e-001  
3.80859e+016 1.48e-020  2.56e-002  9.74e-001  
3.81083e+016 1.48e-020  2.57e-002  9.74e-001  
3.81265e+016 1.48e-020  2.58e-002  9.74e-001  
3.81480e+016 1.49e-020  2.58e-002  9.74e-001  
3.81769e+016 1.48e-020  2.62e-002  9.74e-001  
3.81836e+016 1.48e-020  2.63e-002  9.74e-001  
3.81952e+016 1.48e-020  2.64e-002  9.74e-001  
3.82149e+016 1.46e-020  2.70e-002  9.73e-001  
3.82433e+016 1.41e-020  2.83e-002  9.72e-001  
3.82740e+016 1.27e-020  3.18e-002  9.68e-001  
3.83054e+016 8.63e-021  4.75e-002  9.52e-001  
3.83376e+016 3.19e-021  1.31e-001  8.69e-001  
3.83751e+016 8.36e-022  5.08e-001  4.92e-001  
3.84132e+016 4.84e-022  8.97e-001  1.03e-001  
3.84531e+016 4.61e-022  9.63e-001  3.73e-002  
3.84962e+016 4.70e-022  9.70e-001  3.00e-002  
3.85449e+016 4.81e-022  9.74e-001  2.56e-002  
3.85990e+016 4.97e-022  9.77e-001  2.34e-002  
3.86597e+016 5.17e-022  9.75e-001  2.50e-002  
3.87288e+016 5.45e-022  9.68e-001  3.23e-002  
3.88139e+016 5.85e-022  9.55e-001  4.53e-002  
3.89093e+016 6.39e-022  9.34e-001  6.59e-002  
3.90068e+016 7.07e-022  9.02e-001  9.84e-002  
3.91088e+016 8.02e-022  8.49e-001  1.51e-001  
3.92181e+016 9.63e-022  7.59e-001  2.41e-001  
3.93325e+016 1.27e-021  6.22e-001  3.78e-001  
3.94519e+016 1.86e-021  4.57e-001  5.43e-001  
3.95803e+016 2.99e-021  3.09e-001  6.91e-001  
3.97190e+016 4.91e-021  2.06e-001  7.94e-001  
3.98699e+016 7.61e-021  1.46e-001  8.54e-001  
4.00514e+016 1.11e-020  1.13e-001  8.87e-001  
4.02549e+016 1.42e-020  9.99e-002  9.00e-001  
4.04761e+016 1.58e-020  1.04e-001  8.96e-001  
4.07070e+016 1.57e-020  1.21e-001  8.79e-001  
4.09451e+016 1.41e-020  1.57e-001  8.43e-001  
4.11988e+016 1.16e-020  2.26e-001  7.74e-001  
4.14624e+016 9.17e-021  3.40e-001  6.60e-001  
4.17462e+016 7.39e-021  5.12e-001  4.88e-001  
4.20512e+016 6.57e-021  7.11e-001  2.89e-001  
4.23867e+016 6.77e-021  8.76e-001  1.24e-001  
4.27356e+016 7.96e-021  9.60e-001  4.00e-002  
4.30994e+016 1.01e-020  9.88e-001  1.20e-002  
4.34671e+016 1.32e-020  9.97e-001  2.58e-003  
4.38104e+016 1.72e-020  1.00e+000  3.96e-004  
4.41007e+016 2.16e-020  1.00e+000  6.57e-005  
4.42181e+016 2.37e-020  1.00e+000  3.12e-005  
4.42811e+016 2.49e-020  1.00e+000  2.18e-005  
4.43809e+016 2.70e-020  1.00e+000  1.14e-005  
4.45030e+016 2.98e-020  1.00e+000  5.00e-006  
4.45401e+016 3.07e-020  1.00e+000  3.75e-006  
4.45998e+016 3.22e-020  1.00e+000  2.45e-006  
4.46779e+016 3.43e-020  1.00e+000  1.51e-006  
4.48006e+016 3.79e-020  1.00e+000  7.12e-007  
4.48529e+016 3.94e-020  1.00e+000  4.97e-007  
4.48834e+016 4.04e-020  1.00e+000  3.86e-007  
4.49346e+016 4.21e-020  1.00e+000  3.02e-007  
4.49870e+016 4.40e-020  1.00e+000  2.36e-007  
4.50684e+016 4.70e-020  1.00e+000  1.63e-007  
4.51867e+016 5.18e-020  1.00e+000  9.67e-008  
4.51946e+016 5.20e-020  1.00e+000  8.92e-008  
4.52061e+016 5.25e-020  1.00e+000  7.77e-008  
4.52265e+016 5.34e-020  1.00e+000  6.95e-008  
4.52632e+016 5.50e-020  1.00e+000  6.22e-008  
4.53239e+016 5.79e-020  1.00e+000  5.23e-008  
4.54167e+016 6.25e-020  1.00e+000  3.95e-008  
4.55446e+016 6.95e-020  1.00e+000  2.60e-008  
4.55658e+016 7.07e-020  1.00e+000  2.42e-008  
4.55697e+016 7.07e-020  1.00e+000  2.33e-008  
4.55761e+016 7.10e-020  1.00e+000  2.17e-008  
4.55871e+016 7.17e-020  1.00e+000  1.95e-008  
4.56066e+016 7.29e-020  1.00e+000  1.80e-008  
4.56410e+016 7.50e-020  1.00e+000  1.67e-008  
4.56849e+016 7.79e-020  1.00e+000  1.54e-008  
4.57241e+016 8.05e-020  1.00e+000  1.42e-008  
4.57850e+016 8.47e-020  1.00e+000  1.22e-008  
4.58802e+016 9.17e-020  1.00e+000  9.49e-009  
4.59720e+016 9.89e-020  1.00e+000  7.43e-009  
4.59734e+016 9.89e-020  1.00e+000  7.34e-009  
4.59759e+016 9.88e-020  1.00e+000  7.15e-009  
4.59802e+016 9.91e-020  1.00e+000  6.90e-009  
4.59873e+016 9.96e-020  1.00e+000  6.44e-009  
4.59993e+016 1.01e-019  1.00e+000  5.81e-009  
4.60196e+016 1.02e-019  1.00e+000  5.36e-009  
4.60580e+016 1.06e-019  1.00e+000  4.93e-009  
4.61139e+016 1.11e-019  1.00e+000  4.51e-009  
4.61801e+016 1.17e-019  1.00e+000  3.99e-009  
4.62829e+016 1.28e-019  1.00e+000  3.14e-009  
4.63958e+016 1.41e-019  1.00e+000  2.36e-009  
4.64165e+016 1.43e-019  1.00e+000  2.24e-009  
4.64187e+016 1.43e-019  1.00e+000  2.20e-009  
4.64224e+016 1.43e-019  1.00e+000  2.15e-009  
4.64286e+016 1.43e-019  1.00e+000  2.08e-009  
4.64396e+016 1.45e-019  1.00e+000  1.94e-009  
4.64596e+016 1.47e-019  1.00e+000  1.76e-009  
4.64933e+016 1.52e-019  1.00e+000  1.61e-009  
4.65501e+016 1.59e-019  1.00e+000  1.47e-009  
4.66259e+016 1.70e-019  1.00e+000  1.29e-009  
4.67450e+016 1.88e-019  1.00e+000  1.04e-009  
4.68726e+016 2.09e-019  1.00e+000  8.23e-010  
4.69009e+016 2.14e-019  1.00e+000  7.85e-010  
4.69024e+016 2.14e-019  1.00e+000  7.80e-010  
4.69048e+016 2.14e-019  1.00e+000  7.71e-010  
4.69090e+016 2.14e-019  1.00e+000  7.57e-010  
4.69160e+016 2.15e-019  1.00e+000  7.49e-010  
4.69279e+016 2.17e-019  1.00e+000  7.42e-010  
4.69476e+016 2.20e-019  1.00e+000  7.27e-010  
4.69806e+016 2.27e-019  1.00e+000  6.92e-010  
4.70337e+016 2.37e-019  1.00e+000  6.50e-010  
4.70622e+016 2.43e-019  1.00e+000  6.26e-010  
4.71061e+016 2.52e-019  1.00e+000  5.95e-010  
4.71746e+016 2.67e-019  1.00e+000  5.73e-010  
4.72860e+016 2.93e-019  1.00e+000  5.49e-010  
4.74240e+016 3.28e-019  1.00e+000  5.37e-010  
4.74305e+016 3.30e-019  1.00e+000  5.36e-010  
4.74313e+016 3.30e-019  1.00e+000  5.36e-010  
4.74348e+016 3.31e-019  1.00e+000  5.35e-010  
4.74406e+016 3.32e-019  1.00e+000  5.30e-010  
4.74503e+016 3.34e-019  1.00e+000  5.27e-010  
4.74676e+016 3.38e-019  1.00e+000  5.33e-010  
4.74972e+016 3.45e-019  1.00e+000  5.54e-010  
4.75283e+016 3.54e-019  1.00e+000  5.76e-010  
4.75365e+016 3.57e-019  1.00e+000  5.80e-010  
4.75556e+016 3.63e-019  1.00e+000  5.87e-010  
4.75856e+016 3.72e-019  1.00e+000  5.94e-010  
4.76342e+016 3.88e-019  1.00e+000  5.93e-010  
4.77120e+016 4.13e-019  1.00e+000  5.88e-010  
4.78339e+016 4.57e-019  1.00e+000  5.71e-010  
4.79819e+016 5.14e-019  1.00e+000  5.60e-010  
4.80101e+016 5.26e-019  1.00e+000  5.61e-010  
4.80156e+016 5.28e-019  1.00e+000  5.61e-010  
4.80288e+016 5.34e-019  1.00e+000  5.60e-010  
4.80511e+016 5.43e-019  1.00e+000  5.58e-010  
4.80875e+016 5.59e-019  1.00e+000  5.58e-010  
4.81463e+016 5.85e-019  1.00e+000  5.57e-010  
4.82445e+016 6.32e-019  1.00e+000  5.59e-010  
4.83636e+016 6.94e-019  1.00e+000  5.56e-010  
4.84912e+016 7.66e-019  1.00e+000  5.46e-010  
4.86294e+016 8.51e-019  1.00e+000  5.23e-010  
4.87591e+016 9.39e-019  1.00e+000  5.02e-010  
4.88968e+016 1.04e-018  1.00e+000  4.67e-010  
4.90444e+016 1.16e-018  1.00e+000  4.27e-010  
4.91980e+016 1.29e-018  1.00e+000  3.80e-010  
4.93317e+016 1.42e-018  1.00e+000  3.35e-010  
4.94239e+016 1.51e-018  1.00e+000  3.07e-010  
4.95192e+016 1.61e-018  1.00e+000  2.73e-010  
4.96202e+016 1.72e-018  1.00e+000  2.42e-010  
4.97297e+016 1.85e-018  1.00e+000  2.11e-010  
4.98461e+016 1.99e-018  1.00e+000  1.78e-010  
4.99670e+016 2.15e-018  1.00e+000  1.49e-010  
5.00936e+016 2.31e-018  1.00e+000  1.22e-010  
5.02240e+016 2.49e-018  1.00e+000  9.84e-011  
5.03584e+016 2.68e-018  1.00e+000  7.80e-011  
5.05026e+016 2.89e-018  1.00e+000  6.02e-011  
5.05959e+016 3.05e-018  1.00e+000  5.15e-011  
5.06957e+016 3.21e-018  1.00e+000  4.30e-011  
5.07988e+016 3.40e-018  1.00e+000  3.56e-011  
5.09058e+016 3.60e-018  1.00e+000  2.97e-011  
5.10237e+016 3.83e-018  1.00e+000  2.39e-011  
5.11496e+016 4.10e-018  1.00e+000  1.90e-011  
5.12843e+016 4.39e-018  1.00e+000  1.49e-011  
5.14296e+016 4.74e-018  1.00e+000  1.13e-011  
5.15425e+016 5.03e-018  1.00e+000  9.24e-012  
5.16792e+016 5.39e-018  1.00e+000  7.18e-012  
5.18319e+016 5.84e-018  1.00e+000  5.36e-012  
5.19950e+016 6.34e-018  1.00e+000  3.93e-012  
5.21655e+016 6.91e-018  1.00e+000  2.81e-012  
5.23457e+016 7.55e-018  1.00e+000  1.99e-012  
5.25384e+016 8.31e-018  1.00e+000  1.35e-012  
5.27451e+016 9.17e-018  1.00e+000  8.99e-013  
5.29668e+016 1.02e-017  1.00e+000  5.75e-013  
5.31993e+016 1.13e-017  1.00e+000  3.62e-013  
5.34440e+016 1.26e-017  1.00e+000  2.21e-013  
5.36995e+016 1.40e-017  1.00e+000  1.32e-013  
5.39765e+016 1.57e-017  1.00e+000  7.52e-014  
5.42627e+016 1.74e-017  1.00e+000  4.26e-014  
5.45738e+016 1.94e-017  1.00e+000  2.25e-014  
5.49079e+016 2.16e-017  1.00e+000  1.18e-014  
5.52575e+016 2.38e-017  1.00e+000  5.97e-015  
5.56155e+016 2.61e-017  1.00e+000  3.03e-015  
5.59918e+016 2.85e-017  1.00e+000  1.55e-015  
5.63913e+016 3.08e-017  1.00e+000  8.02e-016  
5.68226e+016 3.31e-017  1.00e+000  4.20e-016  
5.72780e+016 3.53e-017  1.00e+000  2.34e-016  
5.77650e+016 3.73e-017  1.00e+000  1.43e-016  
5.82707e+016 3.91e-017  1.00e+000  9.74e-017  
5.88124e+016 4.05e-017  1.00e+000  7.19e-017  
5.93801e+016 4.16e-017  1.00e+000  5.82e-017  
5.99878e+016 4.22e-017  1.00e+000  4.95e-017  
6.06254e+016 4.25e-017  1.00e+000  4.45e-017  
6.12860e+016 4.24e-017  1.00e+000  4.20e-017  
6.19772e+016 4.21e-017  1.00e+000  4.06e-017  
6.27006e+016 4.14e-017  1.00e+000  4.06e-017  
6.34752e+016 4.05e-017  1.00e+000  4.20e-017  
6.43223e+016 3.93e-017  1.00e+000  4.53e-017  
6.52408e+016 3.79e-017  1.00e+000  5.09e-017  
6.62440e+016 3.64e-017  1.00e+000  5.91e-017  
6.73219e+016 3.48e-017  1.00e+000  7.07e-017  
6.84641e+016 3.31e-017  1.00e+000  8.85e-017  
6.96945e+016 3.13e-017  1.00e+000  1.16e-016  
7.10391e+016 2.95e-017  1.00e+000  1.60e-016  
7.25155e+016 2.77e-017  1.00e+000  2.34e-016  
7.42223e+016 2.58e-017  1.00e+000  3.74e-016  
7.63108e+016 2.38e-017  1.00e+000  6.81e-016  
7.86896e+016 2.19e-017  1.00e+000  1.38e-015  
8.18150e+016 1.99e-017  1.00e+000  3.60e-015  
8.55776e+016 1.81e-017  1.00e+000  1.15e-014  
9.00548e+016 1.63e-017  1.00e+000  4.64e-014  
9.53916e+016 1.49e-017  1.00e+000  2.34e-013  
1.01535e+017 1.43e-017  1.00e+000  1.34e-012  
1.09249e+017 1.61e-017  1.00e+000  8.70e-012  
1.19176e+017 2.31e-017  1.00e+000  4.81e-011  
1.32448e+017 3.43e-017  1.00e+000  1.68e-010  
