! 0       *H + *OCN -> *HNCO
! 1       HNCO + GRAIN -> *HNCO + GRAIN
!            tot_rate   0          1          
1.58188e+013 1.87e-018  4.17e-001  5.83e-001  
3.50727e+014 1.87e-018  4.17e-001  5.83e-001  
5.21628e+015 1.89e-018  4.17e-001  5.83e-001  
2.67137e+016 7.07e-018  4.13e-001  5.87e-001  
3.33598e+016 1.31e-017  4.20e-001  5.80e-001  
3.42055e+016 1.02e-017  4.39e-001  5.61e-001  
3.44017e+016 9.52e-018  4.52e-001  5.48e-001  
3.46353e+016 8.78e-018  4.79e-001  5.21e-001  
3.48860e+016 8.31e-018  5.33e-001  4.67e-001  
3.51370e+016 8.59e-018  6.26e-001  3.74e-001  
3.53250e+016 9.80e-018  7.21e-001  2.79e-001  
3.55515e+016 1.43e-017  8.47e-001  1.53e-001  
3.57182e+016 2.26e-017  9.20e-001  8.05e-002  
3.58524e+016 3.67e-017  9.58e-001  4.23e-002  
3.60047e+016 6.77e-017  9.81e-001  1.88e-002  
3.61718e+016 1.26e-016  9.92e-001  8.02e-003  
3.62899e+016 1.67e-016  9.95e-001  5.05e-003  
3.63893e+016 1.86e-016  9.96e-001  3.89e-003  
3.64972e+016 1.89e-016  9.97e-001  3.29e-003  
3.66124e+016 1.80e-016  9.97e-001  3.07e-003  
3.67348e+016 1.67e-016  9.97e-001  3.29e-003  
3.68621e+016 1.67e-016  9.96e-001  4.00e-003  
3.69700e+016 1.64e-016  9.94e-001  5.76e-003  
3.70376e+016 1.58e-016  9.92e-001  7.96e-003  
3.71087e+016 1.50e-016  9.88e-001  1.19e-002  
3.71826e+016 1.41e-016  9.81e-001  1.86e-002  
3.72589e+016 1.30e-016  9.69e-001  3.06e-002  
3.73370e+016 1.17e-016  9.47e-001  5.28e-002  
3.74165e+016 1.04e-016  9.05e-001  9.49e-002  
3.74829e+016 9.41e-017  8.45e-001  1.55e-001  
3.75505e+016 8.97e-017  7.58e-001  2.42e-001  
3.76194e+016 9.37e-017  6.61e-001  3.39e-001  
3.76839e+016 1.05e-016  5.80e-001  4.20e-001  
3.76854e+016 1.05e-016  5.78e-001  4.22e-001  
3.76877e+016 1.05e-016  5.75e-001  4.25e-001  
3.76917e+016 1.06e-016  5.71e-001  4.29e-001  
3.76980e+016 1.08e-016  5.64e-001  4.36e-001  
3.77083e+016 1.10e-016  5.53e-001  4.47e-001  
3.77248e+016 1.11e-016  5.30e-001  4.70e-001  
3.77450e+016 1.02e-016  4.45e-001  5.55e-001  
3.77655e+016 6.92e-017  1.50e-001  8.50e-001  
3.77936e+016 6.47e-017  1.01e-001  8.99e-001  
3.78016e+016 6.45e-017  9.91e-002  9.01e-001  
3.78111e+016 6.42e-017  9.76e-002  9.02e-001  
3.78273e+016 6.37e-017  9.52e-002  9.05e-001  
3.78530e+016 6.29e-017  9.03e-002  9.10e-001  
3.78818e+016 6.20e-017  8.36e-002  9.16e-001  
3.79076e+016 6.11e-017  7.44e-002  9.26e-001  
3.79253e+016 6.06e-017  6.81e-002  9.32e-001  
3.79502e+016 6.00e-017  5.92e-002  9.41e-001  
3.79755e+016 5.95e-017  5.15e-002  9.49e-001  
3.79897e+016 5.92e-017  4.76e-002  9.52e-001  
3.79918e+016 5.92e-017  4.70e-002  9.53e-001  
3.79956e+016 5.91e-017  4.60e-002  9.54e-001  
3.80017e+016 5.90e-017  4.44e-002  9.56e-001  
3.80129e+016 5.89e-017  4.16e-002  9.58e-001  
3.80319e+016 5.87e-017  3.75e-002  9.63e-001  
3.80578e+016 5.86e-017  3.28e-002  9.67e-001  
3.80629e+016 5.87e-017  3.19e-002  9.68e-001  
3.80713e+016 5.86e-017  3.06e-002  9.69e-001  
3.80859e+016 5.87e-017  2.86e-002  9.71e-001  
3.81083e+016 5.87e-017  2.56e-002  9.74e-001  
3.81265e+016 5.89e-017  2.33e-002  9.77e-001  
3.81480e+016 5.90e-017  2.05e-002  9.79e-001  
3.81769e+016 5.93e-017  1.68e-002  9.83e-001  
3.81836e+016 5.93e-017  1.60e-002  9.84e-001  
3.81952e+016 5.95e-017  1.44e-002  9.86e-001  
3.82149e+016 5.97e-017  1.18e-002  9.88e-001  
3.82433e+016 6.01e-017  8.10e-003  9.92e-001  
3.82740e+016 6.06e-017  4.74e-003  9.95e-001  
3.83054e+016 6.12e-017  2.38e-003  9.98e-001  
3.83376e+016 6.20e-017  1.10e-003  9.99e-001  
3.83751e+016 6.30e-017  5.62e-004  9.99e-001  
3.84132e+016 6.41e-017  4.57e-004  1.00e+000  
3.84531e+016 6.53e-017  4.64e-004  1.00e+000  
3.84962e+016 6.66e-017  4.70e-004  1.00e+000  
3.85449e+016 6.80e-017  4.41e-004  1.00e+000  
3.85990e+016 6.91e-017  4.09e-004  1.00e+000  
3.86597e+016 6.92e-017  4.15e-004  1.00e+000  
3.87288e+016 6.69e-017  4.48e-004  1.00e+000  
3.88139e+016 5.88e-017  5.18e-004  9.99e-001  
3.89093e+016 4.31e-017  6.65e-004  9.99e-001  
3.90068e+016 2.48e-017  1.02e-003  9.99e-001  
3.91088e+016 1.02e-017  2.12e-003  9.98e-001  
3.92181e+016 2.71e-018  8.19e-003  9.92e-001  
3.93325e+016 4.59e-019  6.93e-002  9.31e-001  
3.94519e+016 9.34e-020  5.74e-001  4.26e-001  
3.95803e+016 8.89e-020  9.73e-001  2.70e-002  
3.97190e+016 1.25e-019  9.96e-001  4.28e-003  
3.98699e+016 1.58e-019  9.97e-001  3.12e-003  
4.00514e+016 1.84e-019  9.97e-001  2.89e-003  
4.02549e+016 1.94e-019  9.97e-001  3.10e-003  
4.04761e+016 1.92e-019  9.96e-001  3.71e-003  
4.07070e+016 1.85e-019  9.95e-001  4.69e-003  
4.09451e+016 1.82e-019  9.94e-001  5.88e-003  
4.11988e+016 1.83e-019  9.93e-001  7.36e-003  
4.14624e+016 1.85e-019  9.91e-001  9.20e-003  
4.17462e+016 1.76e-019  9.88e-001  1.20e-002  
4.20512e+016 1.41e-019  9.82e-001  1.81e-002  
4.23867e+016 8.13e-020  9.65e-001  3.53e-002  
4.27356e+016 3.14e-020  9.06e-001  9.44e-002  
4.30994e+016 9.68e-021  7.14e-001  2.86e-001  
4.34671e+016 4.04e-021  3.51e-001  6.49e-001  
4.38104e+016 3.28e-021  1.69e-001  8.31e-001  
4.41007e+016 3.26e-021  1.26e-001  8.74e-001  
4.42181e+016 3.35e-021  1.17e-001  8.83e-001  
4.42811e+016 3.43e-021  1.11e-001  8.89e-001  
4.43809e+016 3.60e-021  1.05e-001  8.95e-001  
4.45030e+016 3.87e-021  9.30e-002  9.07e-001  
4.45401e+016 3.96e-021  8.77e-002  9.12e-001  
4.45998e+016 4.13e-021  7.68e-002  9.23e-001  
4.46779e+016 4.42e-021  7.16e-002  9.28e-001  
4.48006e+016 4.94e-021  6.20e-002  9.38e-001  
4.48529e+016 5.17e-021  5.66e-002  9.43e-001  
4.48834e+016 5.33e-021  4.95e-002  9.51e-001  
4.49346e+016 5.66e-021  4.54e-002  9.55e-001  
4.49870e+016 6.01e-021  4.37e-002  9.56e-001  
4.50684e+016 6.61e-021  4.01e-002  9.60e-001  
4.51867e+016 7.59e-021  3.36e-002  9.66e-001  
4.51946e+016 7.64e-021  3.27e-002  9.67e-001  
4.52061e+016 7.74e-021  3.02e-002  9.70e-001  
4.52265e+016 7.96e-021  2.73e-002  9.73e-001  
4.52632e+016 8.36e-021  2.54e-002  9.75e-001  
4.53239e+016 9.09e-021  2.43e-002  9.76e-001  
4.54167e+016 1.03e-020  2.20e-002  9.78e-001  
4.55446e+016 1.22e-020  1.82e-002  9.82e-001  
4.55658e+016 1.25e-020  1.77e-002  9.82e-001  
4.55697e+016 1.25e-020  1.73e-002  9.83e-001  
4.55761e+016 1.27e-020  1.64e-002  9.84e-001  
4.55871e+016 1.29e-020  1.53e-002  9.85e-001  
4.56066e+016 1.33e-020  1.41e-002  9.86e-001  
4.56410e+016 1.40e-020  1.34e-002  9.87e-001  
4.56849e+016 1.49e-020  1.31e-002  9.87e-001  
4.57241e+016 1.58e-020  1.27e-002  9.87e-001  
4.57850e+016 1.72e-020  1.20e-002  9.88e-001  
4.58802e+016 1.97e-020  1.07e-002  9.89e-001  
4.59720e+016 2.24e-020  9.59e-003  9.90e-001  
4.59734e+016 2.24e-020  9.55e-003  9.90e-001  
4.59759e+016 2.24e-020  9.46e-003  9.91e-001  
4.59802e+016 2.26e-020  9.16e-003  9.91e-001  
4.59873e+016 2.28e-020  8.82e-003  9.91e-001  
4.59993e+016 2.33e-020  8.37e-003  9.92e-001  
4.60196e+016 2.40e-020  8.09e-003  9.92e-001  
4.60580e+016 2.55e-020  7.88e-003  9.92e-001  
4.61139e+016 2.77e-020  7.76e-003  9.92e-001  
4.61801e+016 3.06e-020  7.54e-003  9.92e-001  
4.62829e+016 3.56e-020  7.06e-003  9.93e-001  
4.63958e+016 4.19e-020  6.64e-003  9.93e-001  
4.64165e+016 4.32e-020  6.55e-003  9.93e-001  
4.64187e+016 4.32e-020  6.53e-003  9.93e-001  
4.64224e+016 4.33e-020  6.49e-003  9.94e-001  
4.64286e+016 4.37e-020  6.46e-003  9.94e-001  
4.64396e+016 4.45e-020  6.38e-003  9.94e-001  
4.64596e+016 4.59e-020  6.34e-003  9.94e-001  
4.64933e+016 4.84e-020  6.34e-003  9.94e-001  
4.65501e+016 5.27e-020  6.43e-003  9.94e-001  
4.66259e+016 5.89e-020  6.52e-003  9.93e-001  
4.67450e+016 7.01e-020  6.65e-003  9.93e-001  
4.68726e+016 8.41e-020  6.89e-003  9.93e-001  
4.69009e+016 8.75e-020  6.97e-003  9.93e-001  
4.69024e+016 8.76e-020  6.96e-003  9.93e-001  
4.69048e+016 8.77e-020  6.95e-003  9.93e-001  
4.69090e+016 8.80e-020  6.96e-003  9.93e-001  
4.69160e+016 8.87e-020  7.06e-003  9.93e-001  
4.69279e+016 9.04e-020  7.19e-003  9.93e-001  
4.69476e+016 9.32e-020  7.29e-003  9.93e-001  
4.69806e+016 9.78e-020  7.42e-003  9.93e-001  
4.70337e+016 1.06e-019  7.66e-003  9.92e-001  
4.70622e+016 1.10e-019  7.81e-003  9.92e-001  
4.71061e+016 1.17e-019  8.01e-003  9.92e-001  
4.71746e+016 1.28e-019  8.59e-003  9.91e-001  
4.72860e+016 1.48e-019  9.63e-003  9.90e-001  
4.74240e+016 1.78e-019  1.12e-002  9.89e-001  
4.74305e+016 1.79e-019  1.13e-002  9.89e-001  
4.74313e+016 1.79e-019  1.13e-002  9.89e-001  
4.74348e+016 1.80e-019  1.14e-002  9.89e-001  
4.74406e+016 1.81e-019  1.14e-002  9.89e-001  
4.74503e+016 1.83e-019  1.16e-002  9.88e-001  
4.74676e+016 1.86e-019  1.19e-002  9.88e-001  
4.74972e+016 1.93e-019  1.23e-002  9.88e-001  
4.75283e+016 2.02e-019  1.27e-002  9.87e-001  
4.75365e+016 2.04e-019  1.28e-002  9.87e-001  
4.75556e+016 2.09e-019  1.31e-002  9.87e-001  
4.75856e+016 2.16e-019  1.35e-002  9.86e-001  
4.76342e+016 2.29e-019  1.42e-002  9.86e-001  
4.77120e+016 2.50e-019  1.55e-002  9.84e-001  
4.78339e+016 2.84e-019  1.75e-002  9.83e-001  
4.79819e+016 3.29e-019  2.01e-002  9.80e-001  
4.80101e+016 3.38e-019  2.06e-002  9.79e-001  
4.80156e+016 3.39e-019  2.07e-002  9.79e-001  
4.80288e+016 3.43e-019  2.09e-002  9.79e-001  
4.80511e+016 3.50e-019  2.13e-002  9.79e-001  
4.80875e+016 3.62e-019  2.19e-002  9.78e-001  
4.81463e+016 3.81e-019  2.29e-002  9.77e-001  
4.82445e+016 4.14e-019  2.42e-002  9.76e-001  
4.83636e+016 4.56e-019  2.59e-002  9.74e-001  
4.84912e+016 5.04e-019  2.70e-002  9.73e-001  
4.86294e+016 5.58e-019  2.76e-002  9.72e-001  
4.87591e+016 6.14e-019  2.75e-002  9.72e-001  
4.88968e+016 6.79e-019  2.65e-002  9.73e-001  
4.90444e+016 7.55e-019  2.49e-002  9.75e-001  
4.91980e+016 8.43e-019  2.24e-002  9.78e-001  
4.93317e+016 9.27e-019  2.01e-002  9.80e-001  
4.94239e+016 9.88e-019  1.84e-002  9.82e-001  
4.95192e+016 1.06e-018  1.65e-002  9.84e-001  
4.96202e+016 1.13e-018  1.47e-002  9.85e-001  
4.97297e+016 1.22e-018  1.29e-002  9.87e-001  
4.98461e+016 1.31e-018  1.10e-002  9.89e-001  
4.99670e+016 1.42e-018  9.41e-003  9.91e-001  
5.00936e+016 1.54e-018  7.91e-003  9.92e-001  
5.02240e+016 1.66e-018  6.68e-003  9.93e-001  
5.03584e+016 1.80e-018  5.67e-003  9.94e-001  
5.05026e+016 1.95e-018  4.85e-003  9.95e-001  
5.05959e+016 2.06e-018  4.50e-003  9.96e-001  
5.06957e+016 2.18e-018  4.19e-003  9.96e-001  
5.07988e+016 2.31e-018  3.97e-003  9.96e-001  
5.09058e+016 2.46e-018  3.83e-003  9.96e-001  
5.10237e+016 2.62e-018  3.75e-003  9.96e-001  
5.11496e+016 2.81e-018  3.70e-003  9.96e-001  
5.12843e+016 3.02e-018  3.74e-003  9.96e-001  
5.14296e+016 3.26e-018  3.77e-003  9.96e-001  
5.15425e+016 3.46e-018  3.81e-003  9.96e-001  
5.16792e+016 3.71e-018  3.82e-003  9.96e-001  
5.18319e+016 4.01e-018  3.84e-003  9.96e-001  
5.19950e+016 4.34e-018  3.80e-003  9.96e-001  
5.21655e+016 4.70e-018  3.73e-003  9.96e-001  
5.23457e+016 5.10e-018  3.59e-003  9.96e-001  
5.25384e+016 5.56e-018  3.42e-003  9.97e-001  
5.27451e+016 6.07e-018  3.21e-003  9.97e-001  
5.29668e+016 6.65e-018  3.01e-003  9.97e-001  
5.31993e+016 7.28e-018  2.82e-003  9.97e-001  
5.34440e+016 7.98e-018  2.64e-003  9.97e-001  
5.36995e+016 8.72e-018  2.50e-003  9.98e-001  
5.39765e+016 9.55e-018  2.39e-003  9.98e-001  
5.42627e+016 1.04e-017  2.29e-003  9.98e-001  
5.45738e+016 1.13e-017  2.23e-003  9.98e-001  
5.49079e+016 1.24e-017  2.13e-003  9.98e-001  
5.52575e+016 1.34e-017  2.08e-003  9.98e-001  
5.56155e+016 1.44e-017  2.02e-003  9.98e-001  
5.59918e+016 1.53e-017  1.98e-003  9.98e-001  
5.63913e+016 1.62e-017  1.92e-003  9.98e-001  
5.68226e+016 1.70e-017  1.87e-003  9.98e-001  
5.72780e+016 1.77e-017  1.81e-003  9.98e-001  
5.77650e+016 1.83e-017  1.75e-003  9.98e-001  
5.82707e+016 1.87e-017  1.69e-003  9.98e-001  
5.88124e+016 1.89e-017  1.63e-003  9.98e-001  
5.93801e+016 1.89e-017  1.58e-003  9.98e-001  
5.99878e+016 1.87e-017  1.54e-003  9.98e-001  
6.06254e+016 1.83e-017  1.52e-003  9.98e-001  
6.12860e+016 1.78e-017  1.51e-003  9.98e-001  
6.19772e+016 1.72e-017  1.53e-003  9.98e-001  
6.27006e+016 1.65e-017  1.57e-003  9.98e-001  
6.34752e+016 1.58e-017  1.64e-003  9.98e-001  
6.43223e+016 1.50e-017  1.75e-003  9.98e-001  
6.52408e+016 1.42e-017  1.91e-003  9.98e-001  
6.62440e+016 1.34e-017  2.14e-003  9.98e-001  
6.73219e+016 1.27e-017  2.42e-003  9.98e-001  
6.84641e+016 1.19e-017  2.84e-003  9.97e-001  
6.96945e+016 1.13e-017  3.35e-003  9.97e-001  
7.10391e+016 1.07e-017  4.07e-003  9.96e-001  
7.25155e+016 1.03e-017  5.05e-003  9.95e-001  
7.42223e+016 9.76e-018  6.56e-003  9.93e-001  
7.63108e+016 9.41e-018  9.01e-003  9.91e-001  
7.86896e+016 9.25e-018  1.29e-002  9.87e-001  
8.18150e+016 9.35e-018  2.02e-002  9.80e-001  
8.55776e+016 9.83e-018  3.42e-002  9.66e-001  
9.00548e+016 1.08e-017  6.27e-002  9.37e-001  
9.53916e+016 1.27e-017  1.22e-001  8.78e-001  
1.01535e+017 1.67e-017  2.38e-001  7.62e-001  
1.09249e+017 2.74e-017  4.31e-001  5.69e-001  
1.19176e+017 6.04e-017  6.27e-001  3.73e-001  
1.32448e+017 1.43e-016  7.13e-001  2.87e-001  
