! 0       *HNCO + He -> HNCO + He
! 1       *HNCO + H2 -> HNCO + H2
! 2       *HNCO + CO -> HNCO + CO
! 3       CH2 + NO -> HNCO + H
! 4       H2NCO+ + e- -> HNCO + H
! 5       HNCOH+ + e- -> HNCO + H
! 6       C2H5CN + OH -> C2H5 + HNCO
! 7       H2NCO+ + GRAIN -> HNCO + H + GRAIN
! 8       *H + *OCN -> HNCO
! 9       *HNCO + CRPhoton -> HNCO
!            tot_rate   0          1          2          3          4          5          6          7          8          9          
1.58188e+013 8.35e-017  0.00e+000  0.00e+000  0.00e+000  3.21e-004  4.14e-001  5.83e-001  6.02e-034  1.77e-003  9.45e-005  1.45e-004  
3.50727e+014 8.35e-017  0.00e+000  0.00e+000  0.00e+000  3.21e-004  4.14e-001  5.83e-001  6.02e-034  1.77e-003  9.45e-005  1.45e-004  
5.21628e+015 8.35e-017  0.00e+000  0.00e+000  0.00e+000  3.21e-004  4.14e-001  5.83e-001  6.02e-034  1.77e-003  9.51e-005  1.45e-004  
2.67137e+016 6.57e-017  0.00e+000  0.00e+000  0.00e+000  3.91e-004  4.14e-001  5.83e-001  8.10e-034  1.52e-003  4.49e-004  1.84e-004  
3.33598e+016 3.16e-017  0.00e+000  0.00e+000  2.53e-056  6.84e-004  4.12e-001  5.82e-001  5.16e-033  3.17e-003  1.75e-003  3.93e-004  
3.42055e+016 2.87e-017  0.00e+000  0.00e+000  1.77e-016  7.22e-004  4.11e-001  5.82e-001  1.61e-032  3.87e-003  1.58e-003  4.36e-004  
3.44017e+016 2.80e-017  0.00e+000  0.00e+000  9.25e-010  7.32e-004  4.11e-001  5.82e-001  2.44e-032  4.11e-003  1.55e-003  4.50e-004  
3.46353e+016 2.73e-017  0.00e+000  0.00e+000  3.16e-003  7.44e-004  4.11e-001  5.79e-001  4.55e-032  4.44e-003  1.56e-003  4.62e-004  
3.48860e+016 2.97e-017  0.00e+000  0.00e+000  1.13e-001  6.78e-004  3.64e-001  5.16e-001  9.71e-032  4.35e-003  1.51e-003  4.28e-004  
3.51370e+016 4.86e-017  4.26e-077  0.00e+000  4.81e-001  4.13e-004  2.12e-001  3.02e-001  1.85e-031  2.88e-003  1.12e-003  2.63e-004  
3.53250e+016 9.31e-017  9.64e-059  0.00e+000  7.39e-001  2.25e-004  1.07e-001  1.51e-001  2.95e-031  1.62e-003  7.68e-004  1.39e-004  
3.55515e+016 2.28e-016  4.00e-038  0.00e+000  8.95e-001  1.07e-004  4.31e-002  6.10e-002  7.10e-031  7.24e-004  5.35e-004  5.70e-005  
3.57182e+016 4.48e-016  5.90e-024  0.00e+000  9.45e-001  6.63e-005  2.26e-002  3.19e-002  1.97e-030  4.00e-004  4.69e-004  2.93e-005  
3.58524e+016 7.79e-016  2.55e-016  0.00e+000  9.67e-001  4.52e-005  1.32e-002  1.87e-002  6.02e-030  2.46e-004  4.55e-004  1.69e-005  
3.60047e+016 9.61e-016  1.62e-007  0.00e+000  9.72e-001  4.36e-005  1.10e-002  1.56e-002  4.90e-029  2.17e-004  6.99e-004  1.40e-005  
3.61718e+016 1.27e-015  1.63e-002  3.31e-056  9.61e-001  3.89e-005  8.67e-003  1.23e-002  8.59e-028  1.82e-004  9.93e-004  1.07e-005  
3.62899e+016 2.74e-015  4.27e-001  1.11e-045  5.62e-001  1.99e-005  4.12e-003  5.88e-003  5.69e-027  9.16e-005  6.13e-004  5.04e-006  
3.63893e+016 8.46e-015  7.67e-001  2.03e-029  2.29e-001  6.99e-006  1.38e-003  1.96e-003  2.38e-026  3.20e-005  2.21e-004  1.65e-006  
3.64972e+016 3.10e-014  9.15e-001  2.08e-014  8.38e-002  2.07e-006  3.90e-004  5.54e-004  1.43e-025  9.54e-006  6.12e-005  4.61e-007  
3.66124e+016 8.93e-014  9.58e-001  3.80e-008  4.21e-002  7.79e-007  1.42e-004  2.02e-004  1.92e-024  3.70e-006  2.02e-005  1.64e-007  
3.67348e+016 2.51e-013  9.76e-001  1.52e-004  2.37e-002  3.02e-007  5.38e-005  7.61e-005  4.54e-023  1.50e-006  6.65e-006  6.02e-008  
3.68621e+016 6.71e-013  9.61e-001  2.30e-002  1.56e-002  1.23e-007  2.16e-005  3.07e-005  1.67e-021  6.57e-007  2.50e-006  2.34e-008  
3.69700e+016 1.54e-012  9.13e-001  7.51e-002  1.18e-002  5.77e-008  1.02e-005  1.44e-005  3.89e-020  3.33e-007  1.07e-006  1.07e-008  
3.70376e+016 2.60e-012  8.79e-001  1.10e-001  1.04e-002  3.59e-008  6.45e-006  9.06e-006  2.78e-019  2.21e-007  6.07e-007  6.60e-009  
3.71087e+016 4.42e-012  8.42e-001  1.49e-001  9.75e-003  2.24e-008  4.09e-006  5.72e-006  2.18e-018  1.48e-007  3.39e-007  4.07e-009  
3.71826e+016 7.65e-012  8.09e-001  1.82e-001  9.55e-003  1.37e-008  2.61e-006  3.61e-006  1.75e-017  9.92e-008  1.83e-007  2.51e-009  
3.72589e+016 1.34e-011  7.78e-001  2.12e-001  9.88e-003  8.46e-009  1.70e-006  2.30e-006  1.35e-016  6.83e-008  9.58e-008  1.56e-009  
3.73370e+016 2.37e-011  7.53e-001  2.37e-001  1.07e-002  5.20e-009  1.14e-006  1.49e-006  9.05e-016  4.86e-008  4.74e-008  9.89e-010  
3.74165e+016 4.14e-011  7.22e-001  2.66e-001  1.18e-002  3.50e-009  8.26e-007  1.01e-006  5.10e-015  3.72e-008  2.29e-008  6.45e-010  
3.74829e+016 6.55e-011  7.07e-001  2.81e-001  1.26e-002  3.22e-009  6.68e-007  7.72e-007  1.85e-014  3.16e-008  1.23e-008  4.61e-010  
3.75505e+016 1.00e-010  6.82e-001  3.05e-001  1.31e-002  4.40e-009  5.95e-007  6.38e-007  6.49e-014  2.93e-008  6.87e-009  3.36e-010  
3.76194e+016 1.42e-010  6.69e-001  3.18e-001  1.31e-002  7.02e-009  5.98e-007  5.95e-007  2.50e-013  3.09e-008  4.41e-009  2.51e-010  
3.76839e+016 1.76e-010  6.48e-001  3.39e-001  1.31e-002  9.55e-009  6.94e-007  6.42e-007  1.10e-012  3.73e-008  3.48e-009  1.95e-010  
3.76854e+016 1.76e-010  6.47e-001  3.40e-001  1.31e-002  9.65e-009  6.98e-007  6.47e-007  1.14e-012  3.76e-008  3.48e-009  1.95e-010  
3.76877e+016 1.77e-010  6.48e-001  3.39e-001  1.31e-002  9.69e-009  6.99e-007  6.48e-007  1.21e-012  3.79e-008  3.45e-009  1.92e-010  
3.76917e+016 1.78e-010  6.46e-001  3.41e-001  1.32e-002  9.83e-009  7.14e-007  6.58e-007  1.35e-012  3.87e-008  3.44e-009  1.91e-010  
3.76980e+016 1.80e-010  6.45e-001  3.42e-001  1.32e-002  1.01e-008  7.34e-007  6.73e-007  1.60e-012  3.99e-008  3.41e-009  1.86e-010  
3.77083e+016 1.81e-010  6.45e-001  3.42e-001  1.32e-002  1.04e-008  7.71e-007  7.00e-007  2.14e-012  4.22e-008  3.37e-009  1.79e-010  
3.77248e+016 1.79e-010  6.43e-001  3.43e-001  1.33e-002  1.11e-008  8.56e-007  7.72e-007  3.59e-012  4.75e-008  3.34e-009  1.68e-010  
3.77450e+016 1.60e-010  6.37e-001  3.50e-001  1.33e-002  1.30e-008  1.07e-006  9.49e-007  7.86e-012  6.00e-008  2.85e-009  1.57e-010  
3.77655e+016 2.22e-011  6.30e-001  3.57e-001  1.30e-002  9.58e-008  8.63e-006  7.51e-006  1.38e-010  4.90e-007  4.72e-009  1.47e-010  
3.77936e+016 7.68e-015  5.89e-001  3.44e-001  1.18e-002  2.84e-004  2.88e-002  2.46e-002  8.55e-007  1.67e-003  8.60e-006  1.27e-010  
3.78016e+016 1.11e-015  3.76e-001  2.20e-001  7.45e-003  1.97e-003  2.06e-001  1.76e-001  6.96e-006  1.21e-002  5.80e-005  7.94e-011  
3.78111e+016 5.54e-016  1.05e-001  6.19e-002  2.06e-003  3.97e-003  4.33e-001  3.68e-001  1.69e-005  2.55e-002  1.14e-004  2.15e-011  
3.78273e+016 5.58e-016  7.15e-002  4.28e-002  1.38e-003  3.98e-003  4.62e-001  3.91e-001  2.29e-005  2.74e-002  1.10e-004  1.41e-011  
3.78530e+016 6.10e-016  6.41e-002  3.88e-002  1.20e-003  3.69e-003  4.70e-001  3.93e-001  3.47e-005  2.85e-002  9.39e-005  1.18e-011  
3.78818e+016 6.73e-016  5.66e-002  3.54e-002  1.03e-003  3.39e-003  4.79e-001  3.95e-001  5.83e-005  2.94e-002  7.77e-005  9.71e-012  
3.79076e+016 7.31e-016  5.09e-002  3.27e-002  9.09e-004  3.14e-003  4.84e-001  3.98e-001  9.65e-005  3.04e-002  6.29e-005  8.23e-012  
3.79253e+016 7.71e-016  4.73e-002  3.10e-002  8.39e-004  3.01e-003  4.87e-001  3.99e-001  1.40e-004  3.10e-002  5.41e-005  7.40e-012  
3.79502e+016 8.31e-016  4.32e-002  2.86e-002  7.48e-004  2.81e-003  4.92e-001  4.01e-001  2.39e-004  3.18e-002  4.32e-005  6.38e-012  
3.79755e+016 8.94e-016  3.97e-002  2.65e-002  6.74e-004  2.64e-003  4.96e-001  4.02e-001  4.24e-004  3.26e-002  3.46e-005  5.56e-012  
3.79897e+016 9.29e-016  3.79e-002  2.56e-002  6.36e-004  2.55e-003  4.97e-001  4.03e-001  5.84e-004  3.29e-002  3.06e-005  5.16e-012  
3.79918e+016 9.34e-016  3.76e-002  2.55e-002  6.30e-004  2.54e-003  4.98e-001  4.02e-001  6.14e-004  3.31e-002  3.01e-005  5.11e-012  
3.79956e+016 9.45e-016  3.70e-002  2.52e-002  6.20e-004  2.51e-003  4.99e-001  4.02e-001  6.67e-004  3.31e-002  2.91e-005  5.00e-012  
3.80017e+016 9.61e-016  3.63e-002  2.49e-002  6.05e-004  2.47e-003  4.99e-001  4.03e-001  7.64e-004  3.33e-002  2.76e-005  4.84e-012  
3.80129e+016 9.90e-016  3.50e-002  2.42e-002  5.79e-004  2.40e-003  5.00e-001  4.03e-001  9.77e-004  3.36e-002  2.51e-005  4.57e-012  
3.80319e+016 1.04e-015  3.30e-002  2.33e-002  5.42e-004  2.29e-003  5.02e-001  4.03e-001  1.48e-003  3.42e-002  2.14e-005  4.17e-012  
3.80578e+016 1.11e-015  3.06e-002  2.19e-002  4.95e-004  2.14e-003  5.04e-001  4.04e-001  2.58e-003  3.50e-002  1.75e-005  3.70e-012  
3.80629e+016 1.13e-015  3.02e-002  2.16e-002  4.86e-004  2.12e-003  5.04e-001  4.04e-001  2.85e-003  3.52e-002  1.68e-005  3.62e-012  
3.80713e+016 1.15e-015  2.96e-002  2.12e-002  4.73e-004  2.07e-003  5.04e-001  4.03e-001  3.36e-003  3.55e-002  1.58e-005  3.49e-012  
3.80859e+016 1.19e-015  2.85e-002  2.05e-002  4.52e-004  2.00e-003  5.05e-001  4.03e-001  4.40e-003  3.59e-002  1.42e-005  3.29e-012  
3.81083e+016 1.25e-015  2.69e-002  1.97e-002  4.20e-004  1.89e-003  5.05e-001  4.03e-001  6.62e-003  3.66e-002  1.20e-005  2.99e-012  
3.81265e+016 1.31e-015  2.56e-002  1.91e-002  3.99e-004  1.81e-003  5.05e-001  4.02e-001  8.94e-003  3.71e-002  1.05e-005  2.78e-012  
3.81480e+016 1.37e-015  2.43e-002  1.84e-002  3.76e-004  1.72e-003  5.05e-001  4.00e-001  1.20e-002  3.78e-002  8.88e-006  2.56e-012  
3.81769e+016 1.46e-015  2.28e-002  1.74e-002  3.47e-004  1.62e-003  5.04e-001  3.98e-001  1.72e-002  3.86e-002  6.90e-006  2.31e-012  
3.81836e+016 1.48e-015  2.25e-002  1.72e-002  3.42e-004  1.60e-003  5.03e-001  3.98e-001  1.83e-002  3.87e-002  6.44e-006  2.26e-012  
3.81952e+016 1.52e-015  2.20e-002  1.68e-002  3.32e-004  1.57e-003  5.03e-001  3.97e-001  2.02e-002  3.90e-002  5.71e-006  2.18e-012  
3.82149e+016 1.58e-015  2.11e-002  1.64e-002  3.15e-004  1.53e-003  5.02e-001  3.96e-001  2.31e-002  3.95e-002  4.48e-006  2.04e-012  
3.82433e+016 1.67e-015  2.00e-002  1.58e-002  2.96e-004  1.49e-003  5.02e-001  3.95e-001  2.52e-002  4.02e-002  2.94e-006  1.86e-012  
3.82740e+016 1.75e-015  1.91e-002  1.53e-002  2.80e-004  1.47e-003  5.03e-001  3.95e-001  2.39e-002  4.13e-002  1.65e-006  1.72e-012  
3.83054e+016 1.83e-015  1.84e-002  1.48e-002  2.67e-004  1.46e-003  5.07e-001  3.97e-001  1.86e-002  4.25e-002  8.03e-007  1.61e-012  
3.83376e+016 1.90e-015  1.77e-002  1.46e-002  2.55e-004  1.42e-003  5.10e-001  4.00e-001  1.21e-002  4.38e-002  3.61e-007  1.50e-012  
3.83751e+016 1.99e-015  1.71e-002  1.43e-002  2.44e-004  1.31e-003  5.13e-001  4.01e-001  7.59e-003  4.54e-002  1.80e-007  1.40e-012  
3.84132e+016 2.09e-015  1.65e-002  1.39e-002  2.33e-004  1.13e-003  5.13e-001  4.00e-001  8.91e-003  4.68e-002  1.42e-007  1.31e-012  
3.84531e+016 2.20e-015  1.59e-002  1.36e-002  2.21e-004  9.59e-004  5.09e-001  3.95e-001  1.80e-002  4.77e-002  1.39e-007  1.22e-012  
3.84962e+016 2.33e-015  1.52e-002  1.33e-002  2.11e-004  9.83e-004  4.98e-001  3.88e-001  3.55e-002  4.89e-002  1.36e-007  1.13e-012  
3.85449e+016 2.43e-015  1.48e-002  1.30e-002  2.03e-004  1.62e-003  4.98e-001  3.86e-001  3.58e-002  5.10e-002  1.25e-007  1.07e-012  
3.85990e+016 2.48e-015  1.47e-002  1.30e-002  1.99e-004  3.91e-003  5.03e-001  3.90e-001  2.06e-002  5.44e-002  1.15e-007  1.02e-012  
3.86597e+016 2.55e-015  1.41e-002  1.28e-002  1.91e-004  1.02e-002  5.06e-001  3.90e-001  9.02e-003  5.80e-002  1.14e-007  9.57e-013  
3.87288e+016 2.64e-015  1.31e-002  1.21e-002  1.77e-004  2.73e-002  4.96e-001  3.82e-001  9.23e-003  6.05e-002  1.15e-007  8.59e-013  
3.88139e+016 2.81e-015  1.08e-002  9.99e-003  1.45e-004  7.50e-002  4.69e-001  3.59e-001  1.35e-002  6.19e-002  1.10e-007  6.86e-013  
3.89093e+016 3.08e-015  7.18e-003  6.76e-003  9.58e-005  1.66e-001  4.19e-001  3.20e-001  2.04e-002  6.07e-002  9.39e-008  4.42e-013  
3.90068e+016 3.42e-015  3.72e-003  3.54e-003  4.92e-005  2.78e-001  3.57e-001  2.72e-001  2.89e-002  5.68e-002  7.44e-008  2.23e-013  
3.91088e+016 3.76e-015  1.39e-003  1.33e-003  1.84e-005  3.86e-001  2.95e-001  2.26e-001  3.88e-002  5.21e-002  5.85e-008  8.19e-014  
3.92181e+016 4.07e-015  3.39e-004  3.27e-004  4.47e-006  4.76e-001  2.41e-001  1.84e-001  5.01e-002  4.76e-002  5.50e-008  1.96e-014  
3.93325e+016 4.30e-015  5.42e-005  5.21e-005  7.17e-007  5.47e-001  1.97e-001  1.51e-001  6.17e-002  4.38e-002  7.47e-008  3.12e-015  
3.94519e+016 4.43e-015  1.07e-005  1.03e-005  1.42e-007  6.01e-001  1.62e-001  1.24e-001  7.32e-002  4.05e-002  1.22e-007  6.12e-016  
3.95803e+016 4.48e-015  1.01e-005  9.64e-006  1.33e-007  6.47e-001  1.32e-001  1.01e-001  8.30e-002  3.73e-002  1.95e-007  5.74e-016  
3.97190e+016 4.47e-015  1.42e-005  1.36e-005  1.89e-007  6.87e-001  1.07e-001  8.17e-002  9.00e-002  3.45e-002  2.80e-007  8.10e-016  
3.98699e+016 4.41e-015  1.83e-005  1.74e-005  2.47e-007  7.25e-001  8.50e-002  6.50e-002  9.32e-002  3.15e-002  3.63e-007  1.06e-015  
4.00514e+016 4.32e-015  2.17e-005  2.05e-005  2.99e-007  7.66e-001  6.46e-002  4.98e-002  9.15e-002  2.78e-002  4.28e-007  1.28e-015  
4.02549e+016 4.19e-015  2.38e-005  2.20e-005  3.31e-007  8.06e-001  4.77e-002  3.67e-002  8.56e-002  2.41e-002  4.65e-007  1.44e-015  
4.04761e+016 4.03e-015  2.48e-005  2.23e-005  3.55e-007  8.40e-001  3.47e-002  2.68e-002  7.79e-002  2.01e-002  4.79e-007  1.56e-015  
4.07070e+016 3.83e-015  2.56e-005  2.24e-005  3.76e-007  8.69e-001  2.50e-002  1.95e-002  7.02e-002  1.65e-002  4.85e-007  1.69e-015  
4.09451e+016 3.57e-015  2.73e-005  2.33e-005  4.12e-007  8.90e-001  1.82e-002  1.43e-002  6.38e-002  1.33e-002  5.12e-007  1.92e-015  
4.11988e+016 3.21e-015  3.09e-005  2.55e-005  4.88e-007  9.05e-001  1.33e-002  1.06e-002  6.00e-002  1.06e-002  5.69e-007  2.36e-015  
4.14624e+016 2.75e-015  3.71e-005  2.94e-005  6.11e-007  9.14e-001  9.97e-003  8.15e-003  5.97e-002  8.52e-003  6.73e-007  3.09e-015  
4.17462e+016 2.16e-015  4.61e-005  3.45e-005  7.97e-007  9.13e-001  7.83e-003  6.67e-003  6.58e-002  6.95e-003  8.11e-007  4.28e-015  
4.20512e+016 1.52e-015  5.33e-005  3.81e-005  9.92e-007  9.00e-001  6.42e-003  5.96e-003  8.21e-002  5.87e-003  9.19e-007  5.67e-015  
4.23867e+016 9.26e-016  5.20e-005  3.48e-005  1.05e-006  8.63e-001  5.66e-003  6.17e-003  1.20e-001  5.20e-003  8.55e-007  6.50e-015  
4.27356e+016 5.12e-016  3.71e-005  2.32e-005  8.22e-007  7.87e-001  5.20e-003  7.52e-003  1.95e-001  4.71e-003  5.59e-007  5.63e-015  
4.30994e+016 2.82e-016  2.14e-005  1.24e-005  5.35e-007  6.66e-001  4.61e-003  1.05e-002  3.15e-001  4.00e-003  2.47e-007  4.04e-015  
4.34671e+016 1.78e-016  1.45e-005  7.75e-006  4.12e-007  5.50e-001  3.65e-003  1.48e-002  4.29e-001  3.00e-003  8.03e-008  3.53e-015  
4.38104e+016 1.12e-016  1.91e-005  9.43e-006  6.26e-007  6.21e-001  3.38e-003  2.35e-002  3.50e-001  2.63e-003  4.97e-008  6.01e-015  
4.41007e+016 8.61e-017  2.53e-005  1.16e-005  9.39e-007  7.52e-001  3.26e-003  3.19e-002  2.10e-001  2.40e-003  4.83e-008  1.00e-014  
4.42181e+016 8.19e-017  2.75e-005  1.23e-005  1.08e-006  8.00e-001  3.18e-003  3.44e-002  1.60e-001  2.28e-003  4.84e-008  1.21e-014  
4.42811e+016 7.98e-017  2.89e-005  1.28e-005  1.18e-006  8.23e-001  3.16e-003  3.58e-002  1.35e-001  2.24e-003  4.82e-008  1.34e-014  
4.43809e+016 8.04e-017  3.03e-005  1.31e-005  1.31e-006  8.41e-001  3.02e-003  3.64e-002  1.18e-001  2.10e-003  4.74e-008  1.54e-014  
4.45030e+016 8.10e-017  3.26e-005  1.36e-005  1.48e-006  8.64e-001  2.93e-003  3.74e-002  9.37e-002  1.97e-003  4.49e-008  1.85e-014  
4.45401e+016 7.99e-017  3.39e-005  1.39e-005  1.58e-006  8.81e-001  2.95e-003  3.83e-002  7.62e-002  1.98e-003  4.38e-008  1.99e-014  
4.45998e+016 7.99e-017  3.55e-005  1.43e-005  1.70e-006  8.91e-001  2.94e-003  3.89e-002  6.55e-002  1.94e-003  4.00e-008  2.20e-014  
4.46779e+016 8.22e-017  3.72e-005  1.45e-005  1.85e-006  8.95e-001  2.86e-003  3.87e-002  6.11e-002  1.85e-003  3.88e-008  2.47e-014  
4.48006e+016 8.48e-017  4.06e-005  1.53e-005  2.15e-006  9.09e-001  2.80e-003  3.88e-002  4.80e-002  1.77e-003  3.66e-008  3.03e-014  
4.48529e+016 8.45e-017  4.30e-005  1.57e-005  2.36e-006  9.23e-001  2.82e-003  3.94e-002  3.28e-002  1.76e-003  3.50e-008  3.38e-014  
4.48834e+016 8.43e-017  4.45e-005  1.61e-005  2.48e-006  9.26e-001  2.83e-003  3.98e-002  2.93e-002  1.76e-003  3.15e-008  3.61e-014  
4.49346e+016 8.61e-017  4.61e-005  1.67e-005  2.65e-006  9.27e-001  2.80e-003  3.96e-002  2.93e-002  1.72e-003  3.02e-008  3.95e-014  
4.49870e+016 8.82e-017  4.79e-005  1.72e-005  2.85e-006  9.28e-001  2.76e-003  3.94e-002  2.82e-002  1.67e-003  3.02e-008  4.33e-014  
4.50684e+016 9.08e-017  5.13e-005  1.81e-005  3.19e-006  9.32e-001  2.73e-003  3.91e-002  2.45e-002  1.62e-003  2.94e-008  5.05e-014  
4.51867e+016 9.43e-017  5.72e-005  1.91e-005  3.80e-006  9.38e-001  2.69e-003  3.89e-002  1.86e-002  1.57e-003  2.74e-008  6.32e-014  
4.51946e+016 9.36e-017  5.79e-005  1.92e-005  3.92e-006  9.43e-001  2.72e-003  3.93e-002  1.31e-002  1.58e-003  2.69e-008  6.53e-014  
4.52061e+016 9.32e-017  5.92e-005  1.95e-005  4.05e-006  9.44e-001  2.75e-003  3.96e-002  1.15e-002  1.59e-003  2.53e-008  6.77e-014  
4.52265e+016 9.35e-017  6.07e-005  1.99e-005  4.18e-006  9.45e-001  2.75e-003  3.97e-002  1.13e-002  1.58e-003  2.34e-008  7.07e-014  
4.52632e+016 9.48e-017  6.31e-005  2.03e-005  4.42e-006  9.45e-001  2.73e-003  3.95e-002  1.14e-002  1.56e-003  2.26e-008  7.60e-014  
4.53239e+016 9.77e-017  6.69e-005  2.09e-005  4.83e-006  9.45e-001  2.69e-003  3.91e-002  1.13e-002  1.51e-003  2.28e-008  8.55e-014  
4.54167e+016 1.02e-016  7.30e-005  2.23e-005  5.55e-006  9.47e-001  2.66e-003  3.86e-002  9.69e-003  1.46e-003  2.26e-008  1.03e-013  
4.55446e+016 1.06e-016  8.28e-005  2.44e-005  6.87e-006  9.51e-001  2.64e-003  3.81e-002  7.10e-003  1.40e-003  2.12e-008  1.36e-013  
4.55658e+016 1.07e-016  8.45e-005  2.44e-005  7.12e-006  9.52e-001  2.63e-003  3.80e-002  6.26e-003  1.39e-003  2.08e-008  1.42e-013  
4.55697e+016 1.06e-016  8.62e-005  2.41e-005  7.28e-006  9.53e-001  2.66e-003  3.85e-002  4.67e-003  1.41e-003  2.08e-008  1.45e-013  
4.55761e+016 1.06e-016  8.73e-005  2.42e-005  7.41e-006  9.53e-001  2.67e-003  3.85e-002  3.93e-003  1.42e-003  1.99e-008  1.48e-013  
4.55871e+016 1.06e-016  8.87e-005  2.45e-005  7.58e-006  9.53e-001  2.68e-003  3.87e-002  3.78e-003  1.41e-003  1.88e-008  1.52e-013  
4.56066e+016 1.06e-016  9.13e-005  2.52e-005  7.89e-006  9.53e-001  2.69e-003  3.89e-002  3.79e-003  1.41e-003  1.78e-008  1.60e-013  
4.56410e+016 1.08e-016  9.44e-005  2.59e-005  8.33e-006  9.54e-001  2.67e-003  3.84e-002  3.78e-003  1.39e-003  1.75e-008  1.72e-013  
4.56849e+016 1.10e-016  9.81e-005  2.70e-005  9.01e-006  9.54e-001  2.65e-003  3.82e-002  3.79e-003  1.36e-003  1.79e-008  1.90e-013  
4.57241e+016 1.12e-016  1.03e-004  2.77e-005  9.63e-006  9.54e-001  2.63e-003  3.78e-002  3.68e-003  1.35e-003  1.81e-008  2.07e-013  
4.57850e+016 1.15e-016  1.09e-004  2.85e-005  1.06e-005  9.55e-001  2.61e-003  3.73e-002  3.33e-003  1.31e-003  1.82e-008  2.35e-013  
4.58802e+016 1.19e-016  1.22e-004  2.98e-005  1.25e-005  9.56e-001  2.59e-003  3.69e-002  2.65e-003  1.28e-003  1.79e-008  2.92e-013  
4.59720e+016 1.23e-016  1.34e-004  3.13e-005  1.47e-005  9.57e-001  2.57e-003  3.65e-002  2.04e-003  1.23e-003  1.76e-008  3.59e-013  
4.59734e+016 1.23e-016  1.34e-004  3.09e-005  1.48e-005  9.58e-001  2.57e-003  3.66e-002  1.83e-003  1.23e-003  1.75e-008  3.61e-013  
4.59759e+016 1.22e-016  1.35e-004  3.09e-005  1.51e-005  9.58e-001  2.59e-003  3.69e-002  1.40e-003  1.25e-003  1.75e-008  3.68e-013  
4.59802e+016 1.22e-016  1.36e-004  3.10e-005  1.53e-005  9.58e-001  2.60e-003  3.69e-002  1.14e-003  1.25e-003  1.71e-008  3.75e-013  
4.59873e+016 1.22e-016  1.38e-004  3.14e-005  1.56e-005  9.58e-001  2.60e-003  3.70e-002  1.04e-003  1.25e-003  1.66e-008  3.84e-013  
4.59993e+016 1.21e-016  1.42e-004  3.20e-005  1.62e-005  9.57e-001  2.64e-003  3.74e-002  1.02e-003  1.25e-003  1.63e-008  4.00e-013  
4.60196e+016 1.21e-016  1.47e-004  3.26e-005  1.69e-005  9.57e-001  2.65e-003  3.75e-002  1.03e-003  1.26e-003  1.62e-008  4.23e-013  
4.60580e+016 1.23e-016  1.53e-004  3.31e-005  1.80e-005  9.58e-001  2.64e-003  3.73e-002  1.03e-003  1.24e-003  1.65e-008  4.62e-013  
4.61139e+016 1.26e-016  1.62e-004  3.45e-005  1.98e-005  9.58e-001  2.61e-003  3.69e-002  1.03e-003  1.22e-003  1.73e-008  5.24e-013  
4.61801e+016 1.31e-016  1.72e-004  3.59e-005  2.20e-005  9.59e-001  2.57e-003  3.60e-002  9.36e-004  1.18e-003  1.77e-008  6.03e-013  
4.62829e+016 1.36e-016  1.92e-004  3.82e-005  2.66e-005  9.60e-001  2.54e-003  3.55e-002  7.33e-004  1.14e-003  1.86e-008  7.69e-013  
4.63958e+016 1.42e-016  2.18e-004  3.96e-005  3.26e-005  9.60e-001  2.54e-003  3.52e-002  5.20e-004  1.10e-003  1.98e-008  1.01e-012  
4.64165e+016 1.42e-016  2.25e-004  3.99e-005  3.42e-005  9.60e-001  2.55e-003  3.53e-002  4.77e-004  1.10e-003  2.02e-008  1.07e-012  
4.64187e+016 1.42e-016  2.22e-004  3.93e-005  3.45e-005  9.60e-001  2.55e-003  3.53e-002  3.74e-004  1.10e-003  2.01e-008  1.08e-012  
4.64224e+016 1.41e-016  2.26e-004  3.85e-005  3.52e-005  9.60e-001  2.57e-003  3.56e-002  2.79e-004  1.12e-003  2.02e-008  1.10e-012  
4.64286e+016 1.41e-016  2.29e-004  3.85e-005  3.58e-005  9.60e-001  2.57e-003  3.56e-002  2.29e-004  1.11e-003  2.02e-008  1.13e-012  
4.64396e+016 1.40e-016  2.35e-004  3.94e-005  3.72e-005  9.60e-001  2.60e-003  3.60e-002  2.11e-004  1.12e-003  2.06e-008  1.17e-012  
4.64596e+016 1.39e-016  2.44e-004  4.07e-005  3.92e-005  9.59e-001  2.63e-003  3.64e-002  2.11e-004  1.13e-003  2.12e-008  1.26e-012  
4.64933e+016 1.39e-016  2.57e-004  4.22e-005  4.24e-005  9.59e-001  2.66e-003  3.67e-002  2.13e-004  1.13e-003  2.24e-008  1.38e-012  
4.65501e+016 1.42e-016  2.74e-004  4.30e-005  4.66e-005  9.59e-001  2.65e-003  3.63e-002  2.15e-004  1.11e-003  2.41e-008  1.58e-012  
4.66259e+016 1.47e-016  2.96e-004  4.29e-005  5.29e-005  9.60e-001  2.61e-003  3.57e-002  1.98e-004  1.08e-003  2.64e-008  1.88e-012  
4.67450e+016 1.53e-016  3.33e-004  4.56e-005  6.53e-005  9.61e-001  2.59e-003  3.52e-002  1.46e-004  1.05e-003  3.08e-008  2.51e-012  
4.68726e+016 1.57e-016  3.83e-004  4.76e-005  8.46e-005  9.61e-001  2.61e-003  3.51e-002  9.54e-005  1.02e-003  3.72e-008  3.53e-012  
4.69009e+016 1.58e-016  3.96e-004  4.75e-005  8.97e-005  9.61e-001  2.62e-003  3.51e-002  8.59e-005  1.02e-003  3.89e-008  3.80e-012  
4.69024e+016 1.58e-016  3.95e-004  4.70e-005  8.97e-005  9.61e-001  2.62e-003  3.51e-002  8.09e-005  1.02e-003  3.89e-008  3.82e-012  
4.69048e+016 1.58e-016  3.99e-004  4.59e-005  9.04e-005  9.61e-001  2.62e-003  3.51e-002  6.83e-005  1.02e-003  3.89e-008  3.85e-012  
4.69090e+016 1.57e-016  4.03e-004  4.39e-005  9.16e-005  9.60e-001  2.64e-003  3.54e-002  5.22e-005  1.03e-003  3.94e-008  3.92e-012  
4.69160e+016 1.55e-016  4.10e-004  4.19e-005  9.47e-005  9.60e-001  2.68e-003  3.59e-002  3.79e-005  1.04e-003  4.08e-008  4.06e-012  
4.69279e+016 1.54e-016  4.21e-004  4.25e-005  9.85e-005  9.59e-001  2.70e-003  3.62e-002  3.10e-005  1.04e-003  4.25e-008  4.24e-012  
4.69476e+016 1.51e-016  4.42e-004  4.44e-005  1.05e-004  9.58e-001  2.77e-003  3.71e-002  2.99e-005  1.06e-003  4.53e-008  4.58e-012  
4.69806e+016 1.49e-016  4.67e-004  4.66e-005  1.14e-004  9.58e-001  2.83e-003  3.78e-002  3.05e-005  1.08e-003  4.92e-008  5.10e-012  
4.70337e+016 1.47e-016  5.05e-004  4.97e-005  1.30e-004  9.57e-001  2.91e-003  3.87e-002  3.18e-005  1.10e-003  5.55e-008  6.02e-012  
4.70622e+016 1.48e-016  5.20e-004  5.03e-005  1.37e-004  9.57e-001  2.91e-003  3.87e-002  3.17e-005  1.09e-003  5.84e-008  6.48e-012  
4.71061e+016 1.50e-016  5.47e-004  5.06e-005  1.48e-004  9.56e-001  2.93e-003  3.87e-002  3.04e-005  1.09e-003  6.33e-008  7.22e-012  
4.71746e+016 1.51e-016  5.90e-004  5.01e-005  1.68e-004  9.56e-001  2.96e-003  3.90e-002  2.64e-005  1.09e-003  7.37e-008  8.63e-012  
4.72860e+016 1.52e-016  6.65e-004  4.89e-005  2.08e-004  9.55e-001  3.03e-003  3.96e-002  1.86e-005  1.08e-003  9.55e-008  1.16e-011  
4.74240e+016 1.47e-016  7.89e-004  4.99e-005  2.84e-004  9.53e-001  3.25e-003  4.20e-002  1.12e-005  1.13e-003  1.37e-007  1.75e-011  
4.74305e+016 1.47e-016  7.96e-004  4.98e-005  2.88e-004  9.52e-001  3.26e-003  4.20e-002  1.10e-005  1.14e-003  1.39e-007  1.78e-011  
4.74313e+016 1.47e-016  7.96e-004  4.98e-005  2.88e-004  9.52e-001  3.26e-003  4.20e-002  1.09e-005  1.14e-003  1.39e-007  1.78e-011  
4.74348e+016 1.47e-016  7.96e-004  4.93e-005  2.90e-004  9.52e-001  3.26e-003  4.20e-002  1.04e-005  1.14e-003  1.41e-007  1.80e-011  
4.74406e+016 1.46e-016  8.08e-004  4.77e-005  2.96e-004  9.52e-001  3.29e-003  4.24e-002  9.11e-006  1.14e-003  1.43e-007  1.84e-011  
4.74503e+016 1.44e-016  8.19e-004  4.40e-005  3.07e-004  9.51e-001  3.34e-003  4.31e-002  6.85e-006  1.16e-003  1.49e-007  1.92e-011  
4.74676e+016 1.40e-016  8.50e-004  4.36e-005  3.29e-004  9.50e-001  3.45e-003  4.44e-002  4.52e-006  1.19e-003  1.60e-007  2.08e-011  
4.74972e+016 1.32e-016  9.24e-004  4.49e-005  3.72e-004  9.46e-001  3.69e-003  4.73e-002  3.28e-006  1.26e-003  1.82e-007  2.40e-011  
4.75283e+016 1.26e-016  9.99e-004  4.58e-005  4.15e-004  9.44e-001  3.89e-003  4.98e-002  3.12e-006  1.32e-003  2.05e-007  2.74e-011  
4.75365e+016 1.24e-016  1.03e-003  4.62e-005  4.28e-004  9.43e-001  3.96e-003  5.07e-002  3.14e-006  1.35e-003  2.13e-007  2.84e-011  
4.75556e+016 1.21e-016  1.07e-003  4.74e-005  4.53e-004  9.41e-001  4.08e-003  5.22e-002  3.21e-006  1.38e-003  2.28e-007  3.07e-011  
4.75856e+016 1.16e-016  1.14e-003  5.03e-005  4.98e-004  9.38e-001  4.29e-003  5.46e-002  3.36e-006  1.44e-003  2.54e-007  3.46e-011  
4.76342e+016 1.10e-016  1.25e-003  5.31e-005  5.74e-004  9.34e-001  4.58e-003  5.81e-002  3.41e-006  1.52e-003  2.97e-007  4.14e-011  
4.77120e+016 1.02e-016  1.41e-003  5.46e-005  7.13e-004  9.28e-001  5.03e-003  6.36e-002  3.13e-006  1.65e-003  3.83e-007  5.48e-011  
4.78339e+016 9.02e-017  1.74e-003  5.54e-005  9.90e-004  9.16e-001  5.91e-003  7.38e-002  2.34e-006  1.88e-003  5.55e-007  8.40e-011  
4.79819e+016 7.24e-017  2.29e-003  5.11e-005  1.55e-003  8.92e-001  7.63e-003  9.44e-002  1.56e-006  2.37e-003  9.22e-007  1.49e-010  
4.80101e+016 6.88e-017  2.44e-003  5.15e-005  1.70e-003  8.85e-001  8.10e-003  9.99e-002  1.45e-006  2.50e-003  1.02e-006  1.69e-010  
4.80156e+016 6.81e-017  2.47e-003  5.14e-005  1.73e-003  8.84e-001  8.19e-003  1.01e-001  1.43e-006  2.53e-003  1.04e-006  1.73e-010  
4.80288e+016 6.63e-017  2.53e-003  5.14e-005  1.81e-003  8.81e-001  8.44e-003  1.04e-001  1.37e-006  2.59e-003  1.09e-006  1.82e-010  
4.80511e+016 6.32e-017  2.68e-003  5.15e-005  1.98e-003  8.74e-001  8.91e-003  1.10e-001  1.26e-006  2.72e-003  1.19e-006  2.03e-010  
4.80875e+016 5.78e-017  2.92e-003  5.05e-005  2.27e-003  8.62e-001  9.83e-003  1.20e-001  1.11e-006  2.98e-003  1.39e-006  2.40e-010  
4.81463e+016 4.91e-017  3.42e-003  4.97e-005  2.91e-003  8.35e-001  1.17e-002  1.43e-001  9.59e-007  3.50e-003  1.79e-006  3.26e-010  
4.82445e+016 3.66e-017  4.58e-003  5.51e-005  4.48e-003  7.75e-001  1.61e-002  1.95e-001  8.98e-007  4.72e-003  2.76e-006  5.46e-010  
4.83636e+016 2.58e-017  6.27e-003  5.73e-005  7.40e-003  6.74e-001  2.35e-002  2.82e-001  9.22e-007  6.74e-003  4.61e-006  1.01e-009  
4.84912e+016 1.84e-017  8.13e-003  5.28e-005  1.20e-002  5.33e-001  3.39e-002  4.03e-001  9.60e-007  9.43e-003  7.43e-006  1.86e-009  
4.86294e+016 1.40e-017  9.60e-003  4.35e-005  1.85e-002  3.68e-001  4.64e-002  5.45e-001  9.75e-007  1.24e-002  1.11e-005  3.28e-009  
4.87591e+016 1.19e-017  9.84e-003  2.89e-005  2.46e-002  2.44e-001  5.60e-002  6.51e-001  9.25e-007  1.46e-002  1.44e-005  4.99e-009  
4.88968e+016 1.09e-017  8.83e-003  1.51e-005  3.02e-002  1.63e-001  6.26e-002  7.20e-001  8.30e-007  1.58e-002  1.66e-005  7.05e-009  
4.90444e+016 1.05e-017  7.03e-003  6.34e-006  3.49e-002  1.15e-001  6.70e-002  7.60e-001  7.04e-007  1.62e-002  1.80e-005  9.59e-009  
4.91980e+016 1.04e-017  5.01e-003  2.17e-006  3.89e-002  8.39e-002  7.02e-002  7.86e-001  5.78e-007  1.64e-002  1.84e-005  1.26e-008  
4.93317e+016 1.03e-017  3.42e-003  7.15e-007  4.17e-002  6.41e-002  7.23e-002  8.02e-001  4.77e-007  1.65e-002  1.83e-005  1.58e-008  
4.94239e+016 1.03e-017  2.44e-003  2.65e-007  4.33e-002  5.31e-002  7.38e-002  8.11e-001  4.12e-007  1.65e-002  1.79e-005  1.84e-008  
4.95192e+016 1.03e-017  1.68e-003  9.13e-008  4.46e-002  4.33e-002  7.51e-002  8.19e-001  3.49e-007  1.63e-002  1.71e-005  2.13e-008  
4.96202e+016 1.03e-017  1.19e-003  3.41e-008  4.57e-002  3.50e-002  7.64e-002  8.26e-001  2.88e-007  1.60e-002  1.63e-005  2.47e-008  
4.97297e+016 1.03e-017  7.47e-004  8.64e-009  4.63e-002  2.80e-002  7.77e-002  8.31e-001  2.28e-007  1.59e-002  1.54e-005  2.89e-008  
4.98461e+016 1.04e-017  4.16e-004  1.56e-009  4.63e-002  2.25e-002  7.90e-002  8.36e-001  1.71e-007  1.56e-002  1.42e-005  3.38e-008  
4.99670e+016 1.04e-017  2.02e-004  2.08e-010  4.62e-002  1.85e-002  8.02e-002  8.39e-001  1.22e-007  1.55e-002  1.31e-005  3.95e-008  
5.00936e+016 1.05e-017  7.81e-005  2.01e-011  4.56e-002  1.58e-002  8.12e-002  8.42e-001  8.11e-008  1.51e-002  1.18e-005  4.61e-008  
5.02240e+016 1.09e-017  2.16e-005  9.23e-013  4.27e-002  1.37e-002  8.27e-002  8.47e-001  4.80e-008  1.42e-002  1.03e-005  5.18e-008  
5.03584e+016 1.14e-017  5.63e-006  5.88e-014  3.94e-002  1.25e-002  8.41e-002  8.51e-001  2.66e-008  1.30e-002  9.03e-006  5.82e-008  
5.05026e+016 1.16e-017  1.59e-006  1.69e-015  3.61e-002  1.21e-002  8.56e-002  8.54e-001  1.34e-008  1.21e-002  8.23e-006  6.75e-008  
5.05959e+016 1.16e-017  5.98e-007  9.16e-017  3.45e-002  1.21e-002  8.64e-002  8.55e-001  8.73e-009  1.19e-002  8.08e-006  7.49e-008  
5.06957e+016 1.16e-017  1.64e-007  2.99e-018  3.32e-002  1.21e-002  8.70e-002  8.56e-001  5.45e-009  1.16e-002  7.93e-006  8.29e-008  
5.07988e+016 1.17e-017  3.45e-008  1.52e-019  3.14e-002  1.23e-002  8.83e-002  8.57e-001  3.31e-009  1.14e-002  7.94e-006  9.18e-008  
5.09058e+016 1.17e-017  5.73e-009  3.68e-021  2.94e-002  1.24e-002  8.92e-002  8.58e-001  2.04e-009  1.12e-002  8.17e-006  1.02e-007  
5.10237e+016 1.17e-017  6.74e-010  4.52e-023  2.67e-002  1.24e-002  9.02e-002  8.60e-001  1.17e-009  1.10e-002  8.44e-006  1.14e-007  
5.11496e+016 1.17e-017  5.87e-011  3.08e-025  2.39e-002  1.26e-002  9.20e-002  8.61e-001  6.65e-010  1.08e-002  9.03e-006  1.29e-007  
5.12843e+016 1.18e-017  5.71e-012  1.02e-027  1.85e-002  1.28e-002  9.33e-002  8.65e-001  3.68e-010  1.06e-002  9.67e-006  1.30e-007  
5.14296e+016 1.19e-017  5.64e-013  1.72e-029  1.37e-002  1.29e-002  9.45e-002  8.69e-001  1.91e-010  1.04e-002  1.05e-005  1.30e-007  
5.15425e+016 1.18e-017  1.74e-013  6.10e-031  1.09e-002  1.30e-002  9.55e-002  8.70e-001  1.21e-010  1.03e-002  1.12e-005  1.31e-007  
5.16792e+016 1.18e-017  8.54e-015  8.63e-034  8.01e-003  1.32e-002  9.73e-002  8.71e-001  7.07e-011  1.02e-002  1.22e-005  1.33e-007  
5.18319e+016 1.19e-017  2.18e-016  4.74e-037  5.42e-003  1.33e-002  9.82e-002  8.73e-001  3.80e-011  9.99e-003  1.30e-005  1.33e-007  
5.19950e+016 1.20e-017  3.57e-018  1.11e-040  3.37e-003  1.34e-002  9.91e-002  8.74e-001  1.82e-011  9.74e-003  1.38e-005  1.32e-007  
5.21655e+016 1.20e-017  2.99e-020  1.22e-044  1.95e-003  1.36e-002  1.01e-001  8.73e-001  9.40e-012  9.65e-003  1.46e-005  1.33e-007  
5.23457e+016 1.20e-017  6.57e-022  2.99e-046  9.97e-004  1.38e-002  1.03e-001  8.73e-001  4.62e-012  9.47e-003  1.54e-005  1.34e-007  
5.25384e+016 1.21e-017  2.77e-024  9.88e-050  4.70e-004  1.40e-002  1.04e-001  8.72e-001  2.39e-012  9.38e-003  1.58e-005  1.33e-007  
5.27451e+016 1.22e-017  9.03e-027  2.02e-054  1.77e-004  1.42e-002  1.06e-001  8.70e-001  1.16e-012  9.20e-003  1.62e-005  1.34e-007  
5.29668e+016 1.23e-017  1.34e-029  7.51e-060  4.79e-005  1.43e-002  1.07e-001  8.69e-001  6.04e-013  9.02e-003  1.64e-005  1.33e-007  
5.31993e+016 1.23e-017  7.26e-033  6.16e-067  5.92e-006  1.46e-002  1.09e-001  8.67e-001  2.92e-013  8.83e-003  1.68e-005  1.34e-007  
5.34440e+016 1.24e-017  6.59e-034  1.24e-067  5.57e-007  1.48e-002  1.11e-001  8.66e-001  1.60e-013  8.74e-003  1.72e-005  1.35e-007  
5.36995e+016 1.24e-017  1.06e-038  6.74e-074  6.16e-008  1.51e-002  1.13e-001  8.63e-001  7.83e-014  8.55e-003  1.78e-005  1.36e-007  
5.39765e+016 1.24e-017  9.66e-043  0.00e+000  1.61e-009  1.54e-002  1.15e-001  8.61e-001  4.37e-014  8.45e-003  1.86e-005  1.37e-007  
5.42627e+016 1.25e-017  5.90e-044  0.00e+000  1.83e-011  1.56e-002  1.17e-001  8.59e-001  2.29e-014  8.35e-003  1.93e-005  1.38e-007  
5.45738e+016 1.25e-017  1.19e-049  0.00e+000  2.51e-013  1.58e-002  1.19e-001  8.57e-001  1.14e-014  8.17e-003  2.03e-005  1.39e-007  
5.49079e+016 1.24e-017  7.25e-051  0.00e+000  2.50e-016  1.62e-002  1.22e-001  8.54e-001  6.24e-015  8.14e-003  2.16e-005  1.42e-007  
5.52575e+016 1.24e-017  3.25e-057  0.00e+000  1.08e-018  1.64e-002  1.24e-001  8.52e-001  3.22e-015  8.04e-003  2.26e-005  1.44e-007  
5.56155e+016 1.24e-017  6.67e-059  0.00e+000  1.60e-022  1.67e-002  1.27e-001  8.48e-001  1.58e-015  7.98e-003  2.38e-005  1.46e-007  
5.59918e+016 1.23e-017  2.18e-065  0.00e+000  2.37e-025  1.70e-002  1.29e-001  8.46e-001  8.70e-016  7.94e-003  2.49e-005  1.50e-007  
5.63913e+016 1.22e-017  3.81e-068  0.00e+000  3.21e-029  1.74e-002  1.32e-001  8.43e-001  4.63e-016  7.91e-003  2.58e-005  1.53e-007  
5.68226e+016 1.22e-017  2.13e-074  0.00e+000  3.20e-036  1.75e-002  1.32e-001  8.42e-001  2.27e-016  7.78e-003  2.62e-005  1.55e-007  
5.72780e+016 1.27e-017  4.18e-077  0.00e+000  1.36e-037  1.70e-002  1.31e-001  8.44e-001  9.79e-017  7.53e-003  2.56e-005  1.53e-007  
5.77650e+016 1.33e-017  0.00e+000  0.00e+000  2.14e-045  1.64e-002  1.31e-001  8.45e-001  4.77e-017  7.39e-003  2.44e-005  1.49e-007  
5.82707e+016 1.37e-017  0.00e+000  0.00e+000  7.42e-050  1.59e-002  1.32e-001  8.44e-001  2.26e-017  7.35e-003  2.33e-005  1.46e-007  
5.88124e+016 1.43e-017  0.00e+000  0.00e+000  2.95e-059  1.53e-002  1.33e-001  8.45e-001  9.77e-018  7.26e-003  2.18e-005  1.43e-007  
5.93801e+016 1.48e-017  0.00e+000  0.00e+000  9.18e-064  1.49e-002  1.34e-001  8.44e-001  3.95e-018  7.23e-003  2.05e-005  1.41e-007  
5.99878e+016 1.54e-017  0.00e+000  0.00e+000  1.44e-071  1.44e-002  1.34e-001  8.45e-001  1.79e-018  7.15e-003  1.90e-005  1.39e-007  
6.06254e+016 1.60e-017  0.00e+000  0.00e+000  9.21e-076  1.40e-002  1.33e-001  8.45e-001  7.64e-019  7.14e-003  1.77e-005  1.37e-007  
6.12860e+016 1.65e-017  0.00e+000  0.00e+000  0.00e+000  1.37e-002  1.34e-001  8.45e-001  3.29e-019  7.11e-003  1.66e-005  1.36e-007  
6.19772e+016 1.69e-017  0.00e+000  0.00e+000  0.00e+000  1.36e-002  1.35e-001  8.45e-001  1.41e-019  7.15e-003  1.57e-005  1.35e-007  
6.27006e+016 1.75e-017  0.00e+000  0.00e+000  0.00e+000  1.34e-002  1.34e-001  8.45e-001  6.00e-020  7.14e-003  1.50e-005  1.33e-007  
6.34752e+016 1.80e-017  0.00e+000  0.00e+000  0.00e+000  1.34e-002  1.35e-001  8.45e-001  2.52e-020  7.17e-003  1.46e-005  1.33e-007  
6.43223e+016 1.85e-017  0.00e+000  0.00e+000  0.00e+000  1.35e-002  1.34e-001  8.45e-001  1.02e-020  7.20e-003  1.44e-005  1.32e-007  
6.52408e+016 1.89e-017  0.00e+000  0.00e+000  0.00e+000  1.39e-002  1.34e-001  8.45e-001  4.06e-021  7.23e-003  1.45e-005  1.33e-007  
6.62440e+016 1.94e-017  0.00e+000  0.00e+000  0.00e+000  1.44e-002  1.34e-001  8.44e-001  1.56e-021  7.31e-003  1.49e-005  1.32e-007  
6.73219e+016 1.98e-017  0.00e+000  0.00e+000  0.00e+000  1.51e-002  1.34e-001  8.43e-001  5.96e-022  7.47e-003  1.57e-005  1.34e-007  
6.84641e+016 2.03e-017  0.00e+000  0.00e+000  0.00e+000  1.61e-002  1.34e-001  8.43e-001  2.27e-022  7.54e-003  1.69e-005  1.34e-007  
6.96945e+016 2.07e-017  0.00e+000  0.00e+000  0.00e+000  1.74e-002  1.33e-001  8.42e-001  8.52e-023  7.64e-003  1.86e-005  1.35e-007  
7.10391e+016 2.11e-017  0.00e+000  0.00e+000  0.00e+000  1.93e-002  1.32e-001  8.40e-001  3.25e-023  7.74e-003  2.09e-005  1.37e-007  
7.25155e+016 2.15e-017  0.00e+000  0.00e+000  0.00e+000  2.17e-002  1.32e-001  8.39e-001  1.15e-023  7.78e-003  2.44e-005  1.38e-007  
7.42223e+016 2.19e-017  0.00e+000  0.00e+000  0.00e+000  2.52e-002  1.31e-001  8.36e-001  3.74e-024  7.91e-003  2.96e-005  1.40e-007  
7.63108e+016 2.25e-017  0.00e+000  0.00e+000  0.00e+000  3.04e-002  1.29e-001  8.33e-001  9.84e-025  7.88e-003  3.81e-005  1.42e-007  
7.86896e+016 2.30e-017  0.00e+000  0.00e+000  0.00e+000  3.83e-002  1.27e-001  8.26e-001  2.43e-025  7.92e-003  5.22e-005  1.44e-007  
8.18150e+016 2.38e-017  0.00e+000  0.00e+000  0.00e+000  5.21e-002  1.26e-001  8.14e-001  4.24e-026  7.89e-003  7.98e-005  1.46e-007  
8.55776e+016 2.51e-017  0.00e+000  0.00e+000  0.00e+000  7.54e-002  1.23e-001  7.94e-001  6.03e-027  7.74e-003  1.35e-004  1.47e-007  
9.00548e+016 2.71e-017  0.00e+000  0.00e+000  0.00e+000  1.15e-001  1.19e-001  7.58e-001  6.95e-028  7.61e-003  2.52e-004  1.47e-007  
9.53916e+016 3.06e-017  0.00e+000  0.00e+000  0.00e+000  1.85e-001  1.15e-001  6.92e-001  6.46e-029  7.41e-003  5.13e-004  1.43e-007  
1.01535e+017 3.78e-017  0.00e+000  0.00e+000  0.00e+000  2.89e-001  1.12e-001  5.91e-001  5.27e-030  7.20e-003  1.06e-003  1.32e-007  
1.09249e+017 5.53e-017  0.00e+000  0.00e+000  0.00e+000  4.18e-001  1.17e-001  4.56e-001  3.11e-031  7.43e-003  2.15e-003  1.11e-007  
1.19176e+017 1.01e-016  0.00e+000  0.00e+000  0.00e+000  4.76e-001  1.51e-001  3.59e-001  1.41e-032  9.60e-003  3.81e-003  9.04e-008  
1.32448e+017 2.11e-016  0.00e+000  0.00e+000  0.00e+000  3.58e-001  2.40e-001  3.83e-001  6.35e-034  1.44e-002  4.88e-003  8.77e-008  
