! 0       CH3OH + H3CO+ -> H2CO + CH3OH2+
! 1       CH3OH + H3O+ -> H2O + CH3OH2+
! 2       CH3OH + HCO+ -> CO + CH3OH2+
! 3       CH3OH + H3+ -> H2 + CH3OH2+
! 4       H2O + CH3+ -> CH3OH2+
! 5       CH3OH + HC3NH+ -> HC3N + CH3OH2+
! 6       CH3OH + H2CO+ -> HCO + CH3OH2+
! 7       CH3OH + HCOOH2+ -> HCOOH + CH3OH2+
! 8       CH3OH + C4H3+ -> HC4H + CH3OH2+
! 9       CH3OH + CH4+ -> CH3 + CH3OH2+
!            tot_rate   0          1          2          3          4          5          6          7          8          9          
1.58188e+013 2.34e-017  1.67e-003  2.11e-001  6.72e-001  1.14e-001  3.24e-004  5.65e-006  6.47e-004  1.38e-005  1.65e-005  1.70e-007  
3.50727e+014 2.34e-017  1.67e-003  2.11e-001  6.72e-001  1.14e-001  3.24e-004  5.65e-006  6.47e-004  1.38e-005  1.65e-005  1.70e-007  
5.21628e+015 2.33e-017  1.66e-003  2.10e-001  6.73e-001  1.14e-001  3.24e-004  5.65e-006  6.47e-004  1.37e-005  1.64e-005  1.69e-007  
2.67137e+016 1.12e-017  1.10e-003  2.03e-001  6.22e-001  1.72e-001  8.01e-004  3.10e-006  4.54e-004  3.16e-006  1.42e-005  3.20e-007  
3.33598e+016 3.98e-018  8.04e-004  1.80e-001  6.40e-001  1.76e-001  2.54e-003  1.79e-006  3.16e-004  1.45e-006  1.62e-005  1.04e-006  
3.42055e+016 3.12e-018  7.54e-004  1.76e-001  6.48e-001  1.72e-001  3.13e-003  1.60e-006  3.00e-004  1.38e-006  1.68e-005  1.13e-006  
3.44017e+016 2.93e-018  7.38e-004  1.76e-001  6.49e-001  1.71e-001  3.33e-003  1.55e-006  2.95e-004  1.36e-006  1.69e-005  1.14e-006  
3.46353e+016 2.70e-018  7.22e-004  1.75e-001  6.52e-001  1.68e-001  3.85e-003  1.49e-006  2.91e-004  1.34e-006  1.71e-005  1.17e-006  
3.48860e+016 2.47e-018  7.05e-004  1.74e-001  6.52e-001  1.66e-001  6.69e-003  1.43e-006  2.86e-004  1.32e-006  1.72e-005  1.19e-006  
3.51370e+016 2.27e-018  6.74e-004  1.70e-001  6.43e-001  1.61e-001  2.48e-002  1.34e-006  2.82e-004  1.27e-006  1.71e-005  1.19e-006  
3.53250e+016 2.20e-018  6.27e-004  1.61e-001  6.13e-001  1.50e-001  7.40e-002  1.24e-006  2.81e-004  1.20e-006  1.64e-005  1.16e-006  
3.55515e+016 2.28e-018  5.38e-004  1.40e-001  5.34e-001  1.30e-001  1.96e-001  1.03e-006  2.92e-004  1.03e-006  1.44e-005  1.04e-006  
3.57182e+016 2.37e-018  4.73e-004  1.24e-001  4.77e-001  1.14e-001  2.85e-001  8.91e-007  3.20e-004  9.08e-007  1.29e-005  9.54e-007  
3.58524e+016 2.35e-018  4.43e-004  1.16e-001  4.51e-001  1.06e-001  3.26e-001  8.13e-007  3.60e-004  8.51e-007  1.22e-005  9.28e-007  
3.60047e+016 2.25e-018  4.23e-004  1.12e-001  4.36e-001  1.01e-001  3.50e-001  7.61e-007  4.14e-004  8.19e-007  1.19e-005  9.31e-007  
3.61718e+016 2.12e-018  4.06e-004  1.08e-001  4.23e-001  9.62e-002  3.72e-001  7.07e-007  4.69e-004  7.92e-007  1.16e-005  9.38e-007  
3.62899e+016 2.04e-018  3.94e-004  1.05e-001  4.12e-001  9.27e-002  3.89e-001  6.67e-007  5.01e-004  7.70e-007  1.13e-005  9.52e-007  
3.63893e+016 1.97e-018  3.83e-004  1.03e-001  4.03e-001  8.96e-002  4.04e-001  6.43e-007  5.27e-004  7.49e-007  1.12e-005  9.67e-007  
3.64972e+016 1.91e-018  3.75e-004  9.97e-002  3.93e-001  8.62e-002  4.20e-001  6.68e-007  5.54e-004  8.04e-007  1.20e-005  1.01e-006  
3.66124e+016 1.98e-018  3.94e-004  9.43e-002  4.12e-001  8.07e-002  4.12e-001  6.76e-007  6.26e-004  8.48e-007  1.27e-005  1.07e-006  
3.67348e+016 2.59e-018  4.55e-004  1.10e-001  4.78e-001  8.14e-002  3.29e-001  7.56e-007  7.75e-004  9.91e-007  1.48e-005  1.49e-006  
3.68621e+016 5.57e-018  5.47e-004  1.33e-001  5.82e-001  8.47e-002  1.99e-001  8.81e-007  1.01e-003  1.22e-006  1.80e-005  2.62e-006  
3.69700e+016 1.39e-017  5.89e-004  1.44e-001  6.31e-001  7.97e-002  1.44e-001  9.34e-007  1.14e-003  1.37e-006  1.95e-005  4.36e-006  
3.70376e+016 2.59e-017  5.99e-004  1.47e-001  6.46e-001  7.46e-002  1.30e-001  9.44e-007  1.21e-003  1.47e-006  1.99e-005  6.07e-006  
3.71087e+016 5.02e-017  6.04e-004  1.49e-001  6.56e-001  6.80e-002  1.25e-001  9.61e-007  1.26e-003  1.62e-006  2.01e-005  8.63e-006  
3.71826e+016 9.98e-017  6.04e-004  1.49e-001  6.59e-001  6.49e-002  1.24e-001  9.95e-007  1.30e-003  1.89e-006  2.01e-005  1.23e-005  
3.72589e+016 2.03e-016  6.02e-004  1.49e-001  6.61e-001  6.22e-002  1.25e-001  1.08e-006  1.34e-003  2.41e-006  2.00e-005  1.75e-005  
3.73370e+016 4.13e-016  6.00e-004  1.50e-001  6.63e-001  5.83e-002  1.26e-001  1.28e-006  1.39e-003  3.46e-006  1.99e-005  2.41e-005  
3.74165e+016 8.50e-016  6.03e-004  1.51e-001  6.68e-001  5.33e-002  1.26e-001  1.68e-006  1.42e-003  5.56e-006  1.96e-005  3.08e-005  
3.74829e+016 1.55e-015  6.10e-004  1.53e-001  6.72e-001  4.84e-002  1.25e-001  2.33e-006  1.46e-003  8.85e-006  1.95e-005  3.51e-005  
3.75505e+016 2.84e-015  6.27e-004  1.56e-001  6.76e-001  4.30e-002  1.22e-001  3.48e-006  1.49e-003  1.50e-005  1.93e-005  3.59e-005  
3.76194e+016 5.19e-015  6.59e-004  1.64e-001  6.80e-001  3.72e-002  1.17e-001  5.55e-006  1.53e-003  2.66e-005  1.90e-005  3.39e-005  
3.76839e+016 9.01e-015  7.15e-004  1.74e-001  6.81e-001  3.22e-002  1.10e-001  8.88e-006  1.56e-003  4.65e-005  1.89e-005  3.00e-005  
3.76854e+016 9.12e-015  7.16e-004  1.74e-001  6.82e-001  3.21e-002  1.09e-001  8.97e-006  1.57e-003  4.70e-005  1.89e-005  2.99e-005  
3.76877e+016 9.31e-015  7.19e-004  1.75e-001  6.81e-001  3.19e-002  1.10e-001  9.13e-006  1.57e-003  4.81e-005  1.88e-005  2.98e-005  
3.76917e+016 9.63e-015  7.23e-004  1.76e-001  6.81e-001  3.16e-002  1.09e-001  9.40e-006  1.57e-003  4.98e-005  1.88e-005  2.95e-005  
3.76980e+016 1.02e-014  7.31e-004  1.77e-001  6.82e-001  3.11e-002  1.07e-001  9.85e-006  1.58e-003  5.27e-005  1.88e-005  2.91e-005  
3.77083e+016 1.11e-014  7.44e-004  1.79e-001  6.81e-001  3.04e-002  1.06e-001  1.06e-005  1.59e-003  5.78e-005  1.87e-005  2.83e-005  
3.77248e+016 1.28e-014  7.67e-004  1.84e-001  6.82e-001  2.92e-002  1.03e-001  1.21e-005  1.59e-003  6.74e-005  1.88e-005  2.70e-005  
3.77450e+016 1.54e-014  8.00e-004  1.89e-001  6.83e-001  2.77e-002  9.82e-002  1.41e-005  1.61e-003  8.13e-005  1.87e-005  2.56e-005  
3.77655e+016 1.85e-014  8.42e-004  1.95e-001  6.85e-001  2.64e-002  9.06e-002  1.68e-005  1.62e-003  1.02e-004  1.87e-005  2.41e-005  
3.77936e+016 1.94e-014  9.02e-004  2.04e-001  6.80e-001  2.46e-002  8.81e-002  2.07e-005  1.64e-003  1.40e-004  1.87e-005  2.23e-005  
3.78016e+016 1.96e-014  9.14e-004  2.06e-001  6.79e-001  2.40e-002  8.79e-002  2.18e-005  1.65e-003  1.51e-004  1.86e-005  2.18e-005  
3.78111e+016 1.98e-014  9.31e-004  2.08e-001  6.78e-001  2.34e-002  8.76e-002  2.31e-005  1.65e-003  1.65e-004  1.86e-005  2.13e-005  
3.78273e+016 2.01e-014  9.65e-004  2.12e-001  6.76e-001  2.24e-002  8.65e-002  2.52e-005  1.65e-003  1.89e-004  1.85e-005  2.04e-005  
3.78530e+016 2.07e-014  1.01e-003  2.18e-001  6.73e-001  2.08e-002  8.52e-002  2.85e-005  1.66e-003  2.27e-004  1.84e-005  1.92e-005  
3.78818e+016 2.12e-014  1.07e-003  2.24e-001  6.69e-001  1.93e-002  8.39e-002  3.21e-005  1.67e-003  2.71e-004  1.83e-005  1.82e-005  
3.79076e+016 2.17e-014  1.13e-003  2.31e-001  6.65e-001  1.80e-002  8.31e-002  3.54e-005  1.68e-003  3.11e-004  1.82e-005  1.75e-005  
3.79253e+016 2.20e-014  1.16e-003  2.35e-001  6.62e-001  1.72e-002  8.21e-002  3.75e-005  1.68e-003  3.38e-004  1.81e-005  1.70e-005  
3.79502e+016 2.25e-014  1.21e-003  2.41e-001  6.58e-001  1.61e-002  8.10e-002  4.04e-005  1.70e-003  3.79e-004  1.81e-005  1.65e-005  
3.79755e+016 2.30e-014  1.27e-003  2.46e-001  6.56e-001  1.51e-002  7.95e-002  4.32e-005  1.70e-003  4.19e-004  1.79e-005  1.60e-005  
3.79897e+016 2.33e-014  1.30e-003  2.50e-001  6.53e-001  1.45e-002  7.90e-002  4.47e-005  1.71e-003  4.42e-004  1.79e-005  1.58e-005  
3.79918e+016 2.33e-014  1.30e-003  2.51e-001  6.52e-001  1.45e-002  7.90e-002  4.51e-005  1.71e-003  4.46e-004  1.79e-005  1.58e-005  
3.79956e+016 2.33e-014  1.32e-003  2.52e-001  6.51e-001  1.44e-002  7.88e-002  4.54e-005  1.71e-003  4.54e-004  1.80e-005  1.57e-005  
3.80017e+016 2.35e-014  1.32e-003  2.53e-001  6.51e-001  1.41e-002  7.87e-002  4.59e-005  1.71e-003  4.64e-004  1.79e-005  1.56e-005  
3.80129e+016 2.37e-014  1.35e-003  2.55e-001  6.49e-001  1.37e-002  7.80e-002  4.72e-005  1.72e-003  4.81e-004  1.78e-005  1.54e-005  
3.80319e+016 2.41e-014  1.39e-003  2.59e-001  6.47e-001  1.31e-002  7.71e-002  4.93e-005  1.72e-003  5.10e-004  1.77e-005  1.51e-005  
3.80578e+016 2.46e-014  1.45e-003  2.65e-001  6.42e-001  1.23e-002  7.60e-002  5.16e-005  1.73e-003  5.57e-004  1.76e-005  1.48e-005  
3.80629e+016 2.46e-014  1.46e-003  2.67e-001  6.41e-001  1.21e-002  7.59e-002  5.23e-005  1.74e-003  5.64e-004  1.77e-005  1.48e-005  
3.80713e+016 2.48e-014  1.48e-003  2.69e-001  6.40e-001  1.19e-002  7.57e-002  5.31e-005  1.74e-003  5.80e-004  1.76e-005  1.47e-005  
3.80859e+016 2.51e-014  1.51e-003  2.72e-001  6.37e-001  1.15e-002  7.53e-002  5.42e-005  1.74e-003  6.05e-004  1.75e-005  1.46e-005  
3.81083e+016 2.55e-014  1.56e-003  2.78e-001  6.32e-001  1.09e-002  7.46e-002  5.66e-005  1.75e-003  6.44e-004  1.75e-005  1.44e-005  
3.81265e+016 2.58e-014  1.61e-003  2.83e-001  6.29e-001  1.05e-002  7.41e-002  5.82e-005  1.76e-003  6.79e-004  1.74e-005  1.43e-005  
3.81480e+016 2.61e-014  1.66e-003  2.88e-001  6.24e-001  1.00e-002  7.35e-002  5.97e-005  1.76e-003  7.16e-004  1.73e-005  1.42e-005  
3.81769e+016 2.67e-014  1.73e-003  2.94e-001  6.19e-001  9.45e-003  7.28e-002  6.19e-005  1.76e-003  7.65e-004  1.72e-005  1.40e-005  
3.81836e+016 2.67e-014  1.74e-003  2.96e-001  6.17e-001  9.31e-003  7.29e-002  6.24e-005  1.76e-003  7.81e-004  1.72e-005  1.39e-005  
3.81952e+016 2.70e-014  1.77e-003  2.99e-001  6.15e-001  9.08e-003  7.23e-002  6.30e-005  1.75e-003  8.01e-004  1.71e-005  1.39e-005  
3.82149e+016 2.72e-014  1.82e-003  3.05e-001  6.10e-001  8.78e-003  7.24e-002  6.47e-005  1.76e-003  8.38e-004  1.70e-005  1.38e-005  
3.82433e+016 2.77e-014  1.89e-003  3.12e-001  6.04e-001  8.31e-003  7.16e-002  6.65e-005  1.74e-003  8.89e-004  1.69e-005  1.36e-005  
3.82740e+016 2.80e-014  1.97e-003  3.20e-001  5.96e-001  7.92e-003  7.10e-002  6.82e-005  1.73e-003  9.49e-004  1.68e-005  1.35e-005  
3.83054e+016 2.84e-014  2.04e-003  3.29e-001  5.89e-001  7.51e-003  7.02e-002  6.98e-005  1.70e-003  1.01e-003  1.66e-005  1.35e-005  
3.83376e+016 2.84e-014  2.12e-003  3.38e-001  5.80e-001  7.18e-003  6.97e-002  7.11e-005  1.67e-003  1.07e-003  1.65e-005  1.35e-005  
3.83751e+016 2.79e-014  2.23e-003  3.49e-001  5.70e-001  6.84e-003  6.99e-002  7.27e-005  1.64e-003  1.14e-003  1.63e-005  1.36e-005  
3.84132e+016 2.64e-014  2.32e-003  3.58e-001  5.57e-001  6.52e-003  7.28e-002  7.39e-005  1.60e-003  1.20e-003  1.60e-005  1.33e-005  
3.84531e+016 2.29e-014  2.40e-003  3.65e-001  5.41e-001  6.15e-003  8.21e-002  7.42e-005  1.55e-003  1.24e-003  1.56e-005  1.27e-005  
3.84962e+016 1.66e-014  2.44e-003  3.66e-001  5.12e-001  5.73e-003  1.11e-001  7.29e-005  1.46e-003  1.24e-003  1.49e-005  1.23e-005  
3.85449e+016 8.38e-015  2.29e-003  3.36e-001  4.41e-001  4.88e-003  2.12e-001  6.53e-005  1.25e-003  1.13e-003  1.30e-005  1.10e-005  
3.85990e+016 2.90e-015  1.28e-003  1.83e-001  2.23e-001  2.46e-003  5.89e-001  3.44e-005  6.37e-004  5.92e-004  6.68e-006  5.82e-006  
3.86597e+016 1.65e-015  8.18e-005  1.14e-002  1.28e-002  1.42e-004  9.75e-001  2.08e-006  3.66e-005  3.54e-005  3.89e-007  3.54e-007  
3.87288e+016 1.50e-015  1.14e-006  1.59e-004  1.65e-004  1.87e-006  1.00e+000  2.81e-008  4.67e-007  4.74e-007  5.09e-009  5.08e-009  
3.88139e+016 1.37e-015  5.15e-008  7.52e-006  6.91e-006  8.25e-008  1.00e+000  1.27e-009  1.95e-008  2.11e-008  2.22e-010  2.53e-010  
3.89093e+016 1.25e-015  3.14e-009  4.94e-007  4.02e-007  5.19e-009  1.00e+000  8.08e-011  1.12e-009  1.31e-009  1.37e-011  1.74e-011  
3.90068e+016 1.17e-015  7.02e-010  1.20e-007  8.55e-008  1.22e-009  1.00e+000  1.91e-011  2.42e-010  3.01e-010  3.26e-012  4.27e-012  
3.91088e+016 1.13e-015  3.08e-010  5.65e-008  3.58e-008  5.77e-010  1.00e+000  8.94e-012  1.04e-010  1.36e-010  1.66e-012  2.03e-012  
3.92181e+016 1.15e-015  1.46e-010  2.90e-008  1.60e-008  2.98e-010  1.00e+000  4.60e-012  4.99e-011  6.67e-011  1.04e-012  1.04e-012  
3.93325e+016 1.20e-015  7.40e-011  1.57e-008  7.59e-009  1.67e-010  1.00e+000  2.55e-012  2.63e-011  3.50e-011  7.64e-013  5.83e-013  
3.94519e+016 1.27e-015  4.13e-011  9.37e-009  3.96e-009  1.04e-010  1.00e+000  1.57e-012  1.57e-011  2.02e-011  6.41e-013  3.68e-013  
3.95803e+016 1.33e-015  2.59e-011  6.25e-009  2.32e-009  7.41e-011  1.00e+000  1.11e-012  1.07e-011  1.31e-011  6.06e-013  2.71e-013  
3.97190e+016 1.38e-015  1.82e-011  4.68e-009  1.56e-009  6.01e-011  1.00e+000  8.84e-013  8.26e-012  9.57e-012  6.36e-013  2.34e-013  
3.98699e+016 1.40e-015  1.44e-011  3.94e-009  1.20e-009  5.59e-011  1.00e+000  8.14e-013  7.21e-012  7.86e-012  7.43e-013  2.40e-013  
4.00514e+016 1.38e-015  1.23e-011  3.64e-009  1.06e-009  5.86e-011  1.00e+000  8.41e-013  6.81e-012  7.08e-012  9.64e-013  2.90e-013  
4.02549e+016 1.33e-015  1.12e-011  3.65e-009  1.08e-009  6.71e-011  1.00e+000  9.62e-013  6.72e-012  6.85e-012  1.32e-012  3.96e-013  
4.04761e+016 1.25e-015  1.06e-011  3.93e-009  1.23e-009  8.24e-011  1.00e+000  1.19e-012  6.67e-012  7.03e-012  1.86e-012  5.90e-013  
4.07070e+016 1.16e-015  1.03e-011  4.47e-009  1.53e-009  1.04e-010  1.00e+000  1.54e-012  6.47e-012  7.53e-012  2.51e-012  9.05e-013  
4.09451e+016 1.07e-015  1.02e-011  5.37e-009  1.98e-009  1.36e-010  1.00e+000  2.06e-012  6.11e-012  8.44e-012  3.21e-012  1.41e-012  
4.11988e+016 9.77e-016  1.04e-011  6.98e-009  2.72e-009  1.84e-010  1.00e+000  2.90e-012  5.71e-012  1.02e-011  3.94e-012  2.30e-012  
4.14624e+016 8.84e-016  1.12e-011  9.75e-009  3.91e-009  2.58e-010  1.00e+000  4.30e-012  5.35e-012  1.31e-011  4.63e-012  3.85e-012  
4.17462e+016 7.80e-016  1.27e-011  1.49e-008  6.00e-009  3.85e-010  1.00e+000  6.81e-012  5.17e-012  1.88e-011  5.31e-012  6.71e-012  
4.20512e+016 6.62e-016  1.53e-011  2.46e-008  9.74e-009  6.07e-010  1.00e+000  1.16e-011  5.24e-012  2.96e-011  6.06e-012  1.21e-011  
4.23867e+016 5.46e-016  1.89e-011  4.36e-008  1.67e-008  1.01e-009  1.00e+000  2.09e-011  5.70e-012  5.04e-011  7.12e-012  2.23e-011  
4.27356e+016 4.61e-016  2.43e-011  8.00e-008  2.93e-008  1.75e-009  1.00e+000  3.93e-011  6.85e-012  9.02e-011  9.33e-012  4.10e-011  
4.30994e+016 4.22e-016  3.39e-011  1.55e-007  5.45e-008  3.20e-009  1.00e+000  7.80e-011  9.88e-012  1.73e-010  1.48e-011  7.80e-011  
4.34671e+016 4.21e-016  5.61e-011  3.30e-007  1.11e-007  6.44e-009  1.00e+000  1.69e-010  1.76e-011  3.66e-010  2.87e-011  1.60e-010  
4.38104e+016 4.43e-016  1.02e-010  7.02e-007  2.28e-007  1.31e-008  1.00e+000  3.66e-010  3.00e-011  7.79e-010  5.98e-011  3.25e-010  
4.41007e+016 4.72e-016  1.74e-010  1.33e-006  4.17e-007  2.37e-008  1.00e+000  7.03e-010  4.00e-011  1.48e-009  1.13e-010  5.87e-010  
4.42181e+016 4.87e-016  2.07e-010  1.64e-006  5.11e-007  2.90e-008  1.00e+000  8.75e-010  4.33e-011  1.83e-009  1.41e-010  7.10e-010  
4.42811e+016 4.95e-016  2.36e-010  1.91e-006  5.90e-007  3.33e-008  1.00e+000  1.02e-009  4.65e-011  2.12e-009  1.64e-010  8.16e-010  
4.43809e+016 5.08e-016  2.74e-010  2.28e-006  6.97e-007  3.94e-008  1.00e+000  1.22e-009  5.06e-011  2.54e-009  1.96e-010  9.57e-010  
4.45030e+016 5.26e-016  3.17e-010  2.74e-006  8.25e-007  4.64e-008  1.00e+000  1.48e-009  5.55e-011  3.04e-009  2.36e-010  1.12e-009  
4.45401e+016 5.31e-016  3.35e-010  2.94e-006  8.79e-007  4.95e-008  1.00e+000  1.59e-009  5.76e-011  3.26e-009  2.54e-010  1.20e-009  
4.45998e+016 5.40e-016  3.78e-010  3.37e-006  1.00e-006  5.65e-008  1.00e+000  1.83e-009  6.13e-011  3.76e-009  2.93e-010  1.36e-009  
4.46779e+016 5.52e-016  4.13e-010  3.77e-006  1.12e-006  6.25e-008  1.00e+000  2.05e-009  6.47e-011  4.20e-009  3.28e-010  1.50e-009  
4.48006e+016 5.71e-016  4.59e-010  4.34e-006  1.27e-006  7.09e-008  1.00e+000  2.38e-009  6.85e-011  4.85e-009  3.80e-010  1.69e-009  
4.48529e+016 5.80e-016  4.79e-010  4.62e-006  1.34e-006  7.50e-008  1.00e+000  2.53e-009  6.98e-011  5.17e-009  4.05e-010  1.78e-009  
4.48834e+016 5.85e-016  5.03e-010  4.91e-006  1.42e-006  7.91e-008  1.00e+000  2.70e-009  6.97e-011  5.49e-009  4.29e-010  1.88e-009  
4.49346e+016 5.93e-016  5.33e-010  5.30e-006  1.53e-006  8.50e-008  1.00e+000  2.92e-009  7.07e-011  5.92e-009  4.65e-010  2.01e-009  
4.49870e+016 6.03e-016  5.52e-010  5.61e-006  1.60e-006  8.91e-008  1.00e+000  3.08e-009  7.18e-011  6.25e-009  4.93e-010  2.11e-009  
4.50684e+016 6.17e-016  5.75e-010  6.01e-006  1.70e-006  9.47e-008  1.00e+000  3.34e-009  7.33e-011  6.71e-009  5.30e-010  2.22e-009  
4.51867e+016 6.38e-016  6.05e-010  6.60e-006  1.85e-006  1.02e-007  1.00e+000  3.68e-009  7.35e-011  7.40e-009  5.85e-010  2.38e-009  
4.51946e+016 6.39e-016  6.09e-010  6.65e-006  1.86e-006  1.03e-007  1.00e+000  3.71e-009  7.34e-011  7.45e-009  5.90e-010  2.41e-009  
4.52061e+016 6.41e-016  6.16e-010  6.77e-006  1.89e-006  1.05e-007  1.00e+000  3.78e-009  7.25e-011  7.58e-009  5.99e-010  2.43e-009  
4.52265e+016 6.45e-016  6.26e-010  6.96e-006  1.94e-006  1.07e-007  1.00e+000  3.89e-009  7.09e-011  7.78e-009  6.17e-010  2.50e-009  
4.52632e+016 6.52e-016  6.44e-010  7.25e-006  2.01e-006  1.11e-007  1.00e+000  4.06e-009  6.95e-011  8.13e-009  6.44e-010  2.58e-009  
4.53239e+016 6.64e-016  6.61e-010  7.65e-006  2.11e-006  1.16e-007  1.00e+000  4.29e-009  6.94e-011  8.55e-009  6.79e-010  2.68e-009  
4.54167e+016 6.82e-016  6.76e-010  8.15e-006  2.20e-006  1.25e-007  1.00e+000  4.59e-009  6.99e-011  9.09e-009  7.24e-010  2.79e-009  
4.55446e+016 7.08e-016  6.89e-010  8.83e-006  2.33e-006  1.36e-007  1.00e+000  5.00e-009  6.79e-011  9.79e-009  7.85e-010  2.92e-009  
4.55658e+016 7.12e-016  6.91e-010  8.95e-006  2.36e-006  1.38e-007  1.00e+000  5.07e-009  6.76e-011  9.92e-009  7.96e-010  2.95e-009  
4.55697e+016 7.12e-016  6.92e-010  8.99e-006  2.36e-006  1.38e-007  1.00e+000  5.10e-009  6.74e-011  9.94e-009  8.01e-010  2.95e-009  
4.55761e+016 7.13e-016  6.96e-010  9.06e-006  2.38e-006  1.40e-007  1.00e+000  5.13e-009  6.68e-011  1.00e-008  8.06e-010  2.97e-009  
4.55871e+016 7.15e-016  7.01e-010  9.17e-006  2.41e-006  1.41e-007  1.00e+000  5.22e-009  6.53e-011  1.02e-008  8.18e-010  3.01e-009  
4.56066e+016 7.19e-016  7.09e-010  9.39e-006  2.46e-006  1.45e-007  1.00e+000  5.33e-009  6.31e-011  1.04e-008  8.36e-010  3.06e-009  
4.56410e+016 7.26e-016  7.20e-010  9.71e-006  2.52e-006  1.50e-007  1.00e+000  5.52e-009  6.12e-011  1.07e-008  8.65e-010  3.14e-009  
4.56849e+016 7.36e-016  7.28e-010  1.01e-005  2.60e-006  1.56e-007  1.00e+000  5.73e-009  6.03e-011  1.11e-008  8.97e-010  3.21e-009  
4.57241e+016 7.44e-016  7.33e-010  1.03e-005  2.65e-006  1.61e-007  1.00e+000  5.90e-009  6.05e-011  1.13e-008  9.21e-010  3.27e-009  
4.57850e+016 7.57e-016  7.34e-010  1.07e-005  2.72e-006  1.68e-007  1.00e+000  6.14e-009  6.05e-011  1.17e-008  9.55e-010  3.34e-009  
4.58802e+016 7.78e-016  7.35e-010  1.13e-005  2.83e-006  1.77e-007  1.00e+000  6.52e-009  5.90e-011  1.23e-008  1.01e-009  3.43e-009  
4.59720e+016 7.98e-016  7.36e-010  1.19e-005  2.93e-006  1.88e-007  1.00e+000  6.93e-009  5.66e-011  1.29e-008  1.07e-009  3.55e-009  
4.59734e+016 7.98e-016  7.36e-010  1.20e-005  2.93e-006  1.89e-007  1.00e+000  6.93e-009  5.66e-011  1.29e-008  1.07e-009  3.55e-009  
4.59759e+016 7.98e-016  7.37e-010  1.20e-005  2.94e-006  1.89e-007  1.00e+000  6.95e-009  5.65e-011  1.29e-008  1.07e-009  3.56e-009  
4.59802e+016 7.98e-016  7.39e-010  1.21e-005  2.96e-006  1.90e-007  1.00e+000  6.99e-009  5.61e-011  1.30e-008  1.08e-009  3.57e-009  
4.59873e+016 8.00e-016  7.41e-010  1.22e-005  2.97e-006  1.92e-007  1.00e+000  7.05e-009  5.51e-011  1.31e-008  1.09e-009  3.60e-009  
4.59993e+016 8.03e-016  7.46e-010  1.23e-005  3.01e-006  1.96e-007  1.00e+000  7.16e-009  5.33e-011  1.33e-008  1.10e-009  3.64e-009  
4.60196e+016 8.07e-016  7.53e-010  1.26e-005  3.07e-006  2.00e-007  1.00e+000  7.34e-009  5.12e-011  1.36e-008  1.13e-009  3.71e-009  
4.60580e+016 8.16e-016  7.62e-010  1.31e-005  3.17e-006  2.08e-007  1.00e+000  7.63e-009  4.93e-011  1.41e-008  1.17e-009  3.81e-009  
4.61139e+016 8.29e-016  7.70e-010  1.38e-005  3.29e-006  2.18e-007  1.00e+000  8.01e-009  4.89e-011  1.47e-008  1.23e-009  3.93e-009  
4.61801e+016 8.45e-016  7.69e-010  1.43e-005  3.40e-006  2.30e-007  1.00e+000  8.41e-009  4.92e-011  1.53e-008  1.29e-009  4.04e-009  
4.62829e+016 8.70e-016  7.66e-010  1.53e-005  3.56e-006  2.47e-007  1.00e+000  9.05e-009  4.84e-011  1.62e-008  1.38e-009  4.20e-009  
4.63958e+016 8.98e-016  7.62e-010  1.66e-005  3.76e-006  2.68e-007  1.00e+000  9.83e-009  4.61e-011  1.74e-008  1.48e-009  4.40e-009  
4.64165e+016 9.03e-016  7.62e-010  1.68e-005  3.81e-006  2.72e-007  1.00e+000  1.00e-008  4.56e-011  1.76e-008  1.51e-009  4.44e-009  
4.64187e+016 9.03e-016  7.62e-010  1.68e-005  3.82e-006  2.74e-007  1.00e+000  1.00e-008  4.56e-011  1.76e-008  1.52e-009  4.45e-009  
4.64224e+016 9.03e-016  7.63e-010  1.69e-005  3.83e-006  2.75e-007  1.00e+000  1.01e-008  4.54e-011  1.77e-008  1.52e-009  4.46e-009  
4.64286e+016 9.04e-016  7.65e-010  1.70e-005  3.86e-006  2.77e-007  1.00e+000  1.02e-008  4.47e-011  1.79e-008  1.54e-009  4.49e-009  
4.64396e+016 9.07e-016  7.70e-010  1.73e-005  3.91e-006  2.81e-007  1.00e+000  1.03e-008  4.31e-011  1.82e-008  1.55e-009  4.55e-009  
4.64596e+016 9.12e-016  7.76e-010  1.78e-005  4.00e-006  2.89e-007  1.00e+000  1.06e-008  4.09e-011  1.86e-008  1.60e-009  4.65e-009  
4.64933e+016 9.21e-016  7.85e-010  1.85e-005  4.14e-006  3.02e-007  1.00e+000  1.11e-008  3.91e-011  1.93e-008  1.66e-009  4.79e-009  
4.65501e+016 9.36e-016  7.95e-010  1.97e-005  4.35e-006  3.22e-007  1.00e+000  1.18e-008  3.90e-011  2.04e-008  1.77e-009  5.01e-009  
4.66259e+016 9.56e-016  8.01e-010  2.10e-005  4.59e-006  3.45e-007  1.00e+000  1.27e-008  4.03e-011  2.17e-008  1.90e-009  5.26e-009  
4.67450e+016 9.87e-016  8.18e-010  2.32e-005  4.97e-006  3.85e-007  1.00e+000  1.41e-008  4.14e-011  2.38e-008  2.12e-009  5.63e-009  
4.68726e+016 1.02e-015  8.46e-010  2.62e-005  5.48e-006  4.38e-007  1.00e+000  1.61e-008  4.17e-011  2.66e-008  2.39e-009  6.08e-009  
4.69009e+016 1.03e-015  8.51e-010  2.68e-005  5.59e-006  4.50e-007  1.00e+000  1.65e-008  4.16e-011  2.73e-008  2.47e-009  6.17e-009  
4.69024e+016 1.03e-015  8.52e-010  2.69e-005  5.60e-006  4.51e-007  1.00e+000  1.65e-008  4.16e-011  2.73e-008  2.47e-009  6.18e-009  
4.69048e+016 1.03e-015  8.52e-010  2.69e-005  5.61e-006  4.52e-007  1.00e+000  1.66e-008  4.16e-011  2.74e-008  2.48e-009  6.19e-009  
4.69090e+016 1.03e-015  8.55e-010  2.71e-005  5.64e-006  4.55e-007  1.00e+000  1.67e-008  4.16e-011  2.76e-008  2.49e-009  6.22e-009  
4.69160e+016 1.03e-015  8.60e-010  2.74e-005  5.70e-006  4.61e-007  1.00e+000  1.69e-008  4.11e-011  2.79e-008  2.52e-009  6.28e-009  
4.69279e+016 1.03e-015  8.71e-010  2.81e-005  5.82e-006  4.73e-007  1.00e+000  1.73e-008  3.99e-011  2.84e-008  2.58e-009  6.40e-009  
4.69476e+016 1.04e-015  8.80e-010  2.87e-005  5.95e-006  4.87e-007  1.00e+000  1.78e-008  3.81e-011  2.92e-008  2.65e-009  6.53e-009  
4.69806e+016 1.05e-015  8.99e-010  3.02e-005  6.22e-006  5.12e-007  1.00e+000  1.87e-008  3.71e-011  3.07e-008  2.79e-009  6.79e-009  
4.70337e+016 1.06e-015  9.34e-010  3.26e-005  6.67e-006  5.56e-007  1.00e+000  2.03e-008  3.84e-011  3.30e-008  3.04e-009  7.22e-009  
4.70622e+016 1.07e-015  9.44e-010  3.37e-005  6.88e-006  5.78e-007  1.00e+000  2.11e-008  3.94e-011  3.42e-008  3.15e-009  7.41e-009  
4.71061e+016 1.08e-015  9.72e-010  3.57e-005  7.19e-006  6.14e-007  1.00e+000  2.24e-008  4.12e-011  3.61e-008  3.35e-009  7.81e-009  
4.71746e+016 1.10e-015  1.00e-009  3.88e-005  7.62e-006  6.72e-007  1.00e+000  2.45e-008  4.32e-011  3.89e-008  3.65e-009  8.45e-009  
4.72860e+016 1.13e-015  1.04e-009  4.52e-005  8.41e-006  7.80e-007  1.00e+000  2.83e-008  4.54e-011  4.39e-008  4.20e-009  9.65e-009  
4.74240e+016 1.17e-015  1.10e-009  5.64e-005  9.57e-006  9.49e-007  1.00e+000  3.42e-008  4.81e-011  5.09e-008  5.05e-009  1.15e-008  
4.74305e+016 1.17e-015  1.10e-009  5.72e-005  9.66e-006  9.66e-007  1.00e+000  3.46e-008  4.84e-011  5.14e-008  5.11e-009  1.16e-008  
4.74313e+016 1.17e-015  1.10e-009  5.73e-005  9.66e-006  9.66e-007  1.00e+000  3.46e-008  4.84e-011  5.14e-008  5.11e-009  1.16e-008  
4.74348e+016 1.17e-015  1.11e-009  5.76e-005  9.74e-006  9.66e-007  1.00e+000  3.49e-008  4.85e-011  5.17e-008  5.14e-009  1.17e-008  
4.74406e+016 1.18e-015  1.10e-009  5.77e-005  9.75e-006  9.75e-007  1.00e+000  3.49e-008  4.82e-011  5.17e-008  5.15e-009  1.17e-008  
4.74503e+016 1.18e-015  1.11e-009  5.88e-005  9.83e-006  9.91e-007  1.00e+000  3.55e-008  4.84e-011  5.24e-008  5.24e-009  1.19e-008  
4.74676e+016 1.18e-015  1.13e-009  6.11e-005  1.01e-005  1.03e-006  1.00e+000  3.67e-008  4.81e-011  5.39e-008  5.41e-009  1.23e-008  
4.74972e+016 1.19e-015  1.14e-009  6.49e-005  1.06e-005  1.08e-006  1.00e+000  3.87e-008  4.75e-011  5.64e-008  5.71e-009  1.29e-008  
4.75283e+016 1.20e-015  1.17e-009  6.93e-005  1.11e-005  1.15e-006  1.00e+000  4.12e-008  4.81e-011  5.92e-008  6.06e-009  1.37e-008  
4.75365e+016 1.20e-015  1.17e-009  7.07e-005  1.12e-005  1.17e-006  1.00e+000  4.19e-008  4.85e-011  6.01e-008  6.17e-009  1.39e-008  
4.75556e+016 1.21e-015  1.18e-009  7.33e-005  1.15e-005  1.21e-006  1.00e+000  4.34e-008  4.93e-011  6.16e-008  6.36e-009  1.44e-008  
4.75856e+016 1.21e-015  1.21e-009  7.85e-005  1.21e-005  1.29e-006  1.00e+000  4.64e-008  5.17e-011  6.49e-008  6.77e-009  1.52e-008  
4.76342e+016 1.23e-015  1.24e-009  8.62e-005  1.29e-005  1.41e-006  1.00e+000  5.07e-008  5.51e-011  6.91e-008  7.33e-009  1.64e-008  
4.77120e+016 1.25e-015  1.33e-009  1.00e-004  1.46e-005  1.62e-006  1.00e+000  5.89e-008  6.25e-011  7.69e-008  8.40e-009  1.87e-008  
4.78339e+016 1.29e-015  1.46e-009  1.26e-004  1.76e-005  1.99e-006  1.00e+000  7.40e-008  7.50e-011  8.99e-008  1.02e-008  2.26e-008  
4.79819e+016 1.33e-015  1.67e-009  1.69e-004  2.24e-005  2.62e-006  1.00e+000  9.92e-008  9.55e-011  1.11e-007  1.33e-008  2.90e-008  
4.80101e+016 1.34e-015  1.71e-009  1.78e-004  2.34e-005  2.75e-006  1.00e+000  1.05e-007  1.00e-010  1.17e-007  1.40e-008  3.04e-008  
4.80156e+016 1.34e-015  1.72e-009  1.81e-004  2.37e-005  2.79e-006  1.00e+000  1.06e-007  1.01e-010  1.18e-007  1.42e-008  3.07e-008  
4.80288e+016 1.35e-015  1.73e-009  1.85e-004  2.41e-005  2.84e-006  1.00e+000  1.09e-007  1.03e-010  1.20e-007  1.44e-008  3.13e-008  
4.80511e+016 1.35e-015  1.78e-009  1.95e-004  2.52e-005  2.98e-006  1.00e+000  1.16e-007  1.08e-010  1.26e-007  1.53e-008  3.27e-008  
4.80875e+016 1.36e-015  1.85e-009  2.10e-004  2.68e-005  3.21e-006  1.00e+000  1.26e-007  1.15e-010  1.34e-007  1.65e-008  3.49e-008  
4.81463e+016 1.38e-015  1.95e-009  2.37e-004  2.96e-005  3.59e-006  1.00e+000  1.45e-007  1.28e-010  1.49e-007  1.86e-008  3.87e-008  
4.82445e+016 1.41e-015  2.17e-009  2.92e-004  3.53e-005  4.37e-006  1.00e+000  1.84e-007  1.57e-010  1.78e-007  2.30e-008  4.64e-008  
4.83636e+016 1.45e-015  2.52e-009  3.76e-004  4.37e-005  5.55e-006  1.00e+000  2.47e-007  2.02e-010  2.21e-007  2.98e-008  5.76e-008  
4.84912e+016 1.49e-015  3.05e-009  4.96e-004  5.52e-005  7.18e-006  9.99e-001  3.41e-007  2.68e-010  2.80e-007  3.94e-008  7.31e-008  
4.86294e+016 1.53e-015  3.96e-009  6.73e-004  7.12e-005  9.60e-006  9.99e-001  4.85e-007  3.72e-010  3.64e-007  5.35e-008  9.54e-008  
4.87591e+016 1.57e-015  5.34e-009  8.97e-004  9.16e-005  1.27e-005  9.99e-001  6.74e-007  5.11e-010  4.66e-007  7.13e-008  1.23e-007  
4.88968e+016 1.61e-015  7.82e-009  1.21e-003  1.19e-004  1.70e-005  9.99e-001  9.61e-007  7.26e-010  5.96e-007  9.74e-008  1.61e-007  
4.90444e+016 1.66e-015  1.25e-008  1.66e-003  1.57e-004  2.32e-005  9.98e-001  1.40e-006  1.06e-009  7.64e-007  1.35e-007  2.13e-007  
4.91980e+016 1.70e-015  2.20e-008  2.31e-003  2.11e-004  3.22e-005  9.97e-001  2.07e-006  1.62e-009  9.80e-007  1.90e-007  2.87e-007  
4.93317e+016 1.75e-015  3.72e-008  3.04e-003  2.70e-004  4.24e-005  9.97e-001  2.89e-006  2.35e-009  1.21e-006  2.55e-007  3.69e-007  
4.94239e+016 1.77e-015  5.43e-008  3.68e-003  3.20e-004  5.14e-005  9.96e-001  3.63e-006  3.08e-009  1.39e-006  3.12e-007  4.40e-007  
4.95192e+016 1.80e-015  8.01e-008  4.44e-003  3.79e-004  6.23e-005  9.95e-001  4.56e-006  4.08e-009  1.60e-006  3.81e-007  5.22e-007  
4.96202e+016 1.82e-015  1.22e-007  5.43e-003  4.54e-004  7.63e-005  9.94e-001  5.82e-006  5.55e-009  1.84e-006  4.72e-007  6.26e-007  
4.97297e+016 1.84e-015  1.93e-007  6.67e-003  5.48e-004  9.44e-005  9.93e-001  7.54e-006  7.81e-009  2.14e-006  5.91e-007  7.59e-007  
4.98461e+016 1.88e-015  3.10e-007  8.26e-003  6.61e-004  1.17e-004  9.91e-001  9.75e-006  1.11e-008  2.46e-006  7.41e-007  9.16e-007  
4.99670e+016 1.90e-015  5.01e-007  1.02e-002  8.05e-004  1.45e-004  9.89e-001  1.27e-005  1.62e-008  2.82e-006  9.36e-007  1.11e-006  
5.00936e+016 1.92e-015  8.19e-007  1.27e-002  9.81e-004  1.81e-004  9.86e-001  1.66e-005  2.41e-008  3.24e-006  1.19e-006  1.36e-006  
5.02240e+016 1.92e-015  1.35e-006  1.57e-002  1.19e-003  2.26e-004  9.83e-001  2.12e-005  3.59e-008  3.70e-006  1.49e-006  1.65e-006  
5.03584e+016 1.92e-015  2.19e-006  1.94e-002  1.44e-003  2.82e-004  9.79e-001  2.59e-005  5.36e-008  4.20e-006  1.82e-006  2.00e-006  
5.05026e+016 1.91e-015  3.62e-006  2.40e-002  1.74e-003  3.52e-004  9.74e-001  3.17e-005  8.17e-008  4.75e-006  2.21e-006  2.42e-006  
5.05959e+016 1.90e-015  5.02e-006  2.75e-002  1.97e-003  4.03e-004  9.70e-001  3.69e-005  1.06e-007  5.25e-006  2.54e-006  2.72e-006  
5.06957e+016 1.87e-015  7.09e-006  3.18e-002  2.23e-003  4.65e-004  9.65e-001  4.30e-005  1.39e-007  5.87e-006  2.93e-006  3.07e-006  
5.07988e+016 1.84e-015  9.98e-006  3.68e-002  2.54e-003  5.38e-004  9.60e-001  5.04e-005  1.84e-007  6.51e-006  3.41e-006  3.48e-006  
5.09058e+016 1.80e-015  1.42e-005  4.29e-002  2.90e-003  6.26e-004  9.53e-001  5.93e-005  2.44e-007  7.37e-006  4.00e-006  3.95e-006  
5.10237e+016 1.74e-015  2.09e-005  5.10e-002  3.40e-003  7.43e-004  9.45e-001  7.20e-005  3.36e-007  8.47e-006  4.80e-006  4.59e-006  
5.11496e+016 1.66e-015  3.13e-005  6.14e-002  4.02e-003  8.91e-004  9.34e-001  8.79e-005  4.67e-007  9.82e-006  5.82e-006  5.35e-006  
5.12843e+016 1.55e-015  4.82e-005  7.62e-002  4.89e-003  1.10e-003  9.18e-001  1.10e-004  6.72e-007  1.17e-005  7.30e-006  6.42e-006  
5.14296e+016 1.42e-015  7.69e-005  9.66e-002  6.09e-003  1.39e-003  8.96e-001  1.43e-004  1.01e-006  1.42e-005  9.38e-006  7.90e-006  
5.15425e+016 1.32e-015  1.12e-004  1.17e-001  7.30e-003  1.68e-003  8.74e-001  1.77e-004  1.38e-006  1.69e-005  1.15e-005  9.27e-006  
5.16792e+016 1.20e-015  1.73e-004  1.48e-001  9.15e-003  2.12e-003  8.40e-001  2.29e-004  2.04e-006  2.07e-005  1.49e-005  1.14e-005  
5.18319e+016 1.09e-015  2.81e-004  1.93e-001  1.17e-002  2.75e-003  7.92e-001  3.04e-004  3.14e-006  2.61e-005  1.97e-005  1.44e-005  
5.19950e+016 1.01e-015  4.57e-004  2.51e-001  1.49e-002  3.56e-003  7.29e-001  4.05e-004  4.89e-006  3.27e-005  2.60e-005  1.80e-005  
5.21655e+016 9.64e-016  7.26e-004  3.18e-001  1.85e-002  4.51e-003  6.57e-001  5.26e-004  7.45e-006  3.98e-005  3.33e-005  2.19e-005  
5.23457e+016 9.67e-016  1.11e-003  3.89e-001  2.20e-002  5.50e-003  5.82e-001  6.57e-004  1.10e-005  4.65e-005  4.08e-005  2.57e-005  
5.25384e+016 1.02e-015  1.64e-003  4.58e-001  2.52e-002  6.46e-003  5.07e-001  7.94e-004  1.57e-005  5.22e-005  4.84e-005  2.91e-005  
5.27451e+016 1.12e-015  2.36e-003  5.22e-001  2.79e-002  7.36e-003  4.40e-001  9.29e-004  2.19e-005  5.65e-005  5.52e-005  3.17e-005  
5.29668e+016 1.27e-015  3.31e-003  5.80e-001  2.99e-002  8.17e-003  3.78e-001  1.06e-003  2.98e-005  5.94e-005  6.14e-005  3.36e-005  
5.31993e+016 1.48e-015  4.51e-003  6.31e-001  3.15e-002  8.92e-003  3.23e-001  1.19e-003  3.94e-005  6.08e-005  6.68e-005  3.48e-005  
5.34440e+016 1.75e-015  6.07e-003  6.75e-001  3.26e-002  9.56e-003  2.75e-001  1.31e-003  5.13e-005  6.13e-005  7.16e-005  3.54e-005  
5.36995e+016 2.08e-015  8.01e-003  7.15e-001  3.33e-002  1.02e-002  2.32e-001  1.43e-003  6.57e-005  6.09e-005  7.58e-005  3.56e-005  
5.39765e+016 2.53e-015  1.04e-002  7.51e-001  3.36e-002  1.07e-002  1.92e-001  1.54e-003  8.30e-005  6.01e-005  7.94e-005  3.51e-005  
5.42627e+016 3.07e-015  1.34e-002  7.79e-001  3.39e-002  1.12e-002  1.60e-001  1.64e-003  1.03e-004  5.84e-005  8.28e-005  3.42e-005  
5.45738e+016 3.76e-015  1.71e-002  8.04e-001  3.35e-002  1.16e-002  1.32e-001  1.75e-003  1.28e-004  5.62e-005  8.54e-005  3.33e-005  
5.49079e+016 4.64e-015  2.18e-002  8.24e-001  3.32e-002  1.20e-002  1.07e-001  1.84e-003  1.57e-004  5.37e-005  8.75e-005  3.17e-005  
5.52575e+016 5.72e-015  2.71e-002  8.39e-001  3.25e-002  1.23e-002  8.73e-002  1.92e-003  1.89e-004  5.08e-005  8.93e-005  2.99e-005  
5.56155e+016 7.01e-015  3.32e-002  8.49e-001  3.18e-002  1.25e-002  7.12e-002  2.00e-003  2.25e-004  4.78e-005  9.06e-005  2.80e-005  
5.59918e+016 8.57e-015  4.04e-002  8.55e-001  3.11e-002  1.27e-002  5.81e-002  2.08e-003  2.66e-004  4.49e-005  9.17e-005  2.59e-005  
5.63913e+016 1.05e-014  4.87e-002  8.58e-001  3.03e-002  1.30e-002  4.74e-002  2.13e-003  3.11e-004  4.21e-005  9.26e-005  2.38e-005  
5.68226e+016 1.28e-014  5.82e-002  8.58e-001  2.93e-002  1.31e-002  3.85e-002  2.18e-003  3.59e-004  3.90e-005  9.28e-005  2.15e-005  
5.72780e+016 1.56e-014  6.94e-002  8.55e-001  2.85e-002  1.33e-002  3.14e-002  2.23e-003  4.18e-004  3.62e-005  9.32e-005  1.93e-005  
5.77650e+016 1.89e-014  8.17e-002  8.49e-001  2.76e-002  1.35e-002  2.56e-002  2.28e-003  4.86e-004  3.37e-005  9.39e-005  1.72e-005  
5.82707e+016 2.26e-014  9.55e-002  8.40e-001  2.67e-002  1.37e-002  2.11e-002  2.31e-003  5.57e-004  3.14e-005  9.42e-005  1.53e-005  
5.88124e+016 2.71e-014  1.11e-001  8.29e-001  2.58e-002  1.38e-002  1.73e-002  2.33e-003  6.38e-004  2.93e-005  9.44e-005  1.33e-005  
5.93801e+016 3.22e-014  1.27e-001  8.17e-001  2.49e-002  1.39e-002  1.42e-002  2.35e-003  7.21e-004  2.77e-005  9.44e-005  1.15e-005  
5.99878e+016 3.81e-014  1.45e-001  8.03e-001  2.41e-002  1.40e-002  1.15e-002  2.36e-003  8.08e-004  2.96e-005  9.44e-005  9.84e-006  
6.06254e+016 4.47e-014  1.63e-001  7.87e-001  2.32e-002  1.41e-002  9.39e-003  2.37e-003  8.98e-004  3.40e-005  9.48e-005  8.34e-006  
6.12860e+016 5.21e-014  1.82e-001  7.70e-001  2.25e-002  1.42e-002  7.70e-003  2.36e-003  9.89e-004  3.92e-005  9.49e-005  7.03e-006  
6.19772e+016 6.00e-014  2.02e-001  7.52e-001  2.18e-002  1.43e-002  6.35e-003  2.37e-003  1.08e-003  4.54e-005  9.56e-005  5.90e-006  
6.27006e+016 6.87e-014  2.23e-001  7.33e-001  2.11e-002  1.43e-002  5.27e-003  2.36e-003  1.17e-003  5.25e-005  9.60e-005  4.93e-006  
6.34752e+016 7.84e-014  2.44e-001  7.13e-001  2.05e-002  1.43e-002  4.36e-003  2.35e-003  1.26e-003  6.14e-005  9.69e-005  4.07e-006  
6.43223e+016 8.91e-014  2.65e-001  6.93e-001  2.00e-002  1.44e-002  3.61e-003  2.34e-003  1.36e-003  7.21e-005  9.81e-005  3.33e-006  
6.52408e+016 1.01e-013  2.88e-001  6.71e-001  1.95e-002  1.43e-002  2.99e-003  2.34e-003  1.45e-003  8.53e-005  9.99e-005  2.68e-006  
6.62440e+016 1.14e-013  3.11e-001  6.49e-001  1.90e-002  1.43e-002  2.48e-003  2.34e-003  1.54e-003  1.02e-004  1.02e-004  2.14e-006  
6.73219e+016 1.28e-013  3.34e-001  6.27e-001  1.86e-002  1.43e-002  2.06e-003  2.34e-003  1.62e-003  1.22e-004  1.04e-004  1.70e-006  
6.84641e+016 1.43e-013  3.56e-001  6.06e-001  1.82e-002  1.42e-002  1.73e-003  2.35e-003  1.70e-003  1.46e-004  1.07e-004  1.34e-006  
6.96945e+016 1.58e-013  3.78e-001  5.84e-001  1.79e-002  1.41e-002  1.46e-003  2.36e-003  1.77e-003  1.74e-004  1.10e-004  1.05e-006  
7.10391e+016 1.73e-013  3.99e-001  5.63e-001  1.77e-002  1.40e-002  1.25e-003  2.37e-003  1.83e-003  2.09e-004  1.14e-004  8.19e-007  
7.25155e+016 1.89e-013  4.19e-001  5.44e-001  1.75e-002  1.38e-002  1.07e-003  2.38e-003  1.88e-003  2.51e-004  1.17e-004  6.34e-007  
7.42223e+016 2.05e-013  4.41e-001  5.23e-001  1.75e-002  1.37e-002  9.28e-004  2.41e-003  1.94e-003  3.06e-004  1.22e-004  4.80e-007  
7.63108e+016 2.21e-013  4.61e-001  5.02e-001  1.74e-002  1.35e-002  8.05e-004  2.43e-003  1.98e-003  3.77e-004  1.25e-004  3.48e-007  
7.86896e+016 2.35e-013  4.77e-001  4.86e-001  1.74e-002  1.34e-002  7.08e-004  2.46e-003  2.01e-003  4.65e-004  1.29e-004  2.49e-007  
8.18150e+016 2.44e-013  4.92e-001  4.71e-001  1.76e-002  1.34e-002  6.31e-004  2.49e-003  2.04e-003  5.90e-004  1.31e-004  1.66e-007  
8.55776e+016 2.46e-013  5.04e-001  4.59e-001  1.78e-002  1.35e-002  5.77e-004  2.52e-003  2.06e-003  7.43e-004  1.31e-004  1.07e-007  
9.00548e+016 2.38e-013  5.08e-001  4.54e-001  1.83e-002  1.37e-002  5.42e-004  2.56e-003  2.07e-003  9.28e-004  1.30e-004  7.01e-008  
9.53916e+016 2.18e-013  5.08e-001  4.52e-001  1.90e-002  1.41e-002  5.31e-004  2.61e-003  2.06e-003  1.13e-003  1.26e-004  5.08e-008  
1.01535e+017 1.89e-013  4.97e-001  4.61e-001  2.01e-002  1.47e-002  5.46e-004  2.65e-003  2.06e-003  1.32e-003  1.22e-004  3.68e-008  
1.09249e+017 1.49e-013  4.72e-001  4.84e-001  2.18e-002  1.56e-002  5.85e-004  2.67e-003  2.03e-003  1.45e-003  1.16e-004  2.62e-008  
1.19176e+017 1.01e-013  4.17e-001  5.34e-001  2.46e-002  1.71e-002  6.79e-004  2.58e-003  1.97e-003  1.40e-003  1.06e-004  1.86e-008  
1.32448e+017 5.48e-014  2.97e-001  6.47e-001  2.99e-002  1.95e-002  8.30e-004  2.17e-003  1.71e-003  1.00e-003  8.85e-005  1.31e-008  
