! 0       *H + *HOCO -> *HCOOH
! 1       HCOOH + GRAIN -> *HCOOH + GRAIN
! 2       *OH + *HCO -> *HCOOH
! 3       *O + *CH2OH -> *HCOOH + *H
!            tot_rate   0          1          2          3          
1.58188e+013 1.27e-015  1.00e+000  2.31e-004  8.42e-013  1.17e-023  
3.50727e+014 1.27e-015  1.00e+000  2.32e-004  8.42e-013  1.17e-023  
5.21628e+015 1.28e-015  1.00e+000  2.32e-004  8.36e-013  1.17e-023  
2.67137e+016 2.35e-015  1.00e+000  4.93e-004  8.38e-013  1.44e-023  
3.33598e+016 5.86e-015  1.00e+000  3.65e-004  9.38e-013  2.10e-023  
3.42055e+016 8.41e-015  1.00e+000  1.93e-004  1.08e-012  3.51e-023  
3.44017e+016 9.32e-015  1.00e+000  1.59e-004  1.14e-012  4.41e-023  
3.46353e+016 1.05e-014  1.00e+000  1.24e-004  1.25e-012  6.60e-023  
3.48860e+016 1.17e-014  1.00e+000  9.40e-005  1.40e-012  1.26e-022  
3.51370e+016 1.21e-014  1.00e+000  7.53e-005  1.64e-012  3.44e-022  
3.53250e+016 1.16e-014  1.00e+000  6.68e-005  1.92e-012  9.57e-022  
3.55515e+016 1.04e-014  1.00e+000  5.97e-005  2.43e-012  4.94e-021  
3.57182e+016 9.34e-015  1.00e+000  5.55e-005  3.00e-012  2.23e-020  
3.58524e+016 8.47e-015  1.00e+000  5.22e-005  3.66e-012  9.07e-020  
3.60047e+016 7.54e-015  1.00e+000  4.81e-005  4.88e-012  5.48e-019  
3.61718e+016 6.63e-015  1.00e+000  4.33e-005  6.50e-012  5.23e-018  
3.62899e+016 6.06e-015  1.00e+000  3.98e-005  8.42e-012  2.94e-017  
3.63893e+016 5.65e-015  1.00e+000  3.65e-005  1.05e-011  1.36e-016  
3.64972e+016 5.27e-015  1.00e+000  3.28e-005  1.34e-011  7.38e-016  
3.66124e+016 4.93e-015  1.00e+000  2.92e-005  0.00e+000  4.67e-015  
3.67348e+016 4.47e-015  1.00e+000  2.80e-005  0.00e+000  3.38e-014  
3.68621e+016 3.42e-015  1.00e+000  4.24e-005  3.54e-011  1.74e-013  
3.69700e+016 3.07e-015  1.00e+000  7.78e-005  4.98e-011  2.26e-013  
3.70376e+016 3.06e-015  1.00e+000  1.19e-004  6.14e-011  2.16e-013  
3.71087e+016 3.10e-015  1.00e+000  1.88e-004  7.71e-011  1.98e-013  
3.71826e+016 3.17e-015  1.00e+000  3.03e-004  9.84e-011  1.85e-013  
3.72589e+016 3.27e-015  9.99e-001  5.01e-004  1.28e-010  1.80e-013  
3.73370e+016 3.37e-015  9.99e-001  8.48e-004  1.76e-010  1.87e-013  
3.74165e+016 3.46e-015  9.99e-001  1.48e-003  2.66e-010  2.21e-013  
3.74829e+016 3.46e-015  9.98e-001  2.45e-003  4.39e-010  3.04e-013  
3.75505e+016 3.33e-015  9.96e-001  4.32e-003  1.00e-009  5.97e-013  
3.76194e+016 2.97e-015  9.92e-001  8.43e-003  4.42e-009  2.29e-012  
3.76839e+016 2.33e-015  9.81e-001  1.88e-002  6.43e-008  2.68e-011  
3.76854e+016 2.32e-015  9.81e-001  1.91e-002  6.97e-008  2.89e-011  
3.76877e+016 2.30e-015  9.80e-001  1.98e-002  8.10e-008  3.29e-011  
3.76917e+016 2.25e-015  9.79e-001  2.10e-002  1.05e-007  4.12e-011  
3.76980e+016 2.17e-015  9.77e-001  2.31e-002  1.64e-007  6.04e-011  
3.77083e+016 2.05e-015  9.73e-001  2.72e-002  3.77e-007  1.20e-010  
3.77248e+016 1.82e-015  9.63e-001  3.68e-002  2.23e-006  4.48e-010  
3.77450e+016 1.41e-015  9.38e-001  6.22e-002  8.88e-005  3.83e-009  
3.77655e+016 4.99e-016  7.25e-001  2.74e-001  3.07e-004  2.38e-008  
3.77936e+016 3.79e-016  5.57e-001  4.43e-001  1.99e-006  3.72e-008  
3.78016e+016 3.73e-016  5.44e-001  4.56e-001  1.10e-006  4.93e-008  
3.78111e+016 3.67e-016  5.34e-001  4.66e-001  5.89e-007  6.87e-008  
3.78273e+016 3.56e-016  5.20e-001  4.80e-001  2.45e-007  1.19e-007  
3.78530e+016 3.36e-016  4.94e-001  5.06e-001  1.46e-007  2.81e-007  
3.78818e+016 3.15e-016  4.63e-001  5.37e-001  1.58e-007  6.98e-007  
3.79076e+016 2.94e-016  4.29e-001  5.71e-001  1.78e-007  1.44e-006  
3.79253e+016 2.85e-016  4.11e-001  5.89e-001  1.91e-007  2.16e-006  
3.79502e+016 2.71e-016  3.84e-001  6.16e-001  2.13e-007  3.76e-006  
3.79755e+016 2.61e-016  3.60e-001  6.40e-001  2.39e-007  6.09e-006  
3.79897e+016 2.56e-016  3.48e-001  6.52e-001  2.57e-007  7.81e-006  
3.79918e+016 2.55e-016  3.46e-001  6.54e-001  2.60e-007  8.10e-006  
3.79956e+016 2.54e-016  3.43e-001  6.57e-001  2.65e-007  8.62e-006  
3.80017e+016 2.53e-016  3.36e-001  6.64e-001  2.73e-007  9.48e-006  
3.80129e+016 2.50e-016  3.28e-001  6.72e-001  2.90e-007  1.13e-005  
3.80319e+016 2.45e-016  3.14e-001  6.86e-001  3.25e-007  1.50e-005  
3.80578e+016 2.40e-016  3.00e-001  7.00e-001  3.88e-007  2.08e-005  
3.80629e+016 2.40e-016  2.96e-001  7.04e-001  4.01e-007  2.19e-005  
3.80713e+016 2.39e-016  2.93e-001  7.07e-001  4.27e-007  2.39e-005  
3.80859e+016 2.37e-016  2.87e-001  7.13e-001  4.81e-007  2.74e-005  
3.81083e+016 2.35e-016  2.77e-001  7.23e-001  5.74e-007  3.24e-005  
3.81265e+016 2.34e-016  2.68e-001  7.32e-001  6.67e-007  3.59e-005  
3.81480e+016 2.31e-016  2.56e-001  7.44e-001  7.95e-007  3.86e-005  
3.81769e+016 2.26e-016  2.36e-001  7.64e-001  9.89e-007  3.90e-005  
3.81836e+016 2.25e-016  2.30e-001  7.70e-001  1.03e-006  3.86e-005  
3.81952e+016 2.23e-016  2.18e-001  7.82e-001  1.11e-006  3.72e-005  
3.82149e+016 2.17e-016  1.94e-001  8.06e-001  1.21e-006  3.36e-005  
3.82433e+016 2.08e-016  1.53e-001  8.47e-001  1.23e-006  2.62e-005  
3.82740e+016 1.97e-016  1.02e-001  8.98e-001  9.79e-007  1.58e-005  
3.83054e+016 1.88e-016  5.70e-002  9.43e-001  4.87e-007  5.33e-006  
3.83376e+016 1.80e-016  2.65e-002  9.73e-001  1.65e-007  1.23e-006  
3.83751e+016 1.70e-016  1.16e-002  9.88e-001  6.53e-008  2.91e-007  
3.84132e+016 1.53e-016  1.02e-002  9.90e-001  6.62e-008  8.13e-008  
3.84531e+016 1.24e-016  1.76e-002  9.82e-001  1.51e-007  7.04e-008  
3.84962e+016 8.19e-017  3.76e-002  9.62e-001  4.71e-007  1.39e-007  
3.85449e+016 3.58e-017  8.86e-002  9.11e-001  1.88e-006  3.10e-007  
3.85990e+016 7.79e-018  2.34e-001  7.66e-001  8.90e-006  8.49e-007  
3.86597e+016 1.05e-018  7.58e-001  2.42e-001  4.36e-005  1.95e-006  
3.87288e+016 8.17e-019  9.99e-001  1.01e-003  5.95e-005  4.71e-007  
3.88139e+016 1.28e-018  1.00e+000  6.90e-006  3.31e-005  3.66e-008  
3.89093e+016 2.22e-018  1.00e+000  2.76e-006  7.61e-006  4.13e-009  
3.90068e+016 3.86e-018  1.00e+000  1.18e-006  6.74e-007  5.98e-009  
3.91088e+016 6.63e-018  1.00e+000  5.40e-007  1.14e-007  1.31e-008  
3.92181e+016 1.11e-017  1.00e+000  2.61e-007  1.22e-007  2.47e-008  
3.93325e+016 1.78e-017  1.00e+000  1.38e-007  1.30e-007  3.93e-008  
3.94519e+016 2.67e-017  1.00e+000  8.09e-008  1.29e-007  5.39e-008  
3.95803e+016 3.78e-017  1.00e+000  5.19e-008  1.19e-007  6.40e-008  
3.97190e+016 5.04e-017  1.00e+000  3.63e-008  1.01e-007  6.55e-008  
3.98699e+016 6.33e-017  1.00e+000  2.80e-008  7.93e-008  5.77e-008  
4.00514e+016 7.68e-017  1.00e+000  2.30e-008  5.53e-008  4.24e-008  
4.02549e+016 8.92e-017  1.00e+000  2.07e-008  3.48e-008  2.63e-008  
4.04761e+016 9.99e-017  1.00e+000  2.01e-008  2.00e-008  1.43e-008  
4.07070e+016 1.09e-016  1.00e+000  2.10e-008  1.11e-008  7.35e-009  
4.09451e+016 1.18e-016  1.00e+000  2.33e-008  5.86e-009  3.63e-009  
4.11988e+016 1.28e-016  1.00e+000  2.75e-008  3.00e-009  1.73e-009  
4.14624e+016 1.39e-016  1.00e+000  3.50e-008  1.55e-009  8.13e-010  
4.17462e+016 1.55e-016  1.00e+000  4.77e-008  8.00e-010  3.61e-010  
4.20512e+016 1.80e-016  1.00e+000  7.00e-008  4.35e-010  1.39e-010  
4.23867e+016 2.19e-016  1.00e+000  1.13e-007  2.64e-010  3.82e-011  
4.27356e+016 2.76e-016  1.00e+000  1.97e-007  2.01e-010  6.56e-012  
4.30994e+016 3.55e-016  1.00e+000  3.80e-007  1.88e-010  7.58e-013  
4.34671e+016 4.52e-016  1.00e+000  8.14e-007  1.71e-010  4.78e-014  
4.38104e+016 4.32e-016  1.00e+000  1.99e-006  1.52e-010  2.14e-015  
4.41007e+016 3.33e-016  1.00e+000  4.83e-006  1.39e-010  1.26e-016  
4.42181e+016 2.87e-016  1.00e+000  7.11e-006  1.34e-010  3.94e-017  
4.42811e+016 2.67e-016  1.00e+000  9.14e-006  1.31e-010  2.19e-017  
4.43809e+016 2.46e-016  1.00e+000  1.25e-005  1.28e-010  7.97e-018  
4.45030e+016 2.14e-016  1.00e+000  1.84e-005  1.23e-010  2.27e-018  
4.45401e+016 1.94e-016  1.00e+000  2.24e-005  1.22e-010  1.48e-018  
4.45998e+016 1.75e-016  1.00e+000  2.99e-005  1.20e-010  7.83e-019  
4.46779e+016 1.62e-016  1.00e+000  3.87e-005  1.17e-010  3.78e-019  
4.48006e+016 1.36e-016  1.00e+000  5.93e-005  1.14e-010  1.27e-019  
4.48529e+016 1.16e-016  1.00e+000  7.79e-005  1.11e-010  7.86e-020  
4.48834e+016 1.06e-016  1.00e+000  9.39e-005  1.10e-010  5.83e-020  
4.49346e+016 1.02e-016  1.00e+000  1.12e-004  1.10e-010  4.26e-020  
4.49870e+016 9.83e-017  1.00e+000  1.31e-004  1.09e-010  3.15e-020  
4.50684e+016 9.05e-017  1.00e+000  1.70e-004  1.07e-010  2.04e-020  
4.51867e+016 7.91e-017  1.00e+000  2.52e-004  1.04e-010  1.22e-020  
4.51946e+016 7.14e-017  1.00e+000  2.83e-004  1.04e-010  1.20e-020  
4.52061e+016 6.46e-017  1.00e+000  3.22e-004  1.03e-010  1.13e-020  
4.52265e+016 6.38e-017  1.00e+000  3.45e-004  1.03e-010  1.03e-020  
4.52632e+016 6.38e-017  1.00e+000  3.78e-004  1.02e-010  9.32e-021  
4.53239e+016 6.40e-017  1.00e+000  4.33e-004  1.01e-010  7.97e-021  
4.54167e+016 6.16e-017  9.99e-001  5.48e-004  9.96e-011  6.39e-021  
4.55446e+016 5.58e-017  9.99e-001  7.88e-004  9.72e-011  4.87e-021  
4.55658e+016 5.45e-017  9.99e-001  8.40e-004  9.68e-011  4.67e-021  
4.55697e+016 5.00e-017  9.99e-001  9.21e-004  9.67e-011  4.88e-021  
4.55761e+016 4.47e-017  9.99e-001  1.04e-003  9.68e-011  5.18e-021  
4.55871e+016 4.30e-017  9.99e-001  1.11e-003  9.66e-011  4.97e-021  
4.56066e+016 4.33e-017  9.99e-001  1.16e-003  9.62e-011  4.69e-021  
4.56410e+016 4.40e-017  9.99e-001  1.22e-003  9.58e-011  4.46e-021  
4.56849e+016 4.51e-017  9.99e-001  1.30e-003  9.54e-011  4.15e-021  
4.57241e+016 4.55e-017  9.99e-001  1.40e-003  9.48e-011  3.89e-021  
4.57850e+016 4.47e-017  9.98e-001  1.60e-003  9.40e-011  3.54e-021  
4.58802e+016 4.26e-017  9.98e-001  2.01e-003  9.30e-011  3.10e-021  
4.59720e+016 4.02e-017  9.97e-001  2.51e-003  9.18e-011  2.79e-021  
4.59734e+016 3.96e-017  9.97e-001  2.55e-003  9.17e-011  2.78e-021  
4.59759e+016 3.68e-017  9.97e-001  2.74e-003  9.16e-011  2.91e-021  
4.59802e+016 3.29e-017  9.97e-001  3.10e-003  9.15e-011  3.19e-021  
4.59873e+016 3.03e-017  9.97e-001  3.40e-003  9.17e-011  3.33e-021  
4.59993e+016 2.96e-017  9.96e-001  3.58e-003  9.12e-011  3.20e-021  
4.60196e+016 2.98e-017  9.96e-001  3.69e-003  9.12e-011  3.02e-021  
4.60580e+016 3.05e-017  9.96e-001  3.87e-003  9.08e-011  2.86e-021  
4.61139e+016 3.15e-017  9.96e-001  4.12e-003  9.04e-011  2.65e-021  
4.61801e+016 3.17e-017  9.95e-001  4.57e-003  8.98e-011  2.45e-021  
4.62829e+016 3.04e-017  9.94e-001  5.70e-003  8.89e-011  2.20e-021  
4.63958e+016 2.78e-017  9.93e-001  7.44e-003  8.77e-011  2.00e-021  
4.64165e+016 2.72e-017  9.92e-001  7.86e-003  8.75e-011  1.97e-021  
4.64187e+016 2.60e-017  9.92e-001  8.23e-003  8.73e-011  2.01e-021  
4.64224e+016 2.32e-017  9.91e-001  9.26e-003  8.70e-011  2.20e-021  
4.64286e+016 2.03e-017  9.89e-001  1.07e-002  8.66e-011  2.46e-021  
4.64396e+016 1.88e-017  9.88e-001  1.17e-002  8.71e-011  2.53e-021  
4.64596e+016 1.87e-017  9.88e-001  1.21e-002  8.70e-011  2.39e-021  
4.64933e+016 1.92e-017  9.88e-001  1.25e-002  8.63e-011  2.23e-021  
4.65501e+016 1.99e-017  9.87e-001  1.32e-002  8.61e-011  2.09e-021  
4.66259e+016 2.03e-017  9.86e-001  1.45e-002  8.48e-011  1.95e-021  
4.67450e+016 1.92e-017  9.82e-001  1.83e-002  8.35e-011  1.85e-021  
4.68726e+016 1.71e-017  9.75e-001  2.47e-002  8.12e-011  1.82e-021  
4.69009e+016 1.66e-017  9.74e-001  2.64e-002  8.05e-011  1.83e-021  
4.69024e+016 1.65e-017  9.73e-001  2.66e-002  8.04e-011  1.83e-021  
4.69048e+016 1.58e-017  9.72e-001  2.78e-002  8.02e-011  1.87e-021  
4.69090e+016 1.44e-017  9.69e-001  3.06e-002  7.96e-011  1.99e-021  
4.69160e+016 1.24e-017  9.64e-001  3.58e-002  7.91e-011  2.24e-021  
4.69279e+016 1.10e-017  9.59e-001  4.14e-002  7.86e-011  2.48e-021  
4.69476e+016 1.07e-017  9.56e-001  4.37e-002  7.77e-011  2.49e-021  
4.69806e+016 1.09e-017  9.55e-001  4.49e-002  7.73e-011  2.42e-021  
4.70337e+016 1.13e-017  9.53e-001  4.65e-002  7.68e-011  2.37e-021  
4.70622e+016 1.15e-017  9.53e-001  4.75e-002  7.63e-011  2.35e-021  
4.71061e+016 1.17e-017  9.50e-001  4.99e-002  7.54e-011  2.35e-021  
4.71746e+016 1.20e-017  9.47e-001  5.32e-002  7.44e-011  2.48e-021  
4.72860e+016 1.22e-017  9.39e-001  6.07e-002  7.25e-011  2.79e-021  
4.74240e+016 1.22e-017  9.27e-001  7.31e-002  7.01e-011  3.48e-021  
4.74305e+016 1.22e-017  9.26e-001  7.36e-002  6.99e-011  3.52e-021  
4.74313e+016 1.22e-017  9.26e-001  7.37e-002  6.98e-011  3.52e-021  
4.74348e+016 1.21e-017  9.25e-001  7.46e-002  7.00e-011  3.55e-021  
4.74406e+016 1.18e-017  9.23e-001  7.69e-002  6.96e-011  3.62e-021  
4.74503e+016 1.11e-017  9.18e-001  8.25e-002  6.86e-011  3.82e-021  
4.74676e+016 1.00e-017  9.07e-001  9.33e-002  6.76e-011  4.24e-021  
4.74972e+016 9.44e-018  8.97e-001  1.03e-001  6.65e-011  4.78e-021  
4.75283e+016 9.66e-018  8.95e-001  1.05e-001  6.60e-011  5.16e-021  
4.75365e+016 9.77e-018  8.96e-001  1.04e-001  6.59e-011  5.25e-021  
4.75556e+016 1.01e-017  8.96e-001  1.04e-001  6.58e-011  5.45e-021  
4.75856e+016 1.06e-017  8.97e-001  1.03e-001  6.54e-011  5.73e-021  
4.76342e+016 1.14e-017  8.98e-001  1.02e-001  6.47e-011  6.13e-021  
4.77120e+016 1.25e-017  8.97e-001  1.03e-001  6.40e-011  6.85e-021  
4.78339e+016 1.41e-017  8.95e-001  1.05e-001  6.18e-011  8.10e-021  
4.79819e+016 1.68e-017  8.94e-001  1.06e-001  5.92e-011  9.90e-021  
4.80101e+016 1.74e-017  8.95e-001  1.05e-001  5.85e-011  1.03e-020  
4.80156e+016 1.75e-017  8.95e-001  1.05e-001  5.87e-011  1.03e-020  
4.80288e+016 1.79e-017  8.95e-001  1.05e-001  5.82e-011  1.05e-020  
4.80511e+016 1.83e-017  8.95e-001  1.05e-001  5.79e-011  1.09e-020  
4.80875e+016 1.93e-017  8.96e-001  1.04e-001  5.75e-011  1.13e-020  
4.81463e+016 2.10e-017  8.98e-001  1.02e-001  5.61e-011  1.22e-020  
4.82445e+016 2.46e-017  9.02e-001  9.76e-002  5.49e-011  1.38e-020  
4.83636e+016 3.04e-017  9.09e-001  9.06e-002  5.30e-011  1.57e-020  
4.84912e+016 3.83e-017  9.17e-001  8.28e-002  5.12e-011  1.75e-020  
4.86294e+016 4.91e-017  9.25e-001  7.50e-002  4.91e-011  1.92e-020  
4.87591e+016 6.27e-017  9.33e-001  6.74e-002  4.73e-011  2.07e-020  
4.88968e+016 8.07e-017  9.40e-001  6.05e-002  4.51e-011  2.18e-020  
4.90444e+016 1.07e-016  9.47e-001  5.32e-002  4.27e-011  2.26e-020  
4.91980e+016 1.41e-016  9.53e-001  4.69e-002  4.06e-011  2.28e-020  
4.93317e+016 1.81e-016  9.58e-001  4.16e-002  3.85e-011  2.24e-020  
4.94239e+016 2.14e-016  9.62e-001  3.81e-002  3.72e-011  2.20e-020  
4.95192e+016 2.53e-016  9.65e-001  3.52e-002  3.57e-011  2.12e-020  
4.96202e+016 3.01e-016  9.68e-001  3.24e-002  3.42e-011  2.04e-020  
4.97297e+016 3.64e-016  9.71e-001  2.94e-002  3.27e-011  1.94e-020  
4.98461e+016 4.37e-016  9.73e-001  2.70e-002  3.11e-011  1.79e-020  
4.99670e+016 5.27e-016  9.75e-001  2.47e-002  2.96e-011  1.66e-020  
5.00936e+016 6.28e-016  9.77e-001  2.28e-002  2.79e-011  1.50e-020  
5.02240e+016 7.41e-016  9.79e-001  2.12e-002  2.62e-011  1.35e-020  
5.03584e+016 8.55e-016  9.80e-001  2.02e-002  2.47e-011  1.20e-020  
5.05026e+016 9.64e-016  9.80e-001  1.97e-002  2.29e-011  1.07e-020  
5.05959e+016 1.04e-015  9.81e-001  1.94e-002  2.20e-011  1.00e-020  
5.06957e+016 1.10e-015  9.80e-001  1.96e-002  2.10e-011  9.26e-021  
5.07988e+016 1.16e-015  9.80e-001  1.99e-002  1.99e-011  8.60e-021  
5.09058e+016 1.22e-015  9.80e-001  2.02e-002  1.91e-011  8.08e-021  
5.10237e+016 1.28e-015  9.79e-001  2.08e-002  1.79e-011  7.36e-021  
5.11496e+016 1.32e-015  9.78e-001  2.18e-002  1.70e-011  6.76e-021  
5.12843e+016 1.36e-015  9.77e-001  2.29e-002  1.61e-011  6.17e-021  
5.14296e+016 1.39e-015  9.76e-001  2.44e-002  1.50e-011  5.48e-021  
5.15425e+016 1.43e-015  9.74e-001  2.55e-002  1.44e-011  5.05e-021  
5.16792e+016 1.46e-015  9.73e-001  2.70e-002  1.34e-011  4.53e-021  
5.18319e+016 1.47e-015  9.71e-001  2.92e-002  1.26e-011  4.02e-021  
5.19950e+016 1.48e-015  9.68e-001  3.19e-002  1.18e-011  3.56e-021  
5.21655e+016 1.45e-015  9.64e-001  3.56e-002  1.09e-011  3.12e-021  
5.23457e+016 1.43e-015  9.60e-001  3.99e-002  1.01e-011  2.73e-021  
5.25384e+016 1.37e-015  9.54e-001  4.60e-002  9.32e-012  2.37e-021  
5.27451e+016 1.32e-015  9.47e-001  5.34e-002  8.48e-012  2.03e-021  
5.29668e+016 1.24e-015  9.36e-001  6.39e-002  7.73e-012  1.73e-021  
5.31993e+016 1.16e-015  9.23e-001  7.73e-002  6.99e-012  1.46e-021  
5.34440e+016 1.07e-015  9.05e-001  9.50e-002  6.24e-012  1.21e-021  
5.36995e+016 9.93e-016  8.81e-001  1.19e-001  5.55e-012  9.96e-022  
5.39765e+016 9.08e-016  8.47e-001  1.53e-001  4.85e-012  7.97e-022  
5.42627e+016 8.44e-016  8.03e-001  1.97e-001  4.18e-012  6.34e-022  
5.45738e+016 7.77e-016  7.40e-001  2.60e-001  3.47e-012  4.79e-022  
5.49079e+016 7.45e-016  6.59e-001  3.41e-001  2.81e-012  3.52e-022  
5.52575e+016 7.36e-016  5.58e-001  4.42e-001  2.13e-012  2.45e-022  
5.56155e+016 7.63e-016  4.50e-001  5.50e-001  1.55e-012  1.61e-022  
5.59918e+016 8.34e-016  3.43e-001  6.57e-001  1.07e-012  1.03e-022  
5.63913e+016 9.56e-016  2.47e-001  7.53e-001  7.01e-013  6.18e-023  
5.68226e+016 1.14e-015  1.69e-001  8.31e-001  4.33e-013  3.55e-023  
5.72780e+016 1.41e-015  1.11e-001  8.89e-001  2.58e-013  1.98e-023  
5.77650e+016 1.74e-015  7.26e-002  9.27e-001  1.55e-013  1.13e-023  
5.82707e+016 2.14e-015  4.81e-002  9.52e-001  9.38e-014  6.63e-024  
5.88124e+016 2.61e-015  3.20e-002  9.68e-001  5.70e-014  3.94e-024  
5.93801e+016 3.12e-015  2.21e-002  9.78e-001  3.66e-014  2.51e-024  
5.99878e+016 3.66e-015  1.55e-002  9.84e-001  2.38e-014  1.65e-024  
6.06254e+016 4.17e-015  1.15e-002  9.89e-001  1.65e-014  1.15e-024  
6.12860e+016 4.64e-015  8.94e-003  9.91e-001  1.21e-014  8.70e-025  
6.19772e+016 5.05e-015  7.25e-003  9.93e-001  9.33e-015  6.84e-025  
6.27006e+016 5.39e-015  6.12e-003  9.94e-001  7.53e-015  5.64e-025  
6.34752e+016 5.67e-015  5.41e-003  9.95e-001  6.38e-015  4.87e-025  
6.43223e+016 5.88e-015  5.02e-003  9.95e-001  5.70e-015  4.42e-025  
6.52408e+016 6.04e-015  4.84e-003  9.95e-001  5.33e-015  4.19e-025  
6.62440e+016 6.14e-015  4.82e-003  9.95e-001  5.16e-015  4.09e-025  
6.73219e+016 6.20e-015  4.95e-003  9.95e-001  5.18e-015  4.11e-025  
6.84641e+016 6.24e-015  5.27e-003  9.95e-001  5.38e-015  4.28e-025  
6.96945e+016 6.27e-015  5.79e-003  9.94e-001  5.79e-015  4.61e-025  
7.10391e+016 6.29e-015  6.58e-003  9.93e-001  6.47e-015  5.12e-025  
7.25155e+016 6.35e-015  7.66e-003  9.92e-001  7.42e-015  5.83e-025  
7.42223e+016 6.44e-015  9.27e-003  9.91e-001  8.87e-015  6.89e-025  
7.63108e+016 6.64e-015  1.18e-002  9.88e-001  1.11e-014  8.50e-025  
7.86896e+016 6.98e-015  1.56e-002  9.84e-001  1.46e-014  1.08e-024  
8.18150e+016 7.58e-015  2.24e-002  9.78e-001  2.08e-014  1.49e-024  
8.55776e+016 8.52e-015  3.49e-002  9.65e-001  3.21e-014  2.17e-024  
9.00548e+016 9.80e-015  5.89e-002  9.41e-001  5.43e-014  3.44e-024  
9.53916e+016 1.16e-014  1.10e-001  8.90e-001  1.02e-013  5.94e-024  
1.01535e+017 1.42e-014  2.12e-001  7.88e-001  2.03e-013  1.08e-023  
1.09249e+017 1.99e-014  4.12e-001  5.88e-001  4.12e-013  1.98e-023  
1.19176e+017 3.40e-014  6.62e-001  3.38e-001  7.06e-013  3.18e-023  
1.32448e+017 5.96e-014  8.32e-001  1.68e-001  9.09e-013  4.13e-023  
