! 0       CH2CO + OH -> HC2O + H2O
! 1       *H + *C2O -> HC2O
! 2       *HC2O + He -> HC2O + He
! 3       *HC2O + H2 -> HC2O + H2
! 4       *HC2O + CO -> HC2O + CO
! 5       *HC2O + CRPhoton -> HC2O
! 6       *HC2O + GRAIN -> HC2O + GRAIN
! 7       *HC2O + ISPhoton -> HC2O
! 8       *HC2O + CRP -> HC2O
!            tot_rate   0          1          2          3          4          5          6          7          8          
1.58188e+013 3.47e-021  9.86e-001  1.37e-002  0.00e+000  0.00e+000  0.00e+000  8.65e-015  0.00e+000  5.13e-019  0.00e+000  
3.50727e+014 3.47e-021  9.86e-001  1.37e-002  0.00e+000  0.00e+000  0.00e+000  8.65e-015  0.00e+000  5.13e-019  0.00e+000  
5.21628e+015 3.47e-021  9.86e-001  1.38e-002  0.00e+000  0.00e+000  0.00e+000  8.68e-015  0.00e+000  5.16e-019  0.00e+000  
2.67137e+016 3.60e-021  9.51e-001  4.87e-002  0.00e+000  0.00e+000  0.00e+000  3.03e-014  0.00e+000  1.81e-018  0.00e+000  
3.33598e+016 3.74e-021  9.15e-001  8.46e-002  0.00e+000  0.00e+000  1.70e-052  5.51e-014  0.00e+000  3.29e-018  0.00e+000  
3.42055e+016 3.66e-021  9.35e-001  6.53e-002  0.00e+000  0.00e+000  3.28e-020  5.30e-014  0.00e+000  3.17e-018  0.00e+000  
3.44017e+016 3.64e-021  9.40e-001  5.97e-002  0.00e+000  0.00e+000  1.27e-015  5.25e-014  0.00e+000  3.13e-018  0.00e+000  
3.46353e+016 3.61e-021  9.47e-001  5.26e-002  0.00e+000  0.00e+000  2.91e-012  5.15e-014  3.93e-076  3.07e-018  0.00e+000  
3.48860e+016 3.58e-021  9.55e-001  4.52e-002  0.00e+000  0.00e+000  3.69e-011  5.03e-014  5.83e-075  2.99e-018  0.00e+000  
3.51370e+016 3.55e-021  9.63e-001  3.74e-002  1.14e-070  0.00e+000  1.66e-010  4.93e-014  2.18e-073  2.93e-018  0.00e+000  
3.53250e+016 3.53e-021  9.68e-001  3.20e-002  4.64e-055  0.00e+000  4.16e-010  4.87e-014  6.59e-072  2.89e-018  0.00e+000  
3.55515e+016 3.51e-021  9.74e-001  2.59e-002  7.46e-037  0.00e+000  1.10e-009  4.84e-014  1.31e-069  2.88e-018  0.00e+000  
3.57182e+016 3.50e-021  9.78e-001  2.16e-002  2.48e-025  0.00e+000  2.16e-009  4.83e-014  1.56e-067  2.86e-018  0.00e+000  
3.58524e+016 3.48e-021  9.82e-001  1.85e-002  5.02e-019  0.00e+000  3.70e-009  4.82e-014  1.35e-065  2.87e-018  0.00e+000  
3.60047e+016 3.47e-021  9.85e-001  1.52e-002  8.41e-013  7.60e-074  4.49e-009  4.87e-014  4.03e-063  2.88e-018  0.00e+000  
3.61718e+016 3.46e-021  9.88e-001  1.20e-002  1.27e-009  1.33e-046  5.75e-009  4.88e-014  5.29e-060  2.92e-018  0.00e+000  
3.62899e+016 3.45e-021  9.90e-001  1.01e-002  1.57e-008  4.40e-038  7.12e-009  4.95e-014  1.31e-057  2.95e-018  0.00e+000  
3.63893e+016 3.45e-021  9.91e-001  8.67e-003  5.80e-008  1.58e-025  8.87e-009  4.99e-014  1.78e-055  2.99e-018  0.00e+000  
3.64972e+016 3.45e-021  9.93e-001  7.46e-003  1.96e-007  2.17e-015  1.20e-008  5.17e-014  4.18e-053  3.08e-018  0.00e+000  
3.66124e+016 3.44e-021  9.93e-001  7.06e-003  5.89e-007  4.82e-011  1.91e-008  5.95e-014  1.83e-050  3.54e-018  0.00e+000  
3.67348e+016 3.45e-021  9.91e-001  9.38e-003  2.47e-006  1.71e-008  4.69e-008  9.73e-014  2.52e-047  5.79e-018  0.00e+000  
3.68621e+016 3.46e-021  9.88e-001  1.24e-002  9.13e-006  5.95e-007  1.19e-007  1.50e-013  2.28e-043  8.89e-018  0.00e+000  
3.69700e+016 3.45e-021  9.91e-001  8.52e-003  1.48e-005  1.97e-006  1.56e-007  1.19e-013  2.63e-040  7.10e-018  0.00e+000  
3.70376e+016 3.44e-021  9.94e-001  6.30e-003  1.85e-005  3.31e-006  1.80e-007  9.79e-014  1.94e-038  5.84e-018  0.00e+000  
3.71087e+016 3.44e-021  9.95e-001  4.71e-003  2.35e-005  5.38e-006  2.23e-007  8.12e-014  1.55e-036  4.83e-018  0.00e+000  
3.71826e+016 3.43e-021  9.96e-001  3.61e-003  3.06e-005  8.39e-006  2.97e-007  6.88e-014  1.33e-034  4.11e-018  0.00e+000  
3.72589e+016 3.44e-021  9.97e-001  2.83e-003  4.04e-005  1.30e-005  4.24e-007  5.96e-014  1.11e-032  3.55e-018  0.00e+000  
3.73370e+016 3.44e-021  9.98e-001  2.33e-003  5.41e-005  1.98e-005  6.40e-007  5.32e-014  8.06e-031  3.17e-018  0.00e+000  
3.74165e+016 3.45e-021  9.98e-001  1.99e-003  7.25e-005  3.07e-005  9.98e-007  4.90e-014  4.64e-029  2.93e-018  0.00e+000  
3.74829e+016 3.45e-021  9.98e-001  1.83e-003  9.72e-005  4.38e-005  1.47e-006  4.85e-014  1.15e-027  2.89e-018  0.00e+000  
3.75505e+016 2.82e-021  9.97e-001  2.25e-003  1.71e-004  8.59e-005  2.78e-006  6.50e-014  3.10e-026  3.87e-018  0.00e+000  
3.76194e+016 2.14e-021  9.95e-001  3.91e-003  4.39e-004  2.35e-004  7.43e-006  1.29e-013  1.03e-024  7.66e-018  0.00e+000  
3.76839e+016 1.73e-021  9.80e-001  1.57e-002  2.70e-003  1.59e-003  4.73e-005  6.40e-013  5.62e-023  3.82e-017  0.00e+000  
3.76854e+016 1.74e-021  9.79e-001  1.64e-002  2.86e-003  1.68e-003  5.02e-005  6.74e-013  6.22e-023  4.03e-017  0.00e+000  
3.76877e+016 1.72e-021  9.77e-001  1.80e-002  3.20e-003  1.88e-003  5.61e-005  7.50e-013  7.44e-023  4.46e-017  0.00e+000  
3.76917e+016 1.71e-021  9.73e-001  2.09e-002  3.83e-003  2.26e-003  6.74e-005  8.85e-013  1.01e-022  5.28e-017  0.00e+000  
3.76980e+016 1.69e-021  9.64e-001  2.72e-002  5.25e-003  3.11e-003  9.29e-005  1.19e-012  1.66e-022  7.10e-017  0.00e+000  
3.77083e+016 1.68e-021  9.42e-001  4.34e-002  9.24e-003  5.51e-003  1.64e-004  2.03e-012  3.99e-022  1.20e-016  0.00e+000  
3.77248e+016 1.76e-021  8.57e-001  1.01e-001  2.58e-002  1.55e-002  4.63e-004  5.36e-012  1.84e-021  3.19e-016  0.00e+000  
3.77450e+016 2.41e-021  5.98e-001  2.47e-001  9.47e-002  5.86e-002  1.73e-003  1.86e-011  1.24e-020  1.11e-015  0.00e+000  
3.77655e+016 2.85e-021  4.87e-001  1.11e-001  2.43e-001  1.54e-001  4.38e-003  4.52e-011  5.61e-020  2.69e-015  0.00e+000  
3.77936e+016 2.14e-021  6.44e-001  5.92e-002  1.78e-001  1.16e-001  3.11e-003  3.06e-011  8.91e-020  1.82e-015  0.00e+000  
3.78016e+016 2.22e-021  6.27e-001  5.68e-002  1.89e-001  1.24e-001  3.28e-003  3.19e-011  1.19e-019  1.90e-015  0.00e+000  
3.78111e+016 2.31e-021  6.02e-001  5.45e-002  2.05e-001  1.35e-001  3.51e-003  3.36e-011  1.64e-019  2.00e-015  0.00e+000  
3.78273e+016 2.52e-021  5.64e-001  5.05e-002  2.28e-001  1.53e-001  3.86e-003  3.60e-011  2.73e-019  2.14e-015  0.00e+000  
3.78530e+016 2.92e-021  5.14e-001  4.31e-002  2.61e-001  1.78e-001  4.31e-003  3.87e-011  5.89e-019  2.30e-015  0.00e+000  
3.78818e+016 3.51e-021  4.76e-001  3.53e-002  2.85e-001  1.99e-001  4.59e-003  3.93e-011  1.29e-018  2.35e-015  0.00e+000  
3.79076e+016 4.14e-021  4.64e-001  2.85e-002  2.92e-001  2.10e-001  4.64e-003  3.82e-011  2.31e-018  2.28e-015  0.00e+000  
3.79253e+016 4.57e-021  4.71e-001  2.50e-002  2.89e-001  2.11e-001  4.53e-003  3.66e-011  3.35e-018  2.17e-015  0.00e+000  
3.79502e+016 5.28e-021  4.90e-001  2.08e-002  2.78e-001  2.06e-001  4.30e-003  3.33e-011  5.49e-018  1.99e-015  0.00e+000  
3.79755e+016 6.24e-021  5.27e-001  1.67e-002  2.58e-001  1.94e-001  3.90e-003  2.93e-011  8.26e-018  1.75e-015  0.00e+000  
3.79897e+016 6.85e-021  5.51e-001  1.49e-002  2.45e-001  1.85e-001  3.67e-003  2.72e-011  1.02e-017  1.62e-015  0.00e+000  
3.79918e+016 6.95e-021  5.54e-001  1.45e-002  2.43e-001  1.84e-001  3.63e-003  2.69e-011  1.05e-017  1.60e-015  0.00e+000  
3.79956e+016 7.12e-021  5.61e-001  1.41e-002  2.39e-001  1.83e-001  3.57e-003  2.63e-011  1.11e-017  1.56e-015  0.00e+000  
3.80017e+016 7.40e-021  5.71e-001  1.34e-002  2.34e-001  1.78e-001  3.47e-003  2.54e-011  1.21e-017  1.51e-015  0.00e+000  
3.80129e+016 7.96e-021  5.90e-001  1.21e-002  2.22e-001  1.72e-001  3.29e-003  2.37e-011  1.41e-017  1.41e-015  0.00e+000  
3.80319e+016 8.97e-021  6.22e-001  1.03e-002  2.04e-001  1.61e-001  3.00e-003  2.11e-011  1.84e-017  1.26e-015  0.00e+000  
3.80578e+016 1.05e-020  6.63e-001  8.32e-003  1.81e-001  1.45e-001  2.63e-003  1.79e-011  2.53e-017  1.07e-015  0.00e+000  
3.80629e+016 1.08e-020  6.70e-001  7.98e-003  1.77e-001  1.42e-001  2.56e-003  1.74e-011  2.67e-017  1.04e-015  0.00e+000  
3.80713e+016 1.13e-020  6.82e-001  7.47e-003  1.71e-001  1.37e-001  2.46e-003  1.65e-011  2.93e-017  9.84e-016  0.00e+000  
3.80859e+016 1.21e-020  7.01e-001  6.72e-003  1.61e-001  1.30e-001  2.29e-003  1.52e-011  3.45e-017  9.08e-016  0.00e+000  
3.81083e+016 1.33e-020  7.24e-001  5.79e-003  1.47e-001  1.21e-001  2.07e-003  1.34e-011  4.44e-017  8.04e-016  0.00e+000  
3.81265e+016 1.41e-020  7.38e-001  5.23e-003  1.39e-001  1.16e-001  1.94e-003  1.24e-011  5.51e-017  7.38e-016  0.00e+000  
3.81480e+016 1.48e-020  7.51e-001  4.72e-003  1.31e-001  1.11e-001  1.83e-003  1.14e-011  7.17e-017  6.77e-016  0.00e+000  
3.81769e+016 1.48e-020  7.55e-001  4.37e-003  1.29e-001  1.10e-001  1.77e-003  1.08e-011  1.02e-016  6.41e-016  0.00e+000  
3.81836e+016 1.46e-020  7.53e-001  4.36e-003  1.30e-001  1.11e-001  1.78e-003  1.07e-011  1.12e-016  6.41e-016  0.00e+000  
3.81952e+016 1.43e-020  7.49e-001  4.33e-003  1.32e-001  1.13e-001  1.80e-003  1.08e-011  1.31e-016  6.41e-016  0.00e+000  
3.82149e+016 1.33e-020  7.38e-001  4.38e-003  1.37e-001  1.19e-001  1.86e-003  1.09e-011  1.73e-016  6.52e-016  0.00e+000  
3.82433e+016 1.11e-020  7.04e-001  4.71e-003  1.53e-001  1.36e-001  2.06e-003  1.19e-011  2.72e-016  7.08e-016  0.00e+000  
3.82740e+016 8.11e-021  6.48e-001  5.35e-003  1.81e-001  1.63e-001  2.42e-003  1.36e-011  4.57e-016  8.09e-016  0.00e+000  
3.83054e+016 4.82e-021  6.09e-001  5.68e-003  2.01e-001  1.81e-001  2.65e-003  1.46e-011  7.01e-016  8.66e-016  0.00e+000  
3.83376e+016 2.04e-021  6.72e-001  4.57e-003  1.68e-001  1.54e-001  2.19e-003  1.18e-011  7.89e-016  7.01e-016  0.00e+000  
3.83751e+016 7.56e-022  7.83e-001  2.92e-003  1.10e-001  1.03e-001  1.43e-003  7.50e-012  7.31e-016  4.47e-016  0.00e+000  
3.84132e+016 5.76e-022  8.47e-001  2.01e-003  7.73e-002  7.26e-002  9.91e-004  5.09e-012  7.10e-016  3.02e-016  0.00e+000  
3.84531e+016 7.74e-022  8.99e-001  1.29e-003  5.08e-002  4.84e-002  6.46e-004  3.24e-012  6.48e-016  1.94e-016  0.00e+000  
3.84962e+016 1.03e-021  9.28e-001  9.02e-004  3.59e-002  3.49e-002  4.56e-004  2.23e-012  6.21e-016  1.34e-016  0.00e+000  
3.85449e+016 9.84e-022  9.28e-001  8.86e-004  3.59e-002  3.52e-002  4.51e-004  2.16e-012  8.44e-016  1.29e-016  0.00e+000  
3.85990e+016 5.07e-022  8.65e-001  1.62e-003  6.67e-002  6.61e-002  8.33e-004  3.91e-012  2.15e-015  2.33e-016  0.00e+000  
3.86597e+016 1.99e-022  6.67e-001  3.93e-003  1.63e-001  1.64e-001  2.02e-003  9.23e-012  7.33e-015  5.52e-016  0.00e+000  
3.87288e+016 1.65e-022  4.14e-001  1.54e-003  2.87e-001  2.94e-001  3.55e-003  1.58e-011  1.80e-014  9.43e-016  0.00e+000  
3.88139e+016 9.39e-023  2.77e-001  8.37e-003  3.50e-001  3.60e-001  4.31e-003  1.86e-011  2.99e-014  1.11e-015  0.00e+000  
3.89093e+016 7.84e-023  5.14e-002  1.10e-002  4.56e-001  4.76e-001  5.58e-003  2.36e-011  5.25e-014  1.40e-015  0.00e+000  
3.90068e+016 8.75e-023  3.74e-003  1.17e-002  4.76e-001  5.03e-001  5.82e-003  2.41e-011  7.02e-014  1.44e-015  0.00e+000  
3.91088e+016 1.10e-022  1.36e-003  1.20e-002  4.75e-001  5.06e-001  5.81e-003  2.36e-011  8.63e-014  1.41e-015  0.00e+000  
3.92181e+016 1.52e-022  1.20e-003  1.25e-002  4.75e-001  5.06e-001  5.79e-003  2.32e-011  1.02e-013  1.39e-015  0.00e+000  
3.93325e+016 2.33e-022  1.04e-003  1.33e-002  4.73e-001  5.07e-001  5.76e-003  2.30e-011  1.15e-013  1.37e-015  0.00e+000  
3.94519e+016 3.90e-022  8.58e-004  1.44e-002  4.74e-001  5.05e-001  5.79e-003  2.28e-011  1.24e-013  1.36e-015  0.00e+000  
3.95803e+016 6.95e-022  6.82e-004  1.60e-002  4.74e-001  5.04e-001  5.79e-003  2.27e-011  1.27e-013  1.36e-015  0.00e+000  
3.97190e+016 1.20e-021  5.50e-004  1.83e-002  4.73e-001  5.02e-001  5.83e-003  2.28e-011  1.25e-013  1.36e-015  0.00e+000  
3.98699e+016 1.89e-021  4.72e-004  2.13e-002  4.73e-001  4.99e-001  5.88e-003  2.30e-011  1.15e-013  1.37e-015  0.00e+000  
4.00514e+016 2.61e-021  4.47e-004  2.60e-002  4.74e-001  4.93e-001  5.97e-003  2.34e-011  9.75e-014  1.40e-015  0.00e+000  
4.02549e+016 3.00e-021  4.87e-004  3.29e-002  4.74e-001  4.87e-001  6.07e-003  2.41e-011  7.60e-014  1.44e-015  0.00e+000  
4.04761e+016 2.86e-021  6.08e-004  4.26e-002  4.75e-001  4.75e-001  6.19e-003  2.49e-011  5.35e-014  1.49e-015  0.00e+000  
4.07070e+016 2.30e-021  8.71e-004  5.66e-002  4.75e-001  4.62e-001  6.36e-003  2.62e-011  3.50e-014  1.57e-015  0.00e+000  
4.09451e+016 1.60e-021  1.43e-003  7.69e-002  4.70e-001  4.45e-001  6.44e-003  2.75e-011  2.01e-014  1.64e-015  0.00e+000  
4.11988e+016 9.75e-022  2.67e-003  1.09e-001  4.59e-001  4.23e-001  6.56e-003  2.89e-011  1.03e-014  1.73e-015  0.00e+000  
4.14624e+016 5.53e-022  5.53e-003  1.56e-001  4.43e-001  3.89e-001  6.54e-003  3.02e-011  4.65e-015  1.81e-015  0.00e+000  
4.17462e+016 3.08e-022  1.25e-002  2.32e-001  4.09e-001  3.41e-001  6.33e-003  3.10e-011  1.73e-015  1.85e-015  0.00e+000  
4.20512e+016 1.88e-022  2.83e-002  3.43e-001  3.46e-001  2.76e-001  5.69e-003  2.99e-011  4.95e-016  1.79e-015  0.00e+000  
4.23867e+016 1.38e-022  6.14e-002  4.88e-001  2.56e-001  1.90e-001  4.52e-003  2.57e-011  9.89e-017  1.53e-015  0.00e+000  
4.27356e+016 1.28e-022  1.18e-001  6.17e-001  1.54e-001  1.07e-001  2.98e-003  1.86e-011  1.36e-017  1.11e-015  0.00e+000  
4.30994e+016 1.49e-022  2.01e-001  6.77e-001  7.31e-002  4.73e-002  1.58e-003  1.09e-011  1.21e-018  6.54e-016  0.00e+000  
4.34671e+016 2.02e-022  3.08e-001  6.53e-001  2.43e-002  1.44e-002  5.89e-004  4.59e-012  6.43e-020  2.75e-016  0.00e+000  
4.38104e+016 2.62e-022  3.30e-001  6.57e-001  7.80e-003  4.32e-003  2.16e-004  1.88e-012  3.31e-021  1.13e-016  0.00e+000  
4.41007e+016 2.96e-022  2.66e-001  7.29e-001  3.14e-003  1.61e-003  9.76e-005  9.46e-013  2.60e-022  5.67e-017  0.00e+000  
4.42181e+016 3.11e-022  2.34e-001  7.63e-001  2.15e-003  1.08e-003  7.05e-005  7.14e-013  9.04e-023  4.28e-017  0.00e+000  
4.42811e+016 3.20e-022  2.20e-001  7.77e-001  1.74e-003  8.64e-004  5.90e-005  6.12e-013  5.12e-023  3.65e-017  0.00e+000  
4.43809e+016 3.42e-022  2.08e-001  7.91e-001  1.22e-003  5.97e-004  4.36e-005  4.66e-013  1.95e-023  2.80e-017  0.00e+000  
4.45030e+016 3.67e-022  1.86e-001  8.13e-001  8.07e-004  3.79e-004  3.03e-005  3.41e-013  6.16e-024  2.05e-017  0.00e+000  
4.45401e+016 3.71e-022  1.72e-001  8.27e-001  7.14e-004  3.31e-004  2.75e-005  3.12e-013  4.28e-024  1.87e-017  0.00e+000  
4.45998e+016 3.82e-022  1.56e-001  8.43e-001  5.89e-004  2.70e-004  2.32e-005  2.72e-013  2.44e-024  1.62e-017  0.00e+000  
4.46779e+016 4.01e-022  1.45e-001  8.55e-001  4.54e-004  2.01e-004  1.85e-005  2.24e-013  1.15e-024  1.34e-017  0.00e+000  
4.48006e+016 4.32e-022  1.21e-001  8.78e-001  3.08e-004  1.33e-004  1.34e-005  1.70e-013  3.61e-025  1.02e-017  0.00e+000  
4.48529e+016 4.40e-022  1.04e-001  8.96e-001  2.64e-004  1.11e-004  1.18e-005  1.53e-013  2.15e-025  9.16e-018  0.00e+000  
4.48834e+016 4.46e-022  9.35e-002  9.06e-001  2.42e-004  1.01e-004  1.10e-005  1.44e-013  1.61e-025  8.66e-018  0.00e+000  
4.49346e+016 4.61e-022  8.69e-002  9.13e-001  2.09e-004  8.72e-005  9.78e-006  1.31e-013  9.97e-026  7.87e-018  0.00e+000  
4.49870e+016 4.79e-022  8.02e-002  9.19e-001  1.80e-004  7.48e-005  8.71e-006  1.20e-013  6.16e-026  7.17e-018  0.00e+000  
4.50684e+016 5.05e-022  6.91e-002  9.31e-001  1.46e-004  5.96e-005  7.41e-006  1.05e-013  2.97e-026  6.30e-018  0.00e+000  
4.51867e+016 5.47e-022  5.32e-002  9.47e-001  1.12e-004  4.35e-005  6.01e-006  8.97e-014  1.03e-026  5.39e-018  0.00e+000  
4.51946e+016 5.47e-022  4.85e-002  9.51e-001  1.08e-004  4.19e-005  5.91e-006  8.85e-014  8.95e-027  5.31e-018  0.00e+000  
4.52061e+016 5.49e-022  4.30e-002  9.57e-001  1.05e-004  4.06e-005  5.81e-006  8.75e-014  8.00e-027  5.25e-018  0.00e+000  
4.52265e+016 5.57e-022  4.09e-002  9.59e-001  1.01e-004  3.88e-005  5.64e-006  8.55e-014  6.70e-027  5.12e-018  0.00e+000  
4.52632e+016 5.72e-022  3.81e-002  9.62e-001  9.41e-005  3.57e-005  5.33e-006  8.24e-014  4.88e-027  4.93e-018  0.00e+000  
4.53239e+016 6.00e-022  3.42e-002  9.66e-001  8.36e-005  3.09e-005  4.87e-006  7.74e-014  2.90e-027  4.64e-018  0.00e+000  
4.54167e+016 6.43e-022  2.80e-002  9.72e-001  7.01e-005  2.53e-005  4.31e-006  7.15e-014  1.33e-027  4.28e-018  0.00e+000  
4.55446e+016 7.09e-022  2.03e-002  9.80e-001  5.53e-005  1.93e-005  3.68e-006  6.47e-014  4.19e-028  3.88e-018  0.00e+000  
4.55658e+016 7.21e-022  1.90e-002  9.81e-001  5.31e-005  1.83e-005  3.58e-006  6.37e-014  3.40e-028  3.82e-018  0.00e+000  
4.55697e+016 7.20e-022  1.75e-002  9.82e-001  5.27e-005  1.76e-005  3.57e-006  6.34e-014  3.10e-028  3.81e-018  0.00e+000  
4.55761e+016 7.21e-022  1.55e-002  9.84e-001  5.21e-005  1.73e-005  3.55e-006  6.32e-014  2.90e-028  3.79e-018  0.00e+000  
4.55871e+016 7.28e-022  1.44e-002  9.85e-001  5.11e-005  1.70e-005  3.50e-006  6.28e-014  2.64e-028  3.77e-018  0.00e+000  
4.56066e+016 7.39e-022  1.38e-002  9.86e-001  4.95e-005  1.65e-005  3.42e-006  6.21e-014  2.25e-028  3.72e-018  0.00e+000  
4.56410e+016 7.60e-022  1.27e-002  9.87e-001  4.66e-005  1.55e-005  3.30e-006  6.08e-014  1.70e-028  3.65e-018  0.00e+000  
4.56849e+016 7.88e-022  1.16e-002  9.88e-001  4.31e-005  1.43e-005  3.16e-006  5.92e-014  1.19e-028  3.55e-018  0.00e+000  
4.57241e+016 8.14e-022  1.07e-002  9.89e-001  4.04e-005  1.33e-005  3.04e-006  5.80e-014  8.43e-029  3.48e-018  0.00e+000  
4.57850e+016 8.55e-022  9.23e-003  9.91e-001  3.67e-005  1.17e-005  2.84e-006  5.61e-014  4.87e-029  3.37e-018  0.00e+000  
4.58802e+016 9.24e-022  7.12e-003  9.93e-001  3.15e-005  9.55e-006  2.58e-006  5.35e-014  2.08e-029  3.20e-018  0.00e+000  
4.59720e+016 9.94e-022  5.43e-003  9.95e-001  2.72e-005  7.91e-006  2.36e-006  5.13e-014  9.32e-030  3.07e-018  0.00e+000  
4.59734e+016 9.94e-022  5.36e-003  9.95e-001  2.71e-005  7.78e-006  2.35e-006  5.12e-014  8.90e-030  3.07e-018  0.00e+000  
4.59759e+016 9.93e-022  5.02e-003  9.95e-001  2.66e-005  7.65e-006  2.36e-006  5.10e-014  8.14e-030  3.05e-018  0.00e+000  
4.59802e+016 9.95e-022  4.42e-003  9.96e-001  2.62e-005  7.51e-006  2.34e-006  5.08e-014  7.62e-030  3.04e-018  0.00e+000  
4.59873e+016 1.00e-021  3.98e-003  9.96e-001  2.60e-005  7.42e-006  2.33e-006  5.07e-014  7.15e-030  3.04e-018  0.00e+000  
4.59993e+016 1.01e-021  3.72e-003  9.96e-001  2.54e-005  7.21e-006  2.29e-006  5.03e-014  6.39e-030  3.02e-018  0.00e+000  
4.60196e+016 1.02e-021  3.54e-003  9.96e-001  2.48e-005  6.98e-006  2.27e-006  5.02e-014  5.37e-030  3.01e-018  0.00e+000  
4.60580e+016 1.06e-021  3.20e-003  9.97e-001  2.33e-005  6.38e-006  2.17e-006  4.91e-014  3.81e-030  2.94e-018  0.00e+000  
4.61139e+016 1.11e-021  2.83e-003  9.97e-001  2.14e-005  5.79e-006  2.06e-006  4.81e-014  2.34e-030  2.88e-018  0.00e+000  
4.61801e+016 1.17e-021  2.40e-003  9.98e-001  1.92e-005  5.15e-006  1.94e-006  4.69e-014  1.31e-030  2.81e-018  0.00e+000  
4.62829e+016 1.28e-021  1.78e-003  9.98e-001  1.61e-005  4.17e-006  1.75e-006  4.48e-014  5.09e-031  2.68e-018  0.00e+000  
4.63958e+016 1.41e-021  1.24e-003  9.99e-001  1.34e-005  3.22e-006  1.57e-006  4.27e-014  1.73e-031  2.56e-018  0.00e+000  
4.64165e+016 1.43e-021  1.16e-003  9.99e-001  1.29e-005  3.07e-006  1.54e-006  4.25e-014  1.42e-031  2.54e-018  0.00e+000  
4.64187e+016 1.43e-021  1.11e-003  9.99e-001  1.27e-005  3.00e-006  1.54e-006  4.23e-014  1.30e-031  2.54e-018  0.00e+000  
4.64224e+016 1.43e-021  9.85e-004  9.99e-001  1.26e-005  2.89e-006  1.53e-006  4.22e-014  1.18e-031  2.53e-018  0.00e+000  
4.64286e+016 1.43e-021  8.38e-004  9.99e-001  1.25e-005  2.83e-006  1.53e-006  4.23e-014  1.11e-031  2.54e-018  0.00e+000  
4.64396e+016 1.45e-021  7.44e-004  9.99e-001  1.22e-005  2.76e-006  1.51e-006  4.19e-014  1.01e-031  2.52e-018  0.00e+000  
4.64596e+016 1.47e-021  6.93e-004  9.99e-001  1.18e-005  2.66e-006  1.48e-006  4.17e-014  8.50e-032  2.50e-018  0.00e+000  
4.64933e+016 1.52e-021  6.32e-004  9.99e-001  1.11e-005  2.48e-006  1.43e-006  4.10e-014  6.27e-032  2.46e-018  0.00e+000  
4.65501e+016 1.59e-021  5.60e-004  9.99e-001  1.03e-005  2.21e-006  1.36e-006  4.04e-014  3.70e-032  2.42e-018  0.00e+000  
4.66259e+016 1.70e-021  4.66e-004  1.00e+000  9.05e-006  1.83e-006  1.26e-006  3.91e-014  1.81e-032  2.35e-018  0.00e+000  
4.67450e+016 1.88e-021  3.30e-004  1.00e+000  7.39e-006  1.43e-006  1.12e-006  3.74e-014  5.90e-033  2.24e-018  0.00e+000  
4.68726e+016 2.09e-021  2.19e-004  1.00e+000  5.84e-006  1.05e-006  9.85e-007  3.56e-014  1.62e-033  2.13e-018  0.00e+000  
4.69009e+016 2.14e-021  1.99e-004  1.00e+000  5.51e-006  9.72e-007  9.58e-007  3.52e-014  1.22e-033  2.11e-018  0.00e+000  
4.69024e+016 2.14e-021  1.98e-004  1.00e+000  5.47e-006  9.58e-007  9.58e-007  3.52e-014  1.18e-033  2.11e-018  0.00e+000  
4.69048e+016 2.14e-021  1.90e-004  1.00e+000  5.51e-006  9.30e-007  9.53e-007  3.51e-014  1.09e-033  2.11e-018  0.00e+000  
4.69090e+016 2.14e-021  1.71e-004  1.00e+000  5.47e-006  8.83e-007  9.48e-007  3.50e-014  9.86e-034  2.10e-018  0.00e+000  
4.69160e+016 2.15e-021  1.41e-004  1.00e+000  5.30e-006  8.23e-007  9.44e-007  3.49e-014  8.74e-034  2.09e-018  0.00e+000  
4.69279e+016 2.17e-021  1.16e-004  1.00e+000  5.21e-006  7.97e-007  9.31e-007  3.47e-014  7.74e-034  2.08e-018  0.00e+000  
4.69476e+016 2.20e-021  1.06e-004  1.00e+000  5.04e-006  7.73e-007  9.14e-007  3.46e-014  6.45e-034  2.07e-018  0.00e+000  
4.69806e+016 2.27e-021  9.95e-005  1.00e+000  4.76e-006  7.22e-007  8.81e-007  3.40e-014  4.80e-034  2.04e-018  0.00e+000  
4.70337e+016 2.37e-021  9.28e-005  1.00e+000  4.30e-006  6.46e-007  8.40e-007  3.35e-014  2.92e-034  2.01e-018  0.00e+000  
4.70622e+016 2.43e-021  8.89e-005  1.00e+000  4.07e-006  6.05e-007  8.15e-007  3.32e-014  2.20e-034  1.99e-018  0.00e+000  
4.71061e+016 2.52e-021  8.25e-005  1.00e+000  3.79e-006  5.44e-007  7.78e-007  3.27e-014  1.44e-034  1.96e-018  0.00e+000  
4.71746e+016 2.67e-021  7.04e-005  1.00e+000  3.37e-006  4.53e-007  7.27e-007  3.18e-014  9.25e-035  1.91e-018  0.00e+000  
4.72860e+016 2.93e-021  5.22e-005  1.00e+000  2.73e-006  3.29e-007  6.42e-007  3.05e-014  4.40e-035  1.83e-018  0.00e+000  
4.74240e+016 3.28e-021  3.51e-005  1.00e+000  2.07e-006  2.23e-007  5.55e-007  2.90e-014  1.66e-035  1.74e-018  0.00e+000  
4.74305e+016 3.30e-021  3.42e-005  1.00e+000  2.05e-006  2.18e-007  5.51e-007  2.89e-014  1.58e-035  1.73e-018  0.00e+000  
4.74313e+016 3.30e-021  3.42e-005  1.00e+000  2.04e-006  2.18e-007  5.48e-007  2.89e-014  1.58e-035  1.74e-018  0.00e+000  
4.74348e+016 3.31e-021  3.38e-005  1.00e+000  2.03e-006  2.14e-007  5.47e-007  2.89e-014  1.52e-035  1.73e-018  0.00e+000  
4.74406e+016 3.32e-021  3.25e-005  1.00e+000  2.00e-006  2.04e-007  5.42e-007  2.88e-014  1.40e-035  1.73e-018  0.00e+000  
4.74503e+016 3.34e-021  2.88e-005  1.00e+000  1.94e-006  1.84e-007  5.39e-007  2.87e-014  1.23e-035  1.72e-018  0.00e+000  
4.74676e+016 3.38e-021  2.29e-005  1.00e+000  1.85e-006  1.70e-007  5.30e-007  2.84e-014  1.01e-035  1.70e-018  0.00e+000  
4.74972e+016 3.45e-021  1.81e-005  1.00e+000  1.74e-006  1.52e-007  5.13e-007  2.81e-014  7.88e-036  1.69e-018  0.00e+000  
4.75283e+016 3.54e-021  1.68e-005  1.00e+000  1.64e-006  1.37e-007  4.97e-007  2.78e-014  6.36e-036  1.67e-018  0.00e+000  
4.75365e+016 3.57e-021  1.66e-005  1.00e+000  1.61e-006  1.33e-007  4.90e-007  2.77e-014  6.02e-036  1.66e-018  0.00e+000  
4.75556e+016 3.63e-021  1.65e-005  1.00e+000  1.55e-006  1.26e-007  4.79e-007  2.75e-014  5.32e-036  1.65e-018  0.00e+000  
4.75856e+016 3.72e-021  1.63e-005  1.00e+000  1.46e-006  1.19e-007  4.65e-007  2.72e-014  4.38e-036  1.63e-018  0.00e+000  
4.76342e+016 3.88e-021  1.58e-005  1.00e+000  1.32e-006  1.04e-007  4.38e-007  2.68e-014  3.17e-036  1.60e-018  0.00e+000  
4.77120e+016 4.13e-021  1.43e-005  1.00e+000  1.10e-006  8.21e-008  4.04e-007  2.61e-014  1.87e-036  1.56e-018  0.00e+000  
4.78339e+016 4.57e-021  1.12e-005  1.00e+000  8.64e-007  5.47e-008  3.50e-007  2.49e-014  7.40e-037  1.49e-018  0.00e+000  
4.79819e+016 5.14e-021  8.25e-006  1.00e+000  6.21e-007  3.00e-008  2.94e-007  2.35e-014  2.33e-037  1.41e-018  0.00e+000  
4.80101e+016 5.26e-021  7.79e-006  1.00e+000  5.84e-007  2.70e-008  2.85e-007  2.34e-014  1.88e-037  1.40e-018  0.00e+000  
4.80156e+016 5.28e-021  7.73e-006  1.00e+000  5.76e-007  2.63e-008  2.82e-007  2.33e-014  1.80e-037  1.40e-018  0.00e+000  
4.80288e+016 5.34e-021  7.51e-006  1.00e+000  5.58e-007  2.49e-008  2.77e-007  2.32e-014  1.62e-037  1.39e-018  0.00e+000  
4.80511e+016 5.43e-021  7.16e-006  1.00e+000  5.30e-007  2.27e-008  2.71e-007  2.30e-014  1.35e-037  1.38e-018  0.00e+000  
4.80875e+016 5.59e-021  6.60e-006  1.00e+000  4.83e-007  1.91e-008  2.59e-007  2.27e-014  1.00e-037  1.36e-018  0.00e+000  
4.81463e+016 5.85e-021  6.02e-006  1.00e+000  4.15e-007  1.44e-008  2.41e-007  2.22e-014  6.02e-038  1.33e-018  0.00e+000  
4.82445e+016 6.32e-021  5.68e-006  1.00e+000  3.26e-007  9.73e-009  2.14e-007  2.14e-014  2.63e-038  1.28e-018  0.00e+000  
4.83636e+016 6.94e-021  5.82e-006  1.00e+000  2.38e-007  5.75e-009  1.83e-007  2.05e-014  9.94e-039  1.23e-018  0.00e+000  
4.84912e+016 7.66e-021  6.57e-006  1.00e+000  1.66e-007  3.08e-009  1.57e-007  1.96e-014  3.39e-039  1.17e-018  0.00e+000  
4.86294e+016 8.51e-021  8.30e-006  1.00e+000  1.11e-007  1.54e-009  1.30e-007  1.87e-014  9.96e-040  1.12e-018  0.00e+000  
4.87591e+016 9.39e-021  1.12e-005  1.00e+000  7.42e-008  7.37e-010  1.11e-007  1.78e-014  3.22e-040  1.06e-018  0.00e+000  
4.88968e+016 1.04e-020  1.63e-005  1.00e+000  4.76e-008  3.09e-010  9.16e-008  1.69e-014  8.84e-041  1.02e-018  0.00e+000  
4.90444e+016 1.16e-020  2.57e-005  1.00e+000  2.83e-008  1.10e-010  7.47e-008  1.60e-014  2.24e-041  9.65e-019  0.00e+000  
4.91980e+016 1.29e-020  4.33e-005  1.00e+000  1.57e-008  3.43e-011  6.03e-008  1.53e-014  5.04e-042  9.15e-019  0.00e+000  
4.93317e+016 1.42e-020  7.01e-005  1.00e+000  8.87e-009  1.08e-011  4.96e-008  1.46e-014  1.35e-042  8.73e-019  0.00e+000  
4.94239e+016 1.51e-020  9.93e-005  1.00e+000  5.67e-009  4.20e-012  4.34e-008  1.41e-014  5.48e-043  8.48e-019  0.00e+000  
4.95192e+016 1.61e-020  1.44e-004  1.00e+000  3.53e-009  1.50e-012  3.77e-008  1.37e-014  2.01e-043  8.20e-019  0.00e+000  
4.96202e+016 1.72e-020  2.14e-004  1.00e+000  2.21e-009  5.60e-013  3.24e-008  1.33e-014  7.09e-044  7.96e-019  0.00e+000  
4.97297e+016 1.85e-020  3.29e-004  1.00e+000  1.25e-009  1.54e-013  2.73e-008  1.28e-014  2.32e-044  7.67e-019  0.00e+000  
4.98461e+016 1.99e-020  5.17e-004  9.99e-001  6.43e-010  3.23e-014  2.28e-008  1.23e-014  6.53e-045  7.38e-019  0.00e+000  
4.99670e+016 2.15e-020  7.62e-004  9.99e-001  2.94e-010  5.21e-015  1.89e-008  1.18e-014  1.81e-045  7.06e-019  0.00e+000  
5.00936e+016 2.31e-020  1.05e-003  9.99e-001  1.12e-010  6.40e-016  1.56e-008  1.14e-014  4.45e-046  6.83e-019  0.00e+000  
5.02240e+016 2.49e-020  1.41e-003  9.99e-001  3.42e-011  4.97e-017  1.27e-008  1.10e-014  1.05e-046  6.58e-019  0.00e+000  
5.03584e+016 2.68e-020  1.85e-003  9.98e-001  9.57e-012  4.54e-018  1.02e-008  1.06e-014  2.30e-047  6.37e-019  0.00e+000  
5.05026e+016 2.90e-020  2.40e-003  9.98e-001  2.71e-012  1.99e-019  7.90e-009  1.02e-014  4.38e-048  6.11e-019  0.00e+000  
5.05959e+016 3.06e-020  2.76e-003  9.97e-001  1.08e-012  1.73e-020  6.74e-009  9.97e-015  1.68e-048  5.98e-019  0.00e+000  
5.06957e+016 3.22e-020  3.20e-003  9.97e-001  3.32e-013  9.72e-022  5.78e-009  9.75e-015  5.53e-049  5.84e-019  0.00e+000  
5.07988e+016 3.41e-020  3.63e-003  9.96e-001  8.23e-014  7.53e-023  4.86e-009  9.52e-015  1.83e-049  5.71e-019  0.00e+000  
5.09058e+016 3.61e-020  4.12e-003  9.96e-001  1.67e-014  3.40e-024  4.07e-009  9.32e-015  6.25e-050  5.59e-019  0.00e+000  
5.10237e+016 3.85e-020  4.68e-003  9.95e-001  2.50e-015  8.68e-026  3.33e-009  9.10e-015  1.77e-050  5.46e-019  0.00e+000  
5.11496e+016 4.12e-020  5.29e-003  9.95e-001  2.86e-016  1.32e-027  2.62e-009  8.86e-015  4.90e-051  5.31e-019  0.00e+000  
5.12843e+016 4.42e-020  5.93e-003  9.94e-001  3.33e-017  1.08e-029  1.82e-009  7.74e-015  1.15e-051  4.64e-019  0.00e+000  
5.14296e+016 4.77e-020  6.62e-003  9.93e-001  3.81e-018  1.91e-031  1.21e-009  6.71e-015  2.28e-052  4.00e-019  0.00e+000  
5.15425e+016 5.07e-020  7.13e-003  9.93e-001  1.19e-018  1.56e-032  8.86e-010  6.02e-015  7.11e-053  3.61e-019  0.00e+000  
5.16792e+016 5.43e-020  7.75e-003  9.92e-001  8.43e-020  6.68e-035  5.98e-010  5.32e-015  1.70e-053  3.18e-019  0.00e+000  
5.18319e+016 5.89e-020  8.39e-003  9.92e-001  3.38e-021  1.24e-037  3.79e-010  4.65e-015  3.45e-054  2.78e-019  0.00e+000  
5.19950e+016 6.40e-020  9.05e-003  9.91e-001  9.11e-023  1.10e-040  2.25e-010  4.06e-015  6.63e-055  2.44e-019  0.00e+000  
5.21655e+016 6.98e-020  9.69e-003  9.90e-001  1.34e-024  5.22e-044  1.28e-010  3.55e-015  1.15e-055  2.12e-019  0.00e+000  
5.23457e+016 7.63e-020  1.03e-002  9.90e-001  3.15e-026  1.12e-045  6.63e-011  3.11e-015  1.97e-056  1.86e-019  0.00e+000  
5.25384e+016 8.40e-020  1.09e-002  9.89e-001  3.12e-028  1.83e-048  3.24e-011  2.71e-015  2.98e-057  1.62e-019  0.00e+000  
5.27451e+016 9.28e-020  1.16e-002  9.88e-001  2.12e-030  2.14e-052  1.34e-011  2.36e-015  4.24e-058  1.41e-019  0.00e+000  
5.29668e+016 1.03e-019  1.22e-002  9.88e-001  7.13e-033  5.51e-057  4.31e-012  2.06e-015  5.36e-059  1.23e-019  0.00e+000  
5.31993e+016 1.14e-019  1.29e-002  9.87e-001  9.61e-036  6.14e-063  8.01e-013  1.81e-015  6.64e-060  1.08e-019  0.00e+000  
5.34440e+016 1.28e-019  1.36e-002  9.86e-001  7.72e-037  1.07e-063  1.31e-013  1.58e-015  7.60e-061  9.47e-020  0.00e+000  
5.36995e+016 1.42e-019  1.43e-002  9.86e-001  5.31e-041  5.89e-069  2.15e-014  1.39e-015  8.80e-062  8.38e-020  0.00e+000  
5.39765e+016 1.59e-019  1.49e-002  9.85e-001  1.49e-044  2.79e-076  1.04e-015  1.23e-015  8.78e-063  7.34e-020  0.00e+000  
5.42627e+016 1.77e-019  1.57e-002  9.84e-001  8.20e-046  5.55e-077  3.01e-017  1.10e-015  9.56e-064  6.56e-020  0.00e+000  
5.45738e+016 1.97e-019  1.64e-002  9.84e-001  8.97e-051  0.00e+000  9.02e-019  9.73e-016  8.31e-065  5.83e-020  0.00e+000  
5.49079e+016 2.20e-019  1.71e-002  9.83e-001  4.82e-052  0.00e+000  2.43e-021  8.69e-016  7.74e-066  5.23e-020  0.00e+000  
5.52575e+016 2.42e-019  1.79e-002  9.82e-001  1.37e-057  0.00e+000  2.81e-023  7.88e-016  6.85e-067  4.70e-020  0.00e+000  
5.56155e+016 2.66e-019  1.85e-002  9.82e-001  2.55e-059  0.00e+000  1.13e-026  7.18e-016  6.51e-068  4.29e-020  0.00e+000  
5.59918e+016 2.91e-019  1.90e-002  9.81e-001  5.96e-065  0.00e+000  5.37e-029  6.61e-016  6.61e-069  3.96e-020  0.00e+000  
5.63913e+016 3.14e-019  1.94e-002  9.81e-001  1.42e-067  0.00e+000  1.95e-032  6.14e-016  6.84e-070  3.66e-020  0.00e+000  
5.68226e+016 3.38e-019  1.97e-002  9.80e-001  4.62e-073  0.00e+000  2.22e-038  5.75e-016  7.05e-071  3.44e-020  0.00e+000  
5.72780e+016 3.60e-019  1.99e-002  9.80e-001  1.29e-075  0.00e+000  9.08e-040  5.44e-016  7.52e-072  3.28e-020  0.00e+000  
5.77650e+016 3.81e-019  1.98e-002  9.80e-001  0.00e+000  0.00e+000  2.04e-046  5.23e-016  9.04e-073  3.13e-020  0.00e+000  
5.82707e+016 3.99e-019  1.96e-002  9.80e-001  0.00e+000  0.00e+000  1.78e-050  5.07e-016  1.27e-073  3.03e-020  0.00e+000  
5.88124e+016 4.13e-019  1.92e-002  9.81e-001  0.00e+000  0.00e+000  1.18e-058  4.99e-016  1.82e-074  2.98e-020  0.00e+000  
5.93801e+016 4.24e-019  1.87e-002  9.81e-001  0.00e+000  0.00e+000  8.59e-063  4.93e-016  3.21e-075  2.95e-020  0.00e+000  
5.99878e+016 4.30e-019  1.82e-002  9.82e-001  0.00e+000  0.00e+000  1.17e-069  4.98e-016  6.07e-076  2.98e-020  0.00e+000  
6.06254e+016 4.33e-019  1.77e-002  9.82e-001  0.00e+000  0.00e+000  1.74e-073  5.06e-016  1.37e-076  3.03e-020  0.00e+000  
6.12860e+016 4.32e-019  1.74e-002  9.83e-001  0.00e+000  0.00e+000  9.69e-078  5.19e-016  3.82e-077  3.11e-020  0.00e+000  
6.19772e+016 4.28e-019  1.73e-002  9.83e-001  0.00e+000  0.00e+000  0.00e+000  5.37e-016  1.18e-077  3.20e-020  0.00e+000  
6.27006e+016 4.21e-019  1.76e-002  9.82e-001  0.00e+000  0.00e+000  0.00e+000  5.62e-016  4.13e-078  3.35e-020  0.00e+000  
6.34752e+016 4.13e-019  1.83e-002  9.82e-001  0.00e+000  0.00e+000  0.00e+000  5.91e-016  0.00e+000  3.54e-020  0.00e+000  
6.43223e+016 4.01e-019  1.96e-002  9.80e-001  0.00e+000  0.00e+000  0.00e+000  6.34e-016  0.00e+000  3.77e-020  0.00e+000  
6.52408e+016 3.87e-019  2.17e-002  9.78e-001  0.00e+000  0.00e+000  0.00e+000  6.84e-016  0.00e+000  4.08e-020  0.00e+000  
6.62440e+016 3.73e-019  2.50e-002  9.75e-001  0.00e+000  0.00e+000  0.00e+000  7.47e-016  0.00e+000  4.45e-020  0.00e+000  
6.73219e+016 3.59e-019  2.98e-002  9.70e-001  0.00e+000  0.00e+000  0.00e+000  8.25e-016  0.00e+000  4.93e-020  0.00e+000  
6.84641e+016 3.44e-019  3.67e-002  9.63e-001  0.00e+000  0.00e+000  0.00e+000  9.23e-016  0.00e+000  5.50e-020  0.00e+000  
6.96945e+016 3.28e-019  4.69e-002  9.53e-001  0.00e+000  0.00e+000  0.00e+000  1.04e-015  0.00e+000  6.21e-020  0.00e+000  
7.10391e+016 3.15e-019  6.20e-002  9.38e-001  0.00e+000  0.00e+000  0.00e+000  1.19e-015  0.00e+000  7.09e-020  0.00e+000  
7.25155e+016 3.02e-019  8.40e-002  9.16e-001  0.00e+000  0.00e+000  0.00e+000  1.38e-015  0.00e+000  8.23e-020  0.00e+000  
7.42223e+016 2.93e-019  1.19e-001  8.81e-001  0.00e+000  0.00e+000  0.00e+000  1.63e-015  0.00e+000  9.70e-020  0.00e+000  
7.63108e+016 2.89e-019  1.75e-001  8.25e-001  0.00e+000  0.00e+000  0.00e+000  1.97e-015  0.00e+000  1.17e-019  0.00e+000  
7.86896e+016 2.95e-019  2.58e-001  7.42e-001  0.00e+000  0.00e+000  0.00e+000  2.40e-015  0.00e+000  1.43e-019  0.00e+000  
8.18150e+016 3.23e-019  3.84e-001  6.16e-001  0.00e+000  0.00e+000  0.00e+000  2.98e-015  0.00e+000  1.77e-019  0.00e+000  
8.55776e+016 3.91e-019  5.37e-001  4.63e-001  0.00e+000  0.00e+000  0.00e+000  3.66e-015  0.00e+000  2.17e-019  0.00e+000  
9.00548e+016 5.23e-019  6.88e-001  3.12e-001  0.00e+000  0.00e+000  0.00e+000  4.46e-015  0.00e+000  2.66e-019  0.00e+000  
9.53916e+016 7.67e-019  8.06e-001  1.94e-001  0.00e+000  0.00e+000  0.00e+000  5.58e-015  0.00e+000  3.32e-019  0.00e+000  
1.01535e+017 1.18e-018  8.79e-001  1.21e-001  0.00e+000  0.00e+000  0.00e+000  7.67e-015  0.00e+000  4.56e-019  0.00e+000  
1.09249e+017 1.91e-018  9.16e-001  8.42e-002  0.00e+000  0.00e+000  0.00e+000  1.33e-014  0.00e+000  7.95e-019  0.00e+000  
1.19176e+017 3.21e-018  9.28e-001  7.19e-002  0.00e+000  0.00e+000  0.00e+000  2.92e-014  0.00e+000  1.74e-018  0.00e+000  
1.32448e+017 5.39e-018  9.36e-001  6.36e-002  0.00e+000  0.00e+000  0.00e+000  5.15e-014  0.00e+000  3.08e-018  0.00e+000  
