! 0       *H + *CH3O -> *CH3OH
! 1       CH3OH + GRAIN -> *CH3OH + GRAIN
! 2       *H + *CH2OH -> *CH3OH
! 3       *CH3OCH3 + CRPhoton -> *CH3OH + *CH2
! 4       *OH + *CH3 -> *CH3OH
! 5       *HCOOCH3 + CRPhoton -> *CH3OH + *CO
! 6       *CH3OCH3 + ISPhoton -> *CH3OH + *CH2
!            tot_rate   0          1          2          3          4          5          6          
1.58188e+013 5.78e-015  1.00e+000  1.12e-004  5.90e-005  5.10e-005  1.97e-010  4.79e-009  7.16e-011  
3.50727e+014 5.78e-015  1.00e+000  1.12e-004  5.90e-005  5.10e-005  1.97e-010  4.79e-009  7.16e-011  
5.21628e+015 5.78e-015  1.00e+000  1.13e-004  5.90e-005  5.10e-005  1.97e-010  4.79e-009  7.16e-011  
2.67137e+016 5.83e-015  1.00e+000  3.70e-004  5.91e-005  5.07e-005  3.46e-010  4.77e-009  7.13e-011  
3.33598e+016 5.73e-015  9.99e-001  6.85e-004  5.93e-005  5.25e-005  8.46e-010  4.93e-009  7.38e-011  
3.42055e+016 4.63e-015  9.99e-001  6.41e-004  5.93e-005  6.56e-005  1.76e-009  6.15e-009  9.22e-011  
3.44017e+016 4.31e-015  9.99e-001  6.26e-004  5.91e-005  7.05e-005  2.20e-009  6.63e-009  9.92e-011  
3.46353e+016 3.89e-015  9.99e-001  6.09e-004  5.93e-005  7.83e-005  2.98e-009  7.37e-009  1.10e-010  
3.48860e+016 3.42e-015  9.99e-001  5.87e-004  5.93e-005  8.97e-005  4.09e-009  8.41e-009  1.26e-010  
3.51370e+016 2.93e-015  9.99e-001  5.66e-004  5.93e-005  1.05e-004  5.49e-009  9.89e-009  1.48e-010  
3.53250e+016 2.55e-015  9.99e-001  5.53e-004  5.92e-005  1.21e-004  6.62e-009  1.14e-008  1.71e-010  
3.55515e+016 2.09e-015  9.99e-001  5.40e-004  5.93e-005  1.50e-004  7.98e-009  1.41e-008  2.10e-010  
3.57182e+016 1.77e-015  9.99e-001  5.33e-004  5.87e-005  1.78e-004  8.58e-009  1.67e-008  2.50e-010  
3.58524e+016 1.52e-015  9.99e-001  5.30e-004  5.90e-005  2.08e-004  8.02e-009  1.96e-008  2.93e-010  
3.60047e+016 1.26e-015  9.99e-001  5.27e-004  5.89e-005  2.54e-004  5.66e-009  2.39e-008  3.57e-010  
3.61718e+016 1.00e-015  9.99e-001  5.29e-004  5.92e-005  3.24e-004  2.16e-009  3.05e-008  4.56e-010  
3.62899e+016 8.48e-016  9.99e-001  5.25e-004  5.90e-005  3.87e-004  8.95e-010  3.63e-008  5.44e-010  
3.63893e+016 7.31e-016  9.99e-001  5.24e-004  5.90e-005  4.54e-004  3.90e-010  4.27e-008  6.39e-010  
3.64972e+016 6.21e-016  9.99e-001  5.22e-004  5.90e-005  5.45e-004  1.53e-010  5.12e-008  7.65e-010  
3.66124e+016 5.21e-016  9.99e-001  5.40e-004  5.90e-005  6.63e-004  0.00e+000  6.24e-008  9.33e-010  
3.67348e+016 4.38e-016  9.98e-001  7.54e-004  5.89e-005  8.11e-004  3.04e-009  7.63e-008  1.14e-009  
3.68621e+016 3.93e-016  9.97e-001  1.66e-003  5.88e-005  9.36e-004  2.65e-012  8.80e-008  1.32e-009  
3.69700e+016 3.58e-016  9.95e-001  3.86e-003  5.87e-005  1.07e-003  6.57e-013  1.01e-007  1.50e-009  
3.70376e+016 3.36e-016  9.92e-001  6.70e-003  5.87e-005  1.17e-003  2.97e-013  1.10e-007  1.64e-009  
3.71087e+016 3.18e-016  9.87e-001  1.18e-002  5.88e-005  1.27e-003  1.34e-013  1.20e-007  1.78e-009  
3.71826e+016 3.05e-016  9.78e-001  2.07e-002  5.94e-005  1.37e-003  6.04e-014  1.31e-007  1.92e-009  
3.72589e+016 2.96e-016  9.62e-001  3.61e-002  6.11e-005  1.46e-003  2.79e-014  1.44e-007  2.05e-009  
3.73370e+016 2.88e-016  9.35e-001  6.36e-002  6.57e-005  1.55e-003  1.41e-014  1.62e-007  2.18e-009  
3.74165e+016 2.81e-016  8.86e-001  1.13e-001  7.33e-005  1.62e-003  8.39e-015  1.93e-007  2.28e-009  
3.74829e+016 2.81e-016  8.19e-001  1.79e-001  8.02e-005  1.62e-003  7.16e-015  2.28e-007  2.29e-009  
3.75505e+016 2.93e-016  7.24e-001  2.74e-001  8.44e-005  1.50e-003  1.08e-014  2.63e-007  2.11e-009  
3.76194e+016 3.19e-016  5.95e-001  4.04e-001  8.14e-005  1.22e-003  5.32e-014  2.86e-007  1.72e-009  
3.76839e+016 3.76e-016  4.65e-001  5.34e-001  6.83e-005  7.79e-004  2.06e-012  2.62e-007  1.09e-009  
3.76854e+016 3.78e-016  4.63e-001  5.37e-001  6.77e-005  7.64e-004  2.34e-012  2.61e-007  1.08e-009  
3.76877e+016 3.82e-016  4.58e-001  5.41e-001  6.70e-005  7.43e-004  2.90e-012  2.58e-007  1.05e-009  
3.76917e+016 3.88e-016  4.51e-001  5.49e-001  6.57e-005  7.11e-004  4.22e-012  2.54e-007  9.99e-010  
3.76980e+016 3.96e-016  4.39e-001  5.60e-001  6.41e-005  6.59e-004  8.30e-012  2.48e-007  9.26e-010  
3.77083e+016 4.12e-016  4.20e-001  5.80e-001  6.09e-005  5.70e-004  2.98e-011  2.35e-007  8.00e-010  
3.77248e+016 4.37e-016  3.84e-001  6.15e-001  5.56e-005  4.23e-004  4.99e-010  2.11e-007  5.97e-010  
3.77450e+016 4.45e-016  2.94e-001  7.05e-001  4.67e-005  2.47e-004  2.25e-007  1.79e-007  3.46e-010  
3.77655e+016 3.84e-016  3.62e-002  9.63e-001  1.49e-005  3.57e-005  5.78e-004  1.06e-007  5.00e-011  
3.77936e+016 3.75e-016  1.44e-003  9.99e-001  9.26e-006  2.38e-007  1.46e-005  2.10e-008  3.34e-013  
3.78016e+016 3.73e-016  9.19e-004  9.99e-001  9.78e-006  5.06e-008  8.25e-006  1.26e-008  7.12e-014  
3.78111e+016 3.72e-016  6.47e-004  9.99e-001  1.06e-005  7.44e-009  5.08e-006  6.69e-009  1.05e-014  
3.78273e+016 3.70e-016  4.81e-004  1.00e+000  1.23e-005  2.48e-010  3.08e-006  2.13e-009  3.48e-016  
3.78530e+016 3.68e-016  3.97e-004  1.00e+000  1.54e-005  1.07e-011  1.91e-006  2.91e-010  1.50e-017  
3.78818e+016 3.65e-016  3.70e-004  1.00e+000  2.01e-005  9.28e-012  1.31e-006  2.33e-011  1.30e-017  
3.79076e+016 3.64e-016  3.49e-004  1.00e+000  2.44e-005  8.60e-012  1.01e-006  1.86e-012  1.21e-017  
3.79253e+016 3.63e-016  3.47e-004  1.00e+000  2.84e-005  8.23e-012  9.09e-007  2.84e-013  1.16e-017  
3.79502e+016 3.63e-016  3.47e-004  1.00e+000  3.41e-005  7.68e-012  8.10e-007  2.04e-014  1.08e-017  
3.79755e+016 3.62e-016  3.56e-004  1.00e+000  4.11e-005  7.23e-012  7.73e-007  5.38e-015  1.02e-017  
3.79897e+016 3.62e-016  3.64e-004  1.00e+000  4.53e-005  7.01e-012  7.73e-007  4.80e-015  9.86e-018  
3.79918e+016 3.62e-016  3.67e-004  1.00e+000  4.61e-005  6.96e-012  7.73e-007  4.78e-015  9.80e-018  
3.79956e+016 3.63e-016  3.69e-004  1.00e+000  4.71e-005  6.88e-012  7.77e-007  4.71e-015  9.69e-018  
3.80017e+016 3.63e-016  3.72e-004  1.00e+000  4.90e-005  6.77e-012  7.85e-007  4.68e-015  9.56e-018  
3.80129e+016 3.63e-016  3.83e-004  1.00e+000  5.23e-005  6.61e-012  8.07e-007  4.65e-015  9.31e-018  
3.80319e+016 3.63e-016  4.05e-004  1.00e+000  5.87e-005  6.36e-012  8.73e-007  4.71e-015  8.95e-018  
3.80578e+016 3.65e-016  4.41e-004  9.99e-001  6.71e-005  6.00e-012  1.04e-006  4.98e-015  8.43e-018  
3.80629e+016 3.65e-016  4.52e-004  9.99e-001  6.87e-005  5.94e-012  1.09e-006  5.01e-015  8.35e-018  
3.80713e+016 3.65e-016  4.68e-004  9.99e-001  7.17e-005  5.86e-012  1.19e-006  5.12e-015  8.21e-018  
3.80859e+016 3.66e-016  5.02e-004  9.99e-001  7.70e-005  5.68e-012  1.39e-006  5.43e-015  8.00e-018  
3.81083e+016 3.68e-016  5.65e-004  9.99e-001  8.42e-005  5.43e-012  1.84e-006  6.22e-015  7.63e-018  
3.81265e+016 3.69e-016  6.39e-004  9.99e-001  8.99e-005  5.25e-012  2.42e-006  7.28e-015  7.39e-018  
3.81480e+016 3.71e-016  7.62e-004  9.99e-001  9.59e-005  5.06e-012  3.50e-006  9.40e-015  7.14e-018  
3.81769e+016 3.74e-016  1.07e-003  9.99e-001  1.03e-004  4.83e-012  6.49e-006  1.52e-014  6.81e-018  
3.81836e+016 3.75e-016  1.17e-003  9.99e-001  1.04e-004  4.79e-012  7.64e-006  1.76e-014  6.74e-018  
3.81952e+016 3.77e-016  1.42e-003  9.98e-001  1.07e-004  4.78e-012  1.04e-005  2.32e-014  6.72e-018  
3.82149e+016 3.80e-016  2.01e-003  9.98e-001  1.11e-004  4.84e-012  1.84e-005  3.87e-014  6.79e-018  
3.82433e+016 3.83e-016  3.34e-003  9.96e-001  1.18e-004  6.44e-012  4.43e-005  8.48e-014  9.08e-018  
3.82740e+016 3.88e-016  4.26e-003  9.96e-001  1.25e-004  1.59e-011  1.08e-004  1.41e-013  2.23e-017  
3.83054e+016 3.90e-016  2.56e-003  9.97e-001  1.14e-004  3.41e-011  2.25e-004  8.84e-014  4.79e-017  
3.83376e+016 3.90e-016  6.22e-004  9.99e-001  1.10e-004  2.30e-011  2.61e-004  1.81e-014  3.23e-017  
3.83751e+016 3.84e-016  8.59e-005  1.00e+000  1.65e-004  6.30e-012  1.73e-004  4.03e-015  8.88e-018  
3.84132e+016 3.64e-016  1.51e-005  1.00e+000  3.08e-004  1.96e-012  1.70e-004  2.52e-015  2.75e-018  
3.84531e+016 3.15e-016  7.36e-006  9.99e-001  5.99e-004  9.74e-013  3.08e-004  2.66e-015  1.37e-018  
3.84962e+016 2.24e-016  6.10e-006  9.98e-001  1.13e-003  8.78e-013  7.44e-004  3.61e-015  1.23e-018  
3.85449e+016 1.02e-016  8.84e-006  9.96e-001  2.31e-003  2.05e-012  2.18e-003  7.77e-015  2.89e-018  
3.85990e+016 1.92e-017  3.83e-005  9.85e-001  6.51e-003  1.44e-011  8.49e-003  4.20e-014  2.03e-017  
3.86597e+016 7.82e-019  1.02e-003  8.44e-001  3.71e-002  4.52e-010  1.18e-001  1.07e-012  6.35e-016  
3.87288e+016 1.42e-019  7.83e-003  5.90e-002  2.38e-002  2.87e-009  9.09e-001  5.34e-012  4.04e-015  
3.88139e+016 2.71e-019  6.56e-003  1.33e-003  8.99e-004  1.68e-009  9.91e-001  3.08e-012  2.36e-015  
3.89093e+016 5.56e-019  5.56e-003  3.97e-005  5.23e-005  1.11e-009  9.94e-001  1.37e-012  1.56e-015  
3.90068e+016 9.94e-019  5.69e-003  5.23e-006  4.95e-005  9.66e-010  9.94e-001  7.45e-013  1.36e-015  
3.91088e+016 1.57e-018  6.81e-003  1.60e-006  8.79e-005  9.10e-010  9.93e-001  4.81e-013  1.28e-015  
3.92181e+016 2.26e-018  9.20e-003  6.28e-007  1.61e-004  8.80e-010  9.91e-001  3.45e-013  1.24e-015  
3.93325e+016 3.00e-018  1.32e-002  2.95e-007  2.89e-004  8.60e-010  9.87e-001  2.70e-013  1.21e-015  
3.94519e+016 3.73e-018  1.91e-002  1.68e-007  4.96e-004  8.41e-010  9.80e-001  2.27e-013  1.18e-015  
3.95803e+016 4.47e-018  2.68e-002  1.12e-007  8.05e-004  8.05e-010  9.72e-001  1.98e-013  1.13e-015  
3.97190e+016 5.21e-018  3.51e-002  8.83e-008  1.21e-003  7.54e-010  9.64e-001  1.78e-013  1.06e-015  
3.98699e+016 5.93e-018  4.28e-002  7.97e-008  1.68e-003  6.88e-010  9.56e-001  1.63e-013  9.69e-016  
4.00514e+016 6.70e-018  4.85e-002  8.07e-008  2.22e-003  6.06e-010  9.49e-001  1.51e-013  8.55e-016  
4.02549e+016 7.40e-018  5.07e-002  9.07e-008  2.76e-003  5.22e-010  9.47e-001  1.41e-013  7.37e-016  
4.04761e+016 7.92e-018  5.00e-002  1.10e-007  3.32e-003  4.47e-010  9.47e-001  1.33e-013  6.30e-016  
4.07070e+016 8.23e-018  4.82e-002  1.42e-007  3.97e-003  3.83e-010  9.48e-001  1.26e-013  5.40e-016  
4.09451e+016 8.27e-018  4.72e-002  1.92e-007  4.95e-003  3.28e-010  9.48e-001  1.21e-013  4.63e-016  
4.11988e+016 8.08e-018  4.70e-002  2.80e-007  6.43e-003  2.80e-010  9.47e-001  1.17e-013  3.96e-016  
4.14624e+016 7.72e-018  4.82e-002  4.29e-007  8.72e-003  2.34e-010  9.43e-001  1.11e-013  3.32e-016  
4.17462e+016 7.18e-018  5.07e-002  7.04e-007  1.24e-002  1.85e-010  9.37e-001  1.04e-013  2.62e-016  
4.20512e+016 6.42e-018  5.19e-002  1.24e-006  1.82e-002  1.26e-010  9.30e-001  9.52e-014  1.78e-016  
4.23867e+016 5.16e-018  4.71e-002  2.56e-006  2.66e-002  6.20e-011  9.26e-001  8.90e-014  8.78e-017  
4.27356e+016 3.49e-018  3.52e-002  6.61e-006  3.46e-002  2.05e-011  9.30e-001  8.99e-014  2.89e-017  
4.30994e+016 1.96e-018  2.56e-002  2.42e-005  3.86e-002  6.65e-012  9.36e-001  9.72e-014  9.41e-018  
4.34671e+016 8.26e-019  1.67e-002  1.40e-004  4.21e-002  4.43e-012  9.41e-001  1.19e-013  6.27e-018  
4.38104e+016 2.50e-019  1.07e-002  1.20e-003  4.80e-002  9.68e-012  9.40e-001  1.82e-013  1.37e-017  
4.41007e+016 7.17e-020  8.93e-003  9.50e-003  5.48e-002  3.67e-011  9.27e-001  2.85e-013  5.21e-017  
4.42181e+016 4.19e-020  1.21e-002  2.18e-002  5.73e-002  7.97e-011  9.09e-001  3.36e-013  1.13e-016  
4.42811e+016 3.19e-020  1.77e-002  3.48e-002  5.79e-002  1.26e-010  8.90e-001  3.60e-013  1.78e-016  
4.43809e+016 2.20e-020  4.13e-002  6.41e-002  5.78e-002  2.65e-010  8.37e-001  3.71e-013  3.75e-016  
4.45030e+016 1.53e-020  1.40e-001  1.21e-001  5.10e-002  6.53e-010  6.88e-001  3.58e-013  9.24e-016  
4.45401e+016 1.39e-020  2.05e-001  1.46e-001  4.55e-002  8.57e-010  6.03e-001  3.53e-013  1.22e-015  
4.45998e+016 1.36e-020  3.33e-001  1.79e-001  3.53e-002  1.17e-009  4.53e-001  3.09e-013  1.65e-015  
4.46779e+016 1.59e-020  5.20e-001  1.81e-001  2.31e-002  1.46e-009  2.75e-001  2.17e-013  2.06e-015  
4.48006e+016 2.71e-020  7.65e-001  1.34e-001  8.87e-003  1.56e-009  9.24e-002  9.57e-014  2.21e-015  
4.48529e+016 3.67e-020  8.37e-001  1.09e-001  5.15e-003  1.49e-009  4.88e-002  6.32e-014  2.11e-015  
4.48834e+016 4.43e-020  8.64e-001  9.79e-002  3.81e-003  1.42e-009  3.39e-002  4.97e-014  2.02e-015  
4.49346e+016 6.00e-020  8.95e-001  8.12e-002  2.63e-003  1.31e-009  2.10e-002  3.42e-014  1.87e-015  
4.49870e+016 8.19e-020  9.20e-001  6.54e-002  1.82e-003  1.21e-009  1.29e-002  2.31e-014  1.72e-015  
4.50684e+016 1.31e-019  9.46e-001  4.65e-002  1.05e-003  1.07e-009  6.06e-003  1.28e-014  1.51e-015  
4.51867e+016 2.48e-019  9.68e-001  2.94e-002  5.32e-004  8.95e-010  2.15e-003  5.40e-015  1.27e-015  
4.51946e+016 2.65e-019  9.70e-001  2.78e-002  4.83e-004  8.79e-010  1.76e-003  5.17e-015  1.25e-015  
4.52061e+016 2.86e-019  9.72e-001  2.64e-002  4.40e-004  8.70e-010  1.44e-003  4.86e-015  1.23e-015  
4.52265e+016 3.15e-019  9.73e-001  2.50e-002  4.09e-004  8.47e-010  1.24e-003  4.41e-015  1.20e-015  
4.52632e+016 3.76e-019  9.76e-001  2.25e-002  3.59e-004  8.03e-010  9.68e-004  3.59e-015  1.14e-015  
4.53239e+016 5.01e-019  9.80e-001  1.86e-002  2.86e-004  7.43e-010  6.53e-004  2.58e-015  1.05e-015  
4.54167e+016 7.58e-019  9.85e-001  1.40e-002  2.07e-004  6.75e-010  3.54e-004  1.60e-015  9.55e-016  
4.55446e+016 1.32e-018  9.90e-001  9.52e-003  1.38e-004  5.99e-010  1.49e-004  8.62e-016  8.47e-016  
4.55658e+016 1.44e-018  9.91e-001  9.01e-003  1.30e-004  5.91e-010  1.29e-004  7.90e-016  8.38e-016  
4.55697e+016 1.49e-018  9.91e-001  8.71e-003  1.26e-004  5.81e-010  1.12e-004  2.60e-017  8.24e-016  
4.55761e+016 1.54e-018  9.91e-001  8.55e-003  1.24e-004  5.79e-010  9.59e-005  1.68e-015  8.16e-016  
4.55871e+016 1.61e-018  9.91e-001  8.37e-003  1.23e-004  5.74e-010  8.74e-005  1.18e-015  8.12e-016  
4.56066e+016 1.74e-018  9.92e-001  8.03e-003  1.20e-004  5.65e-010  7.85e-005  8.03e-016  7.97e-016  
4.56410e+016 2.00e-018  9.92e-001  7.42e-003  1.11e-004  5.51e-010  6.67e-005  5.91e-016  7.77e-016  
4.56849e+016 2.37e-018  9.93e-001  6.72e-003  1.01e-004  5.37e-010  5.41e-005  4.86e-016  7.56e-016  
4.57241e+016 2.76e-018  9.94e-001  6.09e-003  9.10e-005  5.19e-010  4.42e-005  4.21e-016  7.36e-016  
4.57850e+016 3.46e-018  9.95e-001  5.26e-003  7.92e-005  4.97e-010  3.21e-005  3.33e-016  7.03e-016  
4.58802e+016 4.95e-018  9.96e-001  4.16e-003  6.42e-005  4.67e-010  1.87e-005  2.36e-016  6.62e-016  
4.59720e+016 6.94e-018  9.97e-001  3.34e-003  5.34e-005  4.42e-010  1.11e-005  1.74e-016  6.26e-016  
4.59734e+016 6.98e-018  9.97e-001  3.32e-003  5.33e-005  4.42e-010  1.08e-005  1.99e-015  6.26e-016  
4.59759e+016 7.11e-018  9.97e-001  3.26e-003  5.27e-005  4.39e-010  9.73e-006  2.47e-015  6.20e-016  
4.59802e+016 7.32e-018  9.97e-001  3.20e-003  5.23e-005  4.36e-010  8.36e-006  1.72e-015  6.17e-016  
4.59873e+016 7.56e-018  9.97e-001  3.13e-003  5.24e-005  4.35e-010  7.39e-006  1.48e-015  6.16e-016  
4.59993e+016 7.89e-018  9.97e-001  3.08e-003  5.24e-005  4.33e-010  6.80e-006  1.01e-015  6.13e-016  
4.60196e+016 8.47e-018  9.97e-001  2.98e-003  5.16e-005  4.29e-010  6.24e-006  5.62e-016  6.06e-016  
4.60580e+016 9.68e-018  9.97e-001  2.79e-003  4.88e-005  4.18e-010  5.31e-006  2.45e-016  5.92e-016  
4.61139e+016 1.17e-017  9.97e-001  2.51e-003  4.42e-005  4.05e-010  4.23e-006  1.34e-016  5.73e-016  
4.61801e+016 1.46e-017  9.98e-001  2.21e-003  3.94e-005  3.94e-010  3.14e-006  1.00e-016  5.57e-016  
4.62829e+016 2.09e-017  9.98e-001  1.78e-003  3.27e-005  3.73e-010  1.82e-006  7.64e-017  5.30e-016  
4.63958e+016 3.05e-017  9.99e-001  1.43e-003  2.74e-005  3.50e-010  9.82e-007  5.76e-017  4.98e-016  
4.64165e+016 3.27e-017  9.99e-001  1.37e-003  2.65e-005  3.48e-010  8.73e-007  1.00e-016  4.92e-016  
4.64187e+016 3.31e-017  9.99e-001  1.36e-003  2.62e-005  3.47e-010  8.15e-007  3.41e-016  4.89e-016  
4.64224e+016 3.38e-017  9.99e-001  1.34e-003  2.59e-005  3.46e-010  7.03e-007  0.00e+000  4.88e-016  
4.64286e+016 3.49e-017  9.99e-001  1.31e-003  2.55e-005  3.41e-010  5.87e-007  0.00e+000  4.84e-016  
4.64396e+016 3.63e-017  9.99e-001  1.29e-003  2.53e-005  3.41e-010  5.14e-007  0.00e+000  4.81e-016  
4.64596e+016 3.88e-017  9.99e-001  1.26e-003  2.49e-005  3.40e-010  4.68e-007  0.00e+000  4.79e-016  
4.64933e+016 4.34e-017  9.99e-001  1.20e-003  2.40e-005  3.34e-010  4.11e-007  2.00e-016  4.73e-016  
4.65501e+016 5.15e-017  9.99e-001  1.12e-003  2.27e-005  3.26e-010  3.34e-007  0.00e+000  4.61e-016  
4.66259e+016 6.54e-017  9.99e-001  9.99e-004  2.05e-005  3.14e-010  2.43e-007  2.43e-017  4.44e-016  
4.67450e+016 9.40e-017  9.99e-001  8.38e-004  1.76e-005  3.00e-010  1.36e-007  2.96e-017  4.25e-016  
4.68726e+016 1.40e-016  9.99e-001  6.95e-004  1.47e-005  2.85e-010  6.75e-008  2.56e-017  4.03e-016  
4.69009e+016 1.52e-016  9.99e-001  6.71e-004  1.43e-005  2.83e-010  5.80e-008  2.33e-017  4.01e-016  
4.69024e+016 1.53e-016  9.99e-001  6.66e-004  1.42e-005  2.83e-010  5.69e-008  2.51e-017  4.00e-016  
4.69048e+016 1.55e-016  9.99e-001  6.64e-004  1.40e-005  2.81e-010  5.35e-008  3.08e-017  3.98e-016  
4.69090e+016 1.57e-016  9.99e-001  6.56e-004  1.38e-005  2.81e-010  4.74e-008  3.25e-017  3.97e-016  
4.69160e+016 1.62e-016  9.99e-001  6.48e-004  1.33e-005  2.77e-010  3.87e-008  4.12e-017  3.92e-016  
4.69279e+016 1.69e-016  9.99e-001  6.39e-004  1.27e-005  2.75e-010  3.18e-008  3.84e-017  3.89e-016  
4.69476e+016 1.79e-016  9.99e-001  6.31e-004  1.22e-005  2.74e-010  2.83e-008  3.07e-017  3.87e-016  
4.69806e+016 1.97e-016  9.99e-001  6.19e-004  1.18e-005  2.70e-010  2.52e-008  7.36e-018  3.83e-016  
4.70337e+016 2.29e-016  9.99e-001  5.94e-004  1.16e-005  2.68e-010  2.10e-008  1.33e-017  3.78e-016  
4.70622e+016 2.49e-016  9.99e-001  5.82e-004  1.14e-005  2.65e-010  1.89e-008  1.50e-017  3.75e-016  
4.71061e+016 2.80e-016  9.99e-001  5.64e-004  1.13e-005  2.62e-010  1.61e-008  1.61e-017  3.71e-016  
4.71746e+016 3.38e-016  9.99e-001  5.35e-004  1.09e-005  2.56e-010  1.24e-008  1.72e-017  3.61e-016  
4.72860e+016 4.61e-016  1.00e+000  4.88e-004  1.02e-005  2.45e-010  7.74e-009  1.70e-017  3.47e-016  
4.74240e+016 6.75e-016  1.00e+000  4.44e-004  9.64e-006  2.35e-010  4.22e-009  1.60e-017  3.35e-016  
4.74305e+016 6.88e-016  1.00e+000  4.42e-004  9.60e-006  2.35e-010  4.10e-009  1.58e-017  3.33e-016  
4.74313e+016 6.89e-016  1.00e+000  4.42e-004  9.62e-006  2.35e-010  4.08e-009  1.60e-017  3.34e-016  
4.74348e+016 6.96e-016  1.00e+000  4.41e-004  9.59e-006  2.36e-010  3.99e-009  1.59e-017  3.33e-016  
4.74406e+016 7.08e-016  1.00e+000  4.39e-004  9.53e-006  2.34e-010  3.77e-009  1.58e-017  3.32e-016  
4.74503e+016 7.33e-016  1.00e+000  4.32e-004  9.29e-006  2.32e-010  3.31e-009  1.62e-017  3.29e-016  
4.74676e+016 7.78e-016  1.00e+000  4.24e-004  8.84e-006  2.29e-010  2.69e-009  1.54e-017  3.22e-016  
4.74972e+016 8.47e-016  1.00e+000  4.20e-004  8.45e-006  2.25e-010  2.18e-009  1.36e-017  3.19e-016  
4.75283e+016 9.22e-016  1.00e+000  4.18e-004  8.42e-006  2.23e-010  1.96e-009  1.23e-017  3.17e-016  
4.75365e+016 9.42e-016  1.00e+000  4.18e-004  8.47e-006  2.23e-010  1.91e-009  1.22e-017  3.15e-016  
4.75556e+016 9.90e-016  1.00e+000  4.18e-004  8.58e-006  2.22e-010  1.83e-009  3.33e-017  3.14e-016  
4.75856e+016 1.07e-015  1.00e+000  4.18e-004  8.81e-006  2.20e-010  1.70e-009  4.95e-017  3.12e-016  
4.76342e+016 1.21e-015  1.00e+000  4.16e-004  9.17e-006  2.19e-010  1.50e-009  3.89e-017  3.10e-016  
4.77120e+016 1.50e-015  1.00e+000  4.04e-004  9.66e-006  2.13e-010  1.18e-009  2.71e-017  3.01e-016  
4.78339e+016 2.06e-015  1.00e+000  3.95e-004  1.05e-005  2.04e-010  8.01e-010  1.68e-017  2.89e-016  
4.79819e+016 3.07e-015  1.00e+000  3.81e-004  1.15e-005  1.90e-010  4.98e-010  1.19e-017  2.68e-016  
4.80101e+016 3.31e-015  1.00e+000  3.77e-004  1.17e-005  1.87e-010  4.56e-010  1.14e-017  2.65e-016  
4.80156e+016 3.35e-015  1.00e+000  3.79e-004  1.18e-005  1.87e-010  4.51e-010  1.14e-017  2.65e-016  
4.80288e+016 3.48e-015  1.00e+000  3.76e-004  1.19e-005  1.85e-010  4.31e-010  1.12e-017  2.62e-016  
4.80511e+016 3.69e-015  1.00e+000  3.77e-004  1.21e-005  1.83e-010  4.01e-010  1.09e-017  2.59e-016  
4.80875e+016 4.08e-015  1.00e+000  3.72e-004  1.23e-005  1.79e-010  3.58e-010  1.04e-017  2.52e-016  
4.81463e+016 4.81e-015  1.00e+000  3.68e-004  1.28e-005  1.72e-010  2.97e-010  9.75e-018  2.43e-016  
4.82445e+016 6.25e-015  1.00e+000  3.65e-004  1.40e-005  1.63e-010  2.27e-010  9.20e-018  2.30e-016  
4.83636e+016 8.64e-015  1.00e+000  3.61e-004  1.54e-005  1.50e-010  1.65e-010  8.95e-018  2.14e-016  
4.84912e+016 1.23e-014  1.00e+000  3.55e-004  1.71e-005  1.37e-010  1.16e-010  8.70e-018  1.93e-016  
4.86294e+016 1.80e-014  1.00e+000  3.51e-004  1.90e-005  1.22e-010  7.94e-011  7.50e-018  1.72e-016  
4.87591e+016 2.59e-014  1.00e+000  3.45e-004  2.09e-005  1.07e-010  5.52e-011  7.95e-018  1.52e-016  
4.88968e+016 3.82e-014  1.00e+000  3.40e-004  2.30e-005  9.26e-011  3.69e-011  8.74e-018  1.31e-016  
4.90444e+016 5.81e-014  1.00e+000  3.32e-004  2.53e-005  7.81e-011  2.41e-011  9.22e-018  1.10e-016  
4.91980e+016 9.03e-014  1.00e+000  3.20e-004  2.78e-005  6.43e-011  1.51e-011  9.56e-018  9.10e-017  
4.93317e+016 1.33e-013  1.00e+000  3.08e-004  3.00e-005  5.37e-011  1.00e-011  9.77e-018  7.59e-017  
4.94239e+016 1.73e-013  1.00e+000  3.00e-004  3.17e-005  4.75e-011  7.51e-012  1.00e-017  6.70e-017  
4.95192e+016 2.27e-013  1.00e+000  2.90e-004  3.35e-005  4.17e-011  5.59e-012  1.02e-017  5.90e-017  
4.96202e+016 3.01e-013  1.00e+000  2.80e-004  3.55e-005  3.65e-011  4.12e-012  1.03e-017  5.15e-017  
4.97297e+016 4.06e-013  1.00e+000  2.71e-004  3.82e-005  3.15e-011  2.98e-012  1.05e-017  4.46e-017  
4.98461e+016 5.53e-013  1.00e+000  2.59e-004  4.09e-005  2.73e-011  2.10e-012  1.07e-017  3.85e-017  
4.99670e+016 7.55e-013  1.00e+000  2.48e-004  4.41e-005  2.34e-011  1.50e-012  1.09e-017  3.32e-017  
5.00936e+016 1.03e-012  1.00e+000  2.38e-004  4.79e-005  2.03e-011  1.05e-012  1.11e-017  2.87e-017  
5.02240e+016 1.40e-012  1.00e+000  2.27e-004  5.18e-005  1.76e-011  7.28e-013  1.11e-017  2.50e-017  
5.03584e+016 1.88e-012  1.00e+000  2.18e-004  5.64e-005  1.55e-011  5.11e-013  1.13e-017  2.20e-017  
5.05026e+016 2.52e-012  1.00e+000  2.09e-004  6.23e-005  1.37e-011  3.52e-013  1.15e-017  1.94e-017  
5.05959e+016 3.00e-012  1.00e+000  2.05e-004  6.63e-005  1.29e-011  2.86e-013  1.17e-017  1.82e-017  
5.06957e+016 3.57e-012  1.00e+000  2.01e-004  7.11e-005  1.21e-011  2.27e-013  1.20e-017  1.72e-017  
5.07988e+016 4.23e-012  1.00e+000  1.99e-004  7.63e-005  1.15e-011  1.82e-013  1.24e-017  1.63e-017  
5.09058e+016 4.99e-012  1.00e+000  1.97e-004  8.21e-005  1.10e-011  1.47e-013  1.28e-017  1.56e-017  
5.10237e+016 5.94e-012  1.00e+000  1.95e-004  8.87e-005  1.05e-011  1.16e-013  1.35e-017  1.49e-017  
5.11496e+016 7.07e-012  1.00e+000  1.94e-004  9.59e-005  1.02e-011  9.12e-014  1.43e-017  1.44e-017  
5.12843e+016 8.47e-012  1.00e+000  1.92e-004  1.03e-004  9.88e-012  7.11e-014  1.53e-017  1.40e-017  
5.14296e+016 1.03e-011  1.00e+000  1.89e-004  1.11e-004  9.58e-012  5.36e-014  1.66e-017  1.36e-017  
5.15425e+016 1.18e-011  1.00e+000  1.91e-004  1.17e-004  9.49e-012  4.43e-014  1.80e-017  1.35e-017  
5.16792e+016 1.39e-011  1.00e+000  1.93e-004  1.24e-004  9.49e-012  3.50e-014  1.98e-017  1.34e-017  
5.18319e+016 1.66e-011  1.00e+000  1.97e-004  1.31e-004  9.58e-012  2.69e-014  2.21e-017  1.35e-017  
5.19950e+016 1.98e-011  1.00e+000  2.05e-004  1.40e-004  9.95e-012  2.07e-014  2.50e-017  1.40e-017  
5.21655e+016 2.34e-011  1.00e+000  2.17e-004  1.50e-004  1.06e-011  1.58e-014  2.88e-017  1.50e-017  
5.23457e+016 2.75e-011  1.00e+000  2.35e-004  1.61e-004  1.18e-011  1.22e-014  3.36e-017  1.68e-017  
5.25384e+016 3.24e-011  1.00e+000  2.56e-004  1.72e-004  1.37e-011  9.29e-015  3.98e-017  1.94e-017  
5.27451e+016 3.79e-011  1.00e+000  2.85e-004  1.86e-004  1.67e-011  7.09e-015  4.85e-017  2.37e-017  
5.29668e+016 4.42e-011  9.99e-001  3.21e-004  2.00e-004  2.15e-011  5.36e-015  6.11e-017  3.05e-017  
5.31993e+016 5.12e-011  9.99e-001  3.65e-004  2.17e-004  2.89e-011  4.08e-015  7.96e-017  4.08e-017  
5.34440e+016 5.89e-011  9.99e-001  4.17e-004  2.32e-004  4.02e-011  3.07e-015  1.08e-016  5.68e-017  
5.36995e+016 6.72e-011  9.99e-001  4.80e-004  2.50e-004  5.72e-011  2.35e-015  1.53e-016  8.10e-017  
5.39765e+016 7.64e-011  9.99e-001  5.58e-004  2.68e-004  8.43e-011  1.77e-015  2.29e-016  1.19e-016  
5.42627e+016 8.60e-011  9.99e-001  6.47e-004  2.87e-004  1.24e-010  1.35e-015  3.55e-016  1.77e-016  
5.45738e+016 9.65e-011  9.99e-001  7.53e-004  3.08e-004  1.88e-010  9.96e-016  5.73e-016  2.65e-016  
5.49079e+016 1.07e-010  9.99e-001  8.85e-004  3.30e-004  2.88e-010  7.53e-016  9.71e-016  4.07e-016  
5.52575e+016 1.18e-010  9.99e-001  1.03e-003  3.51e-004  4.37e-010  5.64e-016  1.65e-015  6.18e-016  
5.56155e+016 1.29e-010  9.98e-001  1.19e-003  3.72e-004  6.52e-010  4.24e-016  2.82e-015  9.21e-016  
5.59918e+016 1.39e-010  9.98e-001  1.39e-003  3.93e-004  9.77e-010  3.25e-016  4.86e-015  1.38e-015  
5.63913e+016 1.49e-010  9.98e-001  1.59e-003  4.13e-004  1.44e-009  2.48e-016  8.44e-015  2.04e-015  
5.68226e+016 1.58e-010  9.98e-001  1.84e-003  4.35e-004  2.14e-009  1.89e-016  1.49e-014  3.02e-015  
5.72780e+016 1.66e-010  9.97e-001  2.11e-003  4.55e-004  3.15e-009  1.44e-016  2.63e-014  4.45e-015  
5.77650e+016 1.73e-010  9.97e-001  2.39e-003  4.74e-004  4.59e-009  1.10e-016  4.65e-014  6.46e-015  
5.82707e+016 1.78e-010  9.97e-001  2.71e-003  4.96e-004  6.59e-009  8.67e-017  8.17e-014  9.35e-015  
5.88124e+016 1.81e-010  9.96e-001  3.04e-003  5.14e-004  9.41e-009  6.75e-017  1.43e-013  1.33e-014  
5.93801e+016 1.81e-010  9.96e-001  3.39e-003  5.36e-004  1.33e-008  5.43e-017  2.48e-013  1.88e-014  
5.99878e+016 1.79e-010  9.96e-001  3.75e-003  5.58e-004  1.86e-008  4.40e-017  4.32e-013  2.62e-014  
6.06254e+016 1.76e-010  9.95e-001  4.09e-003  5.74e-004  2.55e-008  3.65e-017  7.34e-013  3.59e-014  
6.12860e+016 1.71e-010  9.95e-001  4.42e-003  5.97e-004  3.44e-008  3.15e-017  1.23e-012  4.85e-014  
6.19772e+016 1.64e-010  9.95e-001  4.77e-003  6.16e-004  4.58e-008  2.79e-017  2.04e-012  6.47e-014  
6.27006e+016 1.56e-010  9.94e-001  5.10e-003  6.37e-004  6.02e-008  2.55e-017  3.33e-012  8.47e-014  
6.34752e+016 1.47e-010  9.94e-001  5.42e-003  6.57e-004  7.90e-008  2.42e-017  5.41e-012  1.11e-013  
6.43223e+016 1.37e-010  9.94e-001  5.74e-003  6.77e-004  1.03e-007  2.39e-017  8.84e-012  1.45e-013  
6.52408e+016 1.26e-010  9.93e-001  6.06e-003  6.98e-004  1.34e-007  2.46e-017  1.45e-011  1.89e-013  
6.62440e+016 1.15e-010  9.93e-001  6.37e-003  7.16e-004  1.74e-007  2.63e-017  2.39e-011  2.46e-013  
6.73219e+016 1.03e-010  9.93e-001  6.73e-003  7.37e-004  2.27e-007  2.96e-017  3.92e-011  3.20e-013  
6.84641e+016 9.09e-011  9.92e-001  7.12e-003  7.56e-004  2.95e-007  3.49e-017  6.40e-011  4.15e-013  
6.96945e+016 7.96e-011  9.92e-001  7.53e-003  7.70e-004  3.82e-007  4.32e-017  1.04e-010  5.38e-013  
7.10391e+016 6.85e-011  9.91e-001  8.01e-003  7.84e-004  4.98e-007  5.69e-017  1.71e-010  7.01e-013  
7.25155e+016 5.78e-011  9.91e-001  8.63e-003  7.94e-004  6.57e-007  8.02e-017  2.80e-010  9.23e-013  
7.42223e+016 4.75e-011  9.90e-001  9.46e-003  7.98e-004  8.87e-007  1.24e-016  4.78e-010  1.25e-012  
7.63108e+016 3.70e-011  9.89e-001  1.07e-002  7.97e-004  1.26e-006  2.25e-016  8.78e-010  1.77e-012  
7.86896e+016 2.79e-011  9.87e-001  1.25e-002  7.86e-004  1.84e-006  4.66e-016  1.65e-009  2.59e-012  
8.18150e+016 1.91e-011  9.84e-001  1.55e-002  7.64e-004  2.97e-006  1.28e-015  3.51e-009  4.18e-012  
8.55776e+016 1.22e-011  9.79e-001  2.04e-002  7.29e-004  5.15e-006  4.56e-015  8.05e-009  7.24e-012  
9.00548e+016 7.12e-012  9.71e-001  2.82e-002  6.80e-004  9.63e-006  2.15e-014  1.98e-008  1.35e-011  
9.53916e+016 3.83e-012  9.59e-001  4.05e-002  6.14e-004  1.95e-005  1.38e-013  5.23e-008  2.74e-011  
1.01535e+017 1.95e-012  9.42e-001  5.78e-002  5.32e-004  4.10e-005  1.11e-012  1.39e-007  5.78e-011  
1.09249e+017 9.16e-013  9.20e-001  7.93e-002  4.48e-004  9.35e-005  1.26e-011  3.95e-007  1.32e-010  
1.19176e+017 4.23e-013  9.06e-001  9.30e-002  3.74e-004  2.14e-004  1.50e-010  1.10e-006  3.01e-010  
1.32448e+017 2.25e-013  9.29e-001  7.06e-002  3.57e-004  4.19e-004  9.82e-010  2.51e-006  5.91e-010  
