! 0       *H + *CH3OH -> *CH2OH + *H2
! 1       *H + *H2CO -> *CH2OH
! 2       CH2OH + GRAIN -> *CH2OH + GRAIN
! 3       *OH + *CH2 -> *CH2OH
!            tot_rate   0          1          2          3          
1.58188e+013 6.89e-019  9.97e-001  2.05e-003  1.44e-004  9.87e-004  
3.50727e+014 6.89e-019  9.97e-001  2.05e-003  1.44e-004  9.87e-004  
5.21628e+015 6.89e-019  9.97e-001  2.05e-003  1.45e-004  9.88e-004  
2.67137e+016 6.97e-019  9.96e-001  2.04e-003  4.68e-004  1.72e-003  
3.33598e+016 6.86e-019  9.94e-001  2.04e-003  8.64e-004  3.45e-003  
3.42055e+016 5.55e-019  9.92e-001  2.03e-003  8.08e-004  5.02e-003  
3.44017e+016 5.16e-019  9.92e-001  2.03e-003  7.92e-004  5.37e-003  
3.46353e+016 4.67e-019  9.92e-001  2.03e-003  7.69e-004  5.48e-003  
3.48860e+016 4.10e-019  9.92e-001  2.04e-003  7.44e-004  4.85e-003  
3.51370e+016 3.51e-019  9.94e-001  2.04e-003  7.18e-004  3.33e-003  
3.53250e+016 3.04e-019  9.95e-001  2.05e-003  7.03e-004  2.07e-003  
3.55515e+016 2.50e-019  9.96e-001  2.04e-003  6.84e-004  8.64e-004  
3.57182e+016 2.11e-019  9.97e-001  2.05e-003  6.79e-004  3.75e-004  
3.58524e+016 1.82e-019  9.97e-001  2.04e-003  6.72e-004  1.70e-004  
3.60047e+016 1.50e-019  9.97e-001  2.04e-003  6.63e-004  6.38e-005  
3.61718e+016 1.19e-019  9.97e-001  2.05e-003  6.59e-004  1.74e-005  
3.62899e+016 1.01e-019  9.97e-001  2.04e-003  6.48e-004  6.65e-006  
3.63893e+016 8.70e-020  9.97e-001  2.05e-003  6.43e-004  2.83e-006  
3.64972e+016 7.39e-020  9.97e-001  2.04e-003  6.32e-004  1.10e-006  
3.66124e+016 6.20e-020  9.97e-001  2.05e-003  6.20e-004  0.00e+000  
3.67348e+016 5.20e-020  9.97e-001  2.06e-003  5.94e-004  0.00e+000  
3.68621e+016 4.67e-020  9.97e-001  2.05e-003  5.24e-004  1.90e-008  
3.69700e+016 4.25e-020  9.97e-001  2.04e-003  4.75e-004  4.66e-009  
3.70376e+016 3.99e-020  9.98e-001  2.04e-003  4.51e-004  2.09e-009  
3.71087e+016 3.78e-020  9.98e-001  2.04e-003  4.23e-004  9.34e-010  
3.71826e+016 3.66e-020  9.98e-001  2.04e-003  3.91e-004  4.07e-010  
3.72589e+016 3.66e-020  9.98e-001  2.03e-003  3.55e-004  1.77e-010  
3.73370e+016 3.82e-020  9.98e-001  2.00e-003  3.19e-004  7.70e-011  
3.74165e+016 4.16e-020  9.98e-001  1.97e-003  2.91e-004  3.49e-011  
3.74829e+016 4.56e-020  9.98e-001  1.91e-003  2.94e-004  1.96e-011  
3.75505e+016 4.99e-020  9.98e-001  1.83e-003  4.59e-004  1.46e-011  
3.76194e+016 5.26e-020  9.97e-001  1.67e-003  1.58e-003  3.71e-011  
3.76839e+016 5.20e-020  9.91e-001  1.41e-003  7.43e-003  1.44e-009  
3.76854e+016 5.20e-020  9.91e-001  1.40e-003  7.68e-003  1.64e-009  
3.76877e+016 5.19e-020  9.90e-001  1.39e-003  8.15e-003  2.06e-009  
3.76917e+016 5.17e-020  9.90e-001  1.37e-003  8.99e-003  3.05e-009  
3.76980e+016 5.14e-020  9.88e-001  1.33e-003  1.06e-002  6.15e-009  
3.77083e+016 5.09e-020  9.85e-001  1.25e-003  1.37e-002  2.32e-008  
3.77248e+016 4.93e-020  9.78e-001  1.11e-003  2.11e-002  4.22e-007  
3.77450e+016 4.23e-020  9.59e-001  8.50e-004  3.99e-002  2.27e-004  
3.77655e+016 1.54e-020  2.40e-001  8.27e-005  1.80e-001  5.80e-001  
3.77936e+016 7.53e-021  2.75e-003  9.89e-008  6.47e-001  3.51e-001  
3.78016e+016 7.98e-021  5.20e-004  9.52e-009  6.99e-001  3.01e-001  
3.78111e+016 8.71e-021  6.57e-005  6.18e-010  7.47e-001  2.53e-001  
3.78273e+016 1.02e-020  1.67e-006  8.12e-011  8.10e-001  1.90e-001  
3.78530e+016 1.33e-020  3.15e-008  4.30e-011  8.81e-001  1.19e-001  
3.78818e+016 1.79e-020  1.48e-008  2.24e-011  9.31e-001  6.91e-002  
3.79076e+016 2.34e-020  8.29e-009  1.26e-011  9.57e-001  4.31e-002  
3.79253e+016 2.82e-020  5.64e-009  8.51e-012  9.68e-001  3.25e-002  
3.79502e+016 3.62e-020  3.32e-009  5.03e-012  9.78e-001  2.21e-002  
3.79755e+016 4.64e-020  2.00e-009  3.04e-012  9.85e-001  1.53e-002  
3.79897e+016 5.30e-020  1.52e-009  2.32e-012  9.87e-001  1.27e-002  
3.79918e+016 5.41e-020  1.46e-009  2.24e-012  9.88e-001  1.24e-002  
3.79956e+016 5.60e-020  1.36e-009  2.07e-012  9.88e-001  1.18e-002  
3.80017e+016 5.92e-020  1.21e-009  1.86e-012  9.89e-001  1.09e-002  
3.80129e+016 6.55e-020  9.86e-010  1.51e-012  9.90e-001  9.55e-003  
3.80319e+016 7.74e-020  7.00e-010  1.07e-012  9.92e-001  7.70e-003  
3.80578e+016 9.62e-020  4.51e-010  6.93e-013  9.94e-001  5.95e-003  
3.80629e+016 1.00e-019  4.15e-010  6.38e-013  9.94e-001  5.70e-003  
3.80713e+016 1.08e-019  3.62e-010  5.56e-013  9.95e-001  5.28e-003  
3.80859e+016 1.20e-019  2.92e-010  4.48e-013  9.95e-001  4.73e-003  
3.81083e+016 1.41e-019  2.10e-010  3.23e-013  9.96e-001  4.03e-003  
3.81265e+016 1.59e-019  1.63e-010  2.52e-013  9.96e-001  3.58e-003  
3.81480e+016 1.81e-019  1.24e-010  1.91e-013  9.97e-001  3.11e-003  
3.81769e+016 2.11e-019  8.88e-011  1.38e-013  9.97e-001  2.58e-003  
3.81836e+016 2.18e-019  8.27e-011  1.28e-013  9.98e-001  2.46e-003  
3.81952e+016 2.31e-019  7.33e-011  1.14e-013  9.98e-001  2.23e-003  
3.82149e+016 2.55e-019  5.91e-011  9.20e-014  9.98e-001  1.83e-003  
3.82433e+016 3.09e-019  4.20e-011  6.59e-014  9.99e-001  1.19e-003  
3.82740e+016 4.29e-019  2.56e-011  4.08e-014  9.99e-001  5.59e-004  
3.83054e+016 7.11e-019  1.32e-011  2.11e-014  1.00e+000  1.77e-004  
3.83376e+016 1.35e-018  5.93e-012  9.56e-015  1.00e+000  3.99e-005  
3.83751e+016 2.95e-018  2.23e-012  3.80e-015  1.00e+000  6.88e-006  
3.84132e+016 6.11e-018  8.61e-013  1.65e-015  1.00e+000  2.29e-006  
3.84531e+016 1.16e-017  3.33e-013  8.24e-016  1.00e+000  1.47e-006  
3.84962e+016 1.86e-017  1.27e-013  5.27e-016  1.00e+000  1.35e-006  
3.85449e+016 2.18e-017  4.26e-014  4.77e-016  1.00e+000  1.98e-006  
3.85990e+016 1.42e-017  1.06e-014  7.00e-016  1.00e+000  4.18e-006  
3.86597e+016 4.02e-018  1.33e-015  1.86e-015  1.00e+000  1.70e-005  
3.87288e+016 5.92e-019  1.38e-015  6.92e-015  1.00e+000  3.28e-004  
3.88139e+016 5.22e-020  2.74e-014  2.47e-014  9.84e-001  1.64e-002  
3.89093e+016 6.65e-021  4.26e-013  2.65e-014  4.84e-001  5.16e-001  
3.90068e+016 1.03e-020  5.14e-013  1.23e-015  1.97e-002  9.80e-001  
3.91088e+016 2.35e-020  4.05e-013  2.71e-016  9.91e-004  9.99e-001  
3.92181e+016 4.58e-020  3.67e-013  2.42e-016  2.25e-004  1.00e+000  
3.93325e+016 7.64e-020  3.76e-013  2.64e-016  9.48e-005  1.00e+000  
3.94519e+016 1.13e-019  4.22e-013  3.26e-016  4.99e-005  1.00e+000  
3.95803e+016 1.53e-019  5.09e-013  4.35e-016  3.14e-005  1.00e+000  
3.97190e+016 1.94e-019  6.44e-013  6.03e-016  2.33e-005  1.00e+000  
3.98699e+016 2.32e-019  8.58e-013  8.41e-016  2.00e-005  1.00e+000  
4.00514e+016 2.67e-019  1.23e-012  1.22e-015  1.93e-005  1.00e+000  
4.02549e+016 2.97e-019  1.81e-012  1.75e-015  2.00e-005  1.00e+000  
4.04761e+016 3.20e-019  2.74e-012  2.54e-015  2.19e-005  1.00e+000  
4.07070e+016 3.37e-019  4.15e-012  3.74e-015  2.43e-005  1.00e+000  
4.09451e+016 3.55e-019  6.31e-012  5.75e-015  2.67e-005  1.00e+000  
4.11988e+016 3.71e-019  9.89e-012  9.51e-015  2.94e-005  1.00e+000  
4.14624e+016 3.85e-019  1.60e-011  1.70e-014  3.25e-005  1.00e+000  
4.17462e+016 3.96e-019  2.78e-011  3.36e-014  3.56e-005  1.00e+000  
4.20512e+016 3.95e-019  5.27e-011  7.19e-014  3.82e-005  1.00e+000  
4.23867e+016 3.58e-019  1.13e-010  1.68e-013  4.27e-005  1.00e+000  
4.27356e+016 2.70e-019  2.73e-010  4.30e-013  5.52e-005  1.00e+000  
4.30994e+016 1.57e-019  7.96e-010  1.45e-012  9.68e-005  1.00e+000  
4.34671e+016 7.07e-020  2.52e-009  8.07e-012  2.45e-004  1.00e+000  
4.38104e+016 2.42e-020  7.43e-009  1.21e-010  9.25e-004  9.99e-001  
4.41007e+016 7.94e-021  1.90e-008  2.72e-009  3.90e-003  9.96e-001  
4.42181e+016 4.86e-021  2.84e-008  1.09e-008  7.27e-003  9.93e-001  
4.42811e+016 3.74e-021  3.56e-008  2.29e-008  1.04e-002  9.90e-001  
4.43809e+016 2.57e-021  5.30e-008  7.44e-008  1.81e-002  9.82e-001  
4.45030e+016 1.57e-021  9.53e-008  3.19e-007  3.47e-002  9.65e-001  
4.45401e+016 1.28e-021  1.25e-007  5.35e-007  4.40e-002  9.56e-001  
4.45998e+016 9.73e-022  1.99e-007  1.13e-006  6.53e-002  9.35e-001  
4.46779e+016 7.43e-022  4.07e-007  2.72e-006  1.01e-001  8.99e-001  
4.48006e+016 4.85e-022  1.64e-006  1.04e-005  1.86e-001  8.14e-001  
4.48529e+016 3.82e-022  3.40e-006  1.96e-005  2.52e-001  7.48e-001  
4.48834e+016 3.41e-022  5.10e-006  2.74e-005  3.02e-001  6.98e-001  
4.49346e+016 3.18e-022  8.74e-006  4.12e-005  3.62e-001  6.38e-001  
4.49870e+016 3.00e-022  1.49e-005  6.13e-005  4.23e-001  5.77e-001  
4.50684e+016 2.78e-022  3.25e-005  1.09e-004  5.22e-001  4.78e-001  
4.51867e+016 2.66e-022  8.78e-005  2.20e-004  6.57e-001  3.43e-001  
4.51946e+016 2.58e-022  9.96e-005  2.44e-004  6.90e-001  3.10e-001  
4.52061e+016 2.55e-022  1.14e-004  2.66e-004  7.25e-001  2.75e-001  
4.52265e+016 2.62e-022  1.30e-004  2.87e-004  7.45e-001  2.54e-001  
4.52632e+016 2.72e-022  1.62e-004  3.30e-004  7.69e-001  2.30e-001  
4.53239e+016 2.89e-022  2.32e-004  4.15e-004  8.02e-001  1.97e-001  
4.54167e+016 3.17e-022  3.91e-004  5.74e-004  8.48e-001  1.51e-001  
4.55446e+016 3.68e-022  7.72e-004  8.68e-004  9.00e-001  9.82e-002  
4.55658e+016 3.78e-022  8.63e-004  9.26e-004  9.08e-001  9.05e-002  
4.55697e+016 3.80e-022  8.90e-004  9.51e-004  9.17e-001  8.14e-002  
4.55761e+016 3.88e-022  9.23e-004  9.64e-004  9.28e-001  7.01e-002  
4.55871e+016 4.03e-022  9.57e-004  9.69e-004  9.34e-001  6.37e-002  
4.56066e+016 4.22e-022  1.03e-003  1.00e-003  9.38e-001  5.95e-002  
4.56410e+016 4.49e-022  1.18e-003  1.08e-003  9.43e-001  5.46e-002  
4.56849e+016 4.80e-022  1.43e-003  1.20e-003  9.48e-001  4.98e-002  
4.57241e+016 5.08e-022  1.69e-003  1.32e-003  9.51e-001  4.55e-002  
4.57850e+016 5.54e-022  2.18e-003  1.52e-003  9.58e-001  3.82e-002  
4.58802e+016 6.43e-022  3.22e-003  1.87e-003  9.67e-001  2.80e-002  
4.59720e+016 7.50e-022  4.61e-003  2.25e-003  9.73e-001  2.04e-002  
4.59734e+016 7.51e-022  4.65e-003  2.26e-003  9.73e-001  2.00e-002  
4.59759e+016 7.57e-022  4.70e-003  2.29e-003  9.75e-001  1.82e-002  
4.59802e+016 7.73e-022  4.79e-003  2.30e-003  9.77e-001  1.58e-002  
4.59873e+016 8.00e-022  4.90e-003  2.30e-003  9.79e-001  1.39e-002  
4.59993e+016 8.36e-022  5.06e-003  2.30e-003  9.80e-001  1.27e-002  
4.60196e+016 8.83e-022  5.35e-003  2.33e-003  9.80e-001  1.19e-002  
4.60580e+016 9.54e-022  6.06e-003  2.47e-003  9.81e-001  1.08e-002  
4.61139e+016 1.05e-021  7.36e-003  2.71e-003  9.80e-001  9.71e-003  
4.61801e+016 1.16e-021  9.36e-003  3.08e-003  9.79e-001  8.27e-003  
4.62829e+016 1.38e-021  1.37e-002  3.69e-003  9.77e-001  5.98e-003  
4.63958e+016 1.69e-021  2.01e-002  4.41e-003  9.71e-001  3.99e-003  
4.64165e+016 1.75e-021  2.16e-002  4.55e-003  9.70e-001  3.69e-003  
4.64187e+016 1.75e-021  2.20e-002  4.61e-003  9.70e-001  3.49e-003  
4.64224e+016 1.77e-021  2.23e-002  4.66e-003  9.70e-001  3.04e-003  
4.64286e+016 1.80e-021  2.29e-002  4.72e-003  9.70e-001  2.58e-003  
4.64396e+016 1.86e-021  2.40e-002  4.78e-003  9.69e-001  2.28e-003  
4.64596e+016 1.95e-021  2.56e-002  4.86e-003  9.67e-001  2.11e-003  
4.64933e+016 2.10e-021  2.85e-002  5.04e-003  9.65e-001  1.94e-003  
4.65501e+016 2.36e-021  3.34e-002  5.35e-003  9.60e-001  1.72e-003  
4.66259e+016 2.70e-021  4.22e-002  5.88e-003  9.51e-001  1.45e-003  
4.67450e+016 3.33e-021  6.13e-002  6.88e-003  9.31e-001  1.01e-003  
4.68726e+016 4.17e-021  9.34e-002  8.19e-003  8.98e-001  6.41e-004  
4.69009e+016 4.38e-021  1.03e-001  8.50e-003  8.88e-001  5.80e-004  
4.69024e+016 4.39e-021  1.03e-001  8.51e-003  8.88e-001  5.71e-004  
4.69048e+016 4.39e-021  1.05e-001  8.59e-003  8.86e-001  5.47e-004  
4.69090e+016 4.39e-021  1.07e-001  8.73e-003  8.84e-001  4.92e-004  
4.69160e+016 4.36e-021  1.12e-001  9.06e-003  8.79e-001  4.17e-004  
4.69279e+016 4.35e-021  1.20e-001  9.50e-003  8.70e-001  3.61e-004  
4.69476e+016 4.42e-021  1.32e-001  9.90e-003  8.58e-001  3.37e-004  
4.69806e+016 4.71e-021  1.46e-001  1.02e-002  8.44e-001  3.12e-004  
4.70337e+016 5.35e-021  1.65e-001  1.04e-002  8.24e-001  2.77e-004  
4.70622e+016 5.75e-021  1.76e-001  1.06e-002  8.14e-001  2.57e-004  
4.71061e+016 6.40e-021  1.94e-001  1.07e-002  7.95e-001  2.28e-004  
4.71746e+016 7.45e-021  2.25e-001  1.11e-002  7.63e-001  1.92e-004  
4.72860e+016 9.51e-021  2.91e-001  1.19e-002  6.97e-001  1.38e-004  
4.74240e+016 1.31e-020  3.95e-001  1.26e-002  5.93e-001  8.67e-005  
4.74305e+016 1.34e-020  4.00e-001  1.26e-002  5.87e-001  8.46e-005  
4.74313e+016 1.34e-020  4.01e-001  1.25e-002  5.86e-001  8.44e-005  
4.74348e+016 1.35e-020  4.04e-001  1.26e-002  5.83e-001  8.30e-005  
4.74406e+016 1.36e-020  4.11e-001  1.27e-002  5.76e-001  7.92e-005  
4.74503e+016 1.38e-020  4.26e-001  1.30e-002  5.61e-001  7.20e-005  
4.74676e+016 1.39e-020  4.59e-001  1.37e-002  5.27e-001  6.19e-005  
4.74972e+016 1.45e-020  5.09e-001  1.43e-002  4.77e-001  5.34e-005  
4.75283e+016 1.57e-020  5.41e-001  1.43e-002  4.44e-001  4.84e-005  
4.75365e+016 1.61e-020  5.47e-001  1.43e-002  4.39e-001  4.73e-005  
4.75556e+016 1.72e-020  5.59e-001  1.41e-002  4.27e-001  4.48e-005  
4.75856e+016 1.91e-020  5.76e-001  1.37e-002  4.10e-001  4.10e-005  
4.76342e+016 2.25e-020  5.99e-001  1.32e-002  3.88e-001  3.55e-005  
4.77120e+016 2.93e-020  6.42e-001  1.25e-002  3.45e-001  2.76e-005  
4.78339e+016 4.35e-020  7.15e-001  1.16e-002  2.74e-001  1.84e-005  
4.79819e+016 7.11e-020  7.92e-001  1.06e-002  1.97e-001  1.11e-005  
4.80101e+016 7.83e-020  8.06e-001  1.03e-002  1.84e-001  1.01e-005  
4.80156e+016 7.98e-020  8.08e-001  1.03e-002  1.82e-001  9.92e-006  
4.80288e+016 8.34e-020  8.14e-001  1.02e-002  1.76e-001  9.48e-006  
4.80511e+016 8.99e-020  8.25e-001  1.00e-002  1.65e-001  8.78e-006  
4.80875e+016 1.02e-019  8.43e-001  9.81e-003  1.48e-001  7.74e-006  
4.81463e+016 1.25e-019  8.67e-001  9.39e-003  1.24e-001  6.30e-006  
4.82445e+016 1.76e-019  8.97e-001  8.69e-003  9.42e-002  4.53e-006  
4.83636e+016 2.70e-019  9.23e-001  7.82e-003  6.90e-002  3.04e-006  
4.84912e+016 4.24e-019  9.45e-001  7.08e-003  4.84e-002  1.99e-006  
4.86294e+016 6.92e-019  9.62e-001  6.36e-003  3.20e-002  1.25e-006  
4.87591e+016 1.09e-018  9.73e-001  5.81e-003  2.12e-002  8.11e-007  
4.88968e+016 1.77e-018  9.82e-001  5.26e-003  1.32e-002  5.06e-007  
4.90444e+016 2.97e-018  9.88e-001  4.79e-003  7.65e-003  3.07e-007  
4.91980e+016 5.07e-018  9.92e-001  4.34e-003  4.10e-003  1.81e-007  
4.93317e+016 8.06e-018  9.94e-001  4.02e-003  2.26e-003  1.14e-007  
4.94239e+016 1.11e-017  9.95e-001  3.83e-003  1.45e-003  8.34e-008  
4.95192e+016 1.54e-017  9.96e-001  3.61e-003  8.78e-004  5.97e-008  
4.96202e+016 2.17e-017  9.96e-001  3.39e-003  5.03e-004  4.22e-008  
4.97297e+016 3.13e-017  9.97e-001  3.17e-003  2.65e-004  2.91e-008  
4.98461e+016 4.57e-017  9.97e-001  2.95e-003  1.26e-004  1.97e-008  
4.99670e+016 6.73e-017  9.97e-001  2.73e-003  5.50e-005  1.32e-008  
5.00936e+016 9.96e-017  9.97e-001  2.53e-003  2.13e-005  8.76e-009  
5.02240e+016 1.46e-016  9.98e-001  2.34e-003  7.31e-006  5.79e-009  
5.03584e+016 2.15e-016  9.98e-001  2.13e-003  2.21e-006  3.78e-009  
5.05026e+016 3.17e-016  9.98e-001  1.94e-003  5.56e-007  2.43e-009  
5.05959e+016 4.02e-016  9.98e-001  1.82e-003  2.45e-007  1.86e-009  
5.06957e+016 5.14e-016  9.98e-001  1.70e-003  1.19e-007  1.40e-009  
5.07988e+016 6.53e-016  9.98e-001  1.58e-003  7.37e-008  1.05e-009  
5.09058e+016 8.29e-016  9.99e-001  1.47e-003  5.92e-008  7.98e-010  
5.10237e+016 1.06e-015  9.99e-001  1.37e-003  5.48e-008  5.89e-010  
5.11496e+016 1.37e-015  9.99e-001  1.26e-003  5.37e-008  4.29e-010  
5.12843e+016 1.77e-015  9.99e-001  1.17e-003  5.39e-008  3.12e-010  
5.14296e+016 2.29e-015  9.99e-001  1.09e-003  5.50e-008  2.22e-010  
5.15425e+016 2.78e-015  9.99e-001  1.04e-003  5.57e-008  1.73e-010  
5.16792e+016 3.47e-015  9.99e-001  9.82e-004  5.76e-008  1.29e-010  
5.18319e+016 4.40e-015  9.99e-001  9.20e-004  6.02e-008  9.36e-011  
5.19950e+016 5.59e-015  9.99e-001  8.62e-004  6.38e-008  6.72e-011  
5.21655e+016 7.09e-015  9.99e-001  8.06e-004  6.84e-008  4.78e-011  
5.23457e+016 8.95e-015  9.99e-001  7.52e-004  7.43e-008  3.41e-011  
5.25384e+016 1.13e-014  9.99e-001  6.99e-004  8.19e-008  2.40e-011  
5.27451e+016 1.42e-014  9.99e-001  6.52e-004  9.22e-008  1.68e-011  
5.29668e+016 1.79e-014  9.99e-001  6.03e-004  1.04e-007  1.16e-011  
5.31993e+016 2.23e-014  9.99e-001  5.60e-004  1.18e-007  8.07e-012  
5.34440e+016 2.76e-014  9.99e-001  5.21e-004  1.36e-007  5.58e-012  
5.36995e+016 3.39e-014  1.00e+000  4.84e-004  1.56e-007  3.89e-012  
5.39765e+016 4.14e-014  1.00e+000  4.49e-004  1.81e-007  2.68e-012  
5.42627e+016 4.99e-014  1.00e+000  4.21e-004  2.10e-007  1.90e-012  
5.45738e+016 6.00e-014  1.00e+000  3.92e-004  2.43e-007  1.32e-012  
5.49079e+016 7.14e-014  1.00e+000  3.67e-004  2.84e-007  9.41e-013  
5.52575e+016 8.39e-014  1.00e+000  3.44e-004  3.28e-007  6.78e-013  
5.56155e+016 9.69e-014  1.00e+000  3.25e-004  3.77e-007  5.02e-013  
5.59918e+016 1.11e-013  1.00e+000  3.06e-004  4.26e-007  3.82e-013  
5.63913e+016 1.25e-013  1.00e+000  2.91e-004  4.81e-007  2.98e-013  
5.68226e+016 1.39e-013  1.00e+000  2.78e-004  5.39e-007  2.36e-013  
5.72780e+016 1.53e-013  1.00e+000  2.65e-004  5.94e-007  1.90e-013  
5.77650e+016 1.66e-013  1.00e+000  2.54e-004  6.44e-007  1.58e-013  
5.82707e+016 1.78e-013  1.00e+000  2.43e-004  6.85e-007  1.34e-013  
5.88124e+016 1.88e-013  1.00e+000  2.33e-004  7.23e-007  1.16e-013  
5.93801e+016 1.96e-013  1.00e+000  2.24e-004  7.45e-007  1.03e-013  
5.99878e+016 2.01e-013  1.00e+000  2.16e-004  7.61e-007  9.40e-014  
6.06254e+016 2.05e-013  1.00e+000  2.08e-004  7.66e-007  8.83e-014  
6.12860e+016 2.05e-013  1.00e+000  2.02e-004  7.71e-007  8.73e-014  
6.19772e+016 2.04e-013  1.00e+000  1.95e-004  7.69e-007  8.77e-014  
6.27006e+016 2.01e-013  1.00e+000  1.88e-004  7.76e-007  9.15e-014  
6.34752e+016 1.95e-013  1.00e+000  1.83e-004  7.90e-007  1.00e-013  
6.43223e+016 1.87e-013  1.00e+000  1.78e-004  8.18e-007  1.15e-013  
6.52408e+016 1.78e-013  1.00e+000  1.71e-004  8.59e-007  1.38e-013  
6.62440e+016 1.66e-013  1.00e+000  1.67e-004  9.28e-007  1.73e-013  
6.73219e+016 1.53e-013  1.00e+000  1.62e-004  1.03e-006  2.29e-013  
6.84641e+016 1.39e-013  1.00e+000  1.58e-004  1.19e-006  3.16e-013  
6.96945e+016 1.24e-013  1.00e+000  1.55e-004  1.40e-006  4.64e-013  
7.10391e+016 1.08e-013  1.00e+000  1.53e-004  1.73e-006  7.26e-013  
7.25155e+016 9.26e-014  1.00e+000  1.51e-004  2.22e-006  1.21e-012  
7.42223e+016 7.65e-014  1.00e+000  1.49e-004  3.08e-006  2.26e-012  
7.63108e+016 5.96e-014  1.00e+000  1.50e-004  4.78e-006  5.02e-012  
7.86896e+016 4.43e-014  1.00e+000  1.51e-004  8.06e-006  1.28e-011  
8.18150e+016 2.96e-014  1.00e+000  1.55e-004  1.65e-005  4.56e-011  
8.55776e+016 1.79e-014  1.00e+000  1.61e-004  3.99e-005  2.16e-010  
9.00548e+016 9.77e-015  1.00e+000  1.72e-004  1.14e-004  1.39e-009  
9.53916e+016 4.75e-015  9.99e-001  1.88e-004  3.79e-004  1.25e-008  
1.01535e+017 2.11e-015  9.98e-001  2.11e-004  1.41e-003  1.42e-007  
1.09249e+017 8.27e-016  9.94e-001  2.47e-004  6.06e-003  2.15e-006  
1.19176e+017 3.20e-016  9.75e-001  2.90e-004  2.47e-002  2.58e-005  
1.32448e+017 1.62e-016  9.38e-001  3.12e-004  6.12e-002  1.15e-004  
