! 0       *H + *OCN -> *HNCO
! 1       *C + *OCN -> *CO + *CN
! 2       *H + *OCN -> HNCO
! 3       *OCN + CRPhoton -> *CN + *O
! 4       *OCN + CRPhoton -> OCN
! 5       *OCN + ISPhoton -> OCN
! 6       *OCN + ISPhoton -> *CN + *O
! 7       *OCN + GRAIN -> OCN + GRAIN
! 8       *OCN + CRP -> OCN
!            tot_rate   0          1          2          3          4          5          6          7          8          
1.00000e+00  1.07e-16   6.99e-01   2.92e-01   7.06e-03   1.97e-03   3.78e-05   6.75e-12   2.70e-12   1.08e-57   0.00e+00   
1.15478e+00  1.45e-16   7.02e-01   2.89e-01   7.09e-03   1.93e-03   3.72e-05   6.65e-12   2.66e-12   1.06e-57   0.00e+00   
1.33352e+00  1.95e-16   7.03e-01   2.88e-01   7.08e-03   1.92e-03   3.70e-05   6.62e-12   2.65e-12   1.06e-57   0.00e+00   
1.53993e+00  2.65e-16   7.07e-01   2.84e-01   7.15e-03   1.89e-03   3.64e-05   6.50e-12   2.60e-12   1.04e-57   0.00e+00   
1.77828e+00  3.59e-16   7.10e-01   2.81e-01   7.15e-03   1.86e-03   3.56e-05   6.37e-12   2.55e-12   1.02e-57   0.00e+00   
2.05353e+00  4.85e-16   7.15e-01   2.76e-01   7.21e-03   1.83e-03   3.52e-05   6.28e-12   2.51e-12   1.01e-57   0.00e+00   
2.37137e+00  6.58e-16   7.17e-01   2.74e-01   7.25e-03   1.79e-03   3.47e-05   6.17e-12   2.48e-12   9.86e-58   0.00e+00   
2.73842e+00  8.92e-16   7.22e-01   2.69e-01   7.29e-03   1.76e-03   3.40e-05   6.06e-12   2.42e-12   9.69e-58   0.00e+00   
3.16228e+00  1.21e-15   7.26e-01   2.65e-01   7.34e-03   1.73e-03   3.33e-05   5.95e-12   2.38e-12   9.51e-58   0.00e+00   
3.65174e+00  1.64e-15   7.31e-01   2.60e-01   7.37e-03   1.69e-03   3.26e-05   5.82e-12   2.33e-12   9.32e-58   0.00e+00   
4.21697e+00  2.23e-15   7.36e-01   2.55e-01   7.45e-03   1.66e-03   3.19e-05   5.70e-12   2.28e-12   9.11e-58   0.00e+00   
4.86968e+00  3.04e-15   7.42e-01   2.48e-01   7.49e-03   1.61e-03   3.09e-05   5.52e-12   2.21e-12   8.84e-58   0.00e+00   
5.62341e+00  4.16e-15   7.48e-01   2.43e-01   7.55e-03   1.56e-03   3.01e-05   5.36e-12   2.15e-12   8.59e-58   0.00e+00   
6.49382e+00  5.68e-15   7.55e-01   2.36e-01   7.64e-03   1.52e-03   2.92e-05   5.21e-12   2.08e-12   8.34e-58   0.00e+00   
7.49894e+00  7.79e-15   7.62e-01   2.28e-01   7.70e-03   1.46e-03   2.82e-05   5.04e-12   2.01e-12   8.09e-58   0.00e+00   
8.65964e+00  1.07e-14   7.69e-01   2.22e-01   7.77e-03   1.42e-03   2.73e-05   4.88e-12   1.96e-12   7.83e-58   0.00e+00   
1.00000e+01  1.46e-14   7.74e-01   2.17e-01   7.81e-03   1.38e-03   2.65e-05   4.73e-12   1.90e-12   7.61e-58   0.00e+00   
1.15478e+01  1.98e-14   7.79e-01   2.12e-01   7.89e-03   1.35e-03   2.59e-05   4.63e-12   1.85e-12   7.43e-58   0.00e+00   
1.33352e+01  2.66e-14   7.82e-01   2.09e-01   7.90e-03   1.32e-03   2.53e-05   4.51e-12   1.81e-12   7.29e-58   0.00e+00   
1.53993e+01  3.55e-14   7.86e-01   2.05e-01   7.94e-03   1.29e-03   2.48e-05   4.42e-12   1.77e-12   7.13e-58   0.00e+00   
1.77828e+01  4.71e-14   7.90e-01   2.01e-01   7.96e-03   1.26e-03   2.42e-05   4.31e-12   1.73e-12   6.96e-58   0.00e+00   
2.05353e+01  6.19e-14   7.94e-01   1.97e-01   8.02e-03   1.22e-03   2.34e-05   4.20e-12   1.68e-12   6.79e-58   0.00e+00   
2.37137e+01  8.06e-14   7.99e-01   1.92e-01   8.07e-03   1.18e-03   2.27e-05   4.07e-12   1.62e-12   6.57e-58   0.00e+00   
2.73842e+01  1.04e-13   8.04e-01   1.87e-01   8.11e-03   1.13e-03   2.19e-05   3.90e-12   1.56e-12   6.34e-58   0.00e+00   
3.16228e+01  1.34e-13   8.09e-01   1.82e-01   8.16e-03   1.09e-03   2.08e-05   3.72e-12   1.49e-12   6.07e-58   0.00e+00   
3.65174e+01  1.70e-13   8.15e-01   1.75e-01   8.21e-03   1.02e-03   1.96e-05   3.50e-12   1.40e-12   5.71e-58   0.00e+00   
4.21697e+01  2.14e-13   8.21e-01   1.70e-01   8.30e-03   9.46e-04   1.82e-05   3.25e-12   1.30e-12   5.32e-58   0.00e+00   
4.86968e+01  2.68e-13   8.27e-01   1.64e-01   8.38e-03   8.60e-04   1.65e-05   2.95e-12   1.18e-12   4.88e-58   0.00e+00   
5.62341e+01  3.34e-13   8.33e-01   1.58e-01   8.42e-03   7.55e-04   1.45e-05   2.59e-12   1.04e-12   4.29e-58   0.00e+00   
6.49382e+01  4.12e-13   8.40e-01   1.51e-01   8.47e-03   6.29e-04   1.21e-05   2.16e-12   8.64e-13   3.59e-58   0.00e+00   
7.49894e+01  5.02e-13   8.47e-01   1.44e-01   8.56e-03   4.82e-04   9.26e-06   1.66e-12   6.61e-13   2.79e-58   0.00e+00   
8.65964e+01  6.08e-13   8.53e-01   1.38e-01   8.62e-03   3.04e-04   5.85e-06   1.05e-12   4.18e-13   1.78e-58   0.00e+00   
1.00000e+02  7.18e-13   8.61e-01   1.30e-01   8.69e-03   9.54e-05   1.84e-06   3.27e-13   1.31e-13   5.60e-59   0.00e+00   
1.15478e+02  1.50e-13   9.26e-01   6.44e-02   9.33e-03   3.19e-08   6.14e-10   1.09e-16   4.38e-17   1.90e-62   0.00e+00   
1.33352e+02  1.37e-13   9.44e-01   4.66e-02   9.51e-03   2.35e-08   4.51e-10   8.05e-17   3.23e-17   1.41e-62   0.00e+00   
1.53993e+02  1.10e-13   9.60e-01   2.99e-02   9.69e-03   1.66e-08   3.19e-10   5.69e-17   2.27e-17   1.01e-62   0.00e+00   
1.77828e+02  6.92e-14   9.75e-01   1.53e-02   9.85e-03   1.07e-08   2.05e-10   3.67e-17   1.47e-17   6.63e-63   0.00e+00   
2.05353e+02  2.88e-14   9.85e-01   5.20e-03   9.95e-03   5.76e-09   1.11e-10   1.98e-17   7.91e-18   3.64e-63   0.00e+00   
2.37137e+02  1.11e-14   9.88e-01   1.68e-03   9.97e-03   3.12e-09   5.99e-11   1.07e-17   4.29e-18   2.01e-63   0.00e+00   
2.73842e+02  5.42e-15   9.89e-01   6.87e-04   9.99e-03   1.92e-09   3.69e-11   6.59e-18   2.64e-18   1.27e-63   0.00e+00   
3.16228e+02  2.87e-15   9.90e-01   3.10e-04   1.00e-02   1.25e-09   2.41e-11   4.32e-18   1.72e-18   8.50e-64   0.00e+00   
3.65174e+02  1.56e-15   9.90e-01   1.43e-04   9.96e-03   8.29e-10   1.59e-11   2.85e-18   1.14e-18   5.79e-64   0.00e+00   
4.21697e+02  8.41e-16   9.90e-01   6.54e-05   9.99e-03   5.49e-10   1.06e-11   1.89e-18   7.55e-19   3.98e-64   0.00e+00   
4.86968e+02  4.52e-16   9.90e-01   2.92e-05   9.99e-03   3.61e-10   6.95e-12   1.24e-18   4.96e-19   2.72e-64   0.00e+00   
5.62341e+02  2.34e-16   9.90e-01   1.24e-05   9.99e-03   2.32e-10   4.48e-12   7.98e-19   3.19e-19   1.84e-64   0.00e+00   
6.49382e+02  1.10e-16   9.90e-01   4.57e-06   9.99e-03   1.40e-10   2.69e-12   4.80e-19   1.93e-19   1.18e-64   0.00e+00   
7.49894e+02  4.30e-17   9.90e-01   1.12e-06   9.99e-03   6.86e-11   1.22e-12   2.18e-19   9.44e-20   5.76e-65   0.00e+00   
8.65964e+02  1.73e-17   9.90e-01   4.74e-08   9.96e-03   1.41e-11   2.11e-13   3.77e-20   1.94e-20   1.09e-65   0.00e+00   
1.00000e+03  1.70e-17   9.90e-01   6.89e-09   1.00e-02   5.40e-12   6.78e-14   1.21e-20   7.42e-21   3.90e-66   0.00e+00   
1.15478e+03  1.74e-17   9.90e-01   5.81e-09   1.00e-02   5.01e-12   5.30e-14   9.50e-21   6.91e-21   3.44e-66   0.00e+00   
1.33352e+03  1.80e-17   9.90e-01   4.99e-09   1.00e-02   4.72e-12   4.20e-14   7.51e-21   6.51e-21   3.14e-66   0.00e+00   
1.53993e+03  1.97e-17   9.90e-01   4.28e-09   1.00e-02   4.50e-12   3.40e-14   6.09e-21   6.19e-21   2.98e-66   0.00e+00   
1.77828e+03  2.47e-17   9.90e-01   3.58e-09   1.00e-02   4.36e-12   2.80e-14   5.01e-21   6.02e-21   2.93e-66   0.00e+00   
2.05353e+03  3.76e-17   9.90e-01   2.62e-09   1.00e-02   4.28e-12   2.36e-14   4.23e-21   5.91e-21   2.98e-66   0.00e+00   
2.37137e+03  5.58e-17   9.90e-01   1.33e-09   9.99e-03   4.32e-12   2.04e-14   3.66e-21   5.94e-21   3.10e-66   0.00e+00   
2.73842e+03  5.96e-17   9.90e-01   4.63e-10   1.00e-02   4.46e-12   1.85e-14   3.32e-21   6.16e-21   3.26e-66   0.00e+00   
3.16228e+03  5.46e-17   9.90e-01   2.38e-10   9.99e-03   4.65e-12   1.70e-14   3.04e-21   6.40e-21   3.33e-66   0.00e+00   
3.65174e+03  5.22e-17   9.90e-01   2.07e-10   1.00e-02   4.77e-12   1.54e-14   2.76e-21   6.59e-21   3.31e-66   0.00e+00   
4.21697e+03  4.96e-17   9.90e-01   2.02e-10   1.00e-02   4.82e-12   1.38e-14   2.48e-21   6.65e-21   3.19e-66   0.00e+00   
4.86968e+03  4.60e-17   9.90e-01   2.01e-10   9.99e-03   4.81e-12   1.22e-14   2.20e-21   6.64e-21   3.00e-66   0.00e+00   
5.62341e+03  4.19e-17   9.90e-01   2.01e-10   1.00e-02   4.75e-12   1.08e-14   1.93e-21   6.56e-21   2.74e-66   0.00e+00   
6.49382e+03  3.80e-17   9.90e-01   1.99e-10   1.00e-02   4.63e-12   9.40e-15   1.68e-21   6.40e-21   2.47e-66   0.00e+00   
7.49894e+03  3.42e-17   9.90e-01   1.94e-10   1.00e-02   4.47e-12   8.12e-15   1.45e-21   6.16e-21   2.18e-66   0.00e+00   
8.65964e+03  3.09e-17   9.90e-01   1.85e-10   1.00e-02   4.27e-12   6.92e-15   1.24e-21   5.89e-21   1.90e-66   0.00e+00   
1.00000e+04  2.80e-17   9.90e-01   1.73e-10   1.00e-02   4.00e-12   5.86e-15   1.05e-21   5.54e-21   1.63e-66   0.00e+00   
1.15478e+04  2.56e-17   9.90e-01   1.57e-10   1.00e-02   3.74e-12   4.89e-15   8.80e-22   5.17e-21   1.38e-66   0.00e+00   
1.33352e+04  2.36e-17   9.90e-01   1.39e-10   9.98e-03   3.44e-12   4.07e-15   7.28e-22   4.74e-21   1.16e-66   0.00e+00   
1.53993e+04  2.22e-17   9.90e-01   1.20e-10   9.99e-03   3.15e-12   3.36e-15   6.03e-22   4.36e-21   9.77e-67   0.00e+00   
1.77828e+04  2.13e-17   9.90e-01   1.03e-10   9.99e-03   2.90e-12   2.80e-15   5.02e-22   4.01e-21   8.26e-67   0.00e+00   
2.05353e+04  2.10e-17   9.90e-01   8.76e-11   1.00e-02   2.67e-12   2.34e-15   4.20e-22   3.70e-21   7.04e-67   0.00e+00   
2.37137e+04  2.11e-17   9.90e-01   7.53e-11   9.99e-03   2.49e-12   1.98e-15   3.55e-22   3.44e-21   6.11e-67   0.00e+00   
2.73842e+04  2.13e-17   9.90e-01   6.57e-11   9.99e-03   2.34e-12   1.69e-15   3.05e-22   3.24e-21   5.40e-67   0.00e+00   
3.16228e+04  2.14e-17   9.90e-01   5.88e-11   9.99e-03   2.22e-12   1.47e-15   2.65e-22   3.07e-21   4.81e-67   0.00e+00   
3.65174e+04  2.12e-17   9.90e-01   5.42e-11   9.99e-03   2.11e-12   1.29e-15   2.32e-22   2.92e-21   4.42e-67   0.00e+00   
4.21697e+04  2.06e-17   9.90e-01   5.05e-11   1.00e-02   2.01e-12   1.15e-15   2.05e-22   2.79e-21   4.11e-67   0.00e+00   
4.86968e+04  1.94e-17   9.90e-01   4.80e-11   1.00e-02   1.93e-12   1.02e-15   1.84e-22   2.67e-21   3.90e-67   0.00e+00   
5.62341e+04  1.77e-17   9.90e-01   4.61e-11   9.96e-03   1.84e-12   9.16e-16   1.65e-22   2.55e-21   3.77e-67   0.00e+00   
6.49382e+04  1.53e-17   9.90e-01   4.53e-11   1.00e-02   1.78e-12   8.39e-16   1.51e-22   2.47e-21   3.76e-67   0.00e+00   
7.49894e+04  1.25e-17   9.90e-01   4.50e-11   9.98e-03   1.72e-12   7.68e-16   1.38e-22   2.37e-21   3.82e-67   0.00e+00   
8.65964e+04  9.58e-18   9.90e-01   4.58e-11   9.99e-03   1.65e-12   7.11e-16   1.27e-22   2.29e-21   4.00e-67   0.00e+00   
1.00000e+05  6.71e-18   9.90e-01   4.82e-11   1.00e-02   1.61e-12   6.66e-16   1.20e-22   2.22e-21   4.31e-67   0.00e+00   
1.15478e+05  4.23e-18   9.90e-01   5.25e-11   1.00e-02   1.56e-12   6.31e-16   1.14e-22   2.16e-21   4.73e-67   0.00e+00   
1.33352e+05  2.38e-18   9.90e-01   5.96e-11   9.98e-03   1.53e-12   6.04e-16   1.09e-22   2.12e-21   5.16e-67   0.00e+00   
1.53993e+05  1.20e-18   9.90e-01   6.99e-11   9.98e-03   1.50e-12   5.82e-16   1.05e-22   2.07e-21   5.49e-67   0.00e+00   
1.77828e+05  5.33e-19   9.90e-01   8.64e-11   1.00e-02   1.49e-12   5.68e-16   1.02e-22   2.06e-21   5.68e-67   0.00e+00   
2.05353e+05  1.51e-19   9.90e-01   1.21e-10   1.00e-02   1.47e-12   5.55e-16   9.97e-23   2.04e-21   5.46e-67   0.00e+00   
2.37137e+05  2.42e-20   9.90e-01   1.41e-10   9.98e-03   1.45e-12   5.36e-16   9.65e-23   2.00e-21   4.83e-67   0.00e+00   
2.73842e+05  2.19e-20   9.90e-01   1.47e-10   9.99e-03   1.45e-12   5.29e-16   9.58e-23   2.01e-21   4.93e-67   0.00e+00   
3.16228e+05  2.07e-20   9.90e-01   1.56e-10   1.00e-02   1.45e-12   5.26e-16   9.51e-23   2.01e-21   4.93e-67   0.00e+00   
3.65174e+05  2.00e-20   9.90e-01   1.66e-10   1.00e-02   1.45e-12   5.25e-16   9.45e-23   2.01e-21   4.86e-67   0.00e+00   
4.21697e+05  1.96e-20   9.90e-01   1.75e-10   9.95e-03   1.45e-12   5.21e-16   9.39e-23   2.01e-21   4.82e-67   0.00e+00   
4.86968e+05  1.93e-20   9.90e-01   1.85e-10   1.00e-02   1.46e-12   5.24e-16   9.38e-23   2.02e-21   4.82e-67   0.00e+00   
5.62341e+05  1.93e-20   9.90e-01   1.93e-10   1.00e-02   1.46e-12   5.18e-16   9.33e-23   2.02e-21   4.79e-67   0.00e+00   
6.49382e+05  1.96e-20   9.90e-01   2.01e-10   1.00e-02   1.45e-12   5.15e-16   9.24e-23   2.02e-21   4.77e-67   0.00e+00   
7.49894e+05  2.03e-20   9.90e-01   2.08e-10   1.00e-02   1.46e-12   5.12e-16   9.21e-23   2.01e-21   4.76e-67   0.00e+00   
8.65964e+05  4.79e-19   9.90e-01   6.91e-11   1.00e-02   1.50e-12   5.39e-16   9.67e-23   2.07e-21   6.81e-67   0.00e+00   
1.00000e+06  1.54e-19   9.90e-01   1.09e-10   1.00e-02   1.47e-12   5.46e-16   9.83e-23   2.04e-21   5.84e-67   0.00e+00   
1.15478e+06  1.96e-20   9.90e-01   1.69e-10   1.00e-02   1.45e-12   5.21e-16   9.39e-23   2.01e-21   4.85e-67   0.00e+00   
1.33352e+06  1.95e-20   9.90e-01   1.93e-10   1.00e-02   1.46e-12   5.18e-16   9.28e-23   2.02e-21   4.78e-67   0.00e+00   
1.53993e+06  2.11e-20   9.90e-01   2.09e-10   9.99e-03   1.46e-12   5.12e-16   9.19e-23   2.02e-21   4.78e-67   0.00e+00   
1.77828e+06  2.12e-20   9.90e-01   1.50e-10   9.99e-03   1.45e-12   5.33e-16   9.57e-23   2.01e-21   4.76e-67   0.00e+00   
2.05353e+06  1.95e-20   9.90e-01   1.90e-10   1.00e-02   1.46e-12   5.18e-16   9.28e-23   2.01e-21   4.78e-67   0.00e+00   
2.37137e+06  5.03e-19   9.90e-01   6.94e-11   1.00e-02   1.50e-12   5.47e-16   9.82e-23   2.07e-21   6.74e-67   0.00e+00   
2.73842e+06  1.94e-20   9.90e-01   1.85e-10   1.00e-02   1.46e-12   5.21e-16   9.33e-23   2.02e-21   4.81e-67   0.00e+00   
3.16228e+06  3.51e-19   9.90e-01   8.19e-11   9.99e-03   1.49e-12   5.51e-16   9.93e-23   2.06e-21   6.36e-67   0.00e+00   
3.65174e+06  1.99e-20   9.90e-01   2.03e-10   1.00e-02   1.46e-12   5.13e-16   9.25e-23   2.02e-21   4.77e-67   0.00e+00   
4.21697e+06  1.94e-20   9.90e-01   1.86e-10   1.00e-02   1.46e-12   5.21e-16   9.33e-23   2.02e-21   4.81e-67   0.00e+00   
4.86968e+06  1.95e-20   9.90e-01   1.74e-10   1.00e-02   1.46e-12   5.23e-16   9.39e-23   2.02e-21   4.85e-67   0.00e+00   
5.62341e+06  1.95e-20   9.90e-01   1.76e-10   1.00e-02   1.46e-12   5.23e-16   9.39e-23   2.02e-21   4.83e-67   0.00e+00   
6.49382e+06  1.95e-20   9.90e-01   1.93e-10   1.00e-02   1.46e-12   5.18e-16   9.28e-23   2.02e-21   4.79e-67   0.00e+00   
7.49894e+06  4.67e-19   9.90e-01   6.96e-11   1.00e-02   1.49e-12   5.36e-16   9.64e-23   2.07e-21   6.79e-67   0.00e+00   
8.65964e+06  1.94e-20   9.90e-01   1.89e-10   1.00e-02   1.46e-12   5.21e-16   9.33e-23   2.02e-21   4.81e-67   0.00e+00   
1.00000e+07  1.96e-20   9.90e-01   1.70e-10   1.00e-02   1.45e-12   5.26e-16   9.44e-23   2.02e-21   4.85e-67   0.00e+00   
1.15478e+07  1.94e-20   9.90e-01   1.82e-10   1.00e-02   1.46e-12   5.21e-16   9.38e-23   2.02e-21   4.82e-67   0.00e+00   
1.33352e+07  2.16e-20   9.90e-01   2.10e-10   9.99e-03   1.46e-12   5.14e-16   9.21e-23   2.03e-21   4.81e-67   0.00e+00   
1.53993e+07  1.98e-20   9.90e-01   2.00e-10   9.95e-03   1.45e-12   5.15e-16   9.24e-23   2.02e-21   4.76e-67   0.00e+00   
1.77828e+07  2.02e-19   9.90e-01   1.02e-10   1.00e-02   1.48e-12   5.15e-16   9.31e-23   2.04e-21   5.69e-67   0.00e+00   
2.05353e+07  1.97e-20   9.90e-01   1.99e-10   1.00e-02   1.46e-12   5.13e-16   9.24e-23   2.02e-21   4.77e-67   0.00e+00   
2.37137e+07  5.05e-19   9.90e-01   6.91e-11   1.00e-02   1.49e-12   5.45e-16   9.80e-23   2.08e-21   6.75e-67   0.00e+00   
2.73842e+07  4.99e-19   9.90e-01   6.87e-11   1.00e-02   1.50e-12   5.41e-16   9.74e-23   2.06e-21   6.79e-67   0.00e+00   
