! 0       CH3OCH4+ + e- -> CH3OH + CH3
! 1       CH3OCH4+ + e- -> CH3 + CH4 + O
! 2       CH3OCH4+ + e- -> CH3OCH3 + H
! 3       CH3OCH4+ + GRAIN -> CH3OCH3 + H + GRAIN
! 4       NH3 + CH3OCH4+ -> CH3OCH3 + NH4+
!            tot_rate   0          1          2          3          4          
1.00000e+00  6.68e-22   4.90e-01   4.40e-01   7.01e-02   1.60e-07   1.96e-11   
1.15478e+00  3.84e-22   4.90e-01   4.40e-01   6.98e-02   1.61e-07   1.77e-11   
1.33352e+00  2.02e-22   4.90e-01   4.40e-01   7.00e-02   1.61e-07   1.58e-11   
1.53993e+00  9.59e-23   4.90e-01   4.40e-01   7.00e-02   1.62e-07   1.39e-11   
1.77828e+00  4.07e-23   4.90e-01   4.40e-01   7.01e-02   1.62e-07   1.19e-11   
2.05353e+00  1.51e-23   4.90e-01   4.40e-01   7.02e-02   1.63e-07   9.93e-12   
2.37137e+00  4.82e-24   4.90e-01   4.40e-01   7.00e-02   1.64e-07   8.14e-12   
2.73842e+00  1.29e-24   4.90e-01   4.40e-01   7.00e-02   1.65e-07   6.45e-12   
3.16228e+00  2.85e-25   4.91e-01   4.39e-01   7.02e-02   1.66e-07   4.95e-12   
3.65174e+00  5.09e-26   4.90e-01   4.40e-01   7.00e-02   1.67e-07   3.64e-12   
4.21697e+00  8.28e-27   4.90e-01   4.40e-01   7.00e-02   1.68e-07   2.57e-12   
4.86968e+00  3.04e-27   4.90e-01   4.40e-01   7.00e-02   1.70e-07   1.74e-12   
5.62341e+00  3.69e-27   4.91e-01   4.39e-01   7.00e-02   1.71e-07   1.11e-12   
6.49382e+00  5.56e-27   4.89e-01   4.41e-01   7.00e-02   1.73e-07   6.84e-13   
7.49894e+00  8.41e-27   4.90e-01   4.40e-01   7.00e-02   1.76e-07   4.06e-13   
8.65964e+00  1.26e-26   4.90e-01   4.40e-01   7.00e-02   1.79e-07   2.45e-13   
1.00000e+01  1.86e-26   4.90e-01   4.40e-01   6.98e-02   1.82e-07   1.67e-13   
1.15478e+01  2.73e-26   4.91e-01   4.39e-01   6.99e-02   1.85e-07   1.41e-13   
1.33352e+01  3.96e-26   4.90e-01   4.40e-01   7.00e-02   1.90e-07   1.52e-13   
1.53993e+01  5.75e-26   4.90e-01   4.40e-01   6.99e-02   1.95e-07   1.89e-13   
1.77828e+01  8.37e-26   4.90e-01   4.40e-01   6.99e-02   2.01e-07   2.56e-13   
2.05353e+01  1.22e-25   4.90e-01   4.40e-01   7.01e-02   2.08e-07   3.58e-13   
2.37137e+01  1.80e-25   4.90e-01   4.40e-01   7.01e-02   2.17e-07   5.09e-13   
2.73842e+01  2.67e-25   4.91e-01   4.39e-01   7.01e-02   2.27e-07   7.27e-13   
3.16228e+01  4.00e-25   4.90e-01   4.40e-01   7.00e-02   2.39e-07   1.04e-12   
3.65174e+01  6.09e-25   4.90e-01   4.40e-01   7.00e-02   2.53e-07   1.49e-12   
4.21697e+01  9.41e-25   4.90e-01   4.40e-01   7.00e-02   2.70e-07   2.11e-12   
4.86968e+01  1.49e-24   4.90e-01   4.40e-01   7.00e-02   2.90e-07   2.96e-12   
5.62341e+01  2.41e-24   4.90e-01   4.40e-01   7.02e-02   3.14e-07   4.13e-12   
6.49382e+01  4.02e-24   4.90e-01   4.40e-01   7.01e-02   3.43e-07   5.77e-12   
7.49894e+01  7.00e-24   4.90e-01   4.40e-01   7.00e-02   3.77e-07   7.99e-12   
8.65964e+01  1.25e-23   4.90e-01   4.40e-01   7.00e-02   4.20e-07   1.12e-11   
1.00000e+02  1.82e-23   4.90e-01   4.40e-01   6.99e-02   4.73e-07   1.58e-11   
1.15478e+02  1.45e-22   4.90e-01   4.40e-01   6.99e-02   5.46e-07   2.30e-11   
1.33352e+02  2.69e-22   4.91e-01   4.39e-01   6.99e-02   6.40e-07   3.45e-11   
1.53993e+02  5.32e-22   4.90e-01   4.40e-01   7.01e-02   7.63e-07   5.43e-11   
1.77828e+02  1.19e-21   4.90e-01   4.40e-01   7.00e-02   9.18e-07   9.10e-11   
2.05353e+02  3.18e-21   4.90e-01   4.40e-01   7.01e-02   1.13e-06   1.70e-10   
2.37137e+02  8.67e-21   4.90e-01   4.40e-01   7.00e-02   1.40e-06   3.67e-10   
2.73842e+02  1.99e-20   4.90e-01   4.40e-01   6.98e-02   1.77e-06   8.19e-10   
3.16228e+02  4.02e-20   4.90e-01   4.40e-01   6.99e-02   2.25e-06   1.74e-09   
3.65174e+02  7.00e-20   4.90e-01   4.40e-01   7.00e-02   2.84e-06   3.49e-09   
4.21697e+02  9.71e-20   4.90e-01   4.40e-01   6.99e-02   3.55e-06   6.59e-09   
4.86968e+02  9.30e-20   4.90e-01   4.40e-01   7.00e-02   4.47e-06   1.17e-08   
5.62341e+02  5.12e-20   4.90e-01   4.40e-01   6.99e-02   5.51e-06   1.99e-08   
6.49382e+02  2.01e-20   4.90e-01   4.40e-01   7.01e-02   6.51e-06   3.22e-08   
7.49894e+02  1.83e-20   4.90e-01   4.40e-01   6.98e-02   7.64e-06   4.87e-08   
8.65964e+02  2.43e-20   4.90e-01   4.40e-01   7.03e-02   8.76e-06   6.95e-08   
1.00000e+03  4.27e-20   4.90e-01   4.40e-01   7.00e-02   9.65e-06   9.42e-08   
1.15478e+03  5.73e-20   4.90e-01   4.40e-01   7.00e-02   1.09e-05   1.27e-07   
1.33352e+03  8.22e-20   4.91e-01   4.39e-01   7.00e-02   1.24e-05   1.80e-07   
1.53993e+03  1.35e-19   4.90e-01   4.40e-01   7.00e-02   1.52e-05   2.95e-07   
1.77828e+03  2.87e-19   4.91e-01   4.39e-01   7.00e-02   2.08e-05   6.69e-07   
2.05353e+03  7.53e-19   4.90e-01   4.40e-01   7.00e-02   3.11e-05   2.23e-06   
2.37137e+03  1.42e-18   4.90e-01   4.40e-01   7.00e-02   4.17e-05   6.78e-06   
2.73842e+03  1.61e-18   4.90e-01   4.40e-01   7.02e-02   4.58e-05   1.32e-05   
3.16228e+03  1.63e-18   4.90e-01   4.40e-01   7.00e-02   4.72e-05   2.05e-05   
3.65174e+03  1.59e-18   4.90e-01   4.40e-01   6.99e-02   4.79e-05   2.75e-05   
4.21697e+03  1.50e-18   4.90e-01   4.40e-01   6.98e-02   4.84e-05   3.34e-05   
4.86968e+03  1.43e-18   4.90e-01   4.40e-01   7.00e-02   4.86e-05   3.72e-05   
5.62341e+03  1.37e-18   4.90e-01   4.40e-01   7.00e-02   4.86e-05   3.89e-05   
6.49382e+03  1.34e-18   4.90e-01   4.40e-01   7.00e-02   4.84e-05   3.85e-05   
7.49894e+03  1.33e-18   4.90e-01   4.40e-01   7.00e-02   4.79e-05   3.67e-05   
8.65964e+03  1.33e-18   4.90e-01   4.40e-01   7.00e-02   4.72e-05   3.39e-05   
1.00000e+04  1.34e-18   4.90e-01   4.40e-01   6.99e-02   4.65e-05   3.09e-05   
1.15478e+04  1.36e-18   4.90e-01   4.40e-01   7.00e-02   4.58e-05   2.79e-05   
1.33352e+04  1.39e-18   4.90e-01   4.40e-01   7.00e-02   4.52e-05   2.54e-05   
1.53993e+04  1.43e-18   4.90e-01   4.40e-01   7.00e-02   4.47e-05   2.34e-05   
1.77828e+04  1.49e-18   4.90e-01   4.40e-01   6.98e-02   4.45e-05   2.23e-05   
2.05353e+04  1.57e-18   4.90e-01   4.40e-01   7.00e-02   4.45e-05   2.18e-05   
2.37137e+04  1.68e-18   4.90e-01   4.40e-01   6.98e-02   4.46e-05   2.18e-05   
2.73842e+04  1.79e-18   4.90e-01   4.40e-01   6.98e-02   4.47e-05   2.21e-05   
3.16228e+04  1.90e-18   4.90e-01   4.40e-01   7.00e-02   4.48e-05   2.22e-05   
3.65174e+04  1.99e-18   4.90e-01   4.40e-01   6.98e-02   4.48e-05   2.19e-05   
4.21697e+04  2.04e-18   4.90e-01   4.40e-01   7.00e-02   4.47e-05   2.15e-05   
4.86968e+04  2.03e-18   4.90e-01   4.40e-01   6.98e-02   4.43e-05   2.07e-05   
5.62341e+04  1.95e-18   4.90e-01   4.40e-01   6.98e-02   4.38e-05   1.96e-05   
6.49382e+04  1.77e-18   4.90e-01   4.40e-01   7.00e-02   4.32e-05   1.81e-05   
7.49894e+04  1.51e-18   4.90e-01   4.40e-01   7.02e-02   4.22e-05   1.62e-05   
8.65964e+04  1.19e-18   4.90e-01   4.40e-01   7.00e-02   4.10e-05   1.37e-05   
1.00000e+05  8.48e-19   4.90e-01   4.40e-01   7.00e-02   3.94e-05   1.08e-05   
1.15478e+05  5.47e-19   4.90e-01   4.40e-01   7.00e-02   3.76e-05   7.67e-06   
1.33352e+05  3.17e-19   4.89e-01   4.41e-01   7.00e-02   3.53e-05   4.76e-06   
1.53993e+05  1.64e-19   4.90e-01   4.40e-01   7.02e-02   3.18e-05   2.56e-06   
1.77828e+05  7.18e-20   4.90e-01   4.40e-01   7.00e-02   2.73e-05   1.19e-06   
2.05353e+05  1.46e-20   4.90e-01   4.40e-01   6.98e-02   1.88e-05   3.14e-07   
2.37137e+05  4.59e-22   4.90e-01   4.40e-01   6.99e-02   8.26e-06   3.66e-08   
2.73842e+05  3.99e-22   4.89e-01   4.41e-01   6.99e-02   8.15e-06   3.53e-08   
3.16228e+05  3.80e-22   4.90e-01   4.40e-01   6.98e-02   8.04e-06   3.45e-08   
3.65174e+05  3.69e-22   4.91e-01   4.39e-01   7.00e-02   8.00e-06   3.42e-08   
4.21697e+05  3.63e-22   4.90e-01   4.40e-01   6.99e-02   7.95e-06   3.41e-08   
4.86968e+05  3.63e-22   4.90e-01   4.40e-01   6.99e-02   7.95e-06   3.41e-08   
5.62341e+05  3.70e-22   4.89e-01   4.41e-01   7.00e-02   8.00e-06   3.46e-08   
6.49382e+05  3.90e-22   4.89e-01   4.41e-01   6.99e-02   8.10e-06   3.59e-08   
7.49894e+05  4.38e-22   4.89e-01   4.41e-01   6.99e-02   8.34e-06   3.86e-08   
8.65964e+05  1.18e-19   4.90e-01   4.40e-01   7.00e-02   3.37e-05   2.21e-06   
1.00000e+06  2.48e-20   4.91e-01   4.39e-01   7.00e-02   2.21e-05   4.87e-07   
1.15478e+06  3.75e-22   4.90e-01   4.40e-01   6.98e-02   8.00e-06   3.46e-08   
1.33352e+06  3.82e-22   4.90e-01   4.40e-01   6.99e-02   8.04e-06   3.54e-08   
1.53993e+06  4.93e-22   4.89e-01   4.41e-01   7.01e-02   8.59e-06   4.14e-08   
1.77828e+06  4.71e-22   4.90e-01   4.39e-01   7.01e-02   8.22e-06   3.69e-08   
2.05353e+06  3.80e-22   4.90e-01   4.40e-01   7.01e-02   8.03e-06   3.53e-08   
2.37137e+06  1.26e-19   4.90e-01   4.40e-01   7.00e-02   3.36e-05   2.22e-06   
2.73842e+06  3.75e-22   4.90e-01   4.40e-01   7.01e-02   7.99e-06   3.52e-08   
3.16228e+06  7.82e-20   4.90e-01   4.40e-01   7.01e-02   2.94e-05   1.32e-06   
3.65174e+06  4.14e-22   4.90e-01   4.40e-01   7.00e-02   8.21e-06   3.74e-08   
4.21697e+06  3.76e-22   4.89e-01   4.41e-01   6.99e-02   8.00e-06   3.51e-08   
4.86968e+06  3.76e-22   4.89e-01   4.41e-01   6.99e-02   8.00e-06   3.51e-08   
5.62341e+06  3.75e-22   4.90e-01   4.40e-01   7.01e-02   7.99e-06   3.49e-08   
6.49382e+06  3.84e-22   4.90e-01   4.40e-01   7.01e-02   8.07e-06   3.57e-08   
7.49894e+06  1.15e-19   4.90e-01   4.40e-01   7.00e-02   3.35e-05   2.17e-06   
8.65964e+06  3.79e-22   4.89e-01   4.41e-01   7.00e-02   8.03e-06   3.54e-08   
1.00000e+07  3.78e-22   4.90e-01   4.40e-01   7.02e-02   8.03e-06   3.52e-08   
1.15478e+07  3.75e-22   4.90e-01   4.40e-01   6.98e-02   8.00e-06   3.49e-08   
1.33352e+07  5.31e-22   4.89e-01   4.41e-01   7.00e-02   8.75e-06   4.35e-08   
1.53993e+07  4.03e-22   4.91e-01   4.39e-01   6.99e-02   8.16e-06   3.67e-08   
1.77828e+07  3.98e-20   4.90e-01   4.40e-01   7.01e-02   2.74e-05   9.30e-07   
2.05353e+07  3.98e-22   4.90e-01   4.40e-01   7.01e-02   8.12e-06   3.64e-08   
2.37137e+07  1.27e-19   4.90e-01   4.40e-01   6.99e-02   3.37e-05   2.24e-06   
2.73842e+07  1.25e-19   4.90e-01   4.40e-01   7.00e-02   3.38e-05   2.28e-06   
