! 0       *H + *HCO -> *CO + *H2
! 1       *H + *HCO -> *H2CO
! 2       *H + *HCO -> H2CO
! 3       *O + *HCO -> *CO + *OH
! 4       *O + *HCO -> *CO2 + *H
! 5       *OH + *HCO -> *HCOOH
! 6       *HCO + CRPhoton -> *CO + *H
! 7       *HCO + CRPhoton -> *CO + *H
! 8       *CH3 + *HCO -> *CH3CHO
! 9       *OH + *HCO -> HCOOH
!            tot_rate   0          1          2          3          4          5          6          7          8          9          
1.00000e+00  2.84e-17   4.96e-01   4.89e-01   4.96e-03   2.98e-03   2.98e-03   4.75e-05   1.95e-03   2.15e-03   2.29e-05   4.78e-07   
1.15478e+00  3.74e-17   4.95e-01   4.89e-01   4.95e-03   3.37e-03   3.37e-03   6.28e-05   1.91e-03   2.11e-03   2.53e-05   6.34e-07   
1.33352e+00  4.86e-17   4.94e-01   4.90e-01   4.94e-03   3.85e-03   3.85e-03   8.39e-05   1.89e-03   2.10e-03   2.80e-05   8.47e-07   
1.53993e+00  6.40e-17   4.94e-01   4.89e-01   4.94e-03   4.33e-03   4.33e-03   1.10e-04   1.84e-03   2.03e-03   3.01e-05   1.11e-06   
1.77828e+00  8.34e-17   4.93e-01   4.88e-01   4.93e-03   4.88e-03   4.88e-03   1.45e-04   1.81e-03   1.99e-03   3.26e-05   1.46e-06   
2.05353e+00  1.08e-16   4.92e-01   4.88e-01   4.92e-03   5.49e-03   5.49e-03   1.91e-04   1.76e-03   1.95e-03   3.51e-05   1.94e-06   
2.37137e+00  1.40e-16   4.92e-01   4.87e-01   4.92e-03   6.15e-03   6.15e-03   2.52e-04   1.72e-03   1.90e-03   3.76e-05   2.55e-06   
2.73842e+00  1.80e-16   4.91e-01   4.86e-01   4.91e-03   6.88e-03   6.88e-03   3.31e-04   1.68e-03   1.85e-03   4.02e-05   3.34e-06   
3.16228e+00  2.31e-16   4.90e-01   4.86e-01   4.90e-03   7.72e-03   7.72e-03   4.34e-04   1.63e-03   1.80e-03   4.28e-05   4.38e-06   
3.65174e+00  2.95e-16   4.89e-01   4.85e-01   4.89e-03   8.59e-03   8.59e-03   5.63e-04   1.58e-03   1.75e-03   4.51e-05   5.70e-06   
4.21697e+00  3.74e-16   4.89e-01   4.83e-01   4.89e-03   9.51e-03   9.51e-03   7.29e-04   1.54e-03   1.69e-03   4.75e-05   7.37e-06   
4.86968e+00  4.74e-16   4.87e-01   4.83e-01   4.87e-03   1.05e-02   1.05e-02   9.36e-04   1.48e-03   1.63e-03   4.96e-05   9.47e-06   
5.62341e+00  5.98e-16   4.86e-01   4.81e-01   4.86e-03   1.15e-02   1.15e-02   1.19e-03   1.42e-03   1.57e-03   5.13e-05   1.20e-05   
6.49382e+00  7.51e-16   4.85e-01   4.81e-01   4.85e-03   1.26e-02   1.26e-02   1.50e-03   1.36e-03   1.50e-03   5.29e-05   1.52e-05   
7.49894e+00  9.39e-16   4.84e-01   4.79e-01   4.84e-03   1.37e-02   1.37e-02   1.86e-03   1.30e-03   1.44e-03   5.42e-05   1.89e-05   
8.65964e+00  1.16e-15   4.83e-01   4.78e-01   4.83e-03   1.49e-02   1.49e-02   2.30e-03   1.25e-03   1.37e-03   5.56e-05   2.33e-05   
1.00000e+01  1.43e-15   4.81e-01   4.76e-01   4.81e-03   1.61e-02   1.61e-02   2.84e-03   1.20e-03   1.32e-03   5.72e-05   2.86e-05   
1.15478e+01  1.73e-15   4.79e-01   4.75e-01   4.79e-03   1.76e-02   1.76e-02   3.50e-03   1.16e-03   1.28e-03   5.90e-05   3.54e-05   
1.33352e+01  2.07e-15   4.77e-01   4.73e-01   4.77e-03   1.91e-02   1.91e-02   4.35e-03   1.12e-03   1.24e-03   6.08e-05   4.39e-05   
1.53993e+01  2.46e-15   4.75e-01   4.71e-01   4.75e-03   2.07e-02   2.07e-02   5.44e-03   1.09e-03   1.21e-03   6.25e-05   5.48e-05   
1.77828e+01  2.93e-15   4.74e-01   4.68e-01   4.74e-03   2.21e-02   2.21e-02   6.69e-03   1.05e-03   1.16e-03   6.42e-05   6.76e-05   
2.05353e+01  3.46e-15   4.72e-01   4.66e-01   4.72e-03   2.36e-02   2.36e-02   8.25e-03   1.02e-03   1.12e-03   6.60e-05   8.33e-05   
2.37137e+01  4.07e-15   4.69e-01   4.64e-01   4.69e-03   2.46e-02   2.46e-02   1.00e-02   9.73e-04   1.07e-03   6.81e-05   1.01e-04   
2.73842e+01  4.77e-15   4.67e-01   4.63e-01   4.67e-03   2.54e-02   2.54e-02   1.20e-02   9.26e-04   1.02e-03   7.06e-05   1.21e-04   
3.16228e+01  5.57e-15   4.67e-01   4.61e-01   4.67e-03   2.57e-02   2.57e-02   1.40e-02   8.74e-04   9.64e-04   7.41e-05   1.41e-04   
3.65174e+01  6.46e-15   4.66e-01   4.61e-01   4.66e-03   2.52e-02   2.52e-02   1.59e-02   8.17e-04   9.01e-04   7.86e-05   1.61e-04   
4.21697e+01  7.46e-15   4.67e-01   4.61e-01   4.67e-03   2.40e-02   2.40e-02   1.74e-02   7.52e-04   8.30e-04   8.49e-05   1.77e-04   
4.86968e+01  8.52e-15   4.68e-01   4.63e-01   4.68e-03   2.18e-02   2.18e-02   1.83e-02   6.81e-04   7.50e-04   9.36e-05   1.85e-04   
5.62341e+01  9.62e-15   4.72e-01   4.67e-01   4.72e-03   1.86e-02   1.86e-02   1.80e-02   5.98e-04   6.59e-04   1.06e-04   1.82e-04   
6.49382e+01  1.07e-14   4.77e-01   4.72e-01   4.77e-03   1.44e-02   1.44e-02   1.59e-02   5.00e-04   5.52e-04   1.25e-04   1.60e-04   
7.49894e+01  1.14e-14   4.84e-01   4.80e-01   4.84e-03   9.23e-03   9.23e-03   1.16e-02   3.85e-04   4.25e-04   1.50e-04   1.18e-04   
8.65964e+01  1.11e-14   4.93e-01   4.87e-01   4.93e-03   4.05e-03   4.05e-03   5.81e-03   2.46e-04   2.71e-04   1.78e-04   5.88e-05   
1.00000e+02  6.88e-15   4.99e-01   4.94e-01   4.99e-03   4.29e-04   4.29e-04   7.02e-04   7.74e-05   8.54e-05   1.42e-04   7.10e-06   
1.15478e+02  6.82e-16   5.00e-01   4.95e-01   5.00e-03   3.50e-11   3.50e-11   6.42e-11   2.40e-08   2.65e-08   7.02e-07   6.49e-13   
1.33352e+02  8.14e-16   5.00e-01   4.95e-01   5.00e-03   1.93e-11   1.93e-11   3.61e-11   1.73e-08   1.92e-08   5.29e-07   3.65e-13   
1.53993e+02  1.02e-15   5.00e-01   4.95e-01   5.00e-03   9.90e-12   9.90e-12   1.88e-11   1.21e-08   1.33e-08   3.54e-07   1.90e-13   
1.77828e+02  1.41e-15   5.00e-01   4.95e-01   5.00e-03   4.17e-12   4.17e-12   8.10e-12   7.67e-09   8.45e-09   1.87e-07   8.17e-14   
2.05353e+02  2.34e-15   5.00e-01   4.95e-01   5.00e-03   1.24e-12   1.24e-12   2.44e-12   4.09e-09   4.53e-09   6.53e-08   2.46e-14   
2.37137e+02  4.18e-15   5.00e-01   4.95e-01   5.00e-03   3.76e-13   3.76e-13   7.39e-13   2.20e-09   2.44e-09   2.15e-08   7.46e-15   
2.73842e+02  6.97e-15   5.00e-01   4.95e-01   5.00e-03   1.48e-13   1.48e-13   2.91e-13   1.36e-09   1.49e-09   8.87e-09   2.94e-15   
3.16228e+02  1.14e-14   5.00e-01   4.95e-01   5.00e-03   6.42e-14   6.42e-14   1.28e-13   8.84e-10   9.80e-10   4.04e-09   1.29e-15   
3.65174e+02  1.92e-14   5.00e-01   4.95e-01   5.00e-03   2.89e-14   2.89e-14   5.74e-14   5.85e-10   6.47e-10   1.87e-09   5.79e-16   
4.21697e+02  3.36e-14   5.00e-01   4.95e-01   5.00e-03   1.30e-14   1.30e-14   2.59e-14   3.87e-10   4.29e-10   8.64e-10   2.62e-16   
4.86968e+02  6.20e-14   5.00e-01   4.95e-01   5.00e-03   5.82e-15   5.82e-15   1.16e-14   2.56e-10   2.82e-10   3.90e-10   1.17e-16   
5.62341e+02  1.23e-13   5.00e-01   4.95e-01   5.00e-03   2.48e-15   2.48e-15   4.98e-15   1.64e-10   1.82e-10   1.67e-10   5.03e-17   
6.49382e+02  2.66e-13   4.99e-01   4.96e-01   4.99e-03   9.27e-16   9.27e-16   1.87e-15   9.87e-11   1.09e-10   6.20e-11   1.89e-17   
7.49894e+02  7.10e-13   5.00e-01   4.95e-01   5.00e-03   2.33e-16   2.33e-16   4.72e-16   4.85e-11   5.36e-11   1.54e-11   4.76e-18   
8.65964e+02  4.54e-12   5.00e-01   4.95e-01   5.00e-03   1.02e-17   1.02e-17   2.08e-17   9.97e-12   1.10e-11   6.60e-13   2.11e-19   
1.00000e+03  1.53e-11   5.00e-01   4.95e-01   5.00e-03   1.56e-18   1.56e-18   3.19e-18   3.81e-12   4.20e-12   9.62e-14   3.23e-20   
1.15478e+03  2.13e-11   5.02e-01   4.93e-01   5.02e-03   1.40e-18   1.40e-18   2.90e-18   3.54e-12   3.90e-12   8.35e-14   2.93e-20   
1.33352e+03  2.96e-11   4.99e-01   4.96e-01   4.99e-03   1.30e-18   1.30e-18   2.70e-18   3.33e-12   3.68e-12   7.32e-14   2.73e-20   
1.53993e+03  4.08e-11   5.00e-01   4.95e-01   5.00e-03   1.23e-18   1.23e-18   2.60e-18   3.19e-12   3.50e-12   6.49e-14   2.62e-20   
1.77828e+03  5.56e-11   5.00e-01   4.95e-01   5.00e-03   1.18e-18   1.18e-18   2.54e-18   3.08e-12   3.40e-12   5.65e-14   2.57e-20   
2.05353e+03  7.45e-11   5.00e-01   4.95e-01   5.00e-03   1.15e-18   1.15e-18   2.54e-18   3.03e-12   3.34e-12   4.48e-14   2.56e-20   
2.37137e+03  9.73e-11   5.00e-01   4.95e-01   5.00e-03   1.14e-18   1.14e-18   2.59e-18   3.05e-12   3.36e-12   2.83e-14   2.61e-20   
2.73842e+03  1.21e-10   5.00e-01   4.95e-01   5.00e-03   1.15e-18   1.15e-18   2.76e-18   3.16e-12   3.48e-12   1.73e-14   2.78e-20   
3.16228e+03  1.45e-10   5.00e-01   4.95e-01   5.00e-03   1.16e-18   1.16e-18   2.97e-18   3.29e-12   3.63e-12   1.53e-14   2.99e-20   
3.65174e+03  1.71e-10   5.00e-01   4.95e-01   5.00e-03   1.15e-18   1.15e-18   3.13e-18   3.37e-12   3.72e-12   1.59e-14   3.15e-20   
4.21697e+03  1.98e-10   5.00e-01   4.95e-01   5.00e-03   1.11e-18   1.11e-18   3.22e-18   3.41e-12   3.76e-12   1.67e-14   3.26e-20   
4.86968e+03  2.26e-10   5.00e-01   4.95e-01   5.00e-03   1.06e-18   1.06e-18   3.25e-18   3.40e-12   3.75e-12   1.75e-14   3.29e-20   
5.62341e+03  2.54e-10   4.99e-01   4.96e-01   4.99e-03   1.00e-18   1.00e-18   3.24e-18   3.35e-12   3.70e-12   1.82e-14   3.27e-20   
6.49382e+03  2.82e-10   4.99e-01   4.96e-01   4.99e-03   9.31e-19   9.31e-19   3.16e-18   3.28e-12   3.61e-12   1.90e-14   3.19e-20   
7.49894e+03  3.10e-10   5.01e-01   4.94e-01   5.01e-03   8.53e-19   8.53e-19   3.04e-18   3.16e-12   3.49e-12   1.96e-14   3.07e-20   
8.65964e+03  3.35e-10   4.99e-01   4.96e-01   4.99e-03   7.65e-19   7.65e-19   2.86e-18   3.02e-12   3.32e-12   2.00e-14   2.89e-20   
1.00000e+04  3.57e-10   4.99e-01   4.96e-01   4.99e-03   6.73e-19   6.73e-19   2.64e-18   2.83e-12   3.14e-12   2.02e-14   2.67e-20   
1.15478e+04  3.74e-10   5.00e-01   4.95e-01   5.00e-03   5.78e-19   5.78e-19   2.39e-18   2.64e-12   2.92e-12   2.01e-14   2.41e-20   
1.33352e+04  3.84e-10   5.00e-01   4.95e-01   5.00e-03   4.90e-19   4.90e-19   2.13e-18   2.44e-12   2.68e-12   1.97e-14   2.16e-20   
1.53993e+04  3.86e-10   5.00e-01   4.95e-01   5.00e-03   4.09e-19   4.09e-19   1.89e-18   2.24e-12   2.47e-12   1.91e-14   1.91e-20   
1.77828e+04  3.80e-10   5.00e-01   4.95e-01   5.00e-03   3.42e-19   3.42e-19   1.68e-18   2.05e-12   2.26e-12   1.84e-14   1.70e-20   
2.05353e+04  3.68e-10   5.00e-01   4.95e-01   5.00e-03   2.88e-19   2.88e-19   1.50e-18   1.89e-12   2.08e-12   1.77e-14   1.52e-20   
2.37137e+04  3.48e-10   5.00e-01   4.95e-01   5.00e-03   2.48e-19   2.48e-19   1.38e-18   1.76e-12   1.94e-12   1.73e-14   1.40e-20   
2.73842e+04  3.25e-10   4.99e-01   4.96e-01   4.99e-03   2.19e-19   2.19e-19   1.29e-18   1.66e-12   1.83e-12   1.70e-14   1.31e-20   
3.16228e+04  2.98e-10   4.99e-01   4.96e-01   4.99e-03   1.97e-19   1.97e-19   1.23e-18   1.57e-12   1.73e-12   1.68e-14   1.24e-20   
3.65174e+04  2.70e-10   4.99e-01   4.96e-01   4.99e-03   1.81e-19   1.81e-19   1.18e-18   1.49e-12   1.64e-12   1.65e-14   1.19e-20   
4.21697e+04  2.39e-10   5.02e-01   4.93e-01   5.02e-03   1.68e-19   1.68e-19   1.15e-18   1.43e-12   1.57e-12   1.63e-14   1.16e-20   
4.86968e+04  2.06e-10   5.00e-01   4.95e-01   5.00e-03   1.58e-19   1.58e-19   1.12e-18   1.37e-12   1.51e-12   1.60e-14   1.13e-20   
5.62341e+04  1.74e-10   5.00e-01   4.95e-01   5.00e-03   1.50e-19   1.50e-19   1.09e-18   1.31e-12   1.44e-12   1.55e-14   1.10e-20   
6.49382e+04  1.42e-10   5.00e-01   4.95e-01   5.00e-03   1.43e-19   1.43e-19   1.07e-18   1.26e-12   1.38e-12   1.49e-14   1.08e-20   
7.49894e+04  1.11e-10   5.00e-01   4.95e-01   5.00e-03   1.38e-19   1.38e-19   1.05e-18   1.21e-12   1.34e-12   1.43e-14   1.07e-20   
8.65964e+04  8.38e-11   5.00e-01   4.95e-01   5.00e-03   1.35e-19   1.35e-19   1.05e-18   1.17e-12   1.29e-12   1.36e-14   1.06e-20   
1.00000e+05  6.06e-11   5.00e-01   4.95e-01   5.00e-03   1.33e-19   1.33e-19   1.04e-18   1.13e-12   1.25e-12   1.30e-14   1.05e-20   
1.15478e+05  4.20e-11   5.00e-01   4.95e-01   5.00e-03   1.33e-19   1.33e-19   1.05e-18   1.11e-12   1.22e-12   1.24e-14   1.06e-20   
1.33352e+05  2.86e-11   4.99e-01   4.96e-01   4.99e-03   1.33e-19   1.33e-19   1.05e-18   1.08e-12   1.19e-12   1.20e-14   1.06e-20   
1.53993e+05  1.95e-11   5.00e-01   4.95e-01   5.00e-03   1.33e-19   1.33e-19   1.05e-18   1.07e-12   1.17e-12   1.18e-14   1.06e-20   
1.77828e+05  1.36e-11   5.00e-01   4.95e-01   5.00e-03   1.32e-19   1.32e-19   1.05e-18   1.05e-12   1.16e-12   1.21e-14   1.05e-20   
2.05353e+05  8.79e-12   5.00e-01   4.95e-01   5.00e-03   1.30e-19   1.30e-19   1.02e-18   1.04e-12   1.15e-12   1.31e-14   1.03e-20   
2.37137e+05  4.42e-12   5.00e-01   4.95e-01   5.00e-03   1.24e-19   1.24e-19   9.75e-19   1.02e-12   1.13e-12   1.49e-14   9.84e-21   
2.73842e+05  4.10e-12   5.00e-01   4.95e-01   5.00e-03   1.25e-19   1.25e-19   9.83e-19   1.02e-12   1.13e-12   1.66e-14   9.93e-21   
3.16228e+05  4.08e-12   5.00e-01   4.95e-01   5.00e-03   1.25e-19   1.25e-19   9.88e-19   1.03e-12   1.13e-12   1.82e-14   9.97e-21   
3.65174e+05  4.12e-12   5.00e-01   4.95e-01   5.00e-03   1.25e-19   1.25e-19   9.85e-19   1.03e-12   1.13e-12   1.97e-14   9.95e-21   
4.21697e+05  4.16e-12   5.00e-01   4.95e-01   5.00e-03   1.25e-19   1.25e-19   9.85e-19   1.03e-12   1.13e-12   2.11e-14   9.95e-21   
4.86968e+05  4.18e-12   5.00e-01   4.95e-01   5.00e-03   1.26e-19   1.26e-19   9.90e-19   1.03e-12   1.14e-12   2.27e-14   1.00e-20   
5.62341e+05  4.22e-12   5.00e-01   4.95e-01   5.00e-03   1.26e-19   1.26e-19   9.90e-19   1.03e-12   1.13e-12   2.42e-14   1.00e-20   
6.49382e+05  4.26e-12   5.00e-01   4.95e-01   5.00e-03   1.26e-19   1.26e-19   9.93e-19   1.03e-12   1.14e-12   2.56e-14   1.00e-20   
7.49894e+05  4.32e-12   5.00e-01   4.95e-01   5.00e-03   1.27e-19   1.27e-19   9.95e-19   1.03e-12   1.14e-12   2.68e-14   1.01e-20   
8.65964e+05  1.10e-11   5.00e-01   4.95e-01   5.00e-03   1.41e-19   1.41e-19   1.13e-18   1.05e-12   1.16e-12   2.34e-14   1.14e-20   
1.00000e+06  8.74e-12   5.00e-01   4.95e-01   5.00e-03   1.33e-19   1.33e-19   1.05e-18   1.04e-12   1.14e-12   1.48e-14   1.06e-20   
1.15478e+06  4.14e-12   5.00e-01   4.95e-01   5.00e-03   1.26e-19   1.26e-19   9.88e-19   1.03e-12   1.14e-12   2.03e-14   1.00e-20   
1.33352e+06  4.24e-12   5.00e-01   4.95e-01   5.00e-03   1.26e-19   1.26e-19   9.90e-19   1.03e-12   1.13e-12   2.43e-14   1.00e-20   
1.53993e+06  4.36e-12   5.00e-01   4.95e-01   5.00e-03   1.27e-19   1.27e-19   1.00e-18   1.03e-12   1.14e-12   2.71e-14   1.01e-20   
1.77828e+06  4.66e-12   5.00e-01   4.95e-01   5.00e-03   1.24e-19   1.24e-19   9.76e-19   1.03e-12   1.13e-12   1.58e-14   9.86e-21   
2.05353e+06  4.22e-12   5.00e-01   4.95e-01   5.00e-03   1.26e-19   1.26e-19   9.93e-19   1.03e-12   1.14e-12   2.39e-14   1.00e-20   
2.37137e+06  1.18e-11   5.00e-01   4.95e-01   5.00e-03   1.40e-19   1.40e-19   1.11e-18   1.06e-12   1.17e-12   2.00e-14   1.13e-20   
2.73842e+06  4.20e-12   5.00e-01   4.95e-01   5.00e-03   1.26e-19   1.26e-19   9.90e-19   1.03e-12   1.14e-12   2.27e-14   1.00e-20   
3.16228e+06  1.12e-11   5.00e-01   4.95e-01   5.00e-03   1.37e-19   1.37e-19   1.09e-18   1.05e-12   1.16e-12   1.56e-14   1.10e-20   
3.65174e+06  4.29e-12   5.01e-01   4.94e-01   5.01e-03   1.27e-19   1.27e-19   9.95e-19   1.03e-12   1.14e-12   2.59e-14   1.00e-20   
4.21697e+06  4.20e-12   5.00e-01   4.95e-01   5.00e-03   1.26e-19   1.26e-19   9.90e-19   1.03e-12   1.14e-12   2.29e-14   1.00e-20   
4.86968e+06  4.16e-12   5.00e-01   4.95e-01   5.00e-03   1.26e-19   1.26e-19   9.88e-19   1.03e-12   1.13e-12   2.09e-14   1.00e-20   
5.62341e+06  4.18e-12   5.00e-01   4.95e-01   5.00e-03   1.26e-19   1.26e-19   9.88e-19   1.03e-12   1.13e-12   2.13e-14   9.97e-21   
6.49382e+06  4.24e-12   5.00e-01   4.95e-01   5.00e-03   1.26e-19   1.26e-19   9.90e-19   1.03e-12   1.14e-12   2.43e-14   1.00e-20   
7.49894e+06  1.08e-11   5.00e-01   4.95e-01   5.00e-03   1.41e-19   1.41e-19   1.13e-18   1.06e-12   1.17e-12   2.37e-14   1.14e-20   
8.65964e+06  4.22e-12   5.00e-01   4.95e-01   5.00e-03   1.26e-19   1.26e-19   9.90e-19   1.03e-12   1.13e-12   2.34e-14   1.00e-20   
1.00000e+07  4.16e-12   5.00e-01   4.95e-01   5.00e-03   1.25e-19   1.25e-19   9.85e-19   1.03e-12   1.13e-12   2.02e-14   9.95e-21   
1.15478e+07  4.20e-12   5.00e-01   4.95e-01   5.00e-03   1.26e-19   1.26e-19   9.88e-19   1.03e-12   1.13e-12   2.21e-14   9.97e-21   
1.33352e+07  4.40e-12   5.00e-01   4.95e-01   5.00e-03   1.27e-19   1.27e-19   9.97e-19   1.03e-12   1.14e-12   2.73e-14   1.01e-20   
1.53993e+07  4.28e-12   5.00e-01   4.95e-01   5.00e-03   1.26e-19   1.26e-19   9.93e-19   1.03e-12   1.14e-12   2.55e-14   1.00e-20   
1.77828e+07  7.11e-12   5.00e-01   4.95e-01   5.00e-03   1.33e-19   1.33e-19   1.06e-18   1.04e-12   1.15e-12   2.67e-14   1.07e-20   
2.05353e+07  4.26e-12   5.00e-01   4.95e-01   5.00e-03   1.26e-19   1.26e-19   9.95e-19   1.03e-12   1.14e-12   2.51e-14   1.00e-20   
2.37137e+07  1.18e-11   5.00e-01   4.95e-01   5.00e-03   1.40e-19   1.40e-19   1.12e-18   1.05e-12   1.17e-12   2.05e-14   1.13e-20   
2.73842e+07  1.14e-11   5.00e-01   4.95e-01   5.00e-03   1.41e-19   1.41e-19   1.13e-18   1.06e-12   1.16e-12   2.19e-14   1.14e-20   
