! 0       H5C2O2+ + e- -> HCOOCH3 + H
! 1       H5C2O2+ + e- -> CH3OH + HCO
! 2       H5C2O2+ + GRAIN -> HCOOCH3 + H + GRAIN
!            tot_rate   0          1          2          
1.00000e+00  6.94e-33   5.00e-01   5.00e-01   1.57e-06   
1.15478e+00  6.88e-33   5.00e-01   5.00e-01   1.58e-06   
1.33352e+00  1.02e-32   5.00e-01   5.00e-01   1.58e-06   
1.53993e+00  1.86e-32   5.00e-01   5.00e-01   1.59e-06   
1.77828e+00  3.62e-32   5.00e-01   5.00e-01   1.59e-06   
2.05353e+00  7.04e-32   5.00e-01   5.00e-01   1.61e-06   
2.37137e+00  1.36e-31   5.00e-01   5.00e-01   1.61e-06   
2.73842e+00  2.58e-31   5.00e-01   5.00e-01   1.61e-06   
3.16228e+00  4.82e-31   5.00e-01   5.00e-01   1.62e-06   
3.65174e+00  8.92e-31   5.00e-01   5.00e-01   1.64e-06   
4.21697e+00  1.63e-30   5.00e-01   5.00e-01   1.64e-06   
4.86968e+00  2.94e-30   5.00e-01   5.00e-01   1.66e-06   
5.62341e+00  5.26e-30   5.00e-01   5.00e-01   1.67e-06   
6.49382e+00  9.28e-30   5.00e-01   5.00e-01   1.69e-06   
7.49894e+00  1.62e-29   5.00e-01   5.00e-01   1.72e-06   
8.65964e+00  2.80e-29   5.00e-01   5.00e-01   1.75e-06   
1.00000e+01  4.80e-29   5.00e-01   5.00e-01   1.77e-06   
1.15478e+01  8.12e-29   5.00e-01   5.00e-01   1.81e-06   
1.33352e+01  1.36e-28   5.00e-01   5.00e-01   1.85e-06   
1.53993e+01  2.26e-28   5.00e-01   5.00e-01   1.89e-06   
1.77828e+01  3.74e-28   5.00e-01   5.00e-01   1.95e-06   
2.05353e+01  6.12e-28   5.00e-01   5.00e-01   2.01e-06   
2.37137e+01  9.96e-28   5.00e-01   5.00e-01   2.10e-06   
2.73842e+01  1.62e-27   5.00e-01   5.00e-01   2.19e-06   
3.16228e+01  2.60e-27   5.00e-01   5.00e-01   2.31e-06   
3.65174e+01  4.20e-27   5.00e-01   5.00e-01   2.43e-06   
4.21697e+01  6.74e-27   5.00e-01   5.00e-01   2.58e-06   
4.86968e+01  1.08e-26   5.00e-01   5.00e-01   2.76e-06   
5.62341e+01  1.72e-26   5.00e-01   5.00e-01   2.98e-06   
6.49382e+01  2.76e-26   5.00e-01   5.00e-01   3.24e-06   
7.49894e+01  4.48e-26   5.00e-01   5.00e-01   3.55e-06   
8.65964e+01  7.38e-26   5.00e-01   5.00e-01   3.93e-06   
1.00000e+02  9.80e-26   5.00e-01   5.00e-01   4.40e-06   
1.15478e+02  7.16e-24   5.00e-01   5.00e-01   5.04e-06   
1.33352e+02  1.55e-23   5.00e-01   5.00e-01   5.86e-06   
1.53993e+02  3.64e-23   5.00e-01   5.00e-01   6.92e-06   
1.77828e+02  9.68e-23   5.00e-01   5.00e-01   8.31e-06   
2.05353e+02  3.14e-22   5.00e-01   5.00e-01   1.01e-05   
2.37137e+02  1.05e-21   5.00e-01   5.00e-01   1.24e-05   
2.73842e+02  2.94e-21   5.00e-01   5.00e-01   1.55e-05   
3.16228e+02  7.18e-21   5.00e-01   5.00e-01   1.95e-05   
3.65174e+02  1.50e-20   5.00e-01   5.00e-01   2.44e-05   
4.21697e+02  2.44e-20   5.00e-01   5.00e-01   3.00e-05   
4.86968e+02  2.62e-20   5.00e-01   5.00e-01   3.75e-05   
5.62341e+02  1.48e-20   5.00e-01   5.00e-01   4.53e-05   
6.49382e+02  4.28e-21   5.00e-01   5.00e-01   5.30e-05   
7.49894e+02  3.28e-21   5.00e-01   5.00e-01   6.10e-05   
8.65964e+02  4.26e-21   5.00e-01   5.00e-01   6.85e-05   
1.00000e+03  5.10e-21   5.00e-01   5.00e-01   7.45e-05   
1.15478e+03  6.30e-21   5.00e-01   5.00e-01   8.29e-05   
1.33352e+03  8.16e-21   5.00e-01   5.00e-01   9.29e-05   
1.53993e+03  1.24e-20   5.00e-01   5.00e-01   1.11e-04   
1.77828e+03  2.64e-20   5.00e-01   5.00e-01   1.49e-04   
2.05353e+03  8.20e-20   5.00e-01   5.00e-01   2.18e-04   
2.37137e+03  2.26e-19   5.00e-01   5.00e-01   2.89e-04   
2.73842e+03  3.46e-19   5.00e-01   5.00e-01   3.15e-04   
3.16228e+03  3.42e-19   5.00e-01   5.00e-01   3.22e-04   
3.65174e+03  2.80e-19   5.00e-01   5.00e-01   3.24e-04   
4.21697e+03  2.16e-19   5.00e-01   5.00e-01   3.26e-04   
4.86968e+03  1.68e-19   5.00e-01   5.00e-01   3.26e-04   
5.62341e+03  1.34e-19   5.00e-01   5.00e-01   3.25e-04   
6.49382e+03  1.12e-19   5.00e-01   5.00e-01   3.23e-04   
7.49894e+03  9.68e-20   5.00e-01   5.00e-01   3.19e-04   
8.65964e+03  8.52e-20   5.00e-01   5.00e-01   3.16e-04   
1.00000e+04  7.58e-20   5.00e-01   5.00e-01   3.11e-04   
1.15478e+04  6.82e-20   5.00e-01   5.00e-01   3.05e-04   
1.33352e+04  6.16e-20   5.00e-01   5.00e-01   3.00e-04   
1.53993e+04  5.62e-20   5.00e-01   5.00e-01   2.97e-04   
1.77828e+04  5.20e-20   5.00e-01   5.00e-01   2.96e-04   
2.05353e+04  4.88e-20   5.00e-01   5.00e-01   2.95e-04   
2.37137e+04  4.60e-20   5.00e-01   5.00e-01   2.96e-04   
2.73842e+04  4.28e-20   5.00e-01   5.00e-01   2.97e-04   
3.16228e+04  3.86e-20   5.00e-01   5.00e-01   2.98e-04   
3.65174e+04  3.36e-20   5.00e-01   5.00e-01   2.96e-04   
4.21697e+04  2.80e-20   5.00e-01   5.00e-01   2.95e-04   
4.86968e+04  2.24e-20   5.00e-01   5.00e-01   2.92e-04   
5.62341e+04  1.70e-20   5.00e-01   5.00e-01   2.88e-04   
6.49382e+04  1.22e-20   5.00e-01   5.00e-01   2.81e-04   
7.49894e+04  8.10e-21   5.00e-01   5.00e-01   2.74e-04   
8.65964e+04  5.00e-21   5.00e-01   5.00e-01   2.64e-04   
1.00000e+05  2.82e-21   5.00e-01   5.00e-01   2.53e-04   
1.15478e+05  1.45e-21   5.00e-01   5.00e-01   2.41e-04   
1.33352e+05  6.88e-22   5.00e-01   5.00e-01   2.24e-04   
1.53993e+05  3.06e-22   5.00e-01   5.00e-01   2.02e-04   
1.77828e+05  1.25e-22   5.00e-01   5.00e-01   1.72e-04   
2.05353e+05  2.64e-23   5.00e-01   5.00e-01   1.19e-04   
2.37137e+05  7.08e-25   5.00e-01   5.00e-01   5.27e-05   
2.73842e+05  5.64e-25   5.00e-01   5.00e-01   5.19e-05   
3.16228e+05  4.96e-25   5.00e-01   5.00e-01   5.12e-05   
3.65174e+05  4.44e-25   5.00e-01   5.00e-01   5.09e-05   
4.21697e+05  4.02e-25   5.00e-01   5.00e-01   5.05e-05   
4.86968e+05  3.68e-25   5.00e-01   5.00e-01   5.05e-05   
5.62341e+05  3.44e-25   5.00e-01   5.00e-01   5.09e-05   
6.49382e+05  3.38e-25   5.00e-01   5.00e-01   5.15e-05   
7.49894e+05  3.66e-25   5.00e-01   5.00e-01   5.30e-05   
8.65964e+05  1.25e-22   5.00e-01   5.00e-01   2.11e-04   
1.00000e+06  3.92e-23   5.00e-01   5.00e-01   1.39e-04   
1.15478e+06  4.44e-25   5.00e-01   5.00e-01   5.09e-05   
1.33352e+06  3.60e-25   5.00e-01   5.00e-01   5.11e-05   
1.53993e+06  4.26e-25   5.00e-01   5.00e-01   5.47e-05   
1.77828e+06  6.80e-25   5.00e-01   5.00e-01   5.22e-05   
2.05353e+06  3.70e-25   5.00e-01   5.00e-01   5.11e-05   
2.37137e+06  1.43e-22   5.00e-01   5.00e-01   2.10e-04   
2.73842e+06  3.90e-25   5.00e-01   5.00e-01   5.08e-05   
3.16228e+06  1.06e-22   5.00e-01   5.00e-01   1.85e-04   
3.65174e+06  3.66e-25   5.00e-01   5.00e-01   5.22e-05   
4.21697e+06  3.88e-25   5.00e-01   5.00e-01   5.08e-05   
4.86968e+06  4.34e-25   5.00e-01   5.00e-01   5.09e-05   
5.62341e+06  4.22e-25   5.00e-01   5.00e-01   5.07e-05   
6.49382e+06  3.68e-25   5.00e-01   5.00e-01   5.11e-05   
7.49894e+06  1.21e-22   5.00e-01   5.00e-01   2.09e-04   
8.65964e+06  3.78e-25   5.00e-01   5.00e-01   5.11e-05   
1.00000e+07  4.50e-25   5.00e-01   5.00e-01   5.11e-05   
1.15478e+07  4.00e-25   5.00e-01   5.00e-01   5.10e-05   
1.33352e+07  4.70e-25   5.00e-01   5.00e-01   5.57e-05   
1.53993e+07  3.62e-25   5.00e-01   5.00e-01   5.19e-05   
1.77828e+07  4.54e-23   5.00e-01   5.00e-01   1.72e-04   
2.05353e+07  3.62e-25   5.00e-01   5.00e-01   5.17e-05   
2.37137e+07  1.43e-22   5.00e-01   5.00e-01   2.11e-04   
2.73842e+07  1.36e-22   5.00e-01   5.00e-01   2.11e-04   
