! 0       C2H5OH2+ + e- -> C2H5 + OH + H
! 1       C2H5OH2+ + e- -> C2H5 + H2O
! 2       C2H5OH2+ + e- -> C2H4 + H2O + H
! 3       C2H5OH2+ + e- -> C2H5OH + H
! 4       NH3 + C2H5OH2+ -> C2H5OH + NH4+
! 5       C2H5OH2+ + GRAIN -> C2H5OH + H + GRAIN
! 6       H2CO + C2H5OH2+ -> H2O + CH3COCH4+
!            tot_rate   0          1          2          3          4          5          6          
1.00000e+00  3.87e-25   3.25e-01   3.25e-01   3.25e-01   2.38e-02   6.15e-11   4.52e-08   7.21e-15   
1.15478e+00  5.90e-25   3.25e-01   3.25e-01   3.25e-01   2.39e-02   5.56e-11   4.54e-08   6.98e-15   
1.33352e+00  8.94e-25   3.25e-01   3.25e-01   3.25e-01   2.39e-02   4.96e-11   4.56e-08   7.26e-15   
1.53993e+00  1.35e-24   3.25e-01   3.25e-01   3.25e-01   2.39e-02   4.35e-11   4.57e-08   7.91e-15   
1.77828e+00  2.03e-24   3.25e-01   3.25e-01   3.25e-01   2.39e-02   3.73e-11   4.59e-08   8.96e-15   
2.05353e+00  3.03e-24   3.25e-01   3.25e-01   3.25e-01   2.39e-02   3.13e-11   4.62e-08   1.03e-14   
2.37137e+00  4.49e-24   3.25e-01   3.25e-01   3.25e-01   2.38e-02   2.56e-11   4.64e-08   1.19e-14   
2.73842e+00  6.61e-24   3.25e-01   3.25e-01   3.25e-01   2.39e-02   2.03e-11   4.65e-08   1.37e-14   
3.16228e+00  9.62e-24   3.25e-01   3.25e-01   3.25e-01   2.39e-02   1.55e-11   4.67e-08   1.57e-14   
3.65174e+00  1.38e-23   3.25e-01   3.25e-01   3.25e-01   2.39e-02   1.14e-11   4.70e-08   1.81e-14   
4.21697e+00  1.96e-23   3.25e-01   3.25e-01   3.25e-01   2.39e-02   8.06e-12   4.74e-08   2.10e-14   
4.86968e+00  2.74e-23   3.25e-01   3.25e-01   3.25e-01   2.39e-02   5.43e-12   4.78e-08   2.41e-14   
5.62341e+00  3.78e-23   3.25e-01   3.25e-01   3.25e-01   2.39e-02   3.49e-12   4.84e-08   2.78e-14   
6.49382e+00  5.10e-23   3.25e-01   3.25e-01   3.25e-01   2.39e-02   2.14e-12   4.90e-08   3.19e-14   
7.49894e+00  6.76e-23   3.25e-01   3.25e-01   3.25e-01   2.40e-02   1.27e-12   4.97e-08   3.68e-14   
8.65964e+00  8.82e-23   3.25e-01   3.25e-01   3.25e-01   2.39e-02   7.64e-13   5.04e-08   4.22e-14   
1.00000e+01  1.13e-22   3.25e-01   3.25e-01   3.25e-01   2.38e-02   5.18e-13   5.12e-08   4.84e-14   
1.15478e+01  1.41e-22   3.25e-01   3.25e-01   3.25e-01   2.39e-02   4.39e-13   5.23e-08   5.57e-14   
1.33352e+01  1.74e-22   3.25e-01   3.25e-01   3.25e-01   2.39e-02   4.71e-13   5.36e-08   6.43e-14   
1.53993e+01  2.12e-22   3.25e-01   3.25e-01   3.25e-01   2.39e-02   5.89e-13   5.52e-08   7.40e-14   
1.77828e+01  2.56e-22   3.25e-01   3.25e-01   3.25e-01   2.39e-02   7.90e-13   5.67e-08   8.60e-14   
2.05353e+01  3.07e-22   3.25e-01   3.25e-01   3.25e-01   2.39e-02   1.10e-12   5.89e-08   1.01e-13   
2.37137e+01  3.69e-22   3.25e-01   3.25e-01   3.25e-01   2.39e-02   1.55e-12   6.13e-08   1.20e-13   
2.73842e+01  4.46e-22   3.25e-01   3.25e-01   3.25e-01   2.40e-02   2.21e-12   6.42e-08   1.44e-13   
3.16228e+01  5.44e-22   3.25e-01   3.25e-01   3.25e-01   2.39e-02   3.14e-12   6.76e-08   1.77e-13   
3.65174e+01  6.73e-22   3.25e-01   3.25e-01   3.25e-01   2.39e-02   4.47e-12   7.18e-08   2.21e-13   
4.21697e+01  8.45e-22   3.25e-01   3.25e-01   3.25e-01   2.39e-02   6.28e-12   7.67e-08   2.84e-13   
4.86968e+01  1.08e-21   3.25e-01   3.25e-01   3.25e-01   2.38e-02   8.73e-12   8.22e-08   3.72e-13   
5.62341e+01  1.40e-21   3.25e-01   3.25e-01   3.25e-01   2.39e-02   1.21e-11   8.90e-08   5.00e-13   
6.49382e+01  1.86e-21   3.25e-01   3.25e-01   3.25e-01   2.39e-02   1.66e-11   9.75e-08   6.90e-13   
7.49894e+01  2.49e-21   3.25e-01   3.25e-01   3.25e-01   2.39e-02   2.27e-11   1.07e-07   9.79e-13   
8.65964e+01  3.38e-21   3.25e-01   3.25e-01   3.25e-01   2.40e-02   3.14e-11   1.20e-07   1.43e-12   
1.00000e+02  4.67e-21   3.25e-01   3.25e-01   3.25e-01   2.40e-02   4.39e-11   1.35e-07   2.14e-12   
1.15478e+02  6.55e-21   3.25e-01   3.25e-01   3.25e-01   2.38e-02   6.26e-11   1.56e-07   3.27e-12   
1.33352e+02  9.19e-21   3.25e-01   3.25e-01   3.25e-01   2.38e-02   9.23e-11   1.82e-07   5.11e-12   
1.53993e+02  1.28e-20   3.25e-01   3.25e-01   3.25e-01   2.39e-02   1.43e-10   2.18e-07   8.19e-12   
1.77828e+02  1.77e-20   3.25e-01   3.25e-01   3.25e-01   2.39e-02   2.34e-10   2.63e-07   1.30e-11   
2.05353e+02  2.39e-20   3.25e-01   3.25e-01   3.25e-01   2.39e-02   4.27e-10   3.23e-07   2.10e-11   
2.37137e+02  3.13e-20   3.25e-01   3.25e-01   3.25e-01   2.38e-02   9.06e-10   3.99e-07   3.32e-11   
2.73842e+02  4.00e-20   3.25e-01   3.25e-01   3.25e-01   2.39e-02   1.97e-09   5.08e-07   5.31e-11   
3.16228e+02  5.01e-20   3.25e-01   3.25e-01   3.25e-01   2.38e-02   4.11e-09   6.47e-07   8.40e-11   
3.65174e+02  6.18e-20   3.25e-01   3.25e-01   3.25e-01   2.38e-02   8.05e-09   8.19e-07   1.35e-10   
4.21697e+02  7.50e-20   3.25e-01   3.25e-01   3.25e-01   2.39e-02   1.48e-08   1.03e-06   2.16e-10   
4.86968e+02  8.94e-20   3.25e-01   3.25e-01   3.25e-01   2.39e-02   2.56e-08   1.30e-06   3.47e-10   
5.62341e+02  1.05e-19   3.25e-01   3.25e-01   3.25e-01   2.39e-02   4.23e-08   1.59e-06   5.45e-10   
6.49382e+02  1.22e-19   3.25e-01   3.25e-01   3.25e-01   2.39e-02   6.56e-08   1.89e-06   8.28e-10   
7.49894e+02  1.39e-19   3.25e-01   3.25e-01   3.25e-01   2.39e-02   9.55e-08   2.23e-06   1.19e-09   
8.65964e+02  1.48e-19   3.25e-01   3.25e-01   3.25e-01   2.39e-02   1.31e-07   2.55e-06   1.65e-09   
1.00000e+03  1.48e-19   3.25e-01   3.25e-01   3.25e-01   2.39e-02   1.71e-07   2.83e-06   2.35e-09   
1.15478e+03  1.43e-19   3.25e-01   3.25e-01   3.25e-01   2.39e-02   2.20e-07   3.20e-06   3.09e-09   
1.33352e+03  1.42e-19   3.25e-01   3.25e-01   3.25e-01   2.39e-02   2.99e-07   3.67e-06   4.38e-09   
1.53993e+03  1.59e-19   3.25e-01   3.25e-01   3.25e-01   2.39e-02   4.72e-07   4.47e-06   7.35e-09   
1.77828e+03  2.33e-19   3.25e-01   3.25e-01   3.25e-01   2.39e-02   1.02e-06   6.18e-06   1.73e-08   
2.05353e+03  4.67e-19   3.25e-01   3.25e-01   3.25e-01   2.38e-02   3.28e-06   9.23e-06   5.80e-08   
2.37137e+03  9.65e-19   3.25e-01   3.25e-01   3.25e-01   2.39e-02   9.61e-06   1.24e-05   1.48e-07   
2.73842e+03  1.68e-18   3.25e-01   3.25e-01   3.25e-01   2.39e-02   1.83e-05   1.36e-05   2.03e-07   
3.16228e+03  2.13e-18   3.25e-01   3.25e-01   3.25e-01   2.39e-02   2.77e-05   1.41e-05   2.36e-07   
3.65174e+03  2.00e-18   3.25e-01   3.25e-01   3.25e-01   2.39e-02   3.68e-05   1.43e-05   2.67e-07   
4.21697e+03  1.68e-18   3.25e-01   3.25e-01   3.25e-01   2.39e-02   4.42e-05   1.44e-05   2.94e-07   
4.86968e+03  1.38e-18   3.25e-01   3.25e-01   3.25e-01   2.39e-02   4.89e-05   1.45e-05   3.18e-07   
5.62341e+03  1.17e-18   3.25e-01   3.25e-01   3.25e-01   2.39e-02   5.08e-05   1.46e-05   3.38e-07   
6.49382e+03  1.01e-18   3.25e-01   3.25e-01   3.25e-01   2.39e-02   5.01e-05   1.45e-05   3.54e-07   
7.49894e+03  8.88e-19   3.25e-01   3.25e-01   3.25e-01   2.39e-02   4.76e-05   1.43e-05   3.65e-07   
8.65964e+03  7.96e-19   3.25e-01   3.25e-01   3.25e-01   2.39e-02   4.40e-05   1.41e-05   3.69e-07   
1.00000e+04  7.25e-19   3.25e-01   3.25e-01   3.25e-01   2.39e-02   3.98e-05   1.39e-05   3.68e-07   
1.15478e+04  6.73e-19   3.25e-01   3.25e-01   3.25e-01   2.39e-02   3.61e-05   1.37e-05   3.62e-07   
1.33352e+04  6.42e-19   3.25e-01   3.25e-01   3.25e-01   2.38e-02   3.27e-05   1.35e-05   3.53e-07   
1.53993e+04  6.33e-19   3.25e-01   3.25e-01   3.25e-01   2.38e-02   3.00e-05   1.34e-05   3.43e-07   
1.77828e+04  6.42e-19   3.25e-01   3.25e-01   3.25e-01   2.40e-02   2.86e-05   1.33e-05   3.33e-07   
2.05353e+04  6.73e-19   3.25e-01   3.25e-01   3.25e-01   2.39e-02   2.79e-05   1.33e-05   3.22e-07   
2.37137e+04  7.10e-19   3.25e-01   3.25e-01   3.25e-01   2.39e-02   2.79e-05   1.34e-05   3.11e-07   
2.73842e+04  7.44e-19   3.25e-01   3.25e-01   3.25e-01   2.39e-02   2.81e-05   1.34e-05   2.98e-07   
3.16228e+04  7.65e-19   3.25e-01   3.25e-01   3.25e-01   2.39e-02   2.81e-05   1.35e-05   2.81e-07   
3.65174e+04  7.71e-19   3.25e-01   3.25e-01   3.25e-01   2.39e-02   2.76e-05   1.34e-05   2.57e-07   
4.21697e+04  7.53e-19   3.25e-01   3.25e-01   3.25e-01   2.39e-02   2.70e-05   1.34e-05   2.31e-07   
4.86968e+04  7.16e-19   3.25e-01   3.25e-01   3.25e-01   2.39e-02   2.57e-05   1.33e-05   2.00e-07   
5.62341e+04  6.58e-19   3.25e-01   3.25e-01   3.25e-01   2.39e-02   2.42e-05   1.32e-05   1.67e-07   
6.49382e+04  5.81e-19   3.25e-01   3.25e-01   3.25e-01   2.39e-02   2.22e-05   1.30e-05   1.34e-07   
7.49894e+04  4.92e-19   3.25e-01   3.25e-01   3.25e-01   2.38e-02   1.95e-05   1.26e-05   1.01e-07   
8.65964e+04  3.90e-19   3.25e-01   3.25e-01   3.25e-01   2.39e-02   1.64e-05   1.23e-05   7.20e-08   
1.00000e+05  2.88e-19   3.25e-01   3.25e-01   3.25e-01   2.39e-02   1.28e-05   1.19e-05   4.76e-08   
1.15478e+05  1.95e-19   3.25e-01   3.25e-01   3.25e-01   2.39e-02   8.90e-06   1.13e-05   2.87e-08   
1.33352e+05  1.22e-19   3.25e-01   3.25e-01   3.25e-01   2.39e-02   5.46e-06   1.06e-05   1.58e-08   
1.53993e+05  6.98e-20   3.25e-01   3.25e-01   3.25e-01   2.39e-02   2.91e-06   9.60e-06   7.94e-09   
1.77828e+05  3.60e-20   3.25e-01   3.25e-01   3.25e-01   2.40e-02   1.34e-06   8.23e-06   3.53e-09   
2.05353e+05  1.06e-20   3.25e-01   3.25e-01   3.25e-01   2.40e-02   3.56e-07   5.66e-06   8.40e-10   
2.37137e+05  3.50e-22   3.25e-01   3.25e-01   3.25e-01   2.39e-02   4.20e-08   2.50e-06   5.14e-11   
2.73842e+05  3.03e-22   3.25e-01   3.25e-01   3.25e-01   2.39e-02   4.02e-08   2.46e-06   4.68e-11   
3.16228e+05  2.88e-22   3.25e-01   3.25e-01   3.25e-01   2.39e-02   3.93e-08   2.43e-06   4.66e-11   
3.65174e+05  2.83e-22   3.25e-01   3.25e-01   3.25e-01   2.39e-02   3.88e-08   2.41e-06   4.73e-11   
4.21697e+05  2.86e-22   3.25e-01   3.25e-01   3.25e-01   2.39e-02   3.88e-08   2.40e-06   4.82e-11   
4.86968e+05  2.95e-22   3.25e-01   3.25e-01   3.25e-01   2.39e-02   3.89e-08   2.40e-06   4.98e-11   
5.62341e+05  3.14e-22   3.25e-01   3.25e-01   3.25e-01   2.39e-02   3.96e-08   2.41e-06   5.20e-11   
6.49382e+05  3.47e-22   3.25e-01   3.25e-01   3.25e-01   2.39e-02   4.09e-08   2.44e-06   5.53e-11   
7.49894e+05  4.15e-22   3.25e-01   3.25e-01   3.25e-01   2.39e-02   4.39e-08   2.51e-06   6.15e-11   
8.65964e+05  4.36e-20   3.25e-01   3.25e-01   3.25e-01   2.38e-02   2.43e-06   1.02e-05   6.16e-09   
1.00000e+06  1.55e-20   3.25e-01   3.25e-01   3.25e-01   2.39e-02   5.47e-07   6.66e-06   1.33e-09   
1.15478e+06  2.93e-22   3.25e-01   3.25e-01   3.25e-01   2.39e-02   3.96e-08   2.41e-06   4.81e-11   
1.33352e+06  3.26e-22   3.25e-01   3.25e-01   3.25e-01   2.39e-02   4.02e-08   2.42e-06   5.28e-11   
1.53993e+06  4.83e-22   3.25e-01   3.25e-01   3.25e-01   2.40e-02   4.72e-08   2.59e-06   6.76e-11   
1.77828e+06  3.53e-22   3.25e-01   3.25e-01   3.25e-01   2.39e-02   4.22e-08   2.47e-06   5.29e-11   
2.05353e+06  3.23e-22   3.25e-01   3.25e-01   3.25e-01   2.38e-02   4.00e-08   2.41e-06   5.18e-11   
2.37137e+06  4.70e-20   3.25e-01   3.25e-01   3.25e-01   2.38e-02   2.45e-06   1.01e-05   6.23e-09   
2.73842e+06  3.07e-22   3.25e-01   3.25e-01   3.25e-01   2.40e-02   4.00e-08   2.42e-06   5.08e-11   
3.16228e+06  3.53e-20   3.25e-01   3.25e-01   3.25e-01   2.39e-02   1.46e-06   8.86e-06   3.76e-09   
3.65174e+06  3.78e-22   3.25e-01   3.25e-01   3.25e-01   2.38e-02   4.23e-08   2.47e-06   5.74e-11   
4.21697e+06  3.10e-22   3.25e-01   3.25e-01   3.25e-01   2.39e-02   3.99e-08   2.41e-06   5.06e-11   
4.86968e+06  2.98e-22   3.25e-01   3.25e-01   3.25e-01   2.39e-02   3.97e-08   2.41e-06   4.87e-11   
5.62341e+06  2.99e-22   3.25e-01   3.25e-01   3.25e-01   2.39e-02   3.98e-08   2.41e-06   4.92e-11   
6.49382e+06  3.29e-22   3.25e-01   3.25e-01   3.25e-01   2.39e-02   4.07e-08   2.43e-06   5.29e-11   
7.49894e+06  4.27e-20   3.25e-01   3.25e-01   3.25e-01   2.39e-02   2.39e-06   1.01e-05   5.97e-09   
8.65964e+06  3.17e-22   3.25e-01   3.25e-01   3.25e-01   2.39e-02   4.01e-08   2.42e-06   5.15e-11   
1.00000e+07  2.96e-22   3.25e-01   3.25e-01   3.25e-01   2.39e-02   3.98e-08   2.41e-06   4.83e-11   
1.15478e+07  3.04e-22   3.25e-01   3.25e-01   3.25e-01   2.39e-02   3.98e-08   2.41e-06   5.00e-11   
1.33352e+07  5.32e-22   3.25e-01   3.25e-01   3.25e-01   2.39e-02   4.95e-08   2.63e-06   7.15e-11   
1.53993e+07  3.60e-22   3.25e-01   3.25e-01   3.25e-01   2.39e-02   4.20e-08   2.46e-06   5.62e-11   
1.77828e+07  2.13e-20   3.25e-01   3.25e-01   3.25e-01   2.39e-02   1.04e-06   8.28e-06   2.67e-09   
2.05353e+07  3.53e-22   3.25e-01   3.25e-01   3.25e-01   2.38e-02   4.13e-08   2.44e-06   5.52e-11   
2.37137e+07  4.70e-20   3.25e-01   3.25e-01   3.25e-01   2.38e-02   2.49e-06   1.02e-05   6.30e-09   
2.73842e+07  4.61e-20   3.25e-01   3.25e-01   3.25e-01   2.39e-02   2.52e-06   1.02e-05   6.31e-09   
