! 0       *H + *H2CO -> *HCO + *H2
! 1       *H + *H2CO -> *CH3O
! 2       *H + *H2CO -> CH3O
! 3       *H2CO + CRPhoton -> *CO + *H2
! 4       *H2CO + CRPhoton -> *CO + *H + *H
! 5       *H2CO + CRPhoton -> *HCO + *H
! 6       *H2CO + CRPhoton -> *CO + *H2
! 7       *H2CO + CRPhoton -> *CH2 + *O
! 8       *H2CO + CRPhoton -> H2CO
! 9       *H + *H2CO -> *CH2OH
!            tot_rate   0          1          2          3          4          5          6          7          8          9          
1.00000e+00  4.58e-20   2.27e-05   9.98e-07   1.01e-08   8.12e-01   8.76e-02   5.61e-02   2.62e-02   8.76e-03   8.89e-03   1.21e-13   
1.15478e+00  6.06e-20   2.29e-05   1.01e-06   1.02e-08   8.13e-01   8.74e-02   5.59e-02   2.62e-02   8.74e-03   8.87e-03   1.22e-13   
1.33352e+00  8.01e-20   2.31e-05   1.02e-06   1.03e-08   8.13e-01   8.75e-02   5.59e-02   2.62e-02   8.75e-03   8.88e-03   1.23e-13   
1.53993e+00  1.05e-19   2.38e-05   1.05e-06   1.06e-08   8.13e-01   8.75e-02   5.60e-02   2.63e-02   8.75e-03   8.88e-03   1.27e-13   
1.77828e+00  1.39e-19   2.43e-05   1.07e-06   1.08e-08   8.13e-01   8.71e-02   5.59e-02   2.62e-02   8.71e-03   8.85e-03   1.30e-13   
2.05353e+00  1.82e-19   2.48e-05   1.09e-06   1.10e-08   8.13e-01   8.73e-02   5.60e-02   2.63e-02   8.73e-03   8.90e-03   1.32e-13   
2.37137e+00  2.38e-19   2.54e-05   1.12e-06   1.13e-08   8.13e-01   8.76e-02   5.60e-02   2.63e-02   8.76e-03   8.88e-03   1.36e-13   
2.73842e+00  3.10e-19   2.59e-05   1.15e-06   1.15e-08   8.13e-01   8.74e-02   5.58e-02   2.62e-02   8.74e-03   8.87e-03   1.38e-13   
3.16228e+00  4.01e-19   2.67e-05   1.18e-06   1.19e-08   8.13e-01   8.75e-02   5.61e-02   2.62e-02   8.75e-03   8.87e-03   1.42e-13   
3.65174e+00  5.18e-19   2.74e-05   1.21e-06   1.22e-08   8.13e-01   8.74e-02   5.60e-02   2.63e-02   8.74e-03   8.88e-03   1.46e-13   
4.21697e+00  6.66e-19   2.82e-05   1.25e-06   1.26e-08   8.13e-01   8.74e-02   5.60e-02   2.63e-02   8.74e-03   8.88e-03   1.50e-13   
4.86968e+00  8.50e-19   2.93e-05   1.29e-06   1.31e-08   8.13e-01   8.75e-02   5.60e-02   2.62e-02   8.75e-03   8.88e-03   1.56e-13   
5.62341e+00  1.08e-18   3.04e-05   1.34e-06   1.35e-08   8.13e-01   8.76e-02   5.61e-02   2.62e-02   8.76e-03   8.88e-03   1.62e-13   
6.49382e+00  1.37e-18   3.16e-05   1.39e-06   1.41e-08   8.13e-01   8.72e-02   5.60e-02   2.62e-02   8.72e-03   8.86e-03   1.68e-13   
7.49894e+00  1.71e-18   3.30e-05   1.46e-06   1.47e-08   8.12e-01   8.77e-02   5.60e-02   2.63e-02   8.77e-03   8.88e-03   1.76e-13   
8.65964e+00  2.14e-18   3.44e-05   1.52e-06   1.53e-08   8.13e-01   8.73e-02   5.60e-02   2.62e-02   8.73e-03   8.87e-03   1.84e-13   
1.00000e+01  2.67e-18   3.56e-05   1.57e-06   1.59e-08   8.13e-01   8.73e-02   5.58e-02   2.62e-02   8.73e-03   8.88e-03   1.90e-13   
1.15478e+01  3.30e-18   3.67e-05   1.62e-06   1.64e-08   8.12e-01   8.76e-02   5.61e-02   2.63e-02   8.76e-03   8.88e-03   1.96e-13   
1.33352e+01  4.09e-18   3.77e-05   1.66e-06   1.68e-08   8.13e-01   8.74e-02   5.61e-02   2.62e-02   8.74e-03   8.86e-03   2.01e-13   
1.53993e+01  5.02e-18   3.88e-05   1.71e-06   1.73e-08   8.12e-01   8.76e-02   5.61e-02   2.63e-02   8.76e-03   8.88e-03   2.07e-13   
1.77828e+01  6.18e-18   4.00e-05   1.76e-06   1.78e-08   8.13e-01   8.76e-02   5.60e-02   2.62e-02   8.76e-03   8.89e-03   2.14e-13   
2.05353e+01  7.61e-18   4.13e-05   1.81e-06   1.84e-08   8.13e-01   8.74e-02   5.60e-02   2.63e-02   8.74e-03   8.88e-03   2.20e-13   
2.37137e+01  9.35e-18   4.29e-05   1.89e-06   1.91e-08   8.13e-01   8.75e-02   5.60e-02   2.62e-02   8.75e-03   8.87e-03   2.29e-13   
2.73842e+01  1.15e-17   4.50e-05   1.98e-06   2.01e-08   8.12e-01   8.77e-02   5.60e-02   2.62e-02   8.77e-03   8.85e-03   2.40e-13   
3.16228e+01  1.43e-17   4.73e-05   2.09e-06   2.11e-08   8.13e-01   8.70e-02   5.59e-02   2.62e-02   8.70e-03   8.84e-03   2.52e-13   
3.65174e+01  1.76e-17   5.08e-05   2.24e-06   2.27e-08   8.12e-01   8.75e-02   5.61e-02   2.63e-02   8.75e-03   8.92e-03   2.71e-13   
4.21697e+01  2.19e-17   5.52e-05   2.44e-06   2.46e-08   8.12e-01   8.76e-02   5.61e-02   2.63e-02   8.76e-03   8.90e-03   2.94e-13   
4.86968e+01  2.74e-17   6.12e-05   2.70e-06   2.73e-08   8.12e-01   8.74e-02   5.61e-02   2.63e-02   8.74e-03   8.89e-03   3.26e-13   
5.62341e+01  3.45e-17   7.02e-05   3.10e-06   3.13e-08   8.12e-01   8.76e-02   5.60e-02   2.63e-02   8.76e-03   8.88e-03   3.74e-13   
6.49382e+01  4.37e-17   8.47e-05   3.73e-06   3.78e-08   8.13e-01   8.74e-02   5.59e-02   2.63e-02   8.74e-03   8.86e-03   4.51e-13   
7.49894e+01  5.54e-17   1.12e-04   4.93e-06   4.98e-08   8.13e-01   8.76e-02   5.60e-02   2.62e-02   8.76e-03   8.88e-03   5.96e-13   
8.65964e+01  7.02e-17   1.78e-04   7.87e-06   7.94e-08   8.12e-01   8.75e-02   5.60e-02   2.62e-02   8.75e-03   8.88e-03   9.51e-13   
1.00000e+02  8.63e-17   5.73e-04   2.53e-05   2.55e-07   8.12e-01   8.75e-02   5.60e-02   2.62e-02   8.75e-03   8.87e-03   3.06e-12   
1.15478e+02  2.64e-16   6.30e-01   2.79e-02   2.82e-04   2.78e-01   2.99e-02   1.92e-02   8.99e-03   2.99e-03   3.04e-03   3.37e-09   
1.33352e+02  3.32e-16   6.96e-01   3.07e-02   3.10e-04   2.22e-01   2.39e-02   1.53e-02   7.17e-03   2.39e-03   2.42e-03   3.71e-09   
1.53993e+02  4.40e-16   7.60e-01   3.34e-02   3.39e-04   1.68e-01   1.81e-02   1.16e-02   5.44e-03   1.81e-03   1.84e-03   4.05e-09   
1.77828e+02  6.45e-16   8.22e-01   3.63e-02   3.66e-04   1.15e-01   1.24e-02   7.92e-03   3.72e-03   1.24e-03   1.26e-03   4.39e-09   
2.05353e+02  1.13e-15   8.80e-01   3.88e-02   3.92e-04   6.57e-02   7.08e-03   4.53e-03   2.13e-03   7.08e-04   7.18e-04   4.70e-09   
2.37137e+02  2.03e-15   9.14e-01   4.03e-02   4.07e-04   3.68e-02   3.96e-03   2.53e-03   1.19e-03   3.96e-04   4.01e-04   4.87e-09   
2.73842e+02  3.27e-15   9.30e-01   4.10e-02   4.13e-04   2.31e-02   2.48e-03   1.59e-03   7.47e-04   2.48e-04   2.52e-04   4.96e-09   
3.16228e+02  5.08e-15   9.40e-01   4.14e-02   4.20e-04   1.52e-02   1.64e-03   1.05e-03   4.90e-04   1.64e-04   1.66e-04   5.00e-09   
3.65174e+02  8.09e-15   9.45e-01   4.17e-02   4.21e-04   1.01e-02   1.09e-03   6.97e-04   3.28e-04   1.09e-04   1.11e-04   5.04e-09   
4.21697e+02  1.38e-14   9.49e-01   4.20e-02   4.23e-04   6.74e-03   7.25e-04   4.65e-04   2.18e-04   7.25e-05   7.39e-05   5.07e-09   
4.86968e+02  2.61e-14   9.52e-01   4.22e-02   4.26e-04   4.45e-03   4.80e-04   3.07e-04   1.44e-04   4.80e-05   4.87e-05   5.07e-09   
5.62341e+02  5.46e-14   9.54e-01   4.21e-02   4.25e-04   2.87e-03   3.09e-04   1.98e-04   9.26e-05   3.09e-05   3.13e-05   5.09e-09   
6.49382e+02  1.26e-13   9.55e-01   4.23e-02   4.27e-04   1.73e-03   1.86e-04   1.19e-04   5.58e-05   1.86e-05   1.89e-05   5.11e-09   
7.49894e+02  3.48e-13   9.56e-01   4.22e-02   4.28e-04   8.50e-04   9.16e-05   5.86e-05   2.75e-05   9.16e-06   8.59e-06   5.11e-09   
8.65964e+02  2.29e-12   9.57e-01   4.22e-02   4.26e-04   1.74e-04   1.88e-05   1.20e-05   5.64e-06   1.88e-06   1.48e-06   5.11e-09   
1.00000e+03  7.71e-12   9.57e-01   4.23e-02   4.27e-04   6.68e-05   7.19e-06   4.60e-06   2.15e-06   7.19e-07   4.76e-07   5.11e-09   
1.15478e+03  1.08e-11   9.57e-01   4.23e-02   4.27e-04   6.20e-05   6.68e-06   4.27e-06   2.01e-06   6.68e-07   3.73e-07   5.11e-09   
1.33352e+03  1.49e-11   9.57e-01   4.24e-02   4.28e-04   5.85e-05   6.30e-06   4.03e-06   1.89e-06   6.30e-07   2.97e-07   5.12e-09   
1.53993e+03  2.07e-11   9.57e-01   4.22e-02   4.26e-04   5.56e-05   6.00e-06   3.83e-06   1.80e-06   6.00e-07   2.38e-07   5.08e-09   
1.77828e+03  2.81e-11   9.57e-01   4.23e-02   4.27e-04   5.41e-05   5.80e-06   3.74e-06   1.74e-06   5.80e-07   1.97e-07   5.12e-09   
2.05353e+03  3.76e-11   9.57e-01   4.23e-02   4.28e-04   5.32e-05   5.72e-06   3.67e-06   1.72e-06   5.72e-07   1.66e-07   5.11e-09   
2.37137e+03  4.92e-11   9.57e-01   4.23e-02   4.27e-04   5.35e-05   5.75e-06   3.68e-06   1.73e-06   5.75e-07   1.44e-07   5.10e-09   
2.73842e+03  6.13e-11   9.57e-01   4.22e-02   4.27e-04   5.53e-05   5.95e-06   3.82e-06   1.79e-06   5.95e-07   1.30e-07   5.10e-09   
3.16228e+03  7.35e-11   9.57e-01   4.23e-02   4.27e-04   5.75e-05   6.20e-06   3.97e-06   1.86e-06   6.20e-07   1.19e-07   5.11e-09   
3.65174e+03  8.65e-11   9.57e-01   4.23e-02   4.27e-04   5.91e-05   6.36e-06   4.07e-06   1.91e-06   6.36e-07   1.08e-07   5.11e-09   
4.21697e+03  1.00e-10   9.57e-01   4.22e-02   4.27e-04   5.97e-05   6.42e-06   4.11e-06   1.93e-06   6.42e-07   9.69e-08   5.11e-09   
4.86968e+03  1.14e-10   9.57e-01   4.24e-02   4.28e-04   5.98e-05   6.44e-06   4.12e-06   1.93e-06   6.44e-07   8.64e-08   5.13e-09   
5.62341e+03  1.29e-10   9.57e-01   4.23e-02   4.28e-04   5.89e-05   6.34e-06   4.06e-06   1.90e-06   6.34e-07   7.59e-08   5.12e-09   
6.49382e+03  1.43e-10   9.57e-01   4.23e-02   4.27e-04   5.74e-05   6.18e-06   3.95e-06   1.85e-06   6.18e-07   6.60e-08   5.11e-09   
7.49894e+03  1.57e-10   9.57e-01   4.24e-02   4.28e-04   5.55e-05   5.97e-06   3.82e-06   1.79e-06   5.97e-07   5.71e-08   5.12e-09   
8.65964e+03  1.70e-10   9.57e-01   4.22e-02   4.26e-04   5.26e-05   5.67e-06   3.63e-06   1.70e-06   5.67e-07   4.86e-08   5.10e-09   
1.00000e+04  1.82e-10   9.57e-01   4.21e-02   4.26e-04   4.95e-05   5.33e-06   3.41e-06   1.60e-06   5.33e-07   4.10e-08   5.09e-09   
1.15478e+04  1.90e-10   9.57e-01   4.22e-02   4.27e-04   4.62e-05   4.98e-06   3.18e-06   1.49e-06   4.98e-07   3.44e-08   5.11e-09   
1.33352e+04  1.95e-10   9.57e-01   4.23e-02   4.27e-04   4.26e-05   4.59e-06   2.94e-06   1.38e-06   4.59e-07   2.86e-08   5.11e-09   
1.53993e+04  1.96e-10   9.57e-01   4.24e-02   4.28e-04   3.92e-05   4.22e-06   2.70e-06   1.27e-06   4.22e-07   2.37e-08   5.14e-09   
1.77828e+04  1.94e-10   9.57e-01   4.22e-02   4.26e-04   3.58e-05   3.86e-06   2.47e-06   1.16e-06   3.86e-07   1.96e-08   5.10e-09   
2.05353e+04  1.87e-10   9.57e-01   4.24e-02   4.27e-04   3.32e-05   3.57e-06   2.28e-06   1.07e-06   3.57e-07   1.65e-08   5.12e-09   
2.37137e+04  1.78e-10   9.57e-01   4.23e-02   4.27e-04   3.09e-05   3.32e-06   2.13e-06   9.97e-07   3.32e-07   1.39e-08   5.11e-09   
2.73842e+04  1.66e-10   9.57e-01   4.23e-02   4.27e-04   2.90e-05   3.12e-06   1.99e-06   9.33e-07   3.12e-07   1.19e-08   5.11e-09   
3.16228e+04  1.53e-10   9.57e-01   4.24e-02   4.27e-04   2.75e-05   2.96e-06   1.89e-06   8.85e-07   2.96e-07   1.04e-08   5.12e-09   
3.65174e+04  1.38e-10   9.57e-01   4.23e-02   4.28e-04   2.62e-05   2.81e-06   1.80e-06   8.41e-07   2.81e-07   9.06e-09   5.12e-09   
4.21697e+04  1.22e-10   9.57e-01   4.23e-02   4.28e-04   2.50e-05   2.69e-06   1.72e-06   8.07e-07   2.69e-07   8.05e-09   5.11e-09   
4.86968e+04  1.06e-10   9.57e-01   4.25e-02   4.28e-04   2.40e-05   2.58e-06   1.65e-06   7.74e-07   2.58e-07   7.20e-09   5.13e-09   
5.62341e+04  8.92e-11   9.57e-01   4.23e-02   4.27e-04   2.29e-05   2.47e-06   1.58e-06   7.40e-07   2.47e-07   6.47e-09   5.10e-09   
6.49382e+04  7.27e-11   9.57e-01   4.22e-02   4.26e-04   2.20e-05   2.37e-06   1.51e-06   7.10e-07   2.37e-07   5.87e-09   5.10e-09   
7.49894e+04  5.70e-11   9.57e-01   4.23e-02   4.26e-04   2.12e-05   2.28e-06   1.46e-06   6.84e-07   2.28e-07   5.40e-09   5.10e-09   
8.65964e+04  4.29e-11   9.57e-01   4.24e-02   4.26e-04   2.05e-05   2.21e-06   1.41e-06   6.61e-07   2.21e-07   5.01e-09   5.10e-09   
1.00000e+05  3.10e-11   9.57e-01   4.22e-02   4.25e-04   1.98e-05   2.14e-06   1.37e-06   6.41e-07   2.14e-07   4.67e-09   5.09e-09   
1.15478e+05  2.16e-11   9.57e-01   4.21e-02   4.26e-04   1.93e-05   2.08e-06   1.33e-06   6.24e-07   2.08e-07   4.43e-09   5.09e-09   
1.33352e+05  1.46e-11   9.57e-01   4.24e-02   4.28e-04   1.89e-05   2.04e-06   1.31e-06   6.13e-07   2.04e-07   4.26e-09   5.12e-09   
1.53993e+05  1.00e-11   9.57e-01   4.23e-02   4.27e-04   1.86e-05   2.00e-06   1.28e-06   6.01e-07   2.00e-07   4.10e-09   5.11e-09   
1.77828e+05  6.95e-12   9.57e-01   4.23e-02   4.28e-04   1.84e-05   1.97e-06   1.27e-06   5.93e-07   1.97e-07   3.99e-09   5.11e-09   
2.05353e+05  4.50e-12   9.57e-01   4.22e-02   4.26e-04   1.82e-05   1.96e-06   1.25e-06   5.86e-07   1.96e-07   3.89e-09   5.11e-09   
2.37137e+05  2.27e-12   9.57e-01   4.22e-02   4.26e-04   1.79e-05   1.93e-06   1.24e-06   5.78e-07   1.93e-07   3.76e-09   5.12e-09   
2.73842e+05  2.10e-12   9.57e-01   4.22e-02   4.26e-04   1.79e-05   1.93e-06   1.23e-06   5.76e-07   1.93e-07   3.73e-09   5.10e-09   
3.16228e+05  2.09e-12   9.57e-01   4.23e-02   4.27e-04   1.79e-05   1.93e-06   1.24e-06   5.79e-07   1.93e-07   3.71e-09   5.12e-09   
3.65174e+05  2.11e-12   9.57e-01   4.22e-02   4.26e-04   1.79e-05   1.93e-06   1.24e-06   5.78e-07   1.93e-07   3.68e-09   5.12e-09   
4.21697e+05  2.12e-12   9.57e-01   4.23e-02   4.27e-04   1.80e-05   1.94e-06   1.24e-06   5.80e-07   1.94e-07   3.67e-09   5.09e-09   
4.86968e+05  2.14e-12   9.57e-01   4.22e-02   4.26e-04   1.80e-05   1.94e-06   1.24e-06   5.79e-07   1.94e-07   3.65e-09   5.09e-09   
5.62341e+05  2.16e-12   9.57e-01   4.21e-02   4.26e-04   1.80e-05   1.94e-06   1.24e-06   5.83e-07   1.94e-07   3.63e-09   5.09e-09   
6.49382e+05  2.18e-12   9.57e-01   4.21e-02   4.26e-04   1.80e-05   1.94e-06   1.24e-06   5.82e-07   1.94e-07   3.61e-09   5.08e-09   
7.49894e+05  2.20e-12   9.57e-01   4.23e-02   4.27e-04   1.81e-05   1.95e-06   1.25e-06   5.85e-07   1.95e-07   3.61e-09   5.13e-09   
8.65964e+05  5.62e-12   9.57e-01   4.22e-02   4.27e-04   1.85e-05   1.99e-06   1.27e-06   5.98e-07   1.99e-07   3.77e-09   5.11e-09   
1.00000e+06  4.47e-12   9.57e-01   4.23e-02   4.27e-04   1.82e-05   1.96e-06   1.25e-06   5.88e-07   1.96e-07   3.82e-09   5.10e-09   
1.15478e+06  2.12e-12   9.57e-01   4.23e-02   4.27e-04   1.80e-05   1.94e-06   1.24e-06   5.80e-07   1.94e-07   3.67e-09   5.09e-09   
1.33352e+06  2.16e-12   9.57e-01   4.23e-02   4.27e-04   1.80e-05   1.94e-06   1.24e-06   5.83e-07   1.94e-07   3.63e-09   5.13e-09   
1.53993e+06  2.24e-12   9.57e-01   4.22e-02   4.26e-04   1.80e-05   1.94e-06   1.24e-06   5.82e-07   1.94e-07   3.59e-09   5.10e-09   
1.77828e+06  2.39e-12   9.57e-01   4.22e-02   4.26e-04   1.79e-05   1.93e-06   1.24e-06   5.81e-07   1.93e-07   3.74e-09   5.10e-09   
2.05353e+06  2.16e-12   9.57e-01   4.22e-02   4.26e-04   1.80e-05   1.94e-06   1.24e-06   5.83e-07   1.94e-07   3.64e-09   5.09e-09   
2.37137e+06  6.05e-12   9.57e-01   4.22e-02   4.27e-04   1.85e-05   1.98e-06   1.27e-06   5.97e-07   1.98e-07   3.84e-09   5.11e-09   
2.73842e+06  2.15e-12   9.57e-01   4.22e-02   4.26e-04   1.80e-05   1.94e-06   1.24e-06   5.81e-07   1.94e-07   3.64e-09   5.11e-09   
3.16228e+06  5.73e-12   9.57e-01   4.22e-02   4.27e-04   1.83e-05   1.97e-06   1.27e-06   5.93e-07   1.97e-07   3.87e-09   5.11e-09   
3.65174e+06  2.19e-12   9.57e-01   4.23e-02   4.27e-04   1.81e-05   1.94e-06   1.24e-06   5.83e-07   1.94e-07   3.61e-09   5.11e-09   
4.21697e+06  2.15e-12   9.57e-01   4.22e-02   4.27e-04   1.80e-05   1.94e-06   1.24e-06   5.81e-07   1.94e-07   3.64e-09   5.11e-09   
4.86968e+06  2.13e-12   9.57e-01   4.22e-02   4.27e-04   1.80e-05   1.94e-06   1.24e-06   5.82e-07   1.94e-07   3.67e-09   5.12e-09   
5.62341e+06  2.13e-12   9.57e-01   4.23e-02   4.27e-04   1.80e-05   1.94e-06   1.24e-06   5.82e-07   1.94e-07   3.66e-09   5.11e-09   
6.49382e+06  2.17e-12   9.57e-01   4.22e-02   4.26e-04   1.80e-05   1.94e-06   1.24e-06   5.80e-07   1.94e-07   3.62e-09   5.11e-09   
7.49894e+06  5.52e-12   9.57e-01   4.22e-02   4.26e-04   1.85e-05   1.99e-06   1.27e-06   5.97e-07   1.99e-07   3.77e-09   5.11e-09   
8.65964e+06  2.16e-12   9.57e-01   4.21e-02   4.26e-04   1.80e-05   1.94e-06   1.24e-06   5.83e-07   1.94e-07   3.63e-09   5.09e-09   
1.00000e+07  2.12e-12   9.57e-01   4.23e-02   4.27e-04   1.80e-05   1.94e-06   1.24e-06   5.80e-07   1.94e-07   3.68e-09   5.09e-09   
1.15478e+07  2.14e-12   9.57e-01   4.23e-02   4.27e-04   1.80e-05   1.94e-06   1.24e-06   5.84e-07   1.94e-07   3.66e-09   5.09e-09   
1.33352e+07  2.25e-12   9.57e-01   4.23e-02   4.27e-04   1.81e-05   1.95e-06   1.25e-06   5.83e-07   1.95e-07   3.60e-09   5.12e-09   
1.53993e+07  2.18e-12   9.57e-01   4.23e-02   4.27e-04   1.80e-05   1.95e-06   1.25e-06   5.82e-07   1.95e-07   3.62e-09   5.13e-09   
1.77828e+07  3.62e-12   9.57e-01   4.22e-02   4.28e-04   1.82e-05   1.96e-06   1.26e-06   5.88e-07   1.96e-07   3.61e-09   5.10e-09   
2.05353e+07  2.18e-12   9.57e-01   4.22e-02   4.26e-04   1.80e-05   1.94e-06   1.24e-06   5.82e-07   1.94e-07   3.61e-09   5.08e-09   
2.37137e+07  6.02e-12   9.57e-01   4.22e-02   4.27e-04   1.84e-05   1.99e-06   1.27e-06   5.97e-07   1.99e-07   3.82e-09   5.10e-09   
2.73842e+07  5.85e-12   9.57e-01   4.22e-02   4.27e-04   1.85e-05   2.00e-06   1.28e-06   5.98e-07   2.00e-07   3.81e-09   5.11e-09   
