! 0       *H + *HC2O -> *CH2CO
! 1       *H + *HC2O -> CH2CO
! 2       *HC2O + CRPhoton -> *CH + *CO
! 3       *HC2O + CRPhoton -> HC2O
! 4       *HC2O + ISPhoton -> HC2O
! 5       *HC2O + GRAIN -> HC2O + GRAIN
! 6       *HC2O + CRP -> HC2O
!            tot_rate   0          1          2          3          4          5          6          
1.00000e+00  8.12e-22   9.84e-01   9.94e-03   5.53e-03   5.32e-05   9.51e-12   2.23e-66   0.00e+00   
1.15478e+00  1.88e-21   9.85e-01   9.95e-03   5.43e-03   5.24e-05   9.37e-12   2.20e-66   0.00e+00   
1.33352e+00  4.26e-21   9.85e-01   9.94e-03   5.40e-03   5.19e-05   9.28e-12   2.18e-66   0.00e+00   
1.53993e+00  9.63e-21   9.85e-01   9.95e-03   5.26e-03   5.06e-05   9.04e-12   2.13e-66   0.00e+00   
1.77828e+00  2.12e-20   9.85e-01   9.94e-03   5.14e-03   4.95e-05   8.86e-12   2.08e-66   0.00e+00   
2.05353e+00  4.58e-20   9.85e-01   9.96e-03   5.04e-03   4.85e-05   8.67e-12   2.04e-66   0.00e+00   
2.37137e+00  9.63e-20   9.85e-01   9.95e-03   4.94e-03   4.75e-05   8.48e-12   1.99e-66   0.00e+00   
2.73842e+00  1.98e-19   9.85e-01   9.95e-03   4.81e-03   4.63e-05   8.29e-12   1.95e-66   0.00e+00   
3.16228e+00  3.95e-19   9.85e-01   9.95e-03   4.69e-03   4.51e-05   8.05e-12   1.90e-66   0.00e+00   
3.65174e+00  7.68e-19   9.85e-01   9.96e-03   4.57e-03   4.39e-05   7.85e-12   1.85e-66   0.00e+00   
4.21697e+00  1.46e-18   9.86e-01   9.92e-03   4.44e-03   4.26e-05   7.60e-12   1.79e-66   0.00e+00   
4.86968e+00  2.73e-18   9.86e-01   9.93e-03   4.29e-03   4.10e-05   7.37e-12   1.73e-66   0.00e+00   
5.62341e+00  5.00e-18   9.86e-01   9.96e-03   4.12e-03   3.96e-05   7.08e-12   1.67e-66   0.00e+00   
6.49382e+00  9.03e-18   9.86e-01   9.96e-03   3.96e-03   3.81e-05   6.80e-12   1.61e-66   0.00e+00   
7.49894e+00  1.60e-17   9.86e-01   9.99e-03   3.80e-03   3.65e-05   6.55e-12   1.54e-66   0.00e+00   
8.65964e+00  2.79e-17   9.86e-01   9.97e-03   3.66e-03   3.51e-05   6.28e-12   1.48e-66   0.00e+00   
1.00000e+01  4.74e-17   9.86e-01   9.97e-03   3.52e-03   3.37e-05   6.05e-12   1.43e-66   0.00e+00   
1.15478e+01  7.86e-17   9.87e-01   9.97e-03   3.41e-03   3.28e-05   5.86e-12   1.39e-66   0.00e+00   
1.33352e+01  1.27e-16   9.87e-01   9.95e-03   3.32e-03   3.19e-05   5.70e-12   1.35e-66   0.00e+00   
1.53993e+01  2.00e-16   9.87e-01   9.97e-03   3.23e-03   3.11e-05   5.56e-12   1.32e-66   0.00e+00   
1.77828e+01  3.08e-16   9.87e-01   1.00e-02   3.15e-03   3.03e-05   5.42e-12   1.29e-66   0.00e+00   
2.05353e+01  4.69e-16   9.87e-01   9.98e-03   3.05e-03   2.92e-05   5.22e-12   1.24e-66   0.00e+00   
2.37137e+01  7.02e-16   9.87e-01   9.97e-03   2.92e-03   2.81e-05   5.03e-12   1.20e-66   0.00e+00   
2.73842e+01  1.03e-15   9.87e-01   9.97e-03   2.80e-03   2.69e-05   4.81e-12   1.15e-66   0.00e+00   
3.16228e+01  1.51e-15   9.87e-01   9.94e-03   2.64e-03   2.53e-05   4.53e-12   1.09e-66   0.00e+00   
3.65174e+01  2.16e-15   9.88e-01   9.97e-03   2.47e-03   2.37e-05   4.24e-12   1.02e-66   0.00e+00   
4.21697e+01  3.04e-15   9.88e-01   9.98e-03   2.28e-03   2.19e-05   3.92e-12   9.48e-67   0.00e+00   
4.86968e+01  4.23e-15   9.88e-01   9.97e-03   2.05e-03   1.97e-05   3.52e-12   8.58e-67   0.00e+00   
5.62341e+01  5.81e-15   9.88e-01   9.97e-03   1.79e-03   1.72e-05   3.06e-12   7.52e-67   0.00e+00   
6.49382e+01  7.86e-15   9.89e-01   9.99e-03   1.49e-03   1.42e-05   2.54e-12   6.28e-67   0.00e+00   
7.49894e+01  1.05e-14   9.89e-01   9.98e-03   1.12e-03   1.07e-05   1.93e-12   4.79e-67   0.00e+00   
8.65964e+01  1.36e-14   9.89e-01   1.00e-02   7.09e-04   6.81e-06   1.22e-12   3.06e-67   0.00e+00   
1.00000e+02  1.65e-14   9.90e-01   1.00e-02   2.20e-04   2.11e-06   3.78e-13   9.59e-68   0.00e+00   
1.15478e+02  3.24e-18   9.90e-01   9.99e-03   6.82e-08   6.57e-10   1.17e-16   3.01e-71   0.00e+00   
1.33352e+02  3.96e-18   9.90e-01   1.00e-02   4.92e-08   4.72e-10   8.44e-17   2.20e-71   0.00e+00   
1.53993e+02  4.75e-18   9.90e-01   1.00e-02   3.43e-08   3.29e-10   5.88e-17   1.56e-71   0.00e+00   
1.77828e+02  5.53e-18   9.90e-01   1.00e-02   2.17e-08   2.08e-10   3.73e-17   1.01e-71   0.00e+00   
2.05353e+02  6.18e-18   9.90e-01   1.00e-02   1.16e-08   1.11e-10   1.99e-17   5.48e-72   0.00e+00   
2.37137e+02  6.60e-18   9.90e-01   1.00e-02   6.23e-09   5.99e-11   1.07e-17   3.02e-72   0.00e+00   
2.73842e+02  6.76e-18   9.90e-01   1.00e-02   3.85e-09   3.70e-11   6.60e-18   1.91e-72   0.00e+00   
3.16228e+02  6.74e-18   9.90e-01   1.00e-02   2.51e-09   2.40e-11   4.30e-18   1.28e-72   0.00e+00   
3.65174e+02  6.64e-18   9.90e-01   9.99e-03   1.66e-09   1.60e-11   2.85e-18   8.77e-73   0.00e+00   
4.21697e+02  6.51e-18   9.90e-01   1.00e-02   1.10e-09   1.06e-11   1.89e-18   6.06e-73   0.00e+00   
4.86968e+02  6.38e-18   9.90e-01   1.00e-02   7.24e-10   6.95e-12   1.24e-18   4.18e-73   0.00e+00   
5.62341e+02  6.25e-18   9.90e-01   1.00e-02   4.65e-10   4.46e-12   7.98e-19   2.83e-73   0.00e+00   
6.49382e+02  6.05e-18   9.90e-01   1.00e-02   2.79e-10   2.68e-12   4.79e-19   1.82e-73   0.00e+00   
7.49894e+02  5.77e-18   9.90e-01   9.99e-03   1.37e-10   1.22e-12   2.18e-19   9.00e-74   0.00e+00   
8.65964e+02  5.45e-18   9.90e-01   1.00e-02   2.82e-11   2.11e-13   3.78e-20   1.72e-74   0.00e+00   
1.00000e+03  5.39e-18   9.90e-01   1.00e-02   1.08e-11   6.79e-14   1.21e-20   6.21e-75   0.00e+00   
1.15478e+03  5.05e-18   9.90e-01   1.00e-02   1.00e-11   5.29e-14   9.46e-21   5.56e-75   0.00e+00   
1.33352e+03  4.81e-18   9.90e-01   1.00e-02   9.44e-12   4.22e-14   7.53e-21   5.18e-75   0.00e+00   
1.53993e+03  4.81e-18   9.90e-01   1.00e-02   9.01e-12   3.39e-14   6.07e-21   4.97e-75   0.00e+00   
1.77828e+03  5.26e-18   9.90e-01   1.00e-02   8.72e-12   2.79e-14   5.02e-21   5.00e-75   0.00e+00   
2.05353e+03  6.27e-18   9.90e-01   1.00e-02   8.59e-12   2.36e-14   4.21e-21   5.18e-75   0.00e+00   
2.37137e+03  5.12e-18   9.90e-01   1.00e-02   8.63e-12   2.05e-14   3.67e-21   5.53e-75   0.00e+00   
2.73842e+03  2.60e-18   9.90e-01   9.98e-03   8.94e-12   1.85e-14   3.31e-21   5.89e-75   0.00e+00   
3.16228e+03  2.09e-18   9.90e-01   1.00e-02   9.28e-12   1.70e-14   3.04e-21   6.12e-75   0.00e+00   
3.65174e+03  2.19e-18   9.90e-01   9.99e-03   9.54e-12   1.54e-14   2.76e-21   6.11e-75   0.00e+00   
4.21697e+03  2.35e-18   9.90e-01   9.99e-03   9.65e-12   1.38e-14   2.47e-21   5.95e-75   0.00e+00   
4.86968e+03  2.52e-18   9.90e-01   9.98e-03   9.62e-12   1.22e-14   2.19e-21   5.61e-75   0.00e+00   
5.62341e+03  2.64e-18   9.90e-01   1.00e-02   9.52e-12   1.08e-14   1.93e-21   5.20e-75   0.00e+00   
6.49382e+03  2.72e-18   9.90e-01   9.97e-03   9.27e-12   9.39e-15   1.68e-21   4.67e-75   0.00e+00   
7.49894e+03  2.75e-18   9.90e-01   1.00e-02   8.95e-12   8.12e-15   1.45e-21   4.15e-75   0.00e+00   
8.65964e+03  2.76e-18   9.90e-01   1.00e-02   8.52e-12   6.93e-15   1.24e-21   3.61e-75   0.00e+00   
1.00000e+04  2.77e-18   9.90e-01   1.00e-02   8.02e-12   5.85e-15   1.05e-21   3.11e-75   0.00e+00   
1.15478e+04  2.81e-18   9.90e-01   1.00e-02   7.48e-12   4.91e-15   8.80e-22   2.65e-75   0.00e+00   
1.33352e+04  2.90e-18   9.90e-01   1.00e-02   6.90e-12   4.07e-15   7.31e-22   2.23e-75   0.00e+00   
1.53993e+04  3.04e-18   9.90e-01   1.00e-02   6.31e-12   3.39e-15   6.05e-22   1.88e-75   0.00e+00   
1.77828e+04  3.26e-18   9.90e-01   9.99e-03   5.79e-12   2.80e-15   5.03e-22   1.59e-75   0.00e+00   
2.05353e+04  3.58e-18   9.90e-01   1.00e-02   5.34e-12   2.34e-15   4.19e-22   1.36e-75   0.00e+00   
2.37137e+04  3.99e-18   9.90e-01   1.00e-02   4.99e-12   1.97e-15   3.56e-22   1.18e-75   0.00e+00   
2.73842e+04  4.48e-18   9.90e-01   9.99e-03   4.68e-12   1.69e-15   3.05e-22   1.04e-75   0.00e+00   
3.16228e+04  5.03e-18   9.90e-01   1.00e-02   4.43e-12   1.47e-15   2.64e-22   9.38e-76   0.00e+00   
3.65174e+04  5.61e-18   9.90e-01   9.99e-03   4.23e-12   1.29e-15   2.32e-22   8.62e-76   0.00e+00   
4.21697e+04  6.15e-18   9.90e-01   1.00e-02   4.03e-12   1.14e-15   2.05e-22   8.06e-76   0.00e+00   
4.86968e+04  6.64e-18   9.90e-01   9.99e-03   3.86e-12   1.02e-15   1.84e-22   7.70e-76   0.00e+00   
5.62341e+04  6.97e-18   9.90e-01   1.00e-02   3.70e-12   9.20e-16   1.65e-22   7.53e-76   0.00e+00   
6.49382e+04  7.08e-18   9.90e-01   1.00e-02   3.56e-12   8.37e-16   1.51e-22   7.56e-76   0.00e+00   
7.49894e+04  6.90e-18   9.90e-01   1.00e-02   3.42e-12   7.68e-16   1.38e-22   7.78e-76   0.00e+00   
8.65964e+04  6.36e-18   9.90e-01   9.99e-03   3.32e-12   7.12e-16   1.28e-22   8.27e-76   0.00e+00   
1.00000e+05  5.50e-18   9.90e-01   1.00e-02   3.20e-12   6.66e-16   1.20e-22   9.06e-76   0.00e+00   
1.15478e+05  4.41e-18   9.90e-01   9.99e-03   3.13e-12   6.30e-16   1.13e-22   1.01e-75   0.00e+00   
1.33352e+05  3.28e-18   9.90e-01   9.99e-03   3.05e-12   6.03e-16   1.09e-22   1.11e-75   0.00e+00   
1.53993e+05  2.28e-18   9.90e-01   9.99e-03   3.01e-12   5.83e-16   1.05e-22   1.20e-75   0.00e+00   
1.77828e+05  1.46e-18   9.90e-01   9.97e-03   2.97e-12   5.68e-16   1.02e-22   1.25e-75   0.00e+00   
2.05353e+05  6.55e-19   9.90e-01   1.00e-02   2.93e-12   5.53e-16   9.96e-23   1.20e-75   0.00e+00   
2.37137e+05  6.98e-20   9.90e-01   1.00e-02   2.89e-12   5.36e-16   9.66e-23   1.05e-75   0.00e+00   
2.73842e+05  6.71e-20   9.90e-01   1.00e-02   2.91e-12   5.32e-16   9.57e-23   1.08e-75   0.00e+00   
3.16228e+05  6.99e-20   9.90e-01   1.00e-02   2.90e-12   5.28e-16   9.50e-23   1.07e-75   0.00e+00   
3.65174e+05  7.37e-20   9.90e-01   1.00e-02   2.90e-12   5.25e-16   9.45e-23   1.06e-75   0.00e+00   
4.21697e+05  7.82e-20   9.90e-01   1.00e-02   2.92e-12   5.23e-16   9.40e-23   1.06e-75   0.00e+00   
4.86968e+05  8.33e-20   9.90e-01   1.00e-02   2.92e-12   5.20e-16   9.35e-23   1.05e-75   0.00e+00   
5.62341e+05  8.95e-20   9.90e-01   1.00e-02   2.92e-12   5.17e-16   9.31e-23   1.05e-75   0.00e+00   
6.49382e+05  9.76e-20   9.90e-01   9.99e-03   2.92e-12   5.14e-16   9.26e-23   1.05e-75   0.00e+00   
7.49894e+05  1.10e-19   9.90e-01   9.99e-03   2.92e-12   5.13e-16   9.26e-23   1.04e-75   0.00e+00   
8.65964e+05  2.16e-18   9.90e-01   9.99e-03   2.99e-12   5.37e-16   9.67e-23   1.54e-75   0.00e+00   
1.00000e+06  8.97e-19   9.90e-01   1.00e-02   2.94e-12   5.45e-16   9.82e-23   1.29e-75   0.00e+00   
1.15478e+06  7.65e-20   9.90e-01   9.99e-03   2.90e-12   5.23e-16   9.42e-23   1.06e-75   0.00e+00   
1.33352e+06  9.13e-20   9.90e-01   1.00e-02   2.91e-12   5.17e-16   9.30e-23   1.04e-75   0.00e+00   
1.53993e+06  1.20e-19   9.90e-01   9.98e-03   2.92e-12   5.12e-16   9.23e-23   1.05e-75   0.00e+00   
1.77828e+06  7.67e-20   9.90e-01   9.99e-03   2.91e-12   5.32e-16   9.57e-23   1.04e-75   0.00e+00   
2.05353e+06  8.95e-20   9.90e-01   1.00e-02   2.92e-12   5.17e-16   9.31e-23   1.05e-75   0.00e+00   
2.37137e+06  2.23e-18   9.90e-01   9.99e-03   2.99e-12   5.47e-16   9.81e-23   1.52e-75   0.00e+00   
2.73842e+06  8.51e-20   9.90e-01   9.99e-03   2.92e-12   5.19e-16   9.34e-23   1.05e-75   0.00e+00   
3.16228e+06  1.68e-18   9.90e-01   1.00e-02   2.97e-12   5.51e-16   9.90e-23   1.43e-75   0.00e+00   
3.65174e+06  1.02e-19   9.90e-01   1.00e-02   2.93e-12   5.16e-16   9.27e-23   1.05e-75   0.00e+00   
4.21697e+06  8.56e-20   9.90e-01   1.00e-02   2.91e-12   5.19e-16   9.33e-23   1.05e-75   0.00e+00   
4.86968e+06  7.87e-20   9.90e-01   1.00e-02   2.91e-12   5.22e-16   9.39e-23   1.06e-75   0.00e+00   
5.62341e+06  8.01e-20   9.90e-01   1.00e-02   2.91e-12   5.22e-16   9.38e-23   1.05e-75   0.00e+00   
6.49382e+06  9.16e-20   9.90e-01   1.00e-02   2.91e-12   5.16e-16   9.29e-23   1.04e-75   0.00e+00   
7.49894e+06  2.12e-18   9.90e-01   9.99e-03   2.98e-12   5.33e-16   9.62e-23   1.54e-75   0.00e+00   
8.65964e+06  8.78e-20   9.90e-01   1.00e-02   2.92e-12   5.18e-16   9.32e-23   1.05e-75   0.00e+00   
1.00000e+07  7.69e-20   9.90e-01   1.00e-02   2.91e-12   5.23e-16   9.41e-23   1.06e-75   0.00e+00   
1.15478e+07  8.30e-20   9.90e-01   1.00e-02   2.91e-12   5.20e-16   9.36e-23   1.05e-75   0.00e+00   
1.33352e+07  1.26e-19   9.90e-01   1.01e-02   2.93e-12   5.13e-16   9.27e-23   1.05e-75   0.00e+00   
1.53993e+07  9.89e-20   9.90e-01   1.00e-02   2.92e-12   5.15e-16   9.25e-23   1.04e-75   0.00e+00   
1.77828e+07  1.19e-18   9.90e-01   9.98e-03   2.94e-12   5.16e-16   9.31e-23   1.27e-75   0.00e+00   
2.05353e+07  9.72e-20   9.90e-01   1.00e-02   2.91e-12   5.15e-16   9.26e-23   1.04e-75   0.00e+00   
2.37137e+07  2.24e-18   9.90e-01   9.99e-03   2.99e-12   5.44e-16   9.81e-23   1.53e-75   0.00e+00   
2.73842e+07  2.22e-18   9.90e-01   1.00e-02   3.00e-12   5.44e-16   9.76e-23   1.54e-75   0.00e+00   
