! 0       *HNCO + CRPhoton -> *NH + *CO
! 1       *HNCO + CRPhoton -> HNCO
! 2       *HNCO + ISPhoton -> *NH + *CO
! 3       *HNCO + ISPhoton -> HNCO
! 4       *HNCO + GRAIN -> HNCO + GRAIN
! 5       *HNCO + CRP -> HNCO
!            tot_rate   0          1          2          3          4          5          
1.00000e+00  2.31e-21   9.90e-01   9.52e-03   1.37e-06   1.70e-09   2.40e-75   0.00e+00   
1.15478e+00  3.61e-21   9.90e-01   9.52e-03   1.37e-06   1.70e-09   2.40e-75   0.00e+00   
1.33352e+00  5.65e-21   9.90e-01   9.52e-03   1.37e-06   1.70e-09   2.41e-75   0.00e+00   
1.53993e+00  8.84e-21   9.90e-01   9.53e-03   1.37e-06   1.71e-09   2.41e-75   0.00e+00   
1.77828e+00  1.38e-20   9.90e-01   9.54e-03   1.37e-06   1.71e-09   2.41e-75   0.00e+00   
2.05353e+00  2.17e-20   9.90e-01   9.54e-03   1.37e-06   1.70e-09   2.41e-75   0.00e+00   
2.37137e+00  3.41e-20   9.90e-01   9.52e-03   1.37e-06   1.70e-09   2.40e-75   0.00e+00   
2.73842e+00  5.36e-20   9.90e-01   9.53e-03   1.37e-06   1.70e-09   2.41e-75   0.00e+00   
3.16228e+00  8.43e-20   9.90e-01   9.53e-03   1.36e-06   1.70e-09   2.41e-75   0.00e+00   
3.65174e+00  1.32e-19   9.90e-01   9.53e-03   1.37e-06   1.71e-09   2.41e-75   0.00e+00   
4.21697e+00  2.09e-19   9.90e-01   9.52e-03   1.37e-06   1.70e-09   2.41e-75   0.00e+00   
4.86968e+00  3.30e-19   9.90e-01   9.51e-03   1.37e-06   1.70e-09   2.41e-75   0.00e+00   
5.62341e+00  5.22e-19   9.90e-01   9.52e-03   1.37e-06   1.70e-09   2.41e-75   0.00e+00   
6.49382e+00  8.29e-19   9.90e-01   9.52e-03   1.36e-06   1.70e-09   2.41e-75   0.00e+00   
7.49894e+00  1.32e-18   9.91e-01   9.45e-03   1.36e-06   1.69e-09   2.40e-75   0.00e+00   
8.65964e+00  2.10e-18   9.90e-01   9.52e-03   1.37e-06   1.70e-09   2.41e-75   0.00e+00   
1.00000e+01  3.34e-18   9.90e-01   9.52e-03   1.37e-06   1.70e-09   2.42e-75   0.00e+00   
1.15478e+01  5.31e-18   9.90e-01   9.53e-03   1.37e-06   1.70e-09   2.43e-75   0.00e+00   
1.33352e+01  8.40e-18   9.90e-01   9.52e-03   1.37e-06   1.70e-09   2.42e-75   0.00e+00   
1.53993e+01  1.32e-17   9.90e-01   9.53e-03   1.36e-06   1.69e-09   2.42e-75   0.00e+00   
1.77828e+01  2.06e-17   9.90e-01   9.52e-03   1.36e-06   1.70e-09   2.43e-75   0.00e+00   
2.05353e+01  3.19e-17   9.90e-01   9.53e-03   1.37e-06   1.70e-09   2.44e-75   0.00e+00   
2.37137e+01  4.91e-17   9.90e-01   9.52e-03   1.37e-06   1.70e-09   2.45e-75   0.00e+00   
2.73842e+01  7.50e-17   9.90e-01   9.52e-03   1.37e-06   1.71e-09   2.45e-75   0.00e+00   
3.16228e+01  1.14e-16   9.91e-01   9.47e-03   1.37e-06   1.70e-09   2.45e-75   0.00e+00   
3.65174e+01  1.72e-16   9.91e-01   9.50e-03   1.36e-06   1.70e-09   2.47e-75   0.00e+00   
4.21697e+01  2.56e-16   9.90e-01   9.51e-03   1.36e-06   1.70e-09   2.48e-75   0.00e+00   
4.86968e+01  3.81e-16   9.90e-01   9.51e-03   1.37e-06   1.70e-09   2.50e-75   0.00e+00   
5.62341e+01  5.60e-16   9.90e-01   9.51e-03   1.37e-06   1.70e-09   2.52e-75   0.00e+00   
6.49382e+01  8.19e-16   9.90e-01   9.53e-03   1.37e-06   1.70e-09   2.54e-75   0.00e+00   
7.49894e+01  1.19e-15   9.91e-01   9.49e-03   1.36e-06   1.70e-09   2.55e-75   0.00e+00   
8.65964e+01  1.71e-15   9.90e-01   9.55e-03   1.37e-06   1.71e-09   2.59e-75   0.00e+00   
1.00000e+02  2.44e-15   9.91e-01   9.50e-03   1.36e-06   1.70e-09   2.62e-75   0.00e+00   
1.15478e+02  2.92e-15   9.91e-01   9.49e-03   1.36e-06   1.70e-09   2.65e-75   0.00e+00   
1.33352e+02  3.14e-15   9.90e-01   9.52e-03   1.37e-06   1.70e-09   2.70e-75   0.00e+00   
1.53993e+02  3.36e-15   9.90e-01   9.55e-03   1.37e-06   1.70e-09   2.75e-75   0.00e+00   
1.77828e+02  3.55e-15   9.90e-01   9.54e-03   1.37e-06   1.70e-09   2.81e-75   0.00e+00   
2.05353e+02  3.66e-15   9.90e-01   9.52e-03   1.37e-06   1.70e-09   2.87e-75   0.00e+00   
2.37137e+02  3.72e-15   9.90e-01   9.50e-03   1.36e-06   1.70e-09   2.93e-75   0.00e+00   
2.73842e+02  3.73e-15   9.90e-01   9.53e-03   1.37e-06   1.70e-09   3.03e-75   0.00e+00   
3.16228e+02  3.73e-15   9.90e-01   9.53e-03   1.37e-06   1.70e-09   3.14e-75   0.00e+00   
3.65174e+02  3.72e-15   9.90e-01   9.53e-03   1.37e-06   1.70e-09   3.26e-75   0.00e+00   
4.21697e+02  3.71e-15   9.90e-01   9.53e-03   1.37e-06   1.70e-09   3.40e-75   0.00e+00   
4.86968e+02  3.69e-15   9.90e-01   9.52e-03   1.37e-06   1.70e-09   3.58e-75   0.00e+00   
5.62341e+02  3.65e-15   9.90e-01   9.55e-03   1.37e-06   1.70e-09   3.83e-75   0.00e+00   
6.49382e+02  3.63e-15   9.90e-01   9.52e-03   1.37e-06   1.70e-09   4.13e-75   0.00e+00   
7.49894e+02  3.59e-15   9.91e-01   8.80e-03   1.37e-06   1.57e-09   4.20e-75   0.00e+00   
8.65964e+02  3.55e-15   9.93e-01   7.42e-03   1.37e-06   1.33e-09   3.95e-75   0.00e+00   
1.00000e+03  3.50e-15   9.94e-01   6.23e-03   1.37e-06   1.11e-09   3.80e-75   0.00e+00   
1.15478e+03  3.45e-15   9.95e-01   5.25e-03   1.37e-06   9.40e-10   3.71e-75   0.00e+00   
1.33352e+03  3.39e-15   9.96e-01   4.43e-03   1.38e-06   7.95e-10   3.75e-75   0.00e+00   
1.53993e+03  3.31e-15   9.96e-01   3.77e-03   1.38e-06   6.73e-10   3.89e-75   0.00e+00   
1.77828e+03  3.24e-15   9.97e-01   3.21e-03   1.38e-06   5.71e-10   4.14e-75   0.00e+00   
2.05353e+03  3.16e-15   9.97e-01   2.74e-03   1.38e-06   4.91e-10   4.46e-75   0.00e+00   
2.37137e+03  3.07e-15   9.98e-01   2.36e-03   1.38e-06   4.24e-10   4.86e-75   0.00e+00   
2.73842e+03  2.96e-15   9.98e-01   2.07e-03   1.38e-06   3.72e-10   5.14e-75   0.00e+00   
3.16228e+03  2.85e-15   9.98e-01   1.82e-03   1.38e-06   3.27e-10   5.20e-75   0.00e+00   
3.65174e+03  2.72e-15   9.98e-01   1.61e-03   1.38e-06   2.88e-10   5.14e-75   0.00e+00   
4.21697e+03  2.58e-15   9.99e-01   1.43e-03   1.38e-06   2.56e-10   5.03e-75   0.00e+00   
4.86968e+03  2.43e-15   9.99e-01   1.27e-03   1.39e-06   2.28e-10   4.77e-75   0.00e+00   
5.62341e+03  2.27e-15   9.99e-01   1.14e-03   1.39e-06   2.03e-10   4.49e-75   0.00e+00   
6.49382e+03  2.10e-15   9.99e-01   1.01e-03   1.38e-06   1.81e-10   4.17e-75   0.00e+00   
7.49894e+03  1.92e-15   9.99e-01   9.05e-04   1.38e-06   1.62e-10   3.83e-75   0.00e+00   
8.65964e+03  1.72e-15   9.99e-01   8.13e-04   1.39e-06   1.46e-10   3.53e-75   0.00e+00   
1.00000e+04  1.53e-15   9.99e-01   7.25e-04   1.38e-06   1.31e-10   3.21e-75   0.00e+00   
1.15478e+04  1.33e-15   9.99e-01   6.54e-04   1.38e-06   1.17e-10   2.95e-75   0.00e+00   
1.33352e+04  1.13e-15   9.99e-01   5.90e-04   1.39e-06   1.06e-10   2.71e-75   0.00e+00   
1.53993e+04  9.40e-16   9.99e-01   5.32e-04   1.38e-06   9.56e-11   2.49e-75   0.00e+00   
1.77828e+04  7.59e-16   1.00e+00   4.82e-04   1.38e-06   8.65e-11   2.29e-75   0.00e+00   
2.05353e+04  5.96e-16   1.00e+00   4.36e-04   1.39e-06   7.85e-11   2.13e-75   0.00e+00   
2.37137e+04  4.54e-16   1.00e+00   3.96e-04   1.39e-06   7.13e-11   1.99e-75   0.00e+00   
2.73842e+04  3.35e-16   1.00e+00   3.61e-04   1.39e-06   6.51e-11   1.89e-75   0.00e+00   
3.16228e+04  2.41e-16   1.00e+00   3.31e-04   1.39e-06   5.97e-11   1.80e-75   0.00e+00   
3.65174e+04  1.70e-16   1.00e+00   3.06e-04   1.39e-06   5.49e-11   1.75e-75   0.00e+00   
4.21697e+04  1.20e-16   1.00e+00   2.82e-04   1.38e-06   5.08e-11   1.72e-75   0.00e+00   
4.86968e+04  8.59e-17   1.00e+00   2.64e-04   1.38e-06   4.76e-11   1.75e-75   0.00e+00   
5.62341e+04  6.40e-17   1.00e+00   2.48e-04   1.39e-06   4.47e-11   1.80e-75   0.00e+00   
6.49382e+04  4.93e-17   1.00e+00   2.35e-04   1.39e-06   4.22e-11   1.89e-75   0.00e+00   
7.49894e+04  3.83e-17   1.00e+00   2.24e-04   1.39e-06   4.02e-11   2.06e-75   0.00e+00   
8.65964e+04  2.89e-17   1.00e+00   2.15e-04   1.39e-06   3.87e-11   2.30e-75   0.00e+00   
1.00000e+05  2.03e-17   1.00e+00   2.08e-04   1.39e-06   3.74e-11   2.65e-75   0.00e+00   
1.15478e+05  1.28e-17   1.00e+00   2.02e-04   1.39e-06   3.64e-11   3.11e-75   0.00e+00   
1.33352e+05  7.05e-18   1.00e+00   1.97e-04   1.39e-06   3.55e-11   3.56e-75   0.00e+00   
1.53993e+05  3.30e-18   1.00e+00   1.94e-04   1.39e-06   3.48e-11   4.00e-75   0.00e+00   
1.77828e+05  1.32e-18   1.00e+00   1.90e-04   1.39e-06   3.42e-11   4.20e-75   0.00e+00   
2.05353e+05  4.02e-19   1.00e+00   1.88e-04   1.39e-06   3.38e-11   4.08e-75   0.00e+00   
2.37137e+05  4.89e-20   1.00e+00   1.85e-04   1.39e-06   3.33e-11   3.58e-75   0.00e+00   
2.73842e+05  2.36e-20   1.00e+00   1.83e-04   1.39e-06   3.30e-11   3.68e-75   0.00e+00   
3.16228e+05  2.13e-20   1.00e+00   1.82e-04   1.39e-06   3.28e-11   3.66e-75   0.00e+00   
3.65174e+05  2.04e-20   1.00e+00   1.81e-04   1.39e-06   3.25e-11   3.63e-75   0.00e+00   
4.21697e+05  1.99e-20   1.00e+00   1.80e-04   1.39e-06   3.24e-11   3.60e-75   0.00e+00   
4.86968e+05  1.97e-20   1.00e+00   1.78e-04   1.39e-06   3.21e-11   3.57e-75   0.00e+00   
5.62341e+05  1.97e-20   1.00e+00   1.77e-04   1.39e-06   3.19e-11   3.54e-75   0.00e+00   
6.49382e+05  1.99e-20   1.00e+00   1.76e-04   1.39e-06   3.17e-11   3.54e-75   0.00e+00   
7.49894e+05  2.05e-20   1.00e+00   1.76e-04   1.39e-06   3.17e-11   3.55e-75   0.00e+00   
8.65964e+05  6.43e-19   1.00e+00   1.80e-04   1.39e-06   3.23e-11   5.33e-75   0.00e+00   
1.00000e+06  2.48e-19   1.00e+00   1.85e-04   1.39e-06   3.33e-11   4.43e-75   0.00e+00   
1.15478e+06  2.00e-20   1.00e+00   1.79e-04   1.38e-06   3.23e-11   3.60e-75   0.00e+00   
1.33352e+06  1.98e-20   1.00e+00   1.77e-04   1.39e-06   3.19e-11   3.54e-75   0.00e+00   
1.53993e+06  2.13e-20   1.00e+00   1.75e-04   1.39e-06   3.15e-11   3.56e-75   0.00e+00   
1.77828e+06  5.65e-20   1.00e+00   1.84e-04   1.39e-06   3.29e-11   3.54e-75   0.00e+00   
2.05353e+06  1.98e-20   1.00e+00   1.77e-04   1.39e-06   3.19e-11   3.55e-75   0.00e+00   
2.37137e+06  8.17e-19   1.00e+00   1.82e-04   1.40e-06   3.28e-11   5.26e-75   0.00e+00   
2.73842e+06  1.98e-20   1.00e+00   1.78e-04   1.39e-06   3.20e-11   3.56e-75   0.00e+00   
3.16228e+06  5.95e-19   1.00e+00   1.85e-04   1.39e-06   3.34e-11   4.91e-75   0.00e+00   
3.65174e+06  2.02e-20   1.00e+00   1.76e-04   1.39e-06   3.17e-11   3.54e-75   0.00e+00   
4.21697e+06  1.98e-20   1.00e+00   1.78e-04   1.39e-06   3.20e-11   3.56e-75   0.00e+00   
4.86968e+06  1.99e-20   1.00e+00   1.79e-04   1.39e-06   3.23e-11   3.60e-75   0.00e+00   
5.62341e+06  1.99e-20   1.00e+00   1.78e-04   1.39e-06   3.21e-11   3.58e-75   0.00e+00   
6.49382e+06  1.98e-20   1.00e+00   1.77e-04   1.39e-06   3.19e-11   3.55e-75   0.00e+00   
7.49894e+06  5.96e-19   1.00e+00   1.79e-04   1.39e-06   3.22e-11   5.33e-75   0.00e+00   
8.65964e+06  1.98e-20   1.00e+00   1.77e-04   1.39e-06   3.19e-11   3.55e-75   0.00e+00   
1.00000e+07  2.00e-20   1.00e+00   1.79e-04   1.39e-06   3.23e-11   3.60e-75   0.00e+00   
1.15478e+07  1.98e-20   1.00e+00   1.78e-04   1.39e-06   3.21e-11   3.57e-75   0.00e+00   
1.33352e+07  2.18e-20   1.00e+00   1.75e-04   1.39e-06   3.15e-11   3.56e-75   0.00e+00   
1.53993e+07  2.01e-20   1.00e+00   1.76e-04   1.39e-06   3.16e-11   3.53e-75   0.00e+00   
1.77828e+07  5.82e-20   1.00e+00   1.75e-04   1.39e-06   3.14e-11   4.36e-75   0.00e+00   
2.05353e+07  2.00e-20   1.00e+00   1.76e-04   1.39e-06   3.17e-11   3.54e-75   0.00e+00   
2.37137e+07  8.07e-19   1.00e+00   1.82e-04   1.39e-06   3.27e-11   5.27e-75   0.00e+00   
2.73842e+07  7.43e-19   1.00e+00   1.80e-04   1.39e-06   3.26e-11   5.32e-75   0.00e+00   
