! 0       CH3OCH2 + C+ -> C + CH3CHOH+
! 1       CH3OCH2 + O -> HCOOCH3 + H
! 2       CH3OCH2 + H -> CH3CHO + H2
! 3       CH3OCH2 + He+ -> CH2 + He + H3CO+
! 4       CH3OCH2 + H3+ -> H2 + CH3OCH3+
! 5       CH3OCH2 + CRPhoton -> H2CO + CH3
! 6       CH3OCH2 + HCO+ -> CO + CH3OCH3+
! 7       CH3OCH2 + H3O+ -> H2O + CH3OCH3+
! 8       CH3OCH2 + GRAIN -> *CH3OCH2 + GRAIN
! 9       CH3OCH2 + H2 -> H2CO + CH3 + H2
!            tot_rate   0          1          2          3          4          5          6          7          8          9          
1.00000e+00  1.56e-26   9.86e-01   1.40e-02   1.34e-05   3.15e-04   1.98e-05   1.09e-04   6.09e-09   1.10e-08   2.16e-06   0.00e+00   
1.15478e+00  2.99e-26   9.85e-01   1.41e-02   1.57e-05   3.64e-04   2.00e-05   1.09e-04   6.58e-09   1.11e-08   2.17e-06   0.00e+00   
1.33352e+00  5.57e-26   9.85e-01   1.41e-02   1.85e-05   4.22e-04   2.01e-05   1.09e-04   7.11e-09   1.12e-08   2.17e-06   0.00e+00   
1.53993e+00  1.01e-25   9.85e-01   1.41e-02   2.17e-05   4.87e-04   2.02e-05   1.10e-04   7.68e-09   1.13e-08   2.18e-06   0.00e+00   
1.77828e+00  1.81e-25   9.85e-01   1.42e-02   2.56e-05   5.65e-04   2.03e-05   1.10e-04   8.30e-09   1.14e-08   2.19e-06   0.00e+00   
2.05353e+00  3.17e-25   9.85e-01   1.42e-02   3.02e-05   6.50e-04   2.05e-05   1.10e-04   9.00e-09   1.16e-08   2.20e-06   0.00e+00   
2.37137e+00  5.47e-25   9.85e-01   1.43e-02   3.56e-05   7.51e-04   2.06e-05   1.11e-04   9.77e-09   1.17e-08   2.21e-06   0.00e+00   
2.73842e+00  9.34e-25   9.85e-01   1.44e-02   4.23e-05   8.69e-04   2.09e-05   1.11e-04   1.06e-08   1.20e-08   2.23e-06   0.00e+00   
3.16228e+00  1.57e-24   9.84e-01   1.45e-02   5.00e-05   1.00e-03   2.12e-05   1.12e-04   1.15e-08   1.22e-08   2.25e-06   0.00e+00   
3.65174e+00  2.63e-24   9.84e-01   1.46e-02   5.93e-05   1.16e-03   2.15e-05   1.13e-04   1.24e-08   1.25e-08   2.26e-06   0.00e+00   
4.21697e+00  4.35e-24   9.84e-01   1.47e-02   7.01e-05   1.34e-03   2.19e-05   1.14e-04   1.34e-08   1.28e-08   2.28e-06   0.00e+00   
4.86968e+00  7.13e-24   9.83e-01   1.49e-02   8.30e-05   1.56e-03   2.23e-05   1.15e-04   1.43e-08   1.32e-08   2.30e-06   0.00e+00   
5.62341e+00  1.16e-23   9.83e-01   1.50e-02   9.83e-05   1.78e-03   2.27e-05   1.16e-04   1.53e-08   1.36e-08   2.32e-06   0.00e+00   
6.49382e+00  1.85e-23   9.82e-01   1.52e-02   1.17e-04   2.08e-03   2.33e-05   1.18e-04   1.65e-08   1.43e-08   2.36e-06   0.00e+00   
7.49894e+00  2.94e-23   9.82e-01   1.55e-02   1.39e-04   2.40e-03   2.40e-05   1.19e-04   1.76e-08   1.49e-08   2.40e-06   0.00e+00   
8.65964e+00  4.61e-23   9.81e-01   1.57e-02   1.65e-04   2.78e-03   2.47e-05   1.21e-04   1.88e-08   1.57e-08   2.45e-06   0.00e+00   
1.00000e+01  7.09e-23   9.80e-01   1.61e-02   1.96e-04   3.22e-03   2.58e-05   1.24e-04   2.02e-08   1.66e-08   2.50e-06   0.00e+00   
1.15478e+01  1.07e-22   9.79e-01   1.64e-02   2.33e-04   3.71e-03   2.69e-05   1.27e-04   2.15e-08   1.79e-08   2.56e-06   0.00e+00   
1.33352e+01  1.59e-22   9.78e-01   1.68e-02   2.78e-04   4.28e-03   2.82e-05   1.30e-04   2.32e-08   1.93e-08   2.63e-06   0.00e+00   
1.53993e+01  2.34e-22   9.77e-01   1.72e-02   3.31e-04   4.95e-03   2.98e-05   1.33e-04   2.51e-08   2.10e-08   2.71e-06   0.00e+00   
1.77828e+01  3.39e-22   9.76e-01   1.79e-02   3.98e-04   5.69e-03   3.18e-05   1.38e-04   2.74e-08   2.33e-08   2.81e-06   0.00e+00   
2.05353e+01  4.90e-22   9.74e-01   1.85e-02   4.78e-04   6.56e-03   3.41e-05   1.43e-04   3.02e-08   2.61e-08   2.92e-06   0.00e+00   
2.37137e+01  7.01e-22   9.72e-01   1.92e-02   5.77e-04   7.51e-03   3.69e-05   1.48e-04   3.38e-08   2.97e-08   3.07e-06   0.00e+00   
2.73842e+01  1.00e-21   9.70e-01   2.02e-02   6.98e-04   8.59e-03   4.03e-05   1.56e-04   3.81e-08   3.41e-08   3.22e-06   0.00e+00   
3.16228e+01  1.44e-21   9.68e-01   2.12e-02   8.50e-04   9.75e-03   4.44e-05   1.63e-04   4.36e-08   4.00e-08   3.40e-06   0.00e+00   
3.65174e+01  2.05e-21   9.65e-01   2.25e-02   1.04e-03   1.11e-02   4.97e-05   1.73e-04   5.12e-08   4.79e-08   3.64e-06   0.00e+00   
4.21697e+01  2.95e-21   9.62e-01   2.41e-02   1.28e-03   1.24e-02   5.62e-05   1.85e-04   6.06e-08   5.86e-08   3.90e-06   0.00e+00   
4.86968e+01  4.30e-21   9.58e-01   2.58e-02   1.58e-03   1.38e-02   6.47e-05   1.99e-04   7.35e-08   7.30e-08   4.23e-06   0.00e+00   
5.62341e+01  6.36e-21   9.54e-01   2.81e-02   1.98e-03   1.53e-02   7.55e-05   2.15e-04   9.13e-08   9.39e-08   4.65e-06   0.00e+00   
6.49382e+01  9.64e-21   9.50e-01   3.08e-02   2.48e-03   1.66e-02   8.95e-05   2.35e-04   1.16e-07   1.23e-07   5.15e-06   0.00e+00   
7.49894e+01  1.49e-20   9.44e-01   3.42e-02   3.15e-03   1.79e-02   1.09e-04   2.62e-04   1.53e-07   1.68e-07   5.79e-06   0.00e+00   
8.65964e+01  2.31e-20   9.38e-01   3.82e-02   4.03e-03   1.89e-02   1.34e-04   2.91e-04   2.06e-07   2.36e-07   6.53e-06   0.00e+00   
1.00000e+02  2.41e-20   9.31e-01   4.32e-02   5.20e-03   1.99e-02   1.69e-04   3.30e-04   2.88e-07   3.45e-07   7.52e-06   0.00e+00   
1.15478e+02  1.26e-18   9.22e-01   4.98e-02   6.80e-03   2.07e-02   2.19e-04   3.79e-04   4.18e-07   5.24e-07   8.82e-06   0.00e+00   
1.33352e+02  1.73e-18   9.10e-01   5.85e-02   9.04e-03   2.18e-02   2.94e-04   4.44e-04   6.37e-07   8.40e-07   1.05e-05   0.00e+00   
1.53993e+02  2.46e-18   8.95e-01   6.92e-02   1.20e-02   2.29e-02   4.03e-04   5.25e-04   1.02e-06   1.40e-06   1.26e-05   0.00e+00   
1.77828e+02  3.81e-18   8.75e-01   8.30e-02   1.63e-02   2.47e-02   5.70e-04   6.28e-04   1.71e-06   2.45e-06   1.55e-05   0.00e+00   
2.05353e+02  6.92e-18   8.49e-01   1.01e-01   2.21e-02   2.69e-02   8.27e-04   7.63e-04   2.98e-06   4.47e-06   1.92e-05   0.00e+00   
2.37137e+02  1.23e-17   8.15e-01   1.23e-01   3.00e-02   2.99e-02   1.22e-03   9.31e-04   5.33e-06   8.41e-06   2.39e-05   0.00e+00   
2.73842e+02  1.80e-17   7.72e-01   1.51e-01   4.09e-02   3.33e-02   1.79e-03   1.14e-03   9.67e-06   1.59e-05   2.99e-05   0.00e+00   
3.16228e+02  2.30e-17   7.21e-01   1.83e-01   5.51e-02   3.71e-02   2.63e-03   1.38e-03   1.74e-05   3.03e-05   3.74e-05   0.00e+00   
3.65174e+02  2.54e-17   6.61e-01   2.19e-01   7.39e-02   4.05e-02   3.77e-03   1.66e-03   3.06e-05   5.62e-05   4.60e-05   0.00e+00   
4.21697e+02  2.23e-17   5.95e-01   2.58e-01   9.67e-02   4.30e-02   5.24e-03   1.96e-03   5.19e-05   1.00e-04   5.55e-05   0.00e+00   
4.86968e+02  1.33e-17   5.27e-01   2.96e-01   1.24e-01   4.39e-02   6.91e-03   2.25e-03   8.36e-05   1.69e-04   6.60e-05   0.00e+00   
5.62341e+02  4.16e-18   4.61e-01   3.29e-01   1.55e-01   4.32e-02   8.72e-03   2.52e-03   1.28e-04   2.64e-04   7.66e-05   0.00e+00   
6.49382e+02  7.95e-19   4.02e-01   3.56e-01   1.87e-01   4.05e-02   1.04e-02   2.73e-03   1.84e-04   3.80e-04   8.61e-05   0.00e+00   
7.49894e+02  5.49e-19   3.54e-01   3.72e-01   2.22e-01   3.68e-02   1.17e-02   2.90e-03   2.50e-04   4.99e-04   9.48e-05   0.00e+00   
8.65964e+02  5.61e-19   3.12e-01   3.80e-01   2.59e-01   3.25e-02   1.27e-02   3.00e-03   3.21e-04   6.08e-04   1.02e-04   0.00e+00   
1.00000e+03  5.60e-19   2.77e-01   3.81e-01   2.97e-01   2.82e-02   1.33e-02   3.06e-03   3.98e-04   7.04e-04   1.09e-04   0.00e+00   
1.15478e+03  5.88e-19   2.45e-01   3.76e-01   3.37e-01   2.42e-02   1.38e-02   3.08e-03   4.88e-04   7.96e-04   1.15e-04   0.00e+00   
1.33352e+03  6.31e-19   2.09e-01   3.69e-01   3.82e-01   2.08e-02   1.45e-02   3.12e-03   6.18e-04   9.25e-04   1.22e-04   0.00e+00   
1.53993e+03  7.32e-19   1.67e-01   3.61e-01   4.34e-01   1.78e-02   1.56e-02   3.15e-03   8.48e-04   1.17e-03   1.29e-04   0.00e+00   
1.77828e+03  9.88e-19   1.11e-01   3.51e-01   4.98e-01   1.51e-02   1.76e-02   3.24e-03   1.39e-03   1.77e-03   1.39e-04   0.00e+00   
2.05353e+03  1.60e-18   5.77e-02   3.33e-01   5.68e-01   1.24e-02   2.00e-02   3.32e-03   2.62e-03   3.09e-03   1.48e-04   2.92e-74   
2.37137e+03  2.42e-18   2.87e-02   2.99e-01   6.29e-01   1.01e-02   2.15e-02   3.32e-03   4.26e-03   4.47e-03   1.53e-04   1.10e-68   
2.73842e+03  2.69e-18   1.89e-02   2.58e-01   6.79e-01   8.72e-03   2.20e-02   3.25e-03   5.16e-03   4.82e-03   1.54e-04   7.38e-65   
3.16228e+03  2.49e-18   1.52e-02   2.19e-01   7.22e-01   7.86e-03   2.19e-02   3.14e-03   5.42e-03   4.57e-03   1.52e-04   2.83e-62   
3.65174e+03  2.15e-18   1.33e-02   1.87e-01   7.58e-01   7.16e-03   2.13e-02   3.00e-03   5.40e-03   4.19e-03   1.47e-04   2.39e-60   
4.21697e+03  1.80e-18   1.21e-02   1.61e-01   7.87e-01   6.60e-03   2.05e-02   2.85e-03   5.24e-03   3.79e-03   1.41e-04   6.60e-59   
4.86968e+03  1.53e-18   1.13e-02   1.40e-01   8.12e-01   6.11e-03   1.96e-02   2.68e-03   5.01e-03   3.40e-03   1.34e-04   7.40e-58   
5.62341e+03  1.32e-18   1.08e-02   1.23e-01   8.32e-01   5.72e-03   1.86e-02   2.52e-03   4.73e-03   3.05e-03   1.27e-04   4.03e-57   
6.49382e+03  1.17e-18   1.05e-02   1.08e-01   8.49e-01   5.39e-03   1.76e-02   2.36e-03   4.42e-03   2.72e-03   1.20e-04   1.32e-56   
7.49894e+03  1.05e-18   1.04e-02   9.56e-02   8.63e-01   5.15e-03   1.68e-02   2.23e-03   4.11e-03   2.44e-03   1.13e-04   3.07e-56   
8.65964e+03  9.53e-19   1.05e-02   8.60e-02   8.74e-01   4.95e-03   1.62e-02   2.09e-03   3.81e-03   2.18e-03   1.06e-04   5.81e-56   
1.00000e+04  8.82e-19   1.06e-02   7.72e-02   8.84e-01   4.82e-03   1.55e-02   1.98e-03   3.51e-03   1.95e-03   1.01e-04   9.88e-56   
1.15478e+04  8.34e-19   1.07e-02   6.94e-02   8.93e-01   4.72e-03   1.51e-02   1.88e-03   3.25e-03   1.75e-03   9.60e-05   1.62e-55   
1.33352e+04  8.10e-19   1.07e-02   6.23e-02   9.01e-01   4.68e-03   1.48e-02   1.79e-03   3.02e-03   1.58e-03   9.19e-05   2.65e-55   
1.53993e+04  8.12e-19   1.06e-02   5.59e-02   9.08e-01   4.68e-03   1.47e-02   1.72e-03   2.82e-03   1.44e-03   8.87e-05   4.53e-55   
1.77828e+04  8.39e-19   1.04e-02   5.00e-02   9.14e-01   4.73e-03   1.48e-02   1.67e-03   2.65e-03   1.34e-03   8.62e-05   8.29e-55   
2.05353e+04  8.90e-19   9.88e-03   4.43e-02   9.20e-01   4.84e-03   1.51e-02   1.64e-03   2.52e-03   1.26e-03   8.44e-05   1.67e-54   
2.37137e+04  9.57e-19   9.28e-03   3.90e-02   9.26e-01   5.02e-03   1.57e-02   1.61e-03   2.38e-03   1.19e-03   8.34e-05   3.89e-54   
2.73842e+04  1.03e-18   8.67e-03   3.41e-02   9.30e-01   5.24e-03   1.64e-02   1.59e-03   2.26e-03   1.14e-03   8.28e-05   1.08e-53   
3.16228e+04  1.09e-18   8.18e-03   2.97e-02   9.34e-01   5.58e-03   1.74e-02   1.59e-03   2.13e-03   1.08e-03   8.31e-05   3.67e-53   
3.65174e+04  1.15e-18   7.69e-03   2.53e-02   9.38e-01   5.94e-03   1.84e-02   1.58e-03   1.97e-03   1.02e-03   8.29e-05   1.59e-52   
4.21697e+04  1.18e-18   7.34e-03   2.15e-02   9.41e-01   6.45e-03   1.97e-02   1.58e-03   1.81e-03   9.57e-04   8.38e-05   8.98e-52   
4.86968e+04  1.19e-18   6.99e-03   1.79e-02   9.43e-01   7.04e-03   2.11e-02   1.58e-03   1.62e-03   8.84e-04   8.42e-05   6.80e-51   
5.62341e+04  1.17e-18   6.62e-03   1.46e-02   9.45e-01   7.67e-03   2.25e-02   1.57e-03   1.39e-03   7.97e-04   8.44e-05   7.00e-50   
6.49382e+04  1.11e-18   6.38e-03   1.18e-02   9.46e-01   8.57e-03   2.40e-02   1.57e-03   1.16e-03   7.15e-04   8.53e-05   1.03e-48   
7.49894e+04  1.02e-18   6.10e-03   9.30e-03   9.47e-01   9.52e-03   2.52e-02   1.54e-03   9.14e-04   6.18e-04   8.50e-05   2.08e-47   
8.65964e+04  9.01e-19   5.92e-03   7.23e-03   9.47e-01   1.07e-02   2.61e-02   1.52e-03   6.81e-04   5.20e-04   8.46e-05   5.72e-46   
1.00000e+05  7.54e-19   5.90e-03   5.56e-03   9.47e-01   1.22e-02   2.65e-02   1.49e-03   4.74e-04   4.19e-04   8.41e-05   1.91e-44   
1.15478e+05  5.97e-19   6.16e-03   4.28e-03   9.47e-01   1.40e-02   2.61e-02   1.44e-03   3.08e-04   3.21e-04   8.32e-05   6.31e-43   
1.33352e+05  4.47e-19   6.85e-03   3.40e-03   9.47e-01   1.62e-02   2.48e-02   1.41e-03   1.87e-04   2.37e-04   8.21e-05   1.43e-41   
1.53993e+05  3.17e-19   8.26e-03   2.88e-03   9.46e-01   1.90e-02   2.27e-02   1.37e-03   1.08e-04   1.69e-04   8.10e-05   1.48e-40   
1.77828e+05  2.10e-19   1.09e-02   2.68e-03   9.43e-01   2.24e-02   1.93e-02   1.35e-03   5.91e-05   1.18e-04   8.00e-05   5.10e-40   
2.05353e+05  9.73e-20   1.83e-02   2.88e-03   9.36e-01   2.84e-02   1.30e-02   1.32e-03   2.19e-05   6.90e-05   7.79e-05   3.53e-40   
2.37137e+05  1.41e-20   3.70e-02   2.93e-03   9.17e-01   3.57e-02   5.67e-03   1.27e-03   5.00e-06   3.51e-05   7.47e-05   4.72e-41   
2.73842e+05  1.23e-20   3.77e-02   2.78e-03   9.17e-01   3.57e-02   5.55e-03   1.27e-03   4.70e-06   3.30e-05   7.46e-05   8.93e-41   
3.16228e+05  1.11e-20   3.94e-02   2.77e-03   9.15e-01   3.59e-02   5.50e-03   1.27e-03   4.63e-06   3.17e-05   7.49e-05   9.42e-41   
3.65174e+05  1.02e-20   4.07e-02   2.76e-03   9.14e-01   3.58e-02   5.43e-03   1.26e-03   4.56e-06   3.04e-05   7.46e-05   8.99e-41   
4.21697e+05  9.31e-21   4.21e-02   2.77e-03   9.13e-01   3.56e-02   5.39e-03   1.27e-03   4.54e-06   2.92e-05   7.46e-05   8.63e-41   
4.86968e+05  8.54e-21   4.31e-02   2.77e-03   9.12e-01   3.56e-02   5.37e-03   1.26e-03   4.53e-06   2.83e-05   7.46e-05   8.44e-41   
5.62341e+05  7.95e-21   4.40e-02   2.77e-03   9.11e-01   3.55e-02   5.39e-03   1.26e-03   4.54e-06   2.76e-05   7.45e-05   8.53e-41   
6.49382e+05  7.61e-21   4.44e-02   2.77e-03   9.11e-01   3.53e-02   5.45e-03   1.27e-03   4.60e-06   2.69e-05   7.46e-05   8.92e-41   
7.49894e+05  7.77e-21   4.41e-02   2.78e-03   9.11e-01   3.53e-02   5.60e-03   1.27e-03   4.73e-06   2.66e-05   7.47e-05   1.00e-40   
8.65964e+05  2.10e-19   6.20e-03   1.62e-03   9.49e-01   1.86e-02   2.31e-02   1.35e-03   7.06e-05   1.21e-04   8.25e-05   7.15e-38   
1.00000e+06  1.20e-19   1.44e-02   2.44e-03   9.40e-01   2.63e-02   1.54e-02   1.32e-03   2.86e-05   7.80e-05   7.91e-05   2.14e-39   
1.15478e+06  1.02e-20   4.12e-02   2.76e-03   9.14e-01   3.57e-02   5.43e-03   1.26e-03   4.59e-06   3.01e-05   7.46e-05   8.89e-41   
1.33352e+06  8.23e-21   4.40e-02   2.77e-03   9.11e-01   3.55e-02   5.42e-03   1.26e-03   4.58e-06   2.76e-05   7.46e-05   8.66e-41   
1.53993e+06  8.57e-21   4.33e-02   2.78e-03   9.12e-01   3.50e-02   5.77e-03   1.27e-03   4.90e-06   2.69e-05   7.48e-05   1.11e-40   
1.77828e+06  1.38e-20   3.87e-02   2.95e-03   9.16e-01   3.58e-02   5.62e-03   1.26e-03   5.03e-06   3.41e-05   7.41e-05   4.37e-41   
2.05353e+06  8.48e-21   4.37e-02   2.77e-03   9.11e-01   3.55e-02   5.41e-03   1.26e-03   4.59e-06   2.78e-05   7.46e-05   8.63e-41   
2.37137e+06  2.30e-19   6.35e-03   1.71e-03   9.48e-01   1.87e-02   2.31e-02   1.35e-03   7.44e-05   1.26e-04   8.22e-05   4.39e-38   
2.73842e+06  8.98e-21   4.31e-02   2.77e-03   9.12e-01   3.55e-02   5.40e-03   1.27e-03   4.58e-06   2.84e-05   7.46e-05   8.56e-41   
3.16228e+06  2.01e-19   8.76e-03   2.02e-03   9.46e-01   2.13e-02   2.05e-02   1.34e-03   5.68e-05   1.11e-04   8.06e-05   1.07e-38   
3.65174e+06  8.06e-21   4.43e-02   2.78e-03   9.11e-01   3.52e-02   5.51e-03   1.27e-03   4.67e-06   2.69e-05   7.46e-05   9.33e-41   
4.21697e+06  8.93e-21   4.32e-02   2.77e-03   9.12e-01   3.56e-02   5.41e-03   1.27e-03   4.57e-06   2.83e-05   7.46e-05   8.57e-41   
4.86968e+06  9.98e-21   4.18e-02   2.77e-03   9.13e-01   3.57e-02   5.42e-03   1.26e-03   4.59e-06   2.96e-05   7.46e-05   8.79e-41   
5.62341e+06  9.72e-21   4.21e-02   2.77e-03   9.13e-01   3.56e-02   5.41e-03   1.27e-03   4.58e-06   2.93e-05   7.46e-05   8.71e-41   
6.49382e+06  8.38e-21   4.39e-02   2.77e-03   9.11e-01   3.55e-02   5.43e-03   1.27e-03   4.60e-06   2.76e-05   7.46e-05   8.70e-41   
7.49894e+06  2.07e-19   6.29e-03   1.62e-03   9.49e-01   1.87e-02   2.30e-02   1.35e-03   6.92e-05   1.20e-04   8.23e-05   7.36e-38   
8.65964e+06  8.69e-21   4.35e-02   2.77e-03   9.11e-01   3.56e-02   5.41e-03   1.27e-03   4.58e-06   2.80e-05   7.46e-05   8.58e-41   
1.00000e+07  1.03e-20   4.12e-02   2.77e-03   9.13e-01   3.57e-02   5.44e-03   1.27e-03   4.61e-06   3.01e-05   7.46e-05   8.91e-41   
1.15478e+07  9.25e-21   4.28e-02   2.77e-03   9.12e-01   3.56e-02   5.40e-03   1.26e-03   4.57e-06   2.87e-05   7.46e-05   8.60e-41   
1.33352e+07  9.12e-21   4.27e-02   2.77e-03   9.12e-01   3.49e-02   5.87e-03   1.27e-03   5.01e-06   2.71e-05   7.49e-05   1.20e-40   
1.53993e+07  8.08e-21   4.43e-02   2.77e-03   9.11e-01   3.54e-02   5.48e-03   1.26e-03   4.64e-06   2.71e-05   7.46e-05   9.09e-41   
1.77828e+07  1.11e-19   9.90e-03   1.89e-03   9.45e-01   2.27e-02   1.89e-02   1.32e-03   3.88e-05   8.31e-05   7.93e-05   3.94e-39   
2.05353e+07  8.13e-21   4.42e-02   2.77e-03   9.11e-01   3.54e-02   5.46e-03   1.27e-03   4.63e-06   2.72e-05   7.46e-05   8.97e-41   
2.37137e+07  2.29e-19   6.29e-03   1.69e-03   9.49e-01   1.86e-02   2.32e-02   1.36e-03   7.43e-05   1.26e-04   8.22e-05   4.76e-38   
2.73842e+07  2.22e-19   6.16e-03   1.65e-03   9.49e-01   1.85e-02   2.32e-02   1.35e-03   7.33e-05   1.24e-04   8.23e-05   5.98e-38   
