! 0       *H + *C2O -> *HC2O
! 1       *C + *C2O -> *C3O
! 2       *H + *C2O -> HC2O
! 3       *C + *C2O -> C3O
! 4       *C2O + CRPhoton -> *CO + *C
! 5       *C2O + CRPhoton -> *C2 + *O
! 6       *C2O + CRPhoton -> C2O
! 7       *C2O + ISPhoton -> *CO + *C
! 8       *C2O + ISPhoton -> *C2 + *O
! 9       *C2O + ISPhoton -> C2O
!            tot_rate   0          1          2          3          4          5          6          7          8          9          
1.00000e+00  3.94e-19   6.98e-01   2.90e-01   7.06e-03   2.92e-03   9.83e-04   9.83e-04   3.78e-05   2.72e-09   2.72e-09   6.76e-12   
1.15478e+00  7.60e-19   7.01e-01   2.87e-01   7.08e-03   2.89e-03   9.70e-04   9.70e-04   3.74e-05   2.68e-09   2.68e-09   6.67e-12   
1.33352e+00  1.44e-18   7.03e-01   2.85e-01   7.10e-03   2.88e-03   9.61e-04   9.61e-04   3.70e-05   2.65e-09   2.65e-09   6.61e-12   
1.53993e+00  2.68e-18   7.08e-01   2.80e-01   7.12e-03   2.83e-03   9.43e-04   9.43e-04   3.63e-05   2.60e-09   2.60e-09   6.48e-12   
1.77828e+00  4.86e-18   7.10e-01   2.78e-01   7.18e-03   2.80e-03   9.30e-04   9.30e-04   3.58e-05   2.57e-09   2.57e-09   6.40e-12   
2.05353e+00  8.57e-18   7.14e-01   2.74e-01   7.21e-03   2.76e-03   9.15e-04   9.15e-04   3.52e-05   2.52e-09   2.52e-09   6.29e-12   
2.37137e+00  1.46e-17   7.17e-01   2.71e-01   7.24e-03   2.74e-03   9.01e-04   9.01e-04   3.46e-05   2.49e-09   2.49e-09   6.19e-12   
2.73842e+00  2.44e-17   7.22e-01   2.66e-01   7.26e-03   2.69e-03   8.82e-04   8.82e-04   3.39e-05   2.43e-09   2.43e-09   6.07e-12   
3.16228e+00  3.92e-17   7.25e-01   2.63e-01   7.33e-03   2.66e-03   8.66e-04   8.66e-04   3.32e-05   2.39e-09   2.39e-09   5.95e-12   
3.65174e+00  6.14e-17   7.31e-01   2.57e-01   7.38e-03   2.61e-03   8.47e-04   8.47e-04   3.26e-05   2.33e-09   2.33e-09   5.81e-12   
4.21697e+00  9.40e-17   7.36e-01   2.52e-01   7.43e-03   2.54e-03   8.27e-04   8.27e-04   3.18e-05   2.29e-09   2.29e-09   5.68e-12   
4.86968e+00  1.41e-16   7.43e-01   2.46e-01   7.50e-03   2.48e-03   8.07e-04   8.07e-04   3.09e-05   2.22e-09   2.22e-09   5.52e-12   
5.62341e+00  2.07e-16   7.48e-01   2.40e-01   7.58e-03   2.43e-03   7.87e-04   7.87e-04   3.02e-05   2.17e-09   2.17e-09   5.41e-12   
6.49382e+00  3.02e-16   7.56e-01   2.33e-01   7.62e-03   2.35e-03   7.59e-04   7.59e-04   2.91e-05   2.09e-09   2.09e-09   5.20e-12   
7.49894e+00  4.30e-16   7.63e-01   2.26e-01   7.70e-03   2.28e-03   7.35e-04   7.35e-04   2.81e-05   2.02e-09   2.02e-09   5.04e-12   
8.65964e+00  6.02e-16   7.69e-01   2.19e-01   7.78e-03   2.23e-03   7.11e-04   7.11e-04   2.74e-05   1.96e-09   1.96e-09   4.88e-12   
1.00000e+01  8.27e-16   7.75e-01   2.14e-01   7.82e-03   2.16e-03   6.90e-04   6.90e-04   2.66e-05   1.91e-09   1.91e-09   4.74e-12   
1.15478e+01  1.11e-15   7.79e-01   2.10e-01   7.87e-03   2.12e-03   6.73e-04   6.73e-04   2.59e-05   1.85e-09   1.85e-09   4.63e-12   
1.33352e+01  1.46e-15   7.82e-01   2.07e-01   7.95e-03   2.09e-03   6.60e-04   6.60e-04   2.54e-05   1.82e-09   1.82e-09   4.53e-12   
1.53993e+01  1.88e-15   7.85e-01   2.03e-01   7.96e-03   2.05e-03   6.47e-04   6.47e-04   2.48e-05   1.78e-09   1.78e-09   4.44e-12   
1.77828e+01  2.39e-15   7.89e-01   1.99e-01   7.98e-03   2.01e-03   6.31e-04   6.31e-04   2.42e-05   1.74e-09   1.74e-09   4.34e-12   
2.05353e+01  3.00e-15   7.94e-01   1.95e-01   8.04e-03   1.97e-03   6.10e-04   6.10e-04   2.35e-05   1.69e-09   1.69e-09   4.20e-12   
2.37137e+01  3.69e-15   7.99e-01   1.90e-01   8.07e-03   1.92e-03   5.90e-04   5.90e-04   2.27e-05   1.63e-09   1.63e-09   4.06e-12   
2.73842e+01  4.48e-15   8.04e-01   1.85e-01   8.10e-03   1.87e-03   5.67e-04   5.67e-04   2.18e-05   1.57e-09   1.57e-09   3.91e-12   
3.16228e+01  5.35e-15   8.09e-01   1.80e-01   8.17e-03   1.81e-03   5.40e-04   5.40e-04   2.07e-05   1.49e-09   1.49e-09   3.72e-12   
3.65174e+01  6.29e-15   8.14e-01   1.75e-01   8.24e-03   1.76e-03   5.10e-04   5.10e-04   1.96e-05   1.41e-09   1.41e-09   3.50e-12   
4.21697e+01  7.30e-15   8.21e-01   1.68e-01   8.29e-03   1.70e-03   4.73e-04   4.73e-04   1.82e-05   1.31e-09   1.31e-09   3.25e-12   
4.86968e+01  8.35e-15   8.27e-01   1.62e-01   8.36e-03   1.64e-03   4.30e-04   4.30e-04   1.65e-05   1.19e-09   1.19e-09   2.95e-12   
5.62341e+01  9.43e-15   8.33e-01   1.56e-01   8.42e-03   1.57e-03   3.77e-04   3.77e-04   1.45e-05   1.04e-09   1.04e-09   2.59e-12   
6.49382e+01  1.05e-14   8.40e-01   1.49e-01   8.48e-03   1.51e-03   3.15e-04   3.15e-04   1.21e-05   8.69e-10   8.69e-10   2.16e-12   
7.49894e+01  1.15e-14   8.47e-01   1.43e-01   8.56e-03   1.44e-03   2.41e-04   2.41e-04   9.30e-06   6.65e-10   6.65e-10   1.65e-12   
8.65964e+01  1.23e-14   8.53e-01   1.37e-01   8.61e-03   1.37e-03   1.52e-04   1.52e-04   5.85e-06   4.20e-10   4.20e-10   1.05e-12   
1.00000e+02  1.18e-14   8.61e-01   1.29e-01   8.69e-03   1.30e-03   4.77e-05   4.77e-05   1.83e-06   1.32e-10   1.32e-10   3.27e-13   
1.15478e+02  3.50e-18   9.26e-01   6.37e-02   9.38e-03   6.46e-04   1.60e-08   1.60e-08   6.15e-10   4.40e-14   4.40e-14   1.10e-16   
1.33352e+02  4.19e-18   9.44e-01   4.60e-02   9.54e-03   4.65e-04   1.17e-08   1.17e-08   4.51e-10   3.24e-14   3.24e-14   8.06e-17   
1.53993e+02  4.95e-18   9.60e-01   2.97e-02   9.68e-03   2.99e-04   8.31e-09   8.31e-09   3.19e-10   2.28e-14   2.28e-14   5.70e-17   
1.77828e+02  5.67e-18   9.75e-01   1.51e-02   9.85e-03   1.53e-04   5.34e-09   5.34e-09   2.04e-10   1.47e-14   1.47e-14   3.67e-17   
2.05353e+02  6.28e-18   9.85e-01   5.15e-03   9.96e-03   5.20e-05   2.88e-09   2.88e-09   1.11e-10   7.95e-15   7.95e-15   1.98e-17   
2.37137e+02  6.68e-18   9.88e-01   1.66e-03   9.97e-03   1.68e-05   1.56e-09   1.56e-09   5.98e-11   4.28e-15   4.28e-15   1.07e-17   
2.73842e+02  6.83e-18   9.89e-01   6.81e-04   1.00e-02   6.88e-06   9.60e-10   9.60e-10   3.69e-11   2.65e-15   2.65e-15   6.60e-18   
3.16228e+02  6.81e-18   9.90e-01   3.07e-04   1.00e-02   3.11e-06   6.27e-10   6.27e-10   2.41e-11   1.73e-15   1.73e-15   4.30e-18   
3.65174e+02  6.70e-18   9.90e-01   1.42e-04   1.00e-02   1.43e-06   4.15e-10   4.15e-10   1.60e-11   1.15e-15   1.15e-15   2.85e-18   
4.21697e+02  6.58e-18   9.90e-01   6.48e-05   9.99e-03   6.54e-07   2.75e-10   2.75e-10   1.06e-11   7.59e-16   7.59e-16   1.89e-18   
4.86968e+02  6.45e-18   9.90e-01   2.90e-05   9.99e-03   2.93e-07   1.81e-10   1.81e-10   6.96e-12   4.99e-16   4.99e-16   1.24e-18   
5.62341e+02  6.31e-18   9.90e-01   1.23e-05   9.99e-03   1.24e-07   1.16e-10   1.16e-10   4.47e-12   3.22e-16   3.22e-16   7.98e-19   
6.49382e+02  6.11e-18   9.90e-01   4.52e-06   1.00e-02   4.57e-08   6.97e-11   6.97e-11   2.68e-12   1.93e-16   1.93e-16   4.79e-19   
7.49894e+02  5.82e-18   9.90e-01   1.11e-06   1.00e-02   1.12e-08   3.44e-11   3.44e-11   1.22e-12   9.50e-17   9.50e-17   2.18e-19   
8.65964e+02  5.52e-18   9.90e-01   4.70e-08   9.99e-03   4.75e-10   7.05e-12   7.05e-12   2.10e-13   1.96e-17   1.96e-17   3.77e-20   
1.00000e+03  5.45e-18   9.90e-01   6.80e-09   9.99e-03   6.88e-11   2.70e-12   2.70e-12   6.77e-14   7.44e-18   7.44e-18   1.21e-20   
1.15478e+03  5.10e-18   9.90e-01   5.76e-09   1.00e-02   5.82e-11   2.51e-12   2.51e-12   5.29e-14   6.92e-18   6.92e-18   9.47e-21   
1.33352e+03  4.86e-18   9.90e-01   4.94e-09   1.00e-02   5.00e-11   2.37e-12   2.37e-12   4.22e-14   6.52e-18   6.52e-18   7.53e-21   
1.53993e+03  4.86e-18   9.90e-01   4.24e-09   9.98e-03   4.28e-11   2.24e-12   2.24e-12   3.40e-14   6.22e-18   6.22e-18   6.07e-21   
1.77828e+03  5.31e-18   9.90e-01   3.54e-09   9.99e-03   3.58e-11   2.18e-12   2.18e-12   2.80e-14   6.04e-18   6.04e-18   5.01e-21   
2.05353e+03  6.33e-18   9.90e-01   2.59e-09   9.99e-03   2.62e-11   2.15e-12   2.15e-12   2.35e-14   5.94e-18   5.94e-18   4.22e-21   
2.37137e+03  5.17e-18   9.90e-01   1.32e-09   1.00e-02   1.33e-11   2.17e-12   2.17e-12   2.05e-14   5.97e-18   5.97e-18   3.67e-21   
2.73842e+03  2.62e-18   9.90e-01   4.59e-10   1.00e-02   4.63e-12   2.24e-12   2.24e-12   1.85e-14   6.19e-18   6.19e-18   3.32e-21   
3.16228e+03  2.11e-18   9.90e-01   2.35e-10   9.99e-03   2.38e-12   2.33e-12   2.33e-12   1.70e-14   6.44e-18   6.44e-18   3.04e-21   
3.65174e+03  2.21e-18   9.90e-01   2.04e-10   9.99e-03   2.07e-12   2.39e-12   2.39e-12   1.54e-14   6.60e-18   6.60e-18   2.76e-21   
4.21697e+03  2.37e-18   9.90e-01   2.01e-10   1.00e-02   2.02e-12   2.41e-12   2.41e-12   1.38e-14   6.70e-18   6.70e-18   2.47e-21   
4.86968e+03  2.54e-18   9.90e-01   2.00e-10   1.00e-02   2.02e-12   2.41e-12   2.41e-12   1.23e-14   6.67e-18   6.67e-18   2.20e-21   
5.62341e+03  2.67e-18   9.90e-01   1.99e-10   9.98e-03   2.01e-12   2.37e-12   2.37e-12   1.08e-14   6.56e-18   6.56e-18   1.93e-21   
6.49382e+03  2.74e-18   9.90e-01   1.97e-10   1.00e-02   1.99e-12   2.32e-12   2.32e-12   9.39e-15   6.43e-18   6.43e-18   1.68e-21   
7.49894e+03  2.78e-18   9.90e-01   1.91e-10   9.97e-03   1.93e-12   2.23e-12   2.23e-12   8.10e-15   6.19e-18   6.19e-18   1.45e-21   
8.65964e+03  2.79e-18   9.90e-01   1.83e-10   9.97e-03   1.85e-12   2.13e-12   2.13e-12   6.92e-15   5.88e-18   5.88e-18   1.24e-21   
1.00000e+04  2.80e-18   9.90e-01   1.71e-10   1.00e-02   1.73e-12   2.01e-12   2.01e-12   5.86e-15   5.58e-18   5.58e-18   1.05e-21   
1.15478e+04  2.84e-18   9.90e-01   1.55e-10   1.00e-02   1.57e-12   1.87e-12   1.87e-12   4.90e-15   5.18e-18   5.18e-18   8.81e-22   
1.33352e+04  2.93e-18   9.90e-01   1.38e-10   1.00e-02   1.39e-12   1.72e-12   1.72e-12   4.06e-15   4.78e-18   4.78e-18   7.31e-22   
1.53993e+04  3.07e-18   9.90e-01   1.20e-10   1.00e-02   1.21e-12   1.58e-12   1.58e-12   3.39e-15   4.40e-18   4.40e-18   6.06e-22   
1.77828e+04  3.29e-18   9.90e-01   1.02e-10   1.00e-02   1.03e-12   1.45e-12   1.45e-12   2.80e-15   4.04e-18   4.04e-18   5.01e-22   
2.05353e+04  3.62e-18   9.90e-01   8.66e-11   9.98e-03   8.77e-13   1.34e-12   1.34e-12   2.33e-15   3.71e-18   3.71e-18   4.20e-22   
2.37137e+04  4.03e-18   9.90e-01   7.44e-11   1.00e-02   7.52e-13   1.25e-12   1.25e-12   1.98e-15   3.45e-18   3.45e-18   3.55e-22   
2.73842e+04  4.53e-18   9.90e-01   6.52e-11   1.00e-02   6.59e-13   1.17e-12   1.17e-12   1.70e-15   3.25e-18   3.25e-18   3.05e-22   
3.16228e+04  5.08e-18   9.90e-01   5.85e-11   1.00e-02   5.90e-13   1.11e-12   1.11e-12   1.47e-15   3.07e-18   3.07e-18   2.64e-22   
3.65174e+04  5.66e-18   9.90e-01   5.36e-11   1.00e-02   5.41e-13   1.06e-12   1.06e-12   1.29e-15   2.93e-18   2.93e-18   2.32e-22   
4.21697e+04  6.21e-18   9.90e-01   5.01e-11   1.00e-02   5.05e-13   1.01e-12   1.01e-12   1.14e-15   2.80e-18   2.80e-18   2.06e-22   
4.86968e+04  6.70e-18   9.90e-01   4.75e-11   1.00e-02   4.79e-13   9.65e-13   9.65e-13   1.02e-15   2.67e-18   2.67e-18   1.84e-22   
5.62341e+04  7.04e-18   9.90e-01   4.57e-11   1.00e-02   4.62e-13   9.25e-13   9.25e-13   9.20e-16   2.57e-18   2.57e-18   1.65e-22   
6.49382e+04  7.15e-18   9.90e-01   4.47e-11   1.00e-02   4.52e-13   8.89e-13   8.89e-13   8.38e-16   2.48e-18   2.48e-18   1.51e-22   
7.49894e+04  6.97e-18   9.90e-01   4.45e-11   1.00e-02   4.49e-13   8.57e-13   8.57e-13   7.68e-16   2.38e-18   2.38e-18   1.38e-22   
8.65964e+04  6.42e-18   9.90e-01   4.55e-11   1.00e-02   4.59e-13   8.28e-13   8.28e-13   7.11e-16   2.30e-18   2.30e-18   1.28e-22   
1.00000e+05  5.56e-18   9.90e-01   4.77e-11   9.99e-03   4.81e-13   8.01e-13   8.01e-13   6.66e-16   2.23e-18   2.23e-18   1.20e-22   
1.15478e+05  4.45e-18   9.90e-01   5.19e-11   1.00e-02   5.25e-13   7.81e-13   7.81e-13   6.31e-16   2.17e-18   2.17e-18   1.14e-22   
1.33352e+05  3.31e-18   9.90e-01   5.89e-11   1.00e-02   5.95e-13   7.67e-13   7.67e-13   6.04e-16   2.13e-18   2.13e-18   1.09e-22   
1.53993e+05  2.30e-18   9.90e-01   6.95e-11   9.99e-03   7.03e-13   7.51e-13   7.51e-13   5.82e-16   2.09e-18   2.09e-18   1.05e-22   
1.77828e+05  1.47e-18   9.90e-01   8.54e-11   1.00e-02   8.68e-13   7.46e-13   7.46e-13   5.70e-16   2.07e-18   2.07e-18   1.02e-22   
2.05353e+05  6.62e-19   9.90e-01   1.19e-10   9.99e-03   1.20e-12   7.35e-13   7.35e-13   5.53e-16   2.04e-18   2.04e-18   9.96e-23   
2.37137e+05  7.05e-20   9.90e-01   1.40e-10   1.00e-02   1.41e-12   7.25e-13   7.25e-13   5.36e-16   2.01e-18   2.01e-18   9.64e-23   
2.73842e+05  6.78e-20   9.90e-01   1.46e-10   1.00e-02   1.48e-12   7.26e-13   7.26e-13   5.31e-16   2.02e-18   2.02e-18   9.56e-23   
3.16228e+05  7.06e-20   9.90e-01   1.54e-10   1.00e-02   1.57e-12   7.25e-13   7.25e-13   5.28e-16   2.01e-18   2.01e-18   9.49e-23   
3.65174e+05  7.45e-20   9.90e-01   1.64e-10   9.99e-03   1.66e-12   7.27e-13   7.27e-13   5.25e-16   2.03e-18   2.03e-18   9.44e-23   
4.21697e+05  7.90e-20   9.90e-01   1.73e-10   1.00e-02   1.75e-12   7.28e-13   7.28e-13   5.23e-16   2.03e-18   2.03e-18   9.39e-23   
4.86968e+05  8.41e-20   9.90e-01   1.82e-10   1.00e-02   1.84e-12   7.29e-13   7.29e-13   5.21e-16   2.02e-18   2.02e-18   9.35e-23   
5.62341e+05  9.04e-20   9.90e-01   1.90e-10   1.00e-02   1.92e-12   7.29e-13   7.29e-13   5.18e-16   2.02e-18   2.02e-18   9.31e-23   
6.49382e+05  9.85e-20   9.90e-01   1.99e-10   1.00e-02   2.01e-12   7.30e-13   7.30e-13   5.15e-16   2.03e-18   2.03e-18   9.27e-23   
7.49894e+05  1.11e-19   9.90e-01   2.06e-10   9.99e-03   2.09e-12   7.31e-13   7.31e-13   5.13e-16   2.03e-18   2.03e-18   9.27e-23   
8.65964e+05  2.18e-18   9.90e-01   6.83e-11   9.99e-03   6.92e-13   7.47e-13   7.47e-13   5.36e-16   2.08e-18   2.08e-18   9.67e-23   
1.00000e+06  9.06e-19   9.90e-01   1.08e-10   1.00e-02   1.09e-12   7.36e-13   7.36e-13   5.45e-16   2.04e-18   2.04e-18   9.82e-23   
1.15478e+06  7.72e-20   9.90e-01   1.68e-10   1.00e-02   1.70e-12   7.27e-13   7.27e-13   5.24e-16   2.02e-18   2.02e-18   9.42e-23   
1.33352e+06  9.22e-20   9.90e-01   1.92e-10   1.00e-02   1.93e-12   7.29e-13   7.29e-13   5.17e-16   2.03e-18   2.03e-18   9.29e-23   
1.53993e+06  1.21e-19   9.90e-01   2.08e-10   9.98e-03   2.10e-12   7.32e-13   7.32e-13   5.12e-16   2.03e-18   2.03e-18   9.24e-23   
1.77828e+06  7.74e-20   9.90e-01   1.49e-10   1.00e-02   1.50e-12   7.26e-13   7.26e-13   5.32e-16   2.02e-18   2.02e-18   9.59e-23   
2.05353e+06  9.04e-20   9.90e-01   1.89e-10   1.00e-02   1.91e-12   7.29e-13   7.29e-13   5.18e-16   2.02e-18   2.02e-18   9.30e-23   
2.37137e+06  2.25e-18   9.90e-01   6.88e-11   1.00e-02   6.97e-13   7.50e-13   7.50e-13   5.46e-16   2.08e-18   2.08e-18   9.86e-23   
2.73842e+06  8.59e-20   9.90e-01   1.83e-10   1.00e-02   1.84e-12   7.28e-13   7.28e-13   5.19e-16   2.03e-18   2.03e-18   9.34e-23   
3.16228e+06  1.70e-18   9.90e-01   8.07e-11   9.96e-03   8.19e-13   7.43e-13   7.43e-13   5.50e-16   2.06e-18   2.06e-18   9.90e-23   
3.65174e+06  1.03e-19   9.90e-01   2.02e-10   1.00e-02   2.04e-12   7.32e-13   7.32e-13   5.15e-16   2.04e-18   2.04e-18   9.27e-23   
4.21697e+06  8.65e-20   9.90e-01   1.84e-10   9.99e-03   1.85e-12   7.27e-13   7.27e-13   5.18e-16   2.02e-18   2.02e-18   9.33e-23   
4.86968e+06  7.95e-20   9.90e-01   1.71e-10   1.00e-02   1.74e-12   7.27e-13   7.27e-13   5.22e-16   2.03e-18   2.03e-18   9.38e-23   
5.62341e+06  8.09e-20   9.90e-01   1.74e-10   1.00e-02   1.77e-12   7.28e-13   7.28e-13   5.22e-16   2.03e-18   2.03e-18   9.38e-23   
6.49382e+06  9.25e-20   9.90e-01   1.91e-10   1.00e-02   1.93e-12   7.28e-13   7.28e-13   5.17e-16   2.03e-18   2.03e-18   9.29e-23   
7.49894e+06  2.14e-18   9.90e-01   6.86e-11   9.99e-03   6.96e-13   7.47e-13   7.47e-13   5.37e-16   2.07e-18   2.07e-18   9.62e-23   
8.65964e+06  8.87e-20   9.90e-01   1.87e-10   1.00e-02   1.88e-12   7.28e-13   7.28e-13   5.18e-16   2.03e-18   2.03e-18   9.31e-23   
1.00000e+07  7.77e-20   9.90e-01   1.69e-10   1.00e-02   1.70e-12   7.27e-13   7.27e-13   5.23e-16   2.02e-18   2.02e-18   9.41e-23   
1.15478e+07  8.39e-20   9.90e-01   1.80e-10   1.00e-02   1.81e-12   7.28e-13   7.28e-13   5.19e-16   2.03e-18   2.03e-18   9.35e-23   
1.33352e+07  1.28e-19   9.90e-01   2.07e-10   9.98e-03   2.10e-12   7.29e-13   7.29e-13   5.11e-16   2.03e-18   2.03e-18   9.20e-23   
1.53993e+07  9.99e-20   9.90e-01   1.98e-10   1.00e-02   2.00e-12   7.30e-13   7.30e-13   5.15e-16   2.03e-18   2.03e-18   9.26e-23   
1.77828e+07  1.20e-18   9.90e-01   1.01e-10   9.98e-03   1.02e-12   7.37e-13   7.37e-13   5.17e-16   2.05e-18   2.05e-18   9.32e-23   
2.05353e+07  9.82e-20   9.90e-01   1.97e-10   9.99e-03   1.99e-12   7.29e-13   7.29e-13   5.14e-16   2.03e-18   2.03e-18   9.26e-23   
2.37137e+07  2.26e-18   9.90e-01   6.85e-11   9.99e-03   6.89e-13   7.47e-13   7.47e-13   5.44e-16   2.08e-18   2.08e-18   9.81e-23   
2.73842e+07  2.25e-18   9.90e-01   6.79e-11   9.99e-03   6.84e-13   7.46e-13   7.46e-13   5.42e-16   2.08e-18   2.08e-18   9.72e-23   
