! 0       *H + *OH -> *H2O
! 1       *OH + *CO -> *CO2 + *H
! 2       *OH + *CO -> *HOCO
! 3       *C + *OH -> *CO + *H
! 4       *H + *OH -> H2O
! 5       *H2 + *OH -> *H2O + *H
! 6       *OH + *CO -> HOCO
! 7       *OH + *CH2 -> *CH2OH
! 8       *OH + CRPhoton -> *O + *H
! 9       *OH + *CH3 -> *CH3OH
!            tot_rate   0          1          2          3          4          5          6          7          8          9          
1.00000e+00  1.84e-15   6.27e-01   4.39e-02   4.34e-02   2.62e-01   6.32e-03   1.29e-02   4.39e-04   3.76e-03   1.13e-03   1.46e-05   
1.15478e+00  2.57e-15   6.12e-01   5.65e-02   5.57e-02   2.52e-01   6.19e-03   1.24e-02   5.65e-04   3.57e-03   1.08e-03   1.59e-05   
1.33352e+00  3.61e-15   5.90e-01   7.23e-02   7.15e-02   2.43e-01   5.99e-03   1.19e-02   7.23e-04   3.35e-03   1.04e-03   1.69e-05   
1.53993e+00  5.19e-15   5.71e-01   9.04e-02   8.95e-02   2.27e-01   5.76e-03   1.12e-02   9.04e-04   3.08e-03   9.74e-04   1.76e-05   
1.77828e+00  7.50e-15   5.42e-01   1.13e-01   1.11e-01   2.13e-01   5.48e-03   1.04e-02   1.13e-03   2.82e-03   9.09e-04   1.80e-05   
2.05353e+00  1.10e-14   5.09e-01   1.38e-01   1.36e-01   1.97e-01   5.13e-03   9.54e-03   1.38e-03   2.51e-03   8.34e-04   1.83e-05   
2.37137e+00  1.64e-14   4.72e-01   1.66e-01   1.64e-01   1.80e-01   4.76e-03   8.68e-03   1.66e-03   2.19e-03   7.58e-04   1.82e-05   
2.73842e+00  2.47e-14   4.30e-01   1.97e-01   1.95e-01   1.61e-01   4.38e-03   7.75e-03   1.97e-03   1.89e-03   6.77e-04   1.78e-05   
3.16228e+00  3.78e-14   3.89e-01   2.28e-01   2.26e-01   1.42e-01   3.91e-03   6.80e-03   2.28e-03   1.58e-03   5.92e-04   1.71e-05   
3.65174e+00  5.85e-14   3.47e-01   2.60e-01   2.56e-01   1.23e-01   3.50e-03   5.90e-03   2.60e-03   1.30e-03   5.14e-04   1.62e-05   
4.21697e+00  9.12e-14   3.07e-01   2.88e-01   2.86e-01   1.06e-01   3.09e-03   5.06e-03   2.88e-03   1.05e-03   4.41e-04   1.50e-05   
4.86968e+00  1.42e-13   2.71e-01   3.15e-01   3.12e-01   9.08e-02   2.74e-03   4.33e-03   3.15e-03   8.38e-04   3.77e-04   1.39e-05   
5.62341e+00  2.19e-13   2.42e-01   3.37e-01   3.33e-01   7.81e-02   2.44e-03   3.72e-03   3.37e-03   6.62e-04   3.23e-04   1.29e-05   
6.49382e+00  3.29e-13   2.20e-01   3.53e-01   3.50e-01   6.84e-02   2.22e-03   3.25e-03   3.53e-03   5.32e-04   2.83e-04   1.21e-05   
7.49894e+00  4.78e-13   2.05e-01   3.64e-01   3.60e-01   6.15e-02   2.07e-03   2.91e-03   3.64e-03   4.37e-04   2.53e-04   1.16e-05   
8.65964e+00  6.61e-13   2.00e-01   3.69e-01   3.65e-01   5.75e-02   2.01e-03   2.72e-03   3.69e-03   3.71e-04   2.36e-04   1.16e-05   
1.00000e+01  8.62e-13   2.03e-01   3.68e-01   3.63e-01   5.69e-02   2.05e-03   2.67e-03   3.68e-03   3.31e-04   2.32e-04   1.22e-05   
1.15478e+01  1.07e-12   2.17e-01   3.59e-01   3.56e-01   5.90e-02   2.19e-03   2.77e-03   3.59e-03   3.10e-04   2.40e-04   1.34e-05   
1.33352e+01  1.27e-12   2.39e-01   3.46e-01   3.43e-01   6.35e-02   2.41e-03   2.97e-03   3.46e-03   3.01e-04   2.57e-04   1.53e-05   
1.53993e+01  1.50e-12   2.66e-01   3.29e-01   3.26e-01   6.92e-02   2.68e-03   3.23e-03   3.29e-03   2.97e-04   2.79e-04   1.76e-05   
1.77828e+01  1.78e-12   2.95e-01   3.11e-01   3.08e-01   7.51e-02   2.98e-03   3.49e-03   3.11e-03   2.93e-04   3.01e-04   2.02e-05   
2.05353e+01  2.14e-12   3.25e-01   2.93e-01   2.90e-01   8.05e-02   3.29e-03   3.73e-03   2.93e-03   2.87e-04   3.21e-04   2.30e-05   
2.37137e+01  2.58e-12   3.56e-01   2.75e-01   2.73e-01   8.54e-02   3.59e-03   3.92e-03   2.75e-03   2.80e-04   3.37e-04   2.61e-05   
2.73842e+01  3.11e-12   3.85e-01   2.58e-01   2.55e-01   8.99e-02   3.92e-03   4.08e-03   2.58e-03   2.73e-04   3.50e-04   2.95e-05   
3.16228e+01  3.78e-12   4.16e-01   2.41e-01   2.39e-01   9.35e-02   4.21e-03   4.18e-03   2.41e-03   2.65e-04   3.57e-04   3.34e-05   
3.65174e+01  4.60e-12   4.46e-01   2.24e-01   2.22e-01   9.62e-02   4.50e-03   4.20e-03   2.24e-03   2.59e-04   3.57e-04   3.79e-05   
4.21697e+01  5.58e-12   4.75e-01   2.10e-01   2.06e-01   9.81e-02   4.80e-03   4.12e-03   2.10e-03   2.53e-04   3.49e-04   4.35e-05   
4.86968e+01  6.78e-12   5.03e-01   1.95e-01   1.92e-01   9.95e-02   5.07e-03   3.95e-03   1.95e-03   2.48e-04   3.33e-04   5.07e-05   
5.62341e+01  8.23e-12   5.29e-01   1.81e-01   1.79e-01   9.99e-02   5.35e-03   3.65e-03   1.81e-03   2.44e-04   3.06e-04   6.02e-05   
6.49382e+01  9.96e-12   5.54e-01   1.69e-01   1.67e-01   9.95e-02   5.59e-03   3.17e-03   1.69e-03   2.41e-04   2.66e-04   7.30e-05   
7.49894e+01  1.20e-11   5.78e-01   1.57e-01   1.56e-01   9.83e-02   5.84e-03   2.52e-03   1.57e-03   2.34e-04   2.10e-04   9.00e-05   
8.65964e+01  1.44e-11   6.00e-01   1.47e-01   1.46e-01   9.67e-02   6.06e-03   1.66e-03   1.47e-03   2.11e-04   1.37e-04   1.10e-04   
1.00000e+02  1.68e-11   6.31e-01   1.33e-01   1.32e-01   9.59e-02   6.37e-03   5.48e-04   1.33e-03   1.15e-04   4.50e-05   9.11e-05   
1.15478e+02  1.08e-11   9.25e-01   6.89e-04   6.83e-04   6.45e-02   9.34e-03   2.51e-07   6.89e-06   5.44e-06   2.04e-08   6.57e-07   
1.33352e+02  1.15e-11   9.42e-01   1.05e-03   1.04e-03   4.64e-02   9.51e-03   1.85e-07   1.05e-05   5.11e-06   1.50e-08   5.03e-07   
1.53993e+02  1.21e-11   9.58e-01   1.09e-03   1.08e-03   2.98e-02   9.67e-03   1.32e-07   1.09e-05   4.49e-06   1.06e-08   3.41e-07   
1.77828e+02  1.26e-11   9.73e-01   8.94e-04   8.86e-04   1.53e-02   9.89e-03   8.62e-08   8.94e-06   3.49e-06   6.84e-09   1.84e-07   
2.05353e+02  1.32e-11   9.84e-01   5.65e-04   5.60e-04   5.19e-03   9.91e-03   4.68e-08   5.65e-06   2.13e-06   3.68e-09   6.50e-08   
2.37137e+02  1.37e-11   9.88e-01   3.49e-04   3.46e-04   1.68e-03   9.95e-03   2.55e-08   3.49e-06   1.21e-06   1.99e-09   2.14e-08   
2.73842e+02  1.41e-11   9.89e-01   2.48e-04   2.45e-04   6.87e-04   9.96e-03   1.59e-08   2.48e-06   7.68e-07   1.22e-09   8.82e-09   
3.16228e+02  1.44e-11   9.89e-01   1.88e-04   1.87e-04   3.11e-04   1.00e-02   1.05e-08   1.88e-06   5.07e-07   8.01e-10   4.04e-09   
3.65174e+02  1.47e-11   9.90e-01   1.47e-04   1.46e-04   1.43e-04   1.00e-02   7.03e-09   1.47e-06   3.28e-07   5.31e-10   1.88e-09   
4.21697e+02  1.50e-11   9.90e-01   1.18e-04   1.16e-04   6.55e-05   1.00e-02   4.71e-09   1.18e-06   2.02e-07   3.52e-10   8.63e-10   
4.86968e+02  1.53e-11   9.90e-01   9.44e-05   9.37e-05   2.94e-05   1.00e-02   3.14e-09   9.44e-07   1.16e-07   2.32e-10   3.91e-10   
5.62341e+02  1.57e-11   9.90e-01   7.54e-05   7.41e-05   1.24e-05   9.96e-03   2.04e-09   7.54e-07   6.04e-08   1.48e-10   1.67e-10   
6.49382e+02  1.60e-11   9.90e-01   5.71e-05   5.66e-05   4.57e-06   1.00e-02   1.25e-09   5.71e-07   2.61e-08   8.96e-11   6.20e-11   
7.49894e+02  1.64e-11   9.90e-01   3.61e-05   3.57e-05   1.12e-06   9.96e-03   6.17e-10   3.61e-07   7.21e-09   4.39e-11   1.53e-11   
8.65964e+02  1.67e-11   9.90e-01   9.78e-06   9.72e-06   4.76e-08   1.00e-02   1.30e-10   9.78e-08   3.25e-10   9.06e-12   6.60e-13   
1.00000e+03  1.71e-11   9.90e-01   4.89e-06   4.83e-06   6.85e-09   1.00e-02   5.01e-11   4.89e-08   4.72e-11   3.45e-12   9.67e-14   
1.15478e+03  1.74e-11   9.90e-01   6.04e-06   5.99e-06   5.81e-09   1.00e-02   4.71e-11   6.04e-08   4.07e-11   3.21e-12   8.35e-14   
1.33352e+03  1.76e-11   9.90e-01   7.68e-06   7.62e-06   5.00e-09   1.00e-02   4.51e-11   7.68e-08   3.56e-11   3.03e-12   7.34e-14   
1.53993e+03  1.78e-11   9.90e-01   9.96e-06   9.84e-06   4.28e-09   9.96e-03   4.34e-11   9.96e-08   3.12e-11   2.88e-12   6.47e-14   
1.77828e+03  1.77e-11   9.90e-01   1.32e-05   1.31e-05   3.58e-09   1.00e-02   4.25e-11   1.32e-07   2.71e-11   2.79e-12   5.66e-14   
2.05353e+03  1.74e-11   9.90e-01   1.78e-05   1.77e-05   2.61e-09   1.00e-02   4.21e-11   1.78e-07   2.12e-11   2.75e-12   4.48e-14   
2.37137e+03  1.67e-11   9.90e-01   2.45e-05   2.43e-05   1.34e-09   1.00e-02   4.27e-11   2.45e-07   1.32e-11   2.77e-12   2.83e-14   
2.73842e+03  1.60e-11   9.90e-01   3.38e-05   3.34e-05   4.62e-10   9.96e-03   4.42e-11   3.38e-07   7.83e-12   2.86e-12   1.73e-14   
3.16228e+03  1.54e-11   9.90e-01   4.51e-05   4.46e-05   2.38e-10   1.00e-02   4.63e-11   4.51e-07   6.71e-12   2.98e-12   1.54e-14   
3.65174e+03  1.51e-11   9.90e-01   5.67e-05   5.61e-05   2.06e-10   9.97e-03   4.75e-11   5.67e-07   6.64e-12   3.05e-12   1.59e-14   
4.21697e+03  1.49e-11   9.90e-01   6.80e-05   6.73e-05   2.03e-10   1.00e-02   4.82e-11   6.80e-07   6.71e-12   3.09e-12   1.68e-14   
4.86968e+03  1.49e-11   9.90e-01   7.88e-05   7.74e-05   2.02e-10   1.00e-02   4.82e-11   7.88e-07   6.67e-12   3.09e-12   1.76e-14   
5.62341e+03  1.51e-11   9.90e-01   8.64e-05   8.57e-05   2.01e-10   9.97e-03   4.74e-11   8.64e-07   6.54e-12   3.04e-12   1.83e-14   
6.49382e+03  1.53e-11   9.90e-01   9.24e-05   9.18e-05   1.99e-10   1.00e-02   4.65e-11   9.24e-07   6.41e-12   2.97e-12   1.90e-14   
7.49894e+03  1.57e-11   9.90e-01   9.45e-05   9.39e-05   1.93e-10   1.00e-02   4.48e-11   9.45e-07   6.22e-12   2.86e-12   1.96e-14   
8.65964e+03  1.62e-11   9.90e-01   9.34e-05   9.22e-05   1.84e-10   9.96e-03   4.26e-11   9.34e-07   6.01e-12   2.72e-12   2.00e-14   
1.00000e+04  1.68e-11   9.90e-01   8.83e-05   8.77e-05   1.72e-10   9.96e-03   4.01e-11   8.83e-07   5.80e-12   2.56e-12   2.02e-14   
1.15478e+04  1.74e-11   9.90e-01   8.06e-05   8.00e-05   1.57e-10   1.00e-02   3.75e-11   8.06e-07   5.62e-12   2.39e-12   2.01e-14   
1.33352e+04  1.82e-11   9.90e-01   7.04e-05   6.98e-05   1.39e-10   1.00e-02   3.45e-11   7.04e-07   5.42e-12   2.21e-12   1.97e-14   
1.53993e+04  1.90e-11   9.90e-01   6.00e-05   5.95e-05   1.21e-10   1.00e-02   3.18e-11   6.00e-07   5.27e-12   2.03e-12   1.91e-14   
1.77828e+04  2.00e-11   9.90e-01   4.98e-05   4.93e-05   1.03e-10   1.00e-02   2.91e-11   4.98e-07   5.15e-12   1.85e-12   1.83e-14   
2.05353e+04  2.10e-11   9.90e-01   4.11e-05   4.06e-05   8.76e-11   9.99e-03   2.68e-11   4.11e-07   5.09e-12   1.71e-12   1.77e-14   
2.37137e+04  2.21e-11   9.90e-01   3.39e-05   3.35e-05   7.50e-11   9.99e-03   2.50e-11   3.39e-07   5.15e-12   1.59e-12   1.72e-14   
2.73842e+04  2.32e-11   9.90e-01   2.81e-05   2.78e-05   6.59e-11   9.99e-03   2.35e-11   2.81e-07   5.34e-12   1.50e-12   1.70e-14   
3.16228e+04  2.44e-11   9.90e-01   2.33e-05   2.31e-05   5.89e-11   9.98e-03   2.23e-11   2.33e-07   5.48e-12   1.42e-12   1.67e-14   
3.65174e+04  2.57e-11   9.90e-01   1.93e-05   1.91e-05   5.42e-11   1.00e-02   2.12e-11   1.93e-07   5.69e-12   1.35e-12   1.66e-14   
4.21697e+04  2.69e-11   9.90e-01   1.57e-05   1.56e-05   5.06e-11   1.00e-02   2.03e-11   1.57e-07   5.84e-12   1.29e-12   1.63e-14   
4.86968e+04  2.81e-11   9.90e-01   1.26e-05   1.25e-05   4.81e-11   1.00e-02   1.94e-11   1.26e-07   5.95e-12   1.24e-12   1.60e-14   
5.62341e+04  2.93e-11   9.90e-01   9.93e-06   9.83e-06   4.61e-11   1.00e-02   1.86e-11   9.93e-08   5.97e-12   1.18e-12   1.55e-14   
6.49382e+04  3.04e-11   9.90e-01   7.60e-06   7.53e-06   4.51e-11   1.00e-02   1.79e-11   7.60e-08   5.92e-12   1.14e-12   1.49e-14   
7.49894e+04  3.14e-11   9.90e-01   5.67e-06   5.60e-06   4.49e-11   1.00e-02   1.73e-11   5.67e-08   5.79e-12   1.10e-12   1.43e-14   
8.65964e+04  3.23e-11   9.90e-01   4.08e-06   4.05e-06   4.58e-11   9.99e-03   1.66e-11   4.08e-08   5.60e-12   1.06e-12   1.36e-14   
1.00000e+05  3.30e-11   9.90e-01   2.85e-06   2.82e-06   4.81e-11   9.99e-03   1.62e-11   2.85e-08   5.42e-12   1.03e-12   1.30e-14   
1.15478e+05  3.35e-11   9.90e-01   1.95e-06   1.93e-06   5.25e-11   9.99e-03   1.57e-11   1.95e-08   5.25e-12   9.99e-13   1.24e-14   
1.33352e+05  3.39e-11   9.90e-01   1.30e-06   1.29e-06   5.95e-11   9.99e-03   1.54e-11   1.30e-08   5.10e-12   9.78e-13   1.20e-14   
1.53993e+05  3.41e-11   9.90e-01   8.82e-07   8.73e-07   7.03e-11   1.00e-02   1.52e-11   8.82e-09   5.07e-12   9.64e-13   1.18e-14   
1.77828e+05  3.43e-11   9.90e-01   6.03e-07   5.97e-07   8.62e-11   9.99e-03   1.50e-11   6.03e-09   5.18e-12   9.49e-13   1.21e-14   
2.05353e+05  3.44e-11   9.90e-01   3.80e-07   3.77e-07   1.20e-10   1.00e-02   1.48e-11   3.80e-09   5.69e-12   9.41e-13   1.31e-14   
2.37137e+05  3.45e-11   9.90e-01   1.84e-07   1.82e-07   1.41e-10   1.00e-02   1.46e-11   1.84e-09   6.57e-12   9.29e-13   1.50e-14   
2.73842e+05  3.45e-11   9.90e-01   1.72e-07   1.70e-07   1.48e-10   1.00e-02   1.46e-11   1.72e-09   7.32e-12   9.29e-13   1.66e-14   
3.16228e+05  3.45e-11   9.90e-01   1.72e-07   1.70e-07   1.57e-10   1.00e-02   1.46e-11   1.72e-09   8.02e-12   9.29e-13   1.82e-14   
3.65174e+05  3.45e-11   9.90e-01   1.73e-07   1.72e-07   1.66e-10   1.00e-02   1.47e-11   1.73e-09   8.68e-12   9.32e-13   1.97e-14   
4.21697e+05  3.45e-11   9.90e-01   1.75e-07   1.73e-07   1.75e-10   1.00e-02   1.47e-11   1.75e-09   9.35e-12   9.32e-13   2.12e-14   
4.86968e+05  3.45e-11   9.90e-01   1.77e-07   1.75e-07   1.84e-10   1.00e-02   1.47e-11   1.77e-09   9.99e-12   9.32e-13   2.26e-14   
5.62341e+05  3.45e-11   9.90e-01   1.78e-07   1.77e-07   1.93e-10   1.00e-02   1.47e-11   1.78e-09   1.07e-11   9.32e-13   2.41e-14   
6.49382e+05  3.45e-11   9.90e-01   1.80e-07   1.79e-07   2.01e-10   1.00e-02   1.47e-11   1.80e-09   1.13e-11   9.35e-13   2.55e-14   
7.49894e+05  3.45e-11   9.90e-01   1.84e-07   1.81e-07   2.08e-10   1.00e-02   1.47e-11   1.84e-09   1.18e-11   9.35e-13   2.68e-14   
8.65964e+05  3.44e-11   9.90e-01   5.23e-07   5.17e-07   6.88e-11   9.99e-03   1.50e-11   5.23e-09   1.01e-11   9.55e-13   2.33e-14   
1.00000e+06  3.44e-11   9.90e-01   3.89e-07   3.83e-07   1.09e-10   1.00e-02   1.48e-11   3.89e-09   6.42e-12   9.44e-13   1.47e-14   
1.15478e+06  3.45e-11   9.90e-01   1.75e-07   1.73e-07   1.70e-10   1.00e-02   1.47e-11   1.75e-09   8.92e-12   9.32e-13   2.02e-14   
1.33352e+06  3.45e-11   9.90e-01   1.79e-07   1.77e-07   1.94e-10   1.00e-02   1.47e-11   1.79e-09   1.07e-11   9.32e-13   2.42e-14   
1.53993e+06  3.45e-11   9.90e-01   1.86e-07   1.84e-07   2.10e-10   1.00e-02   1.47e-11   1.86e-09   1.20e-11   9.35e-13   2.71e-14   
1.77828e+06  3.45e-11   9.90e-01   1.94e-07   1.92e-07   1.50e-10   1.00e-02   1.46e-11   1.94e-09   6.98e-12   9.29e-13   1.58e-14   
2.05353e+06  3.45e-11   9.90e-01   1.79e-07   1.77e-07   1.91e-10   1.00e-02   1.47e-11   1.79e-09   1.05e-11   9.32e-13   2.38e-14   
2.37137e+06  3.43e-11   9.90e-01   5.62e-07   5.56e-07   6.96e-11   1.00e-02   1.51e-11   5.62e-09   8.68e-12   9.58e-13   2.01e-14   
2.73842e+06  3.45e-11   9.90e-01   1.77e-07   1.76e-07   1.85e-10   1.00e-02   1.47e-11   1.77e-09   1.00e-11   9.32e-13   2.27e-14   
3.16228e+06  3.44e-11   9.90e-01   5.14e-07   5.11e-07   8.19e-11   9.99e-03   1.50e-11   5.14e-09   6.74e-12   9.49e-13   1.56e-14   
3.65174e+06  3.45e-11   9.90e-01   1.82e-07   1.80e-07   2.03e-10   1.00e-02   1.47e-11   1.82e-09   1.14e-11   9.35e-13   2.58e-14   
4.21697e+06  3.45e-11   9.90e-01   1.78e-07   1.76e-07   1.86e-10   1.00e-02   1.47e-11   1.78e-09   1.01e-11   9.32e-13   2.28e-14   
4.86968e+06  3.45e-11   9.90e-01   1.75e-07   1.74e-07   1.74e-10   1.00e-02   1.47e-11   1.75e-09   9.21e-12   9.32e-13   2.09e-14   
5.62341e+06  3.45e-11   9.90e-01   1.76e-07   1.74e-07   1.76e-10   1.00e-02   1.47e-11   1.76e-09   9.41e-12   9.32e-13   2.13e-14   
6.49382e+06  3.45e-11   9.90e-01   1.79e-07   1.77e-07   1.93e-10   1.00e-02   1.47e-11   1.79e-09   1.07e-11   9.35e-13   2.42e-14   
7.49894e+06  3.44e-11   9.90e-01   5.11e-07   5.08e-07   6.94e-11   9.99e-03   1.50e-11   5.11e-09   1.03e-11   9.55e-13   2.37e-14   
8.65964e+06  3.45e-11   9.90e-01   1.78e-07   1.77e-07   1.89e-10   1.00e-02   1.47e-11   1.78e-09   1.03e-11   9.32e-13   2.34e-14   
1.00000e+07  3.45e-11   9.90e-01   1.75e-07   1.73e-07   1.70e-10   1.00e-02   1.47e-11   1.75e-09   8.94e-12   9.32e-13   2.03e-14   
1.15478e+07  3.45e-11   9.90e-01   1.77e-07   1.75e-07   1.81e-10   1.00e-02   1.47e-11   1.77e-09   9.78e-12   9.32e-13   2.22e-14   
1.33352e+07  3.45e-11   9.90e-01   1.87e-07   1.85e-07   2.10e-10   1.00e-02   1.47e-11   1.87e-09   1.20e-11   9.35e-13   2.73e-14   
1.53993e+07  3.45e-11   9.90e-01   1.81e-07   1.79e-07   2.01e-10   1.00e-02   1.47e-11   1.81e-09   1.12e-11   9.35e-13   2.54e-14   
1.77828e+07  3.44e-11   9.90e-01   3.19e-07   3.16e-07   1.02e-10   1.00e-02   1.49e-11   3.19e-09   1.17e-11   9.44e-13   2.67e-14   
2.05353e+07  3.45e-11   9.90e-01   1.81e-07   1.79e-07   1.99e-10   1.00e-02   1.47e-11   1.81e-09   1.11e-11   9.35e-13   2.52e-14   
2.37137e+07  3.43e-11   9.90e-01   5.59e-07   5.53e-07   6.93e-11   1.00e-02   1.51e-11   5.59e-09   8.88e-12   9.58e-13   2.05e-14   
2.73842e+07  3.43e-11   9.90e-01   5.44e-07   5.39e-07   6.87e-11   1.00e-02   1.51e-11   5.44e-09   9.52e-12   9.58e-13   2.19e-14   
