! 0       HCOOH2+ + e- -> HCO + OH + H
! 1       HCOOH2+ + e- -> HCOOH + H
! 2       NH3 + HCOOH2+ -> HCOOH + NH4+
! 3       HCOOH2+ + GRAIN -> HCOOH + H + GRAIN
! 4       H2O + HCOOH2+ -> HCOOH + H3O+
! 5       CH3OH + HCOOH2+ -> HCOOH + CH3OH2+
! 6       CH3CHO + HCOOH2+ -> HCOOH + CH3CHOH+
! 7       CH3CN + HCOOH2+ -> HCOOH + CH3CNH+
!            tot_rate   0          1          2          3          4          5          6          7          
1.00000e+00  7.96e-24   8.69e-01   1.31e-01   2.35e-10   2.46e-07   4.06e-12   1.78e-11   4.42e-16   2.36e-15   
1.15478e+00  8.54e-24   8.70e-01   1.30e-01   2.13e-10   2.47e-07   4.06e-12   1.01e-11   3.15e-16   2.72e-15   
1.33352e+00  9.21e-24   8.70e-01   1.30e-01   1.89e-10   2.49e-07   4.08e-12   5.21e-12   2.04e-16   3.11e-15   
1.53993e+00  9.97e-24   8.70e-01   1.30e-01   1.65e-10   2.49e-07   4.10e-12   2.44e-12   1.21e-16   3.52e-15   
1.77828e+00  1.08e-23   8.70e-01   1.30e-01   1.42e-10   2.50e-07   4.14e-12   1.02e-12   6.84e-17   3.97e-15   
2.05353e+00  1.17e-23   8.70e-01   1.30e-01   1.19e-10   2.51e-07   4.19e-12   3.72e-13   4.20e-17   4.46e-15   
2.37137e+00  1.28e-23   8.69e-01   1.31e-01   9.71e-11   2.51e-07   4.24e-12   1.17e-13   3.67e-17   4.96e-15   
2.73842e+00  1.39e-23   8.70e-01   1.30e-01   7.69e-11   2.52e-07   4.28e-12   3.07e-14   4.80e-17   5.49e-15   
3.16228e+00  1.51e-23   8.69e-01   1.31e-01   5.92e-11   2.55e-07   4.37e-12   6.70e-15   7.50e-17   6.08e-15   
3.65174e+00  1.63e-23   8.70e-01   1.30e-01   4.37e-11   2.57e-07   4.45e-12   1.18e-15   1.20e-16   6.67e-15   
4.21697e+00  1.77e-23   8.70e-01   1.30e-01   3.08e-11   2.59e-07   4.55e-12   1.91e-16   1.89e-16   7.34e-15   
4.86968e+00  1.92e-23   8.69e-01   1.31e-01   2.08e-11   2.61e-07   4.67e-12   6.98e-17   2.92e-16   8.02e-15   
5.62341e+00  2.09e-23   8.70e-01   1.30e-01   1.33e-11   2.63e-07   4.83e-12   8.36e-17   4.40e-16   8.74e-15   
6.49382e+00  2.30e-23   8.70e-01   1.30e-01   8.13e-12   2.67e-07   4.96e-12   1.26e-16   6.43e-16   9.57e-15   
7.49894e+00  2.58e-23   8.70e-01   1.30e-01   4.81e-12   2.70e-07   5.16e-12   1.89e-16   9.24e-16   1.05e-14   
8.65964e+00  2.99e-23   8.70e-01   1.30e-01   2.92e-12   2.75e-07   5.38e-12   2.84e-16   1.29e-15   1.16e-14   
1.00000e+01  3.69e-23   8.70e-01   1.30e-01   1.98e-12   2.79e-07   5.69e-12   4.20e-16   1.76e-15   1.28e-14   
1.15478e+01  4.90e-23   8.69e-01   1.31e-01   1.68e-12   2.86e-07   6.04e-12   6.18e-16   2.33e-15   1.43e-14   
1.33352e+01  7.02e-23   8.70e-01   1.30e-01   1.80e-12   2.92e-07   6.46e-12   9.04e-16   3.04e-15   1.61e-14   
1.53993e+01  1.06e-22   8.69e-01   1.31e-01   2.24e-12   3.00e-07   6.97e-12   1.32e-15   3.88e-15   1.85e-14   
1.77828e+01  1.67e-22   8.69e-01   1.31e-01   3.02e-12   3.10e-07   7.61e-12   1.93e-15   4.90e-15   2.16e-14   
2.05353e+01  2.68e-22   8.69e-01   1.31e-01   4.18e-12   3.22e-07   8.43e-12   2.85e-15   6.16e-15   2.56e-14   
2.37137e+01  4.37e-22   8.69e-01   1.31e-01   5.95e-12   3.34e-07   9.47e-12   4.23e-15   7.69e-15   3.09e-14   
2.73842e+01  7.20e-22   8.69e-01   1.31e-01   8.47e-12   3.51e-07   1.08e-11   6.37e-15   9.72e-15   3.83e-14   
3.16228e+01  1.20e-21   8.70e-01   1.30e-01   1.20e-11   3.70e-07   1.25e-11   9.70e-15   1.25e-14   4.87e-14   
3.65174e+01  2.00e-21   8.69e-01   1.31e-01   1.71e-11   3.94e-07   1.49e-11   1.50e-14   1.63e-14   6.34e-14   
4.21697e+01  3.39e-21   8.69e-01   1.31e-01   2.41e-11   4.19e-07   1.80e-11   2.38e-14   2.18e-14   8.46e-14   
4.86968e+01  5.81e-21   8.69e-01   1.31e-01   3.36e-11   4.51e-07   2.24e-11   3.84e-14   3.00e-14   1.16e-13   
5.62341e+01  1.01e-20   8.70e-01   1.30e-01   4.64e-11   4.89e-07   2.86e-11   6.40e-14   4.24e-14   1.64e-13   
6.49382e+01  1.77e-20   8.70e-01   1.30e-01   6.38e-11   5.34e-07   3.76e-11   1.10e-13   6.15e-14   2.38e-13   
7.49894e+01  3.15e-20   8.69e-01   1.31e-01   8.79e-11   5.90e-07   5.14e-11   1.99e-13   9.33e-14   3.59e-13   
8.65964e+01  5.75e-20   8.69e-01   1.31e-01   1.21e-10   6.59e-07   7.25e-11   3.63e-13   1.45e-13   5.53e-13   
1.00000e+02  1.07e-19   8.69e-01   1.31e-01   1.69e-10   7.43e-07   1.07e-10   5.32e-13   2.33e-13   8.71e-13   
1.15478e+02  1.55e-19   8.70e-01   1.30e-01   2.42e-10   8.57e-07   1.60e-10   1.68e-14   4.19e-12   1.40e-12   
1.33352e+02  2.02e-19   8.70e-01   1.30e-01   3.59e-10   1.01e-06   2.56e-10   2.79e-14   1.01e-11   2.36e-12   
1.53993e+02  2.74e-19   8.70e-01   1.30e-01   5.55e-10   1.21e-06   4.31e-10   4.93e-14   1.91e-11   4.09e-12   
1.77828e+02  3.82e-19   8.69e-01   1.31e-01   9.14e-10   1.47e-06   7.62e-10   9.92e-14   3.27e-11   7.33e-12   
2.05353e+02  5.50e-19   8.70e-01   1.30e-01   1.67e-09   1.80e-06   1.41e-09   2.42e-13   4.28e-11   1.33e-11   
2.37137e+02  8.07e-19   8.70e-01   1.30e-01   3.57e-09   2.24e-06   2.73e-09   6.48e-13   3.31e-11   2.45e-11   
2.73842e+02  1.21e-18   8.70e-01   1.30e-01   7.75e-09   2.85e-06   5.40e-09   1.55e-12   3.24e-11   4.57e-11   
3.16228e+02  1.82e-18   8.70e-01   1.30e-01   1.62e-08   3.64e-06   1.08e-08   3.37e-12   4.72e-11   8.59e-11   
3.65174e+02  2.75e-18   8.70e-01   1.30e-01   3.17e-08   4.62e-06   2.17e-08   6.55e-12   7.42e-11   1.65e-10   
4.21697e+02  4.17e-18   8.70e-01   1.30e-01   5.85e-08   5.80e-06   4.24e-08   1.09e-11   1.17e-10   3.23e-10   
4.86968e+02  6.35e-18   8.69e-01   1.31e-01   1.02e-07   7.34e-06   8.03e-08   1.56e-11   1.80e-10   6.39e-10   
5.62341e+02  9.60e-18   8.70e-01   1.30e-01   1.69e-07   9.07e-06   1.43e-07   2.42e-11   2.69e-10   1.25e-09   
6.49382e+02  1.42e-17   8.69e-01   1.31e-01   2.63e-07   1.08e-05   2.36e-07   6.04e-11   4.09e-10   2.31e-09   
7.49894e+02  1.99e-17   8.70e-01   1.30e-01   3.84e-07   1.28e-05   3.57e-07   2.12e-10   6.18e-10   3.95e-09   
8.65964e+02  2.58e-17   8.70e-01   1.30e-01   5.28e-07   1.47e-05   5.05e-07   1.50e-09   9.20e-10   6.17e-09   
1.00000e+03  3.16e-17   8.69e-01   1.31e-01   6.92e-07   1.63e-05   6.64e-07   8.54e-09   1.36e-09   8.79e-09   
1.15478e+03  3.81e-17   8.69e-01   1.31e-01   8.98e-07   1.86e-05   8.64e-07   1.52e-08   2.04e-09   1.22e-08   
1.33352e+03  4.82e-17   8.69e-01   1.31e-01   1.22e-06   2.14e-05   1.17e-06   2.78e-08   3.34e-09   1.84e-08   
1.53993e+03  7.03e-17   8.69e-01   1.31e-01   1.94e-06   2.62e-05   1.84e-06   5.73e-08   6.67e-09   3.57e-08   
1.77828e+03  1.38e-16   8.69e-01   1.31e-01   4.23e-06   3.64e-05   3.84e-06   1.50e-07   1.97e-08   1.21e-07   
2.05353e+03  3.77e-16   8.69e-01   1.30e-01   1.35e-05   5.46e-05   1.08e-05   4.96e-07   9.01e-08   7.10e-07   
2.37137e+03  8.82e-16   8.69e-01   1.30e-01   4.00e-05   7.37e-05   2.48e-05   1.34e-06   4.08e-07   2.41e-06   
2.73842e+03  1.29e-15   8.69e-01   1.30e-01   7.65e-05   8.15e-05   3.40e-05   2.31e-06   1.24e-06   2.05e-06   
3.16228e+03  1.44e-15   8.70e-01   1.30e-01   1.15e-04   8.42e-05   3.58e-05   3.14e-06   2.26e-06   1.11e-06   
3.65174e+03  1.44e-15   8.69e-01   1.31e-01   1.55e-04   8.55e-05   3.55e-05   3.93e-06   2.79e-06   8.41e-07   
4.21697e+03  1.39e-15   8.69e-01   1.31e-01   1.86e-04   8.69e-05   3.41e-05   4.63e-06   2.87e-06   7.25e-07   
4.86968e+03  1.32e-15   8.69e-01   1.31e-01   2.06e-04   8.77e-05   3.24e-05   5.27e-06   2.81e-06   6.52e-07   
5.62341e+03  1.25e-15   8.70e-01   1.30e-01   2.13e-04   8.70e-05   3.04e-05   5.82e-06   2.67e-06   5.98e-07   
6.49382e+03  1.17e-15   8.69e-01   1.30e-01   2.11e-04   8.69e-05   2.84e-05   6.28e-06   2.51e-06   5.64e-07   
7.49894e+03  1.09e-15   8.70e-01   1.30e-01   2.00e-04   8.58e-05   2.64e-05   6.64e-06   2.35e-06   5.42e-07   
8.65964e+03  1.01e-15   8.69e-01   1.31e-01   1.84e-04   8.47e-05   2.44e-05   6.87e-06   2.17e-06   5.27e-07   
1.00000e+04  9.27e-16   8.69e-01   1.30e-01   1.67e-04   8.35e-05   2.23e-05   6.96e-06   2.02e-06   5.17e-07   
1.15478e+04  8.48e-16   8.69e-01   1.31e-01   1.51e-04   8.22e-05   2.05e-05   6.93e-06   1.91e-06   5.13e-07   
1.33352e+04  7.74e-16   8.69e-01   1.30e-01   1.37e-04   8.11e-05   1.89e-05   6.81e-06   1.85e-06   5.17e-07   
1.53993e+04  7.11e-16   8.69e-01   1.30e-01   1.27e-04   8.02e-05   1.74e-05   6.60e-06   1.87e-06   5.30e-07   
1.77828e+04  6.57e-16   8.69e-01   1.30e-01   1.20e-04   7.98e-05   1.64e-05   6.36e-06   1.96e-06   5.62e-07   
2.05353e+04  6.11e-16   8.69e-01   1.30e-01   1.17e-04   7.99e-05   1.57e-05   6.11e-06   2.14e-06   6.12e-07   
2.37137e+04  5.68e-16   8.69e-01   1.30e-01   1.17e-04   8.01e-05   1.51e-05   5.81e-06   2.39e-06   6.81e-07   
2.73842e+04  5.21e-16   8.69e-01   1.30e-01   1.18e-04   8.04e-05   1.45e-05   5.45e-06   2.67e-06   7.66e-07   
3.16228e+04  4.68e-16   8.69e-01   1.30e-01   1.18e-04   8.05e-05   1.38e-05   5.00e-06   2.91e-06   8.59e-07   
3.65174e+04  4.07e-16   8.69e-01   1.31e-01   1.17e-04   8.08e-05   1.29e-05   4.49e-06   3.12e-06   9.53e-07   
4.21697e+04  3.43e-16   8.69e-01   1.31e-01   1.13e-04   8.05e-05   1.19e-05   3.94e-06   3.24e-06   1.04e-06   
4.86968e+04  2.78e-16   8.69e-01   1.30e-01   1.08e-04   7.98e-05   1.07e-05   3.32e-06   3.24e-06   1.11e-06   
5.62341e+04  2.15e-16   8.69e-01   1.31e-01   1.02e-04   7.90e-05   9.58e-06   2.72e-06   3.15e-06   1.17e-06   
6.49382e+04  1.58e-16   8.69e-01   1.31e-01   9.39e-05   7.80e-05   8.31e-06   2.14e-06   2.94e-06   1.17e-06   
7.49894e+04  1.09e-16   8.69e-01   1.31e-01   8.27e-05   7.65e-05   7.00e-06   1.60e-06   2.61e-06   1.11e-06   
8.65964e+04  6.90e-17   8.69e-01   1.30e-01   6.94e-05   7.43e-05   5.71e-06   1.13e-06   2.17e-06   9.90e-07   
1.00000e+05  4.00e-17   8.69e-01   1.30e-01   5.40e-05   7.17e-05   4.45e-06   7.52e-07   1.70e-06   7.99e-07   
1.15478e+05  2.10e-17   8.70e-01   1.30e-01   3.78e-05   6.84e-05   3.28e-06   4.60e-07   1.22e-06   5.66e-07   
1.33352e+05  1.01e-17   8.69e-01   1.31e-01   2.31e-05   6.43e-05   2.26e-06   2.56e-07   7.96e-07   3.32e-07   
1.53993e+05  4.54e-18   8.70e-01   1.30e-01   1.24e-05   5.83e-05   1.47e-06   1.29e-07   4.67e-07   1.51e-07   
1.77828e+05  1.90e-18   8.70e-01   1.30e-01   5.69e-06   4.98e-05   8.54e-07   5.53e-08   2.35e-07   4.73e-08   
2.05353e+05  4.68e-19   8.70e-01   1.30e-01   1.51e-06   3.44e-05   3.10e-07   1.25e-08   5.90e-08   4.27e-09   
2.37137e+05  5.38e-20   8.70e-01   1.30e-01   1.77e-07   1.51e-05   5.52e-08   8.66e-10   3.08e-09   3.59e-11   
2.73842e+05  4.90e-20   8.70e-01   1.30e-01   1.71e-07   1.49e-05   5.12e-08   7.70e-10   2.59e-09   3.23e-11   
3.16228e+05  4.74e-20   8.70e-01   1.30e-01   1.68e-07   1.47e-05   4.85e-08   7.47e-10   2.28e-09   3.10e-11   
3.65174e+05  4.67e-20   8.70e-01   1.30e-01   1.66e-07   1.46e-05   4.65e-08   7.41e-10   2.01e-09   3.08e-11   
4.21697e+05  4.64e-20   8.69e-01   1.31e-01   1.65e-07   1.46e-05   4.49e-08   7.42e-10   1.76e-09   3.15e-11   
4.86968e+05  4.64e-20   8.69e-01   1.31e-01   1.65e-07   1.46e-05   4.38e-08   7.49e-10   1.54e-09   3.30e-11   
5.62341e+05  4.68e-20   8.69e-01   1.31e-01   1.68e-07   1.46e-05   4.32e-08   7.65e-10   1.35e-09   3.55e-11   
6.49382e+05  4.81e-20   8.70e-01   1.30e-01   1.73e-07   1.48e-05   4.31e-08   7.95e-10   1.21e-09   3.95e-11   
7.49894e+05  5.08e-20   8.69e-01   1.31e-01   1.86e-07   1.53e-05   4.46e-08   8.62e-10   1.16e-09   4.80e-11   
8.65964e+05  2.43e-18   8.69e-01   1.31e-01   1.04e-05   6.18e-05   1.16e-06   8.03e-08   3.06e-07   1.05e-07   
1.00000e+06  6.82e-19   8.69e-01   1.31e-01   2.33e-06   4.06e-05   4.35e-07   1.91e-08   9.28e-08   8.11e-09   
1.15478e+06  4.69e-20   8.69e-01   1.31e-01   1.68e-07   1.46e-05   4.62e-08   7.48e-10   2.00e-09   3.09e-11   
1.33352e+06  4.74e-20   8.70e-01   1.30e-01   1.71e-07   1.47e-05   4.35e-08   7.75e-10   1.41e-09   3.63e-11   
1.53993e+06  5.40e-20   8.69e-01   1.31e-01   2.00e-07   1.57e-05   4.67e-08   9.29e-10   1.30e-09   5.63e-11   
1.77828e+06  5.30e-20   8.70e-01   1.30e-01   1.79e-07   1.50e-05   5.30e-08   8.98e-10   2.96e-09   3.15e-11   
2.05353e+06  4.73e-20   8.70e-01   1.30e-01   1.71e-07   1.47e-05   4.36e-08   7.70e-10   1.49e-09   3.53e-11   
2.37137e+06  2.56e-18   8.70e-01   1.30e-01   1.04e-05   6.16e-05   1.20e-06   8.70e-08   3.39e-07   1.02e-07   
2.73842e+06  4.69e-20   8.70e-01   1.30e-01   1.69e-07   1.46e-05   4.41e-08   7.59e-10   1.64e-09   3.35e-11   
3.16228e+06  1.75e-18   8.70e-01   1.30e-01   6.24e-06   5.41e-05   8.98e-07   5.63e-08   2.45e-07   4.57e-08   
3.65174e+06  4.93e-20   8.70e-01   1.30e-01   1.81e-07   1.50e-05   4.40e-08   8.23e-10   1.30e-09   4.24e-11   
4.21697e+06  4.69e-20   8.69e-01   1.31e-01   1.70e-07   1.46e-05   4.41e-08   7.61e-10   1.63e-09   3.37e-11   
4.86968e+06  4.69e-20   8.70e-01   1.30e-01   1.69e-07   1.46e-05   4.56e-08   7.52e-10   1.93e-09   3.15e-11   
5.62341e+06  4.69e-20   8.70e-01   1.30e-01   1.69e-07   1.46e-05   4.52e-08   7.52e-10   1.85e-09   3.18e-11   
6.49382e+06  4.75e-20   8.69e-01   1.31e-01   1.72e-07   1.47e-05   4.36e-08   7.79e-10   1.45e-09   3.64e-11   
7.49894e+06  2.36e-18   8.69e-01   1.31e-01   1.02e-05   6.15e-05   1.14e-06   7.76e-08   2.99e-07   1.02e-07   
8.65964e+06  4.72e-20   8.70e-01   1.30e-01   1.71e-07   1.46e-05   4.39e-08   7.66e-10   1.55e-09   3.46e-11   
1.00000e+07  4.70e-20   8.69e-01   1.31e-01   1.70e-07   1.46e-05   4.63e-08   7.50e-10   2.03e-09   3.10e-11   
1.15478e+07  4.69e-20   8.70e-01   1.30e-01   1.69e-07   1.46e-05   4.45e-08   7.54e-10   1.72e-09   3.28e-11   
1.33352e+07  5.61e-20   8.69e-01   1.31e-01   2.10e-07   1.60e-05   4.83e-08   9.75e-10   1.40e-09   6.24e-11   
1.53993e+07  4.87e-20   8.69e-01   1.31e-01   1.78e-07   1.49e-05   4.36e-08   8.08e-10   1.33e-09   4.03e-11   
1.77828e+07  1.13e-18   8.70e-01   1.30e-01   4.42e-06   5.03e-05   6.34e-07   2.73e-08   1.10e-07   3.14e-08   
2.05353e+07  4.83e-20   8.69e-01   1.31e-01   1.76e-07   1.49e-05   4.37e-08   7.99e-10   1.35e-09   3.93e-11   
2.37137e+07  2.57e-18   8.69e-01   1.31e-01   1.06e-05   6.20e-05   1.20e-06   8.73e-08   3.40e-07   1.04e-07   
2.73842e+07  2.53e-18   8.69e-01   1.31e-01   1.07e-05   6.24e-05   1.20e-06   8.57e-08   3.30e-07   1.07e-07   
