! 0       HCOOCH3 + C+ -> C + COOCH4+
! 1       HCOOCH3 + He+ -> CH3 + He + HCO2+
! 2       HCOOCH3 + H+ -> H + COOCH4+
! 3       HCOOCH3 + H3+ -> H2 + H5C2O2+
! 4       HCOOCH3 + HCO+ -> CO + H5C2O2+
! 5       HCOOCH3 + H3O+ -> H2O + H5C2O2+
! 6       HCOOCH3 + CRPhoton -> CO2 + CH4
! 7       HCOOCH3 + CRPhoton -> COOCH4+ + e-
! 8       HCOOCH3 + GRAIN -> *HCOOCH3 + GRAIN
! 9       HCOOCH3 + ISPhoton -> H2CO + H2CO
!            tot_rate   0          1          2          3          4          5          6          7          8          9          
1.00000e+00  1.88e-28   1.00e+00   1.83e-04   2.54e-05   1.01e-05   7.98e-09   1.12e-08   1.47e-04   7.39e-05   2.55e-06   4.21e-10   
1.15478e+00  4.08e-28   1.00e+00   2.12e-04   2.94e-05   1.01e-05   8.60e-09   1.13e-08   1.47e-04   7.37e-05   2.55e-06   4.21e-10   
1.33352e+00  8.58e-28   9.99e-01   2.45e-04   3.39e-05   1.02e-05   9.28e-09   1.14e-08   1.48e-04   7.39e-05   2.55e-06   4.22e-10   
1.53993e+00  1.75e-27   9.99e-01   2.83e-04   3.92e-05   1.03e-05   1.01e-08   1.15e-08   1.48e-04   7.42e-05   2.56e-06   4.24e-10   
1.77828e+00  3.48e-27   9.99e-01   3.27e-04   4.54e-05   1.03e-05   1.09e-08   1.16e-08   1.49e-04   7.44e-05   2.57e-06   4.25e-10   
2.05353e+00  6.78e-27   9.99e-01   3.77e-04   5.23e-05   1.04e-05   1.18e-08   1.17e-08   1.49e-04   7.46e-05   2.58e-06   4.26e-10   
2.37137e+00  1.29e-26   9.99e-01   4.37e-04   6.08e-05   1.05e-05   1.29e-08   1.19e-08   1.50e-04   7.52e-05   2.60e-06   4.30e-10   
2.73842e+00  2.43e-26   9.99e-01   5.02e-04   7.03e-05   1.06e-05   1.39e-08   1.21e-08   1.51e-04   7.52e-05   2.61e-06   4.32e-10   
3.16228e+00  4.49e-26   9.99e-01   5.83e-04   8.12e-05   1.07e-05   1.50e-08   1.24e-08   1.52e-04   7.59e-05   2.63e-06   4.34e-10   
3.65174e+00  8.19e-26   9.99e-01   6.73e-04   9.42e-05   1.09e-05   1.62e-08   1.27e-08   1.53e-04   7.65e-05   2.65e-06   4.36e-10   
4.21697e+00  1.47e-25   9.99e-01   7.75e-04   1.09e-04   1.11e-05   1.74e-08   1.30e-08   1.54e-04   7.68e-05   2.67e-06   4.40e-10   
4.86968e+00  2.60e-25   9.99e-01   8.99e-04   1.27e-04   1.13e-05   1.87e-08   1.34e-08   1.56e-04   7.80e-05   2.70e-06   4.46e-10   
5.62341e+00  4.54e-25   9.99e-01   1.04e-03   1.47e-04   1.16e-05   2.02e-08   1.39e-08   1.58e-04   7.89e-05   2.73e-06   4.50e-10   
6.49382e+00  7.82e-25   9.98e-01   1.20e-03   1.70e-04   1.19e-05   2.16e-08   1.44e-08   1.60e-04   7.98e-05   2.77e-06   4.55e-10   
7.49894e+00  1.32e-24   9.98e-01   1.40e-03   1.99e-04   1.22e-05   2.31e-08   1.52e-08   1.63e-04   8.09e-05   2.83e-06   4.64e-10   
8.65964e+00  2.21e-24   9.98e-01   1.62e-03   2.31e-04   1.26e-05   2.47e-08   1.60e-08   1.65e-04   8.26e-05   2.88e-06   4.70e-10   
1.00000e+01  3.65e-24   9.98e-01   1.87e-03   2.69e-04   1.31e-05   2.64e-08   1.70e-08   1.68e-04   8.41e-05   2.93e-06   4.80e-10   
1.15478e+01  5.92e-24   9.97e-01   2.16e-03   3.14e-04   1.37e-05   2.82e-08   1.83e-08   1.72e-04   8.59e-05   3.01e-06   4.90e-10   
1.33352e+01  9.44e-24   9.97e-01   2.49e-03   3.67e-04   1.44e-05   3.04e-08   1.97e-08   1.76e-04   8.80e-05   3.09e-06   5.03e-10   
1.53993e+01  1.49e-23   9.96e-01   2.87e-03   4.28e-04   1.52e-05   3.29e-08   2.15e-08   1.81e-04   9.02e-05   3.19e-06   5.17e-10   
1.77828e+01  2.30e-23   9.96e-01   3.31e-03   5.00e-04   1.62e-05   3.60e-08   2.37e-08   1.87e-04   9.35e-05   3.31e-06   5.35e-10   
2.05353e+01  3.51e-23   9.95e-01   3.82e-03   5.87e-04   1.74e-05   3.96e-08   2.66e-08   1.94e-04   9.70e-05   3.45e-06   5.53e-10   
2.37137e+01  5.27e-23   9.95e-01   4.38e-03   6.93e-04   1.88e-05   4.44e-08   3.02e-08   2.03e-04   1.01e-04   3.61e-06   5.79e-10   
2.73842e+01  7.80e-23   9.94e-01   5.03e-03   8.17e-04   2.06e-05   5.04e-08   3.50e-08   2.13e-04   1.06e-04   3.81e-06   6.07e-10   
3.16228e+01  1.14e-22   9.93e-01   5.73e-03   9.67e-04   2.28e-05   5.79e-08   4.11e-08   2.24e-04   1.12e-04   4.04e-06   6.40e-10   
3.65174e+01  1.63e-22   9.92e-01   6.49e-03   1.15e-03   2.56e-05   6.80e-08   4.94e-08   2.38e-04   1.19e-04   4.32e-06   6.80e-10   
4.21697e+01  2.31e-22   9.91e-01   7.31e-03   1.35e-03   2.90e-05   8.05e-08   6.01e-08   2.54e-04   1.27e-04   4.67e-06   7.27e-10   
4.86968e+01  3.21e-22   9.90e-01   8.15e-03   1.61e-03   3.33e-05   9.80e-08   7.56e-08   2.74e-04   1.37e-04   5.07e-06   7.81e-10   
5.62341e+01  4.39e-22   9.89e-01   9.02e-03   1.92e-03   3.90e-05   1.22e-07   9.70e-08   2.98e-04   1.49e-04   5.56e-06   8.50e-10   
6.49382e+01  5.90e-22   9.87e-01   9.86e-03   2.29e-03   4.66e-05   1.56e-07   1.28e-07   3.27e-04   1.63e-04   6.18e-06   9.33e-10   
7.49894e+01  7.87e-22   9.86e-01   1.06e-02   2.74e-03   5.64e-05   2.05e-07   1.75e-07   3.63e-04   1.82e-04   6.95e-06   1.04e-09   
8.65964e+01  1.05e-21   9.85e-01   1.14e-02   3.27e-03   7.01e-05   2.78e-07   2.48e-07   4.08e-04   2.04e-04   7.93e-06   1.17e-09   
1.00000e+02  1.09e-21   9.83e-01   1.20e-02   3.91e-03   8.94e-05   3.93e-07   3.65e-07   4.67e-04   2.33e-04   9.19e-06   1.33e-09   
1.15478e+02  6.08e-20   9.82e-01   1.26e-02   4.65e-03   1.17e-04   5.74e-07   5.59e-07   5.39e-04   2.70e-04   1.08e-05   1.54e-09   
1.33352e+02  9.74e-20   9.80e-01   1.34e-02   5.57e-03   1.58e-04   8.85e-07   9.02e-07   6.36e-04   3.18e-04   1.30e-05   1.82e-09   
1.53993e+02  1.63e-19   9.78e-01   1.44e-02   6.70e-03   2.21e-04   1.44e-06   1.53e-06   7.62e-04   3.82e-04   1.59e-05   2.18e-09   
1.77828e+02  3.01e-19   9.75e-01   1.57e-02   8.05e-03   3.17e-04   2.45e-06   2.72e-06   9.31e-04   4.66e-04   1.99e-05   2.66e-09   
2.05353e+02  6.53e-19   9.70e-01   1.76e-02   9.92e-03   4.73e-04   4.38e-06   5.11e-06   1.16e-03   5.82e-04   2.53e-05   3.32e-09   
2.37137e+02  1.42e-18   9.64e-01   2.01e-02   1.25e-02   7.18e-04   8.10e-06   9.93e-06   1.47e-03   7.32e-04   3.27e-05   4.20e-09   
2.73842e+02  2.56e-18   9.57e-01   2.36e-02   1.59e-02   1.11e-03   1.54e-05   1.98e-05   1.88e-03   9.41e-04   4.29e-05   5.39e-09   
3.16228e+02  4.00e-18   9.46e-01   2.77e-02   2.05e-02   1.73e-03   2.95e-05   3.97e-05   2.42e-03   1.21e-03   5.67e-05   6.92e-09   
3.65174e+02  5.37e-18   9.34e-01   3.26e-02   2.63e-02   2.66e-03   5.57e-05   7.94e-05   3.13e-03   1.56e-03   7.49e-05   8.93e-09   
4.21697e+02  5.68e-18   9.19e-01   3.78e-02   3.31e-02   4.03e-03   1.03e-04   1.55e-04   4.03e-03   2.01e-03   9.93e-05   1.15e-08   
4.86968e+02  4.11e-18   9.03e-01   4.31e-02   3.99e-02   5.91e-03   1.85e-04   2.90e-04   5.13e-03   2.56e-03   1.31e-04   1.47e-08   
5.62341e+02  1.61e-18   8.88e-01   4.72e-02   4.60e-02   8.32e-03   3.16e-04   5.07e-04   6.46e-03   3.22e-03   1.69e-04   1.84e-08   
6.49382e+02  3.40e-19   8.74e-01   5.03e-02   5.09e-02   1.12e-02   5.15e-04   8.21e-04   7.92e-03   3.94e-03   2.16e-04   2.26e-08   
7.49894e+02  2.00e-19   8.63e-01   5.14e-02   5.44e-02   1.43e-02   7.84e-04   1.22e-03   9.43e-03   4.73e-03   2.68e-04   2.70e-08   
8.65964e+02  2.10e-19   8.56e-01   5.09e-02   5.66e-02   1.74e-02   1.14e-03   1.67e-03   1.10e-02   5.47e-03   3.25e-04   3.14e-08   
1.00000e+03  2.11e-19   8.49e-01   4.93e-02   5.83e-02   2.04e-02   1.57e-03   2.16e-03   1.25e-02   6.26e-03   3.86e-04   3.57e-08   
1.15478e+03  2.18e-19   8.42e-01   4.76e-02   5.95e-02   2.39e-02   2.17e-03   2.75e-03   1.42e-02   7.10e-03   4.58e-04   4.06e-08   
1.33352e+03  2.30e-19   8.32e-01   4.70e-02   6.01e-02   2.87e-02   3.15e-03   3.67e-03   1.65e-02   8.23e-03   5.58e-04   4.70e-08   
1.53993e+03  2.54e-19   8.10e-01   4.95e-02   6.05e-02   3.79e-02   5.31e-03   5.70e-03   2.05e-02   1.03e-02   7.23e-04   5.86e-08   
1.77828e+03  3.17e-19   7.53e-01   5.83e-02   6.08e-02   5.92e-02   1.20e-02   1.19e-02   2.92e-02   1.46e-02   1.08e-03   8.35e-08   
2.05353e+03  4.65e-19   6.17e-01   7.59e-02   5.81e-02   1.07e-01   3.61e-02   3.29e-02   4.73e-02   2.37e-02   1.83e-03   1.35e-07   
2.37137e+03  7.08e-19   4.39e-01   8.82e-02   5.07e-02   1.65e-01   8.37e-02   6.86e-02   6.79e-02   3.40e-02   2.71e-03   1.95e-07   
2.73842e+03  8.44e-19   3.39e-01   8.98e-02   4.53e-02   1.99e-01   1.20e-01   8.67e-02   7.83e-02   3.91e-02   3.21e-03   2.24e-07   
3.16228e+03  7.55e-19   2.99e-01   8.84e-02   4.24e-02   2.16e-01   1.36e-01   9.01e-02   8.27e-02   4.13e-02   3.46e-03   2.37e-07   
3.65174e+03  5.85e-19   2.81e-01   8.64e-02   4.11e-02   2.26e-01   1.47e-01   8.86e-02   8.48e-02   4.24e-02   3.61e-03   2.43e-07   
4.21697e+03  4.29e-19   2.73e-01   8.49e-02   4.08e-02   2.31e-01   1.52e-01   8.56e-02   8.58e-02   4.29e-02   3.68e-03   2.47e-07   
4.86968e+03  3.16e-19   2.71e-01   8.38e-02   4.14e-02   2.34e-01   1.55e-01   8.16e-02   8.61e-02   4.30e-02   3.73e-03   2.46e-07   
5.62341e+03  2.40e-19   2.75e-01   8.30e-02   4.26e-02   2.36e-01   1.54e-01   7.72e-02   8.55e-02   4.30e-02   3.73e-03   2.45e-07   
6.49382e+03  1.89e-19   2.82e-01   8.27e-02   4.41e-02   2.37e-01   1.52e-01   7.26e-02   8.43e-02   4.23e-02   3.71e-03   2.42e-07   
7.49894e+03  1.53e-19   2.92e-01   8.24e-02   4.62e-02   2.36e-01   1.48e-01   6.80e-02   8.30e-02   4.15e-02   3.65e-03   2.38e-07   
8.65964e+03  1.27e-19   3.04e-01   8.26e-02   4.85e-02   2.34e-01   1.42e-01   6.33e-02   8.10e-02   4.06e-02   3.58e-03   2.33e-07   
1.00000e+04  1.08e-19   3.17e-01   8.26e-02   5.13e-02   2.33e-01   1.36e-01   5.85e-02   7.93e-02   3.96e-02   3.50e-03   2.27e-07   
1.15478e+04  9.31e-20   3.29e-01   8.32e-02   5.38e-02   2.32e-01   1.29e-01   5.39e-02   7.72e-02   3.87e-02   3.43e-03   2.21e-07   
1.33352e+04  8.20e-20   3.38e-01   8.42e-02   5.65e-02   2.33e-01   1.22e-01   4.99e-02   7.55e-02   3.77e-02   3.35e-03   2.17e-07   
1.53993e+04  7.39e-20   3.42e-01   8.59e-02   5.86e-02   2.36e-01   1.17e-01   4.64e-02   7.40e-02   3.71e-02   3.30e-03   2.12e-07   
1.77828e+04  6.81e-20   3.39e-01   8.89e-02   6.02e-02   2.42e-01   1.12e-01   4.39e-02   7.33e-02   3.67e-02   3.28e-03   2.10e-07   
2.05353e+04  6.40e-20   3.30e-01   9.27e-02   6.11e-02   2.53e-01   1.08e-01   4.20e-02   7.30e-02   3.66e-02   3.27e-03   2.09e-07   
2.37137e+04  6.04e-20   3.16e-01   9.76e-02   6.17e-02   2.66e-01   1.05e-01   4.05e-02   7.31e-02   3.66e-02   3.29e-03   2.10e-07   
2.73842e+04  5.66e-20   2.99e-01   1.04e-01   6.20e-02   2.83e-01   1.00e-01   3.92e-02   7.34e-02   3.66e-02   3.31e-03   2.10e-07   
3.16228e+04  5.19e-20   2.81e-01   1.10e-01   6.25e-02   3.01e-01   9.48e-02   3.74e-02   7.33e-02   3.66e-02   3.32e-03   2.10e-07   
3.65174e+04  4.61e-20   2.65e-01   1.17e-01   6.34e-02   3.19e-01   8.79e-02   3.51e-02   7.29e-02   3.64e-02   3.32e-03   2.09e-07   
4.21697e+04  3.96e-20   2.50e-01   1.26e-01   6.47e-02   3.36e-01   7.94e-02   3.26e-02   7.20e-02   3.61e-02   3.31e-03   2.07e-07   
4.86968e+04  3.27e-20   2.34e-01   1.35e-01   6.67e-02   3.55e-01   6.98e-02   2.96e-02   7.10e-02   3.55e-02   3.27e-03   2.04e-07   
5.62341e+04  2.58e-20   2.20e-01   1.46e-01   6.99e-02   3.72e-01   5.94e-02   2.64e-02   6.95e-02   3.47e-02   3.23e-03   1.99e-07   
6.49382e+04  1.93e-20   2.05e-01   1.58e-01   7.46e-02   3.87e-01   4.82e-02   2.30e-02   6.74e-02   3.37e-02   3.18e-03   1.94e-07   
7.49894e+04  1.36e-20   1.92e-01   1.72e-01   8.14e-02   3.97e-01   3.72e-02   1.95e-02   6.51e-02   3.25e-02   3.10e-03   1.87e-07   
8.65964e+04  9.04e-21   1.81e-01   1.88e-01   9.12e-02   4.00e-01   2.69e-02   1.59e-02   6.22e-02   3.11e-02   3.01e-03   1.78e-07   
1.00000e+05  5.63e-21   1.74e-01   2.06e-01   1.06e-01   3.92e-01   1.81e-02   1.24e-02   5.84e-02   2.93e-02   2.88e-03   1.68e-07   
1.15478e+05  3.30e-21   1.73e-01   2.25e-01   1.29e-01   3.69e-01   1.11e-02   9.05e-03   5.42e-02   2.71e-02   2.71e-03   1.56e-07   
1.33352e+05  1.87e-21   1.80e-01   2.43e-01   1.62e-01   3.27e-01   6.31e-03   6.20e-03   4.91e-02   2.46e-02   2.49e-03   1.41e-07   
1.53993e+05  1.07e-21   1.94e-01   2.55e-01   2.11e-01   2.67e-01   3.29e-03   3.97e-03   4.31e-02   2.15e-02   2.20e-03   1.24e-07   
1.77828e+05  6.27e-22   2.15e-01   2.55e-01   2.79e-01   1.91e-01   1.51e-03   2.34e-03   3.56e-02   1.79e-02   1.83e-03   1.02e-07   
2.05353e+05  2.94e-22   2.45e-01   2.18e-01   4.11e-01   8.80e-02   3.77e-04   9.28e-04   2.35e-02   1.18e-02   1.21e-03   6.76e-08   
2.37137e+05  4.16e-23   2.18e-01   1.20e-01   6.29e-01   1.67e-02   3.79e-05   2.07e-04   9.94e-03   4.97e-03   5.07e-04   2.86e-08   
2.73842e+05  3.45e-23   2.19e-01   1.18e-01   6.31e-01   1.61e-02   3.50e-05   1.92e-04   9.79e-03   4.89e-03   5.01e-04   2.81e-08   
3.16228e+05  3.12e-23   2.24e-01   1.17e-01   6.28e-01   1.56e-02   3.40e-05   1.80e-04   9.62e-03   4.81e-03   4.94e-04   2.77e-08   
3.65174e+05  2.84e-23   2.31e-01   1.16e-01   6.23e-01   1.54e-02   3.34e-05   1.72e-04   9.57e-03   4.78e-03   4.89e-04   2.75e-08   
4.21697e+05  2.59e-23   2.38e-01   1.15e-01   6.17e-01   1.52e-02   3.31e-05   1.65e-04   9.52e-03   4.78e-03   4.86e-04   2.75e-08   
4.86968e+05  2.39e-23   2.43e-01   1.15e-01   6.12e-01   1.52e-02   3.29e-05   1.60e-04   9.51e-03   4.78e-03   4.86e-04   2.74e-08   
5.62341e+05  2.22e-23   2.50e-01   1.15e-01   6.04e-01   1.53e-02   3.33e-05   1.56e-04   9.56e-03   4.78e-03   4.92e-04   2.76e-08   
6.49382e+05  2.13e-23   2.56e-01   1.16e-01   5.97e-01   1.57e-02   3.40e-05   1.55e-04   9.69e-03   4.84e-03   4.94e-04   2.79e-08   
7.49894e+05  2.18e-23   2.61e-01   1.19e-01   5.88e-01   1.65e-02   3.61e-05   1.57e-04   9.97e-03   5.01e-03   5.10e-04   2.87e-08   
8.65964e+05  4.02e-22   1.55e-01   2.66e-01   2.16e-01   2.88e-01   2.27e-03   3.01e-03   4.50e-02   2.25e-02   2.38e-03   1.30e-07   
1.00000e+06  3.13e-22   2.28e-01   2.38e-01   3.67e-01   1.22e-01   5.84e-04   1.24e-03   2.79e-02   1.40e-02   1.45e-03   8.04e-08   
1.15478e+06  2.84e-23   2.34e-01   1.16e-01   6.20e-01   1.54e-02   3.36e-05   1.70e-04   9.58e-03   4.79e-03   4.90e-04   2.75e-08   
1.33352e+06  2.30e-23   2.50e-01   1.16e-01   6.04e-01   1.54e-02   3.36e-05   1.57e-04   9.60e-03   4.78e-03   4.91e-04   2.76e-08   
1.53993e+06  2.39e-23   2.64e-01   1.22e-01   5.81e-01   1.76e-02   3.85e-05   1.64e-04   1.03e-02   5.14e-03   5.27e-04   2.96e-08   
1.77828e+06  4.09e-23   2.25e-01   1.19e-01   6.24e-01   1.64e-02   3.77e-05   1.98e-04   9.83e-03   4.92e-03   5.01e-04   2.84e-08   
2.05353e+06  2.37e-23   2.48e-01   1.15e-01   6.07e-01   1.54e-02   3.35e-05   1.58e-04   9.56e-03   4.80e-03   4.89e-04   2.75e-08   
2.37137e+06  4.64e-22   1.58e-01   2.65e-01   2.16e-01   2.87e-01   2.37e-03   3.15e-03   4.48e-02   2.24e-02   2.37e-03   1.29e-07   
2.73842e+06  2.51e-23   2.44e-01   1.15e-01   6.10e-01   1.53e-02   3.33e-05   1.61e-04   9.53e-03   4.79e-03   4.87e-04   2.75e-08   
3.16228e+06  4.58e-22   1.89e-01   2.62e-01   2.64e-01   2.21e-01   1.57e-03   2.40e-03   3.84e-02   1.92e-02   2.01e-03   1.11e-07   
3.65174e+06  2.25e-23   2.57e-01   1.17e-01   5.95e-01   1.60e-02   3.50e-05   1.57e-04   9.81e-03   4.88e-03   5.01e-04   2.82e-08   
4.21697e+06  2.49e-23   2.45e-01   1.15e-01   6.10e-01   1.53e-02   3.34e-05   1.60e-04   9.55e-03   4.77e-03   4.89e-04   2.75e-08   
4.86968e+06  2.78e-23   2.36e-01   1.15e-01   6.18e-01   1.53e-02   3.35e-05   1.67e-04   9.56e-03   4.78e-03   4.89e-04   2.75e-08   
5.62341e+06  2.71e-23   2.38e-01   1.15e-01   6.16e-01   1.53e-02   3.34e-05   1.66e-04   9.56e-03   4.76e-03   4.87e-04   2.75e-08   
6.49382e+06  2.34e-23   2.51e-01   1.16e-01   6.03e-01   1.55e-02   3.38e-05   1.57e-04   9.63e-03   4.79e-03   4.92e-04   2.77e-08   
7.49894e+06  3.94e-22   1.56e-01   2.67e-01   2.19e-01   2.84e-01   2.21e-03   2.97e-03   4.47e-02   2.24e-02   2.36e-03   1.29e-07   
8.65964e+06  2.42e-23   2.47e-01   1.15e-01   6.07e-01   1.54e-02   3.35e-05   1.59e-04   9.58e-03   4.79e-03   4.91e-04   2.76e-08   
1.00000e+07  2.88e-23   2.34e-01   1.15e-01   6.20e-01   1.54e-02   3.36e-05   1.70e-04   9.57e-03   4.78e-03   4.89e-04   2.75e-08   
1.15478e+07  2.58e-23   2.42e-01   1.15e-01   6.12e-01   1.53e-02   3.34e-05   1.63e-04   9.53e-03   4.77e-03   4.88e-04   2.75e-08   
1.33352e+07  2.55e-23   2.65e-01   1.24e-01   5.77e-01   1.82e-02   4.00e-05   1.68e-04   1.05e-02   5.22e-03   5.38e-04   3.02e-08   
1.53993e+07  2.26e-23   2.55e-01   1.17e-01   5.97e-01   1.58e-02   3.45e-05   1.56e-04   9.73e-03   4.86e-03   5.00e-04   2.80e-08   
1.77828e+07  2.29e-22   2.00e-01   2.63e-01   2.89e-01   1.91e-01   1.01e-03   1.68e-03   3.56e-02   1.78e-02   1.86e-03   1.02e-07   
2.05353e+07  2.27e-23   2.54e-01   1.16e-01   5.99e-01   1.57e-02   3.43e-05   1.56e-04   9.69e-03   4.84e-03   4.98e-04   2.79e-08   
2.37137e+07  4.59e-22   1.56e-01   2.64e-01   2.14e-01   2.90e-01   2.38e-03   3.14e-03   4.49e-02   2.25e-02   2.38e-03   1.30e-07   
2.73842e+07  4.35e-22   1.54e-01   2.65e-01   2.13e-01   2.92e-01   2.37e-03   3.11e-03   4.51e-02   2.26e-02   2.39e-03   1.30e-07   
