! 0       *H + *CH3O -> *H2CO + *H2
! 1       *H + *CH3O -> *CH3OH
! 2       *H + *CH3O -> CH3OH
! 3       *CH3O + CRPhoton -> *CH2 + *OH
! 4       *CH3 + *CH3O -> *CH3OCH3
! 5       *HCO + *CH3O -> *HCOOCH3
! 6       *CH3O + CRPhoton -> CH3O
! 7       *CH3 + *CH3O -> CH3OCH3
! 8       *HCO + *CH3O -> HCOOCH3
! 9       *CH3O + ISPhoton -> CH3O
!            tot_rate   0          1          2          3          4          5          6          7          8          9          
1.00000e+00  1.81e-20   4.94e-01   4.90e-01   4.94e-03   1.10e-02   2.29e-05   1.15e-06   5.29e-05   2.31e-07   1.16e-08   9.45e-12   
1.15478e+00  2.87e-20   4.96e-01   4.89e-01   4.96e-03   1.09e-02   2.54e-05   1.47e-06   5.20e-05   2.56e-07   1.48e-08   9.32e-12   
1.33352e+00  4.43e-20   4.94e-01   4.90e-01   4.94e-03   1.07e-02   2.80e-05   1.87e-06   5.17e-05   2.82e-07   1.89e-08   9.23e-12   
1.53993e+00  6.89e-20   4.95e-01   4.89e-01   4.95e-03   1.05e-02   3.02e-05   2.34e-06   5.02e-05   3.05e-07   2.35e-08   8.99e-12   
1.77828e+00  1.05e-19   4.95e-01   4.90e-01   4.95e-03   1.03e-02   3.26e-05   2.92e-06   4.94e-05   3.30e-07   2.95e-08   8.82e-12   
2.05353e+00  1.60e-19   4.95e-01   4.90e-01   4.95e-03   1.00e-02   3.52e-05   3.63e-06   4.83e-05   3.56e-07   3.67e-08   8.65e-12   
2.37137e+00  2.41e-19   4.95e-01   4.90e-01   4.95e-03   9.85e-03   3.79e-05   4.49e-06   4.74e-05   3.83e-07   4.53e-08   8.44e-12   
2.73842e+00  3.62e-19   4.94e-01   4.91e-01   4.94e-03   9.61e-03   4.06e-05   5.49e-06   4.61e-05   4.08e-07   5.55e-08   8.25e-12   
3.16228e+00  5.44e-19   4.95e-01   4.91e-01   4.95e-03   9.34e-03   4.32e-05   6.67e-06   4.49e-05   4.36e-07   6.73e-08   8.04e-12   
3.65174e+00  8.14e-19   4.95e-01   4.90e-01   4.95e-03   9.10e-03   4.59e-05   8.04e-06   4.38e-05   4.62e-07   8.11e-08   7.81e-12   
4.21697e+00  1.21e-18   4.96e-01   4.91e-01   4.96e-03   8.81e-03   4.82e-05   9.55e-06   4.24e-05   4.87e-07   9.71e-08   7.57e-12   
4.86968e+00  1.81e-18   4.96e-01   4.91e-01   4.96e-03   8.51e-03   5.05e-05   1.13e-05   4.10e-05   5.10e-07   1.14e-07   7.35e-12   
5.62341e+00  2.69e-18   4.95e-01   4.91e-01   4.95e-03   8.23e-03   5.25e-05   1.33e-05   3.95e-05   5.29e-07   1.34e-07   7.07e-12   
6.49382e+00  3.99e-18   4.96e-01   4.91e-01   4.96e-03   7.89e-03   5.41e-05   1.53e-05   3.78e-05   5.46e-07   1.54e-07   6.76e-12   
7.49894e+00  5.88e-18   4.96e-01   4.91e-01   4.96e-03   7.56e-03   5.56e-05   1.75e-05   3.64e-05   5.61e-07   1.77e-07   6.49e-12   
8.65964e+00  8.62e-18   4.97e-01   4.91e-01   4.97e-03   7.27e-03   5.72e-05   2.00e-05   3.49e-05   5.78e-07   2.02e-07   6.24e-12   
1.00000e+01  1.25e-17   4.96e-01   4.92e-01   4.96e-03   7.01e-03   5.89e-05   2.27e-05   3.37e-05   5.96e-07   2.29e-07   6.02e-12   
1.15478e+01  1.78e-17   4.96e-01   4.92e-01   4.96e-03   6.79e-03   6.11e-05   2.58e-05   3.27e-05   6.17e-07   2.60e-07   5.83e-12   
1.33352e+01  2.52e-17   4.96e-01   4.92e-01   4.96e-03   6.63e-03   6.31e-05   2.92e-05   3.18e-05   6.39e-07   2.95e-07   5.68e-12   
1.53993e+01  3.52e-17   4.97e-01   4.91e-01   4.97e-03   6.45e-03   6.53e-05   3.29e-05   3.10e-05   6.59e-07   3.32e-07   5.54e-12   
1.77828e+01  4.90e-17   4.96e-01   4.92e-01   4.96e-03   6.27e-03   6.74e-05   3.66e-05   3.02e-05   6.82e-07   3.70e-07   5.39e-12   
2.05353e+01  6.78e-17   4.97e-01   4.91e-01   4.97e-03   6.07e-03   6.97e-05   4.03e-05   2.91e-05   7.04e-07   4.07e-07   5.21e-12   
2.37137e+01  9.34e-17   4.97e-01   4.92e-01   4.97e-03   5.83e-03   7.20e-05   4.38e-05   2.80e-05   7.28e-07   4.42e-07   5.01e-12   
2.73842e+01  1.28e-16   4.97e-01   4.92e-01   4.97e-03   5.57e-03   7.51e-05   4.67e-05   2.68e-05   7.59e-07   4.72e-07   4.78e-12   
3.16228e+01  1.77e-16   4.97e-01   4.92e-01   4.97e-03   5.27e-03   7.92e-05   4.88e-05   2.53e-05   7.98e-07   4.93e-07   4.53e-12   
3.65174e+01  2.43e-16   4.97e-01   4.93e-01   4.97e-03   4.93e-03   8.42e-05   4.97e-05   2.37e-05   8.50e-07   5.01e-07   4.23e-12   
4.21697e+01  3.39e-16   4.98e-01   4.92e-01   4.98e-03   4.54e-03   9.05e-05   4.83e-05   2.18e-05   9.14e-07   4.89e-07   3.89e-12   
4.86968e+01  4.76e-16   4.97e-01   4.93e-01   4.97e-03   4.09e-03   9.95e-05   4.51e-05   1.97e-05   1.01e-06   4.56e-07   3.51e-12   
5.62341e+01  6.81e-16   4.98e-01   4.93e-01   4.98e-03   3.57e-03   1.12e-04   3.92e-05   1.72e-05   1.13e-06   3.95e-07   3.07e-12   
6.49382e+01  1.00e-15   4.98e-01   4.93e-01   4.98e-03   2.96e-03   1.30e-04   3.02e-05   1.42e-05   1.31e-06   3.05e-07   2.54e-12   
7.49894e+01  1.53e-15   4.99e-01   4.94e-01   4.99e-03   2.24e-03   1.54e-04   1.88e-05   1.08e-05   1.56e-06   1.90e-07   1.93e-12   
8.65964e+01  2.43e-15   4.99e-01   4.95e-01   4.99e-03   1.41e-03   1.81e-04   7.42e-06   6.80e-06   1.83e-06   7.46e-08   1.21e-12   
1.00000e+02  3.27e-15   4.99e-01   4.96e-01   4.99e-03   4.38e-04   1.43e-04   4.50e-07   2.11e-06   1.44e-06   4.53e-09   3.76e-13   
1.15478e+02  1.50e-17   5.00e-01   4.95e-01   5.00e-03   1.37e-07   7.00e-07   4.33e-15   6.56e-10   7.07e-09   4.37e-17   1.17e-16   
1.33352e+02  1.63e-17   5.00e-01   4.95e-01   5.00e-03   9.87e-08   5.30e-07   2.70e-15   4.73e-10   5.35e-09   2.72e-17   8.46e-17   
1.53993e+02  1.90e-17   5.00e-01   4.95e-01   5.00e-03   6.84e-08   3.54e-07   1.65e-15   3.30e-10   3.58e-09   1.66e-17   5.89e-17   
1.77828e+02  2.57e-17   5.01e-01   4.94e-01   5.01e-03   4.35e-08   1.87e-07   9.13e-16   2.09e-10   1.89e-09   9.25e-18   3.73e-17   
2.05353e+02  4.48e-17   5.00e-01   4.95e-01   5.00e-03   2.32e-08   6.56e-08   4.35e-16   1.11e-10   6.63e-10   4.39e-18   1.99e-17   
2.37137e+02  8.24e-17   5.00e-01   4.95e-01   5.00e-03   1.25e-08   2.14e-08   2.26e-16   5.98e-11   2.16e-10   2.28e-18   1.07e-17   
2.73842e+02  1.34e-16   5.00e-01   4.95e-01   5.00e-03   7.68e-09   8.87e-09   1.45e-16   3.70e-11   8.94e-11   1.46e-18   6.60e-18   
3.16228e+02  2.10e-16   5.00e-01   4.95e-01   5.00e-03   5.00e-09   4.05e-09   1.01e-16   2.41e-11   4.09e-11   1.03e-18   4.31e-18   
3.65174e+02  3.38e-16   5.00e-01   4.95e-01   5.00e-03   3.32e-09   1.87e-09   7.49e-17   1.59e-11   1.89e-11   7.58e-19   2.85e-18   
4.21697e+02  5.78e-16   5.00e-01   4.95e-01   5.00e-03   2.20e-09   8.65e-10   5.83e-17   1.06e-11   8.74e-12   5.88e-19   1.89e-18   
4.86968e+02  1.10e-15   5.00e-01   4.95e-01   5.00e-03   1.45e-09   3.91e-10   4.72e-17   6.96e-12   3.94e-12   4.77e-19   1.24e-18   
5.62341e+02  2.30e-15   5.00e-01   4.95e-01   5.00e-03   9.30e-10   1.67e-10   3.91e-17   4.48e-12   1.69e-12   3.95e-19   7.99e-19   
6.49382e+02  5.32e-15   5.00e-01   4.95e-01   5.00e-03   5.57e-10   6.19e-11   3.10e-17   2.69e-12   6.24e-13   3.14e-19   4.80e-19   
7.49894e+02  1.47e-14   5.00e-01   4.95e-01   5.00e-03   2.75e-10   1.54e-11   2.05e-17   1.22e-12   1.56e-13   2.07e-19   2.18e-19   
8.65964e+02  9.65e-14   5.00e-01   4.95e-01   5.00e-03   5.65e-11   6.60e-13   5.67e-18   2.11e-13   6.67e-15   5.72e-20   3.77e-20   
1.00000e+03  3.26e-13   5.01e-01   4.94e-01   5.01e-03   2.16e-11   9.64e-14   2.86e-18   6.79e-14   9.73e-16   2.89e-20   1.21e-20   
1.15478e+03  4.54e-13   5.00e-01   4.95e-01   5.00e-03   2.01e-11   8.34e-14   3.57e-18   5.31e-14   8.43e-16   3.59e-20   9.49e-21   
1.33352e+03  6.32e-13   5.00e-01   4.95e-01   5.00e-03   1.88e-11   7.34e-14   4.56e-18   4.21e-14   7.42e-16   4.60e-20   7.53e-21   
1.53993e+03  8.72e-13   5.00e-01   4.95e-01   5.00e-03   1.80e-11   6.49e-14   5.96e-18   3.40e-14   6.56e-16   6.02e-20   6.09e-21   
1.77828e+03  1.19e-12   5.00e-01   4.95e-01   5.00e-03   1.74e-11   5.65e-14   7.97e-18   2.79e-14   5.71e-16   8.05e-20   5.01e-21   
2.05353e+03  1.59e-12   5.00e-01   4.95e-01   5.00e-03   1.72e-11   4.48e-14   1.09e-17   2.36e-14   4.53e-16   1.10e-19   4.22e-21   
2.37137e+03  2.08e-12   5.00e-01   4.95e-01   5.00e-03   1.73e-11   2.83e-14   1.50e-17   2.05e-14   2.86e-16   1.52e-19   3.66e-21   
2.73842e+03  2.59e-12   5.01e-01   4.94e-01   5.01e-03   1.79e-11   1.73e-14   2.09e-17   1.85e-14   1.75e-16   2.11e-19   3.32e-21   
3.16228e+03  3.11e-12   4.99e-01   4.96e-01   4.99e-03   1.86e-11   1.54e-14   2.80e-17   1.70e-14   1.55e-16   2.83e-19   3.04e-21   
3.65174e+03  3.66e-12   5.00e-01   4.95e-01   5.00e-03   1.91e-11   1.59e-14   3.55e-17   1.54e-14   1.61e-16   3.58e-19   2.76e-21   
4.21697e+03  4.24e-12   5.00e-01   4.95e-01   5.00e-03   1.93e-11   1.67e-14   4.27e-17   1.38e-14   1.69e-16   4.31e-19   2.48e-21   
4.86968e+03  4.83e-12   5.01e-01   4.94e-01   5.01e-03   1.92e-11   1.75e-14   4.94e-17   1.22e-14   1.77e-16   4.99e-19   2.19e-21   
5.62341e+03  5.44e-12   5.00e-01   4.95e-01   5.00e-03   1.89e-11   1.83e-14   5.48e-17   1.08e-14   1.84e-16   5.54e-19   1.93e-21   
6.49382e+03  6.04e-12   5.00e-01   4.95e-01   5.00e-03   1.85e-11   1.90e-14   5.86e-17   9.40e-15   1.92e-16   5.91e-19   1.69e-21   
7.49894e+03  6.64e-12   5.00e-01   4.95e-01   5.00e-03   1.79e-11   1.96e-14   5.99e-17   8.10e-15   1.97e-16   6.05e-19   1.45e-21   
8.65964e+03  7.19e-12   5.00e-01   4.95e-01   5.00e-03   1.70e-11   2.00e-14   5.93e-17   6.92e-15   2.02e-16   5.98e-19   1.24e-21   
1.00000e+04  7.66e-12   5.00e-01   4.95e-01   5.00e-03   1.61e-11   2.02e-14   5.63e-17   5.85e-15   2.04e-16   5.68e-19   1.05e-21   
1.15478e+04  8.04e-12   5.00e-01   4.95e-01   5.00e-03   1.49e-11   2.01e-14   5.12e-17   4.90e-15   2.03e-16   5.17e-19   8.78e-22   
1.33352e+04  8.26e-12   5.00e-01   4.95e-01   5.00e-03   1.38e-11   1.97e-14   4.50e-17   4.07e-15   1.99e-16   4.55e-19   7.31e-22   
1.53993e+04  8.32e-12   5.00e-01   4.95e-01   5.00e-03   1.26e-11   1.91e-14   3.83e-17   3.36e-15   1.92e-16   3.87e-19   6.04e-22   
1.77828e+04  8.20e-12   5.00e-01   4.95e-01   5.00e-03   1.16e-11   1.83e-14   3.19e-17   2.79e-15   1.85e-16   3.22e-19   5.01e-22   
2.05353e+04  7.92e-12   5.00e-01   4.95e-01   5.00e-03   1.07e-11   1.77e-14   2.64e-17   2.34e-15   1.79e-16   2.66e-19   4.19e-22   
2.37137e+04  7.52e-12   5.00e-01   4.95e-01   5.00e-03   9.96e-12   1.73e-14   2.18e-17   1.97e-15   1.74e-16   2.19e-19   3.55e-22   
2.73842e+04  7.02e-12   5.00e-01   4.95e-01   5.00e-03   9.37e-12   1.70e-14   1.81e-17   1.70e-15   1.71e-16   1.82e-19   3.05e-22   
3.16228e+04  6.46e-12   5.00e-01   4.95e-01   5.00e-03   8.85e-12   1.67e-14   1.50e-17   1.47e-15   1.69e-16   1.52e-19   2.65e-22   
3.65174e+04  5.84e-12   5.00e-01   4.95e-01   5.00e-03   8.44e-12   1.66e-14   1.25e-17   1.29e-15   1.67e-16   1.26e-19   2.31e-22   
4.21697e+04  5.18e-12   5.00e-01   4.95e-01   5.00e-03   8.06e-12   1.63e-14   1.02e-17   1.14e-15   1.65e-16   1.03e-19   2.05e-22   
4.86968e+04  4.48e-12   5.00e-01   4.95e-01   5.00e-03   7.72e-12   1.60e-14   8.21e-18   1.02e-15   1.61e-16   8.30e-20   1.83e-22   
5.62341e+04  3.76e-12   5.00e-01   4.95e-01   5.00e-03   7.42e-12   1.55e-14   6.49e-18   9.23e-16   1.57e-16   6.57e-20   1.66e-22   
6.49382e+04  3.07e-12   4.99e-01   4.96e-01   4.99e-03   7.11e-12   1.49e-14   4.99e-18   8.38e-16   1.51e-16   5.06e-20   1.51e-22   
7.49894e+04  2.40e-12   5.00e-01   4.95e-01   5.00e-03   6.87e-12   1.43e-14   3.75e-18   7.70e-16   1.45e-16   3.79e-20   1.39e-22   
8.65964e+04  1.82e-12   5.00e-01   4.95e-01   5.00e-03   6.61e-12   1.36e-14   2.71e-18   7.10e-16   1.38e-16   2.74e-20   1.28e-22   
1.00000e+05  1.31e-12   5.00e-01   4.95e-01   5.00e-03   6.42e-12   1.30e-14   1.91e-18   6.67e-16   1.31e-16   1.93e-20   1.20e-22   
1.15478e+05  9.12e-13   5.00e-01   4.95e-01   5.00e-03   6.25e-12   1.24e-14   1.31e-18   6.31e-16   1.25e-16   1.33e-20   1.13e-22   
1.33352e+05  6.20e-13   5.00e-01   4.95e-01   5.00e-03   6.11e-12   1.20e-14   8.84e-19   6.03e-16   1.21e-16   8.92e-21   1.09e-22   
1.53993e+05  4.22e-13   5.00e-01   4.95e-01   5.00e-03   6.02e-12   1.18e-14   5.99e-19   5.85e-16   1.20e-16   6.06e-21   1.05e-22   
1.77828e+05  2.93e-13   5.01e-01   4.94e-01   5.01e-03   5.93e-12   1.21e-14   4.12e-19   5.69e-16   1.22e-16   4.16e-21   1.02e-22   
2.05353e+05  1.90e-13   5.00e-01   4.95e-01   5.00e-03   5.88e-12   1.31e-14   2.60e-19   5.52e-16   1.32e-16   2.63e-21   9.98e-23   
2.37137e+05  9.56e-14   5.00e-01   4.95e-01   5.00e-03   5.81e-12   1.50e-14   1.25e-19   5.37e-16   1.51e-16   1.26e-21   9.66e-23   
2.73842e+05  8.85e-14   5.00e-01   4.95e-01   5.00e-03   5.81e-12   1.66e-14   1.16e-19   5.32e-16   1.68e-16   1.17e-21   9.57e-23   
3.16228e+05  8.83e-14   5.00e-01   4.95e-01   5.00e-03   5.81e-12   1.81e-14   1.17e-19   5.27e-16   1.83e-16   1.18e-21   9.50e-23   
3.65174e+05  8.89e-14   5.00e-01   4.95e-01   5.00e-03   5.81e-12   1.97e-14   1.18e-19   5.25e-16   1.99e-16   1.19e-21   9.44e-23   
4.21697e+05  8.96e-14   5.00e-01   4.95e-01   5.00e-03   5.82e-12   2.12e-14   1.18e-19   5.22e-16   2.14e-16   1.19e-21   9.40e-23   
4.86968e+05  9.04e-14   5.00e-01   4.95e-01   5.00e-03   5.82e-12   2.27e-14   1.20e-19   5.20e-16   2.29e-16   1.21e-21   9.35e-23   
5.62341e+05  9.12e-14   5.00e-01   4.95e-01   5.00e-03   5.83e-12   2.40e-14   1.21e-19   5.17e-16   2.44e-16   1.22e-21   9.30e-23   
6.49382e+05  9.20e-14   5.00e-01   4.95e-01   5.00e-03   5.84e-12   2.54e-14   1.23e-19   5.15e-16   2.58e-16   1.24e-21   9.26e-23   
7.49894e+05  9.33e-14   5.00e-01   4.95e-01   5.00e-03   5.84e-12   2.68e-14   1.24e-19   5.13e-16   2.70e-16   1.25e-21   9.22e-23   
8.65964e+05  2.38e-13   5.00e-01   4.95e-01   5.00e-03   5.96e-12   2.33e-14   3.59e-19   5.37e-16   2.35e-16   3.63e-21   9.66e-23   
1.00000e+06  1.89e-13   5.00e-01   4.95e-01   5.00e-03   5.88e-12   1.47e-14   2.65e-19   5.45e-16   1.49e-16   2.68e-21   9.80e-23   
1.15478e+06  8.95e-14   5.00e-01   4.95e-01   5.00e-03   5.82e-12   2.02e-14   1.18e-19   5.24e-16   2.04e-16   1.19e-21   9.41e-23   
1.33352e+06  9.15e-14   5.00e-01   4.95e-01   5.00e-03   5.84e-12   2.42e-14   1.21e-19   5.17e-16   2.45e-16   1.22e-21   9.30e-23   
1.53993e+06  9.44e-14   5.00e-01   4.95e-01   5.00e-03   5.84e-12   2.71e-14   1.26e-19   5.12e-16   2.73e-16   1.27e-21   9.21e-23   
1.77828e+06  1.01e-13   5.00e-01   4.95e-01   5.00e-03   5.80e-12   1.58e-14   1.32e-19   5.33e-16   1.60e-16   1.33e-21   9.58e-23   
2.05353e+06  9.14e-14   5.00e-01   4.95e-01   5.00e-03   5.82e-12   2.38e-14   1.22e-19   5.17e-16   2.40e-16   1.23e-21   9.30e-23   
2.37137e+06  2.55e-13   5.01e-01   4.94e-01   5.01e-03   5.99e-12   2.01e-14   3.85e-19   5.48e-16   2.03e-16   3.89e-21   9.83e-23   
2.73842e+06  9.08e-14   5.00e-01   4.95e-01   5.00e-03   5.83e-12   2.27e-14   1.20e-19   5.19e-16   2.29e-16   1.21e-21   9.34e-23   
3.16228e+06  2.42e-13   5.00e-01   4.95e-01   5.00e-03   5.95e-12   1.56e-14   3.54e-19   5.53e-16   1.58e-16   3.57e-21   9.91e-23   
3.65174e+06  9.27e-14   5.00e-01   4.95e-01   5.00e-03   5.84e-12   2.58e-14   1.23e-19   5.14e-16   2.61e-16   1.25e-21   9.25e-23   
4.21697e+06  9.09e-14   5.00e-01   4.95e-01   5.00e-03   5.82e-12   2.28e-14   1.20e-19   5.18e-16   2.31e-16   1.22e-21   9.33e-23   
4.86968e+06  9.00e-14   5.00e-01   4.95e-01   5.00e-03   5.81e-12   2.09e-14   1.19e-19   5.21e-16   2.11e-16   1.20e-21   9.39e-23   
5.62341e+06  9.02e-14   5.00e-01   4.95e-01   5.00e-03   5.82e-12   2.13e-14   1.20e-19   5.21e-16   2.15e-16   1.21e-21   9.37e-23   
6.49382e+06  9.16e-14   5.00e-01   4.95e-01   5.00e-03   5.83e-12   2.41e-14   1.21e-19   5.17e-16   2.45e-16   1.23e-21   9.29e-23   
7.49894e+06  2.32e-13   5.00e-01   4.95e-01   5.00e-03   5.99e-12   2.38e-14   3.54e-19   5.38e-16   2.40e-16   3.58e-21   9.65e-23   
8.65964e+06  9.12e-14   5.00e-01   4.95e-01   5.00e-03   5.83e-12   2.34e-14   1.21e-19   5.18e-16   2.36e-16   1.22e-21   9.31e-23   
1.00000e+07  8.96e-14   5.00e-01   4.95e-01   5.00e-03   5.82e-12   2.03e-14   1.18e-19   5.23e-16   2.05e-16   1.19e-21   9.41e-23   
1.15478e+07  9.06e-14   5.00e-01   4.95e-01   5.00e-03   5.82e-12   2.22e-14   1.20e-19   5.20e-16   2.24e-16   1.21e-21   9.35e-23   
1.33352e+07  9.50e-14   5.00e-01   4.95e-01   5.00e-03   5.84e-12   2.73e-14   1.27e-19   5.12e-16   2.75e-16   1.28e-21   9.20e-23   
1.53993e+07  9.24e-14   5.00e-01   4.95e-01   5.00e-03   5.84e-12   2.53e-14   1.22e-19   5.14e-16   2.57e-16   1.25e-21   9.26e-23   
1.77828e+07  1.53e-13   5.00e-01   4.95e-01   5.00e-03   5.89e-12   2.67e-14   2.18e-19   5.17e-16   2.69e-16   2.20e-21   9.28e-23   
2.05353e+07  9.22e-14   5.00e-01   4.95e-01   5.00e-03   5.84e-12   2.52e-14   1.23e-19   5.15e-16   2.54e-16   1.24e-21   9.27e-23   
2.37137e+07  2.54e-13   4.99e-01   4.96e-01   4.99e-03   5.98e-12   2.05e-14   3.83e-19   5.43e-16   2.06e-16   3.87e-21   9.79e-23   
2.73842e+07  2.47e-13   5.02e-01   4.93e-01   5.02e-03   5.99e-12   2.19e-14   3.74e-19   5.42e-16   2.21e-16   3.78e-21   9.75e-23   
