! 0       HC2O + C+ -> C + HC2O+
! 1       HC2O + H -> CO + CH2
! 2       HC2O + O -> CO + CO + H
! 3       HC2O + He+ -> CH + He + CO+
! 4       HC2O + CRPhoton -> CH + CO
! 5       HC2O + H3+ -> H2 + CH2CO+
! 6       HC2O + HCO+ -> CO + CH2CO+
! 7       HC2O + H3O+ -> H2O + CH2CO+
! 8       HC2O + GRAIN -> *HC2O + GRAIN
! 9       HC2O + O -> CO2 + CH
!            tot_rate   0          1          2          3          4          5          6          7          8          9          
1.00000e+00  1.74e-21   9.90e-01   5.93e-05   9.78e-03   2.72e-04   1.09e-04   1.66e-05   5.44e-09   9.21e-09   1.52e-06   1.59e-27   
1.15478e+00  3.60e-21   9.90e-01   6.98e-05   9.79e-03   3.14e-04   1.09e-04   1.67e-05   5.87e-09   9.29e-09   1.52e-06   1.62e-27   
1.33352e+00  7.25e-21   9.90e-01   8.20e-05   9.83e-03   3.63e-04   1.10e-04   1.68e-05   6.34e-09   9.37e-09   1.53e-06   1.66e-27   
1.53993e+00  1.42e-20   9.90e-01   9.61e-05   9.83e-03   4.18e-04   1.09e-04   1.68e-05   6.84e-09   9.40e-09   1.53e-06   1.71e-27   
1.77828e+00  2.71e-20   9.89e-01   1.14e-04   9.89e-03   4.84e-04   1.10e-04   1.70e-05   7.42e-09   9.56e-09   1.54e-06   1.77e-27   
2.05353e+00  4.99e-20   9.89e-01   1.34e-04   9.93e-03   5.61e-04   1.11e-04   1.72e-05   8.05e-09   9.69e-09   1.55e-06   1.85e-27   
2.37137e+00  8.90e-20   9.89e-01   1.58e-04   9.98e-03   6.47e-04   1.11e-04   1.73e-05   8.73e-09   9.83e-09   1.55e-06   1.93e-27   
2.73842e+00  1.53e-19   9.89e-01   1.88e-04   1.00e-02   7.47e-04   1.12e-04   1.76e-05   9.50e-09   1.00e-08   1.57e-06   2.06e-27   
3.16228e+00  2.54e-19   9.89e-01   2.22e-04   1.01e-02   8.67e-04   1.13e-04   1.78e-05   1.02e-08   1.02e-08   1.58e-06   2.20e-27   
3.65174e+00  4.10e-19   9.88e-01   2.61e-04   1.02e-02   9.98e-04   1.13e-04   1.80e-05   1.10e-08   1.04e-08   1.58e-06   2.37e-27   
4.21697e+00  6.42e-19   9.88e-01   3.12e-04   1.02e-02   1.15e-03   1.14e-04   1.82e-05   1.19e-08   1.07e-08   1.61e-06   2.62e-27   
4.86968e+00  9.83e-19   9.88e-01   3.68e-04   1.04e-02   1.33e-03   1.16e-04   1.86e-05   1.28e-08   1.11e-08   1.62e-06   2.92e-27   
5.62341e+00  1.48e-18   9.87e-01   4.37e-04   1.05e-02   1.54e-03   1.17e-04   1.91e-05   1.37e-08   1.14e-08   1.64e-06   3.31e-27   
6.49382e+00  2.19e-18   9.87e-01   5.16e-04   1.06e-02   1.78e-03   1.18e-04   1.95e-05   1.47e-08   1.19e-08   1.65e-06   3.85e-27   
7.49894e+00  3.17e-18   9.86e-01   6.15e-04   1.07e-02   2.06e-03   1.20e-04   2.01e-05   1.57e-08   1.25e-08   1.68e-06   4.60e-27   
8.65964e+00  4.51e-18   9.86e-01   7.31e-04   1.09e-02   2.39e-03   1.22e-04   2.08e-05   1.68e-08   1.31e-08   1.72e-06   5.65e-27   
1.00000e+01  6.28e-18   9.85e-01   8.67e-04   1.11e-02   2.75e-03   1.24e-04   2.15e-05   1.80e-08   1.40e-08   1.75e-06   7.15e-27   
1.15478e+01  8.52e-18   9.84e-01   1.03e-03   1.14e-02   3.19e-03   1.27e-04   2.25e-05   1.92e-08   1.49e-08   1.79e-06   9.40e-27   
1.33352e+01  1.13e-17   9.83e-01   1.24e-03   1.17e-02   3.69e-03   1.30e-04   2.37e-05   2.07e-08   1.62e-08   1.85e-06   1.29e-26   
1.53993e+01  1.48e-17   9.82e-01   1.47e-03   1.19e-02   4.25e-03   1.33e-04   2.49e-05   2.24e-08   1.76e-08   1.90e-06   1.84e-26   
1.77828e+01  1.89e-17   9.81e-01   1.77e-03   1.24e-02   4.90e-03   1.38e-04   2.66e-05   2.45e-08   1.95e-08   1.97e-06   2.80e-26   
2.05353e+01  2.38e-17   9.79e-01   2.12e-03   1.28e-02   5.63e-03   1.43e-04   2.85e-05   2.70e-08   2.18e-08   2.05e-06   4.50e-26   
2.37137e+01  2.95e-17   9.77e-01   2.56e-03   1.33e-02   6.48e-03   1.49e-04   3.09e-05   3.01e-08   2.48e-08   2.15e-06   7.74e-26   
2.73842e+01  3.60e-17   9.75e-01   3.11e-03   1.39e-02   7.42e-03   1.56e-04   3.39e-05   3.42e-08   2.86e-08   2.26e-06   1.43e-25   
3.16228e+01  4.34e-17   9.73e-01   3.76e-03   1.46e-02   8.42e-03   1.64e-04   3.74e-05   3.90e-08   3.37e-08   2.40e-06   2.84e-25   
3.65174e+01  5.14e-17   9.70e-01   4.61e-03   1.55e-02   9.53e-03   1.74e-04   4.16e-05   4.57e-08   4.01e-08   2.55e-06   6.20e-25   
4.21697e+01  6.02e-17   9.67e-01   5.67e-03   1.65e-02   1.07e-02   1.86e-04   4.72e-05   5.42e-08   4.90e-08   2.74e-06   1.48e-24   
4.86968e+01  6.95e-17   9.63e-01   7.03e-03   1.77e-02   1.19e-02   2.00e-04   5.41e-05   6.58e-08   6.12e-08   2.98e-06   3.92e-24   
5.62341e+01  7.91e-17   9.59e-01   8.75e-03   1.91e-02   1.32e-02   2.16e-04   6.31e-05   8.16e-08   7.85e-08   3.26e-06   1.15e-23   
6.49382e+01  8.87e-17   9.54e-01   1.10e-02   2.09e-02   1.43e-02   2.37e-04   7.50e-05   1.04e-07   1.03e-07   3.62e-06   3.73e-23   
7.49894e+01  9.81e-17   9.47e-01   1.40e-02   2.30e-02   1.53e-02   2.61e-04   9.03e-05   1.36e-07   1.41e-07   4.04e-06   1.36e-22   
8.65964e+01  1.06e-16   9.40e-01   1.78e-02   2.56e-02   1.63e-02   2.92e-04   1.12e-04   1.84e-07   1.97e-07   4.58e-06   5.43e-22   
1.00000e+02  1.03e-16   9.31e-01   2.30e-02   2.89e-02   1.70e-02   3.31e-04   1.40e-04   2.56e-07   2.87e-07   5.26e-06   2.40e-21   
1.15478e+02  3.31e-20   9.19e-01   3.00e-02   3.29e-02   1.78e-02   3.78e-04   1.82e-04   3.72e-07   4.35e-07   6.14e-06   1.15e-20   
1.33352e+02  4.07e-20   9.03e-01   3.95e-02   3.80e-02   1.85e-02   4.39e-04   2.42e-04   5.62e-07   6.92e-07   7.24e-06   5.89e-20   
1.53993e+02  4.95e-20   8.83e-01   5.25e-02   4.46e-02   1.94e-02   5.17e-04   3.31e-04   8.95e-07   1.15e-06   8.68e-06   3.17e-19   
1.77828e+02  5.90e-20   8.55e-01   7.01e-02   5.28e-02   2.07e-02   6.15e-04   4.66e-04   1.49e-06   2.00e-06   1.06e-05   1.76e-18   
2.05353e+02  6.88e-20   8.19e-01   9.40e-02   6.29e-02   2.22e-02   7.37e-04   6.65e-04   2.56e-06   3.59e-06   1.29e-05   9.79e-18   
2.37137e+02  7.85e-20   7.73e-01   1.26e-01   7.50e-02   2.43e-02   8.84e-04   9.61e-04   4.49e-06   6.63e-06   1.59e-05   5.45e-17   
2.73842e+02  8.98e-20   7.15e-01   1.67e-01   8.89e-02   2.64e-02   1.05e-03   1.38e-03   7.95e-06   1.24e-05   1.94e-05   3.01e-16   
3.16228e+02  1.05e-19   6.46e-01   2.18e-01   1.03e-01   2.85e-02   1.24e-03   1.96e-03   1.39e-05   2.27e-05   2.34e-05   1.65e-15   
3.65174e+02  1.29e-19   5.68e-01   2.80e-01   1.18e-01   2.98e-02   1.43e-03   2.70e-03   2.33e-05   4.03e-05   2.76e-05   9.04e-15   
4.21697e+02  1.65e-19   4.86e-01   3.48e-01   1.31e-01   3.00e-02   1.60e-03   3.54e-03   3.76e-05   6.83e-05   3.17e-05   4.96e-14   
4.86968e+02  2.15e-19   4.05e-01   4.19e-01   1.40e-01   2.89e-02   1.73e-03   4.43e-03   5.73e-05   1.08e-04   3.54e-05   2.74e-13   
5.62341e+02  2.74e-19   3.32e-01   4.89e-01   1.45e-01   2.66e-02   1.81e-03   5.22e-03   8.18e-05   1.59e-04   3.83e-05   1.51e-12   
6.49382e+02  3.37e-19   2.70e-01   5.55e-01   1.44e-01   2.33e-02   1.83e-03   5.79e-03   1.09e-04   2.12e-04   4.04e-05   8.22e-12   
7.49894e+02  3.96e-19   2.20e-01   6.13e-01   1.39e-01   1.96e-02   1.80e-03   6.08e-03   1.38e-04   2.60e-04   4.11e-05   4.32e-11   
8.65964e+02  4.47e-19   1.81e-01   6.64e-01   1.30e-01   1.61e-02   1.74e-03   6.13e-03   1.65e-04   2.95e-04   4.14e-05   2.13e-10   
1.00000e+03  4.91e-19   1.50e-01   7.09e-01   1.20e-01   1.30e-02   1.65e-03   6.01e-03   1.91e-04   3.18e-04   4.12e-05   9.60e-10   
1.15478e+03  5.35e-19   1.23e-01   7.50e-01   1.09e-01   1.04e-02   1.55e-03   5.80e-03   2.19e-04   3.35e-04   4.04e-05   3.87e-09   
1.33352e+03  6.06e-19   9.78e-02   7.88e-01   9.77e-02   8.30e-03   1.45e-03   5.64e-03   2.56e-04   3.60e-04   3.96e-05   1.38e-08   
1.53993e+03  7.65e-19   7.19e-02   8.27e-01   8.69e-02   6.56e-03   1.36e-03   5.59e-03   3.25e-04   4.21e-04   3.88e-05   4.30e-08   
1.77828e+03  1.20e-18   4.38e-02   8.67e-01   7.61e-02   5.08e-03   1.28e-03   5.75e-03   4.83e-04   5.78e-04   3.79e-05   1.16e-07   
2.05353e+03  2.37e-18   2.08e-02   9.01e-01   6.53e-02   3.83e-03   1.19e-03   6.02e-03   8.38e-04   9.26e-04   3.71e-05   2.64e-07   
2.37137e+03  4.47e-18   9.54e-03   9.24e-01   5.35e-02   2.87e-03   1.10e-03   5.98e-03   1.26e-03   1.24e-03   3.56e-05   4.77e-07   
2.73842e+03  5.81e-18   5.90e-03   9.39e-01   4.32e-02   2.34e-03   1.02e-03   5.74e-03   1.43e-03   1.26e-03   3.37e-05   6.60e-07   
3.16228e+03  5.59e-18   4.53e-03   9.50e-01   3.47e-02   2.00e-03   9.34e-04   5.42e-03   1.43e-03   1.14e-03   3.15e-05   7.69e-07   
3.65174e+03  4.84e-18   3.80e-03   9.58e-01   2.83e-02   1.75e-03   8.57e-04   5.06e-03   1.37e-03   9.97e-04   2.93e-05   8.26e-07   
4.21697e+03  4.08e-18   3.34e-03   9.64e-01   2.35e-02   1.56e-03   7.87e-04   4.71e-03   1.29e-03   8.73e-04   2.72e-05   8.44e-07   
4.86968e+03  3.43e-18   3.03e-03   9.69e-01   1.98e-02   1.41e-03   7.24e-04   4.38e-03   1.20e-03   7.64e-04   2.52e-05   8.29e-07   
5.62341e+03  2.91e-18   2.86e-03   9.72e-01   1.70e-02   1.30e-03   6.67e-04   4.09e-03   1.11e-03   6.70e-04   2.34e-05   7.90e-07   
6.49382e+03  2.50e-18   2.74e-03   9.75e-01   1.47e-02   1.20e-03   6.16e-04   3.83e-03   1.02e-03   5.92e-04   2.17e-05   7.39e-07   
7.49894e+03  2.19e-18   2.67e-03   9.78e-01   1.29e-02   1.13e-03   5.67e-04   3.59e-03   9.37e-04   5.21e-04   2.01e-05   6.85e-07   
8.65964e+03  1.93e-18   2.65e-03   9.80e-01   1.14e-02   1.08e-03   5.29e-04   3.41e-03   8.55e-04   4.60e-04   1.88e-05   6.32e-07   
1.00000e+04  1.73e-18   2.64e-03   9.81e-01   1.01e-02   1.03e-03   4.95e-04   3.24e-03   7.85e-04   4.08e-04   1.77e-05   5.83e-07   
1.15478e+04  1.59e-18   2.65e-03   9.83e-01   9.01e-03   1.01e-03   4.67e-04   3.12e-03   7.18e-04   3.63e-04   1.66e-05   5.36e-07   
1.33352e+04  1.49e-18   2.64e-03   9.84e-01   8.03e-03   9.91e-04   4.42e-04   3.04e-03   6.62e-04   3.25e-04   1.58e-05   4.94e-07   
1.53993e+04  1.45e-18   2.61e-03   9.85e-01   7.16e-03   9.85e-04   4.24e-04   3.00e-03   6.14e-04   2.95e-04   1.52e-05   4.56e-07   
1.77828e+04  1.46e-18   2.53e-03   9.86e-01   6.35e-03   9.93e-04   4.08e-04   3.00e-03   5.75e-04   2.72e-04   1.47e-05   4.20e-07   
2.05353e+04  1.51e-18   2.40e-03   9.87e-01   5.62e-03   1.01e-03   3.97e-04   3.06e-03   5.43e-04   2.54e-04   1.43e-05   3.89e-07   
2.37137e+04  1.59e-18   2.24e-03   9.88e-01   4.91e-03   1.04e-03   3.89e-04   3.15e-03   5.13e-04   2.40e-04   1.40e-05   3.59e-07   
2.73842e+04  1.67e-18   2.09e-03   9.88e-01   4.28e-03   1.08e-03   3.83e-04   3.29e-03   4.84e-04   2.28e-04   1.39e-05   3.32e-07   
3.16228e+04  1.73e-18   1.95e-03   9.89e-01   3.69e-03   1.14e-03   3.80e-04   3.47e-03   4.54e-04   2.16e-04   1.39e-05   3.09e-07   
3.65174e+04  1.76e-18   1.84e-03   9.89e-01   3.14e-03   1.22e-03   3.77e-04   3.67e-03   4.20e-04   2.03e-04   1.38e-05   2.88e-07   
4.21697e+04  1.73e-18   1.75e-03   9.89e-01   2.66e-03   1.32e-03   3.77e-04   3.92e-03   3.84e-04   1.90e-04   1.39e-05   2.71e-07   
4.86968e+04  1.65e-18   1.66e-03   9.90e-01   2.20e-03   1.43e-03   3.76e-04   4.19e-03   3.42e-04   1.75e-04   1.40e-05   2.55e-07   
5.62341e+04  1.52e-18   1.58e-03   9.90e-01   1.79e-03   1.56e-03   3.72e-04   4.44e-03   2.93e-04   1.58e-04   1.40e-05   2.39e-07   
6.49382e+04  1.31e-18   1.51e-03   9.90e-01   1.44e-03   1.74e-03   3.71e-04   4.74e-03   2.44e-04   1.41e-04   1.41e-05   2.26e-07   
7.49894e+04  1.08e-18   1.44e-03   9.90e-01   1.13e-03   1.93e-03   3.65e-04   4.97e-03   1.92e-04   1.22e-04   1.41e-05   2.14e-07   
8.65964e+04  8.27e-19   1.40e-03   9.90e-01   8.73e-04   2.18e-03   3.59e-04   5.15e-03   1.43e-04   1.02e-04   1.40e-05   2.03e-07   
1.00000e+05  5.85e-19   1.39e-03   9.90e-01   6.67e-04   2.46e-03   3.50e-04   5.23e-03   9.95e-05   8.24e-05   1.39e-05   1.93e-07   
1.15478e+05  3.80e-19   1.46e-03   9.90e-01   5.13e-04   2.84e-03   3.42e-04   5.16e-03   6.47e-05   6.34e-05   1.37e-05   1.84e-07   
1.33352e+05  2.29e-19   1.62e-03   9.89e-01   4.05e-04   3.29e-03   3.33e-04   4.92e-03   3.94e-05   4.66e-05   1.36e-05   1.77e-07   
1.53993e+05  1.31e-19   1.96e-03   9.89e-01   3.42e-04   3.86e-03   3.26e-04   4.48e-03   2.29e-05   3.34e-05   1.34e-05   1.72e-07   
1.77828e+05  7.13e-20   2.58e-03   9.88e-01   3.18e-04   4.56e-03   3.20e-04   3.81e-03   1.25e-05   2.34e-05   1.32e-05   1.72e-07   
2.05353e+05  2.54e-20   4.36e-03   9.87e-01   3.44e-04   5.82e-03   3.13e-04   2.60e-03   4.64e-06   1.37e-05   1.30e-05   1.83e-07   
2.37137e+05  2.29e-21   8.99e-03   9.82e-01   3.58e-04   7.46e-03   3.08e-04   1.15e-03   1.08e-06   7.11e-06   1.26e-05   1.69e-07   
2.73842e+05  2.00e-21   9.17e-03   9.82e-01   3.38e-04   7.41e-03   3.07e-04   1.12e-03   1.01e-06   6.66e-06   1.26e-05   1.66e-07   
3.16228e+05  1.85e-21   9.49e-03   9.81e-01   3.35e-04   7.39e-03   3.06e-04   1.11e-03   9.92e-07   6.36e-06   1.26e-05   1.65e-07   
3.65174e+05  1.75e-21   9.87e-03   9.81e-01   3.36e-04   7.41e-03   3.07e-04   1.10e-03   9.87e-07   6.16e-06   1.26e-05   1.65e-07   
4.21697e+05  1.68e-21   1.02e-02   9.81e-01   3.37e-04   7.43e-03   3.07e-04   1.09e-03   9.81e-07   5.91e-06   1.26e-05   1.65e-07   
4.86968e+05  1.63e-21   1.05e-02   9.80e-01   3.39e-04   7.47e-03   3.08e-04   1.09e-03   9.80e-07   5.75e-06   1.27e-05   1.66e-07   
5.62341e+05  1.63e-21   1.07e-02   9.80e-01   3.38e-04   7.41e-03   3.08e-04   1.09e-03   9.80e-07   5.57e-06   1.27e-05   1.65e-07   
6.49382e+05  1.67e-21   1.08e-02   9.80e-01   3.39e-04   7.41e-03   3.08e-04   1.11e-03   9.98e-07   5.47e-06   1.27e-05   1.67e-07   
7.49894e+05  1.83e-21   1.07e-02   9.80e-01   3.39e-04   7.34e-03   3.08e-04   1.13e-03   1.02e-06   5.39e-06   1.27e-05   1.68e-07   
8.65964e+05  7.21e-20   1.46e-03   9.90e-01   1.90e-04   3.76e-03   3.19e-04   4.55e-03   1.48e-05   2.37e-05   1.35e-05   1.40e-07   
1.00000e+06  3.34e-20   3.41e-03   9.88e-01   2.89e-04   5.36e-03   3.14e-04   3.05e-03   6.04e-06   1.54e-05   1.31e-05   1.72e-07   
1.15478e+06  1.76e-21   1.00e-02   9.81e-01   3.38e-04   7.43e-03   3.08e-04   1.10e-03   9.92e-07   6.12e-06   1.27e-05   1.66e-07   
1.33352e+06  1.67e-21   1.07e-02   9.80e-01   3.39e-04   7.41e-03   3.08e-04   1.10e-03   9.92e-07   5.60e-06   1.27e-05   1.66e-07   
1.53993e+06  2.01e-21   1.05e-02   9.80e-01   3.39e-04   7.31e-03   3.09e-04   1.17e-03   1.06e-06   5.47e-06   1.27e-05   1.69e-07   
1.77828e+06  2.28e-21   9.42e-03   9.81e-01   3.60e-04   7.45e-03   3.08e-04   1.14e-03   1.09e-06   6.88e-06   1.26e-05   1.69e-07   
2.05353e+06  1.68e-21   1.06e-02   9.80e-01   3.39e-04   7.43e-03   3.08e-04   1.10e-03   9.92e-07   5.64e-06   1.27e-05   1.66e-07   
2.37137e+06  7.99e-20   1.50e-03   9.90e-01   2.00e-04   3.78e-03   3.19e-04   4.55e-03   1.56e-05   2.49e-05   1.35e-05   1.44e-07   
2.73842e+06  1.69e-21   1.05e-02   9.80e-01   3.38e-04   7.44e-03   3.08e-04   1.10e-03   9.92e-07   5.77e-06   1.27e-05   1.66e-07   
3.16228e+06  6.55e-20   2.08e-03   9.89e-01   2.38e-04   4.32e-03   3.17e-04   4.04e-03   1.19e-05   2.20e-05   1.34e-05   1.56e-07   
3.65174e+06  1.77e-21   1.08e-02   9.80e-01   3.39e-04   7.36e-03   3.08e-04   1.12e-03   1.01e-06   5.47e-06   1.27e-05   1.67e-07   
4.21697e+06  1.69e-21   1.05e-02   9.80e-01   3.38e-04   7.44e-03   3.08e-04   1.10e-03   9.92e-07   5.75e-06   1.27e-05   1.66e-07   
4.86968e+06  1.75e-21   1.01e-02   9.81e-01   3.38e-04   7.41e-03   3.08e-04   1.10e-03   9.92e-07   5.99e-06   1.27e-05   1.65e-07   
5.62341e+06  1.73e-21   1.03e-02   9.81e-01   3.38e-04   7.44e-03   3.08e-04   1.10e-03   9.92e-07   5.94e-06   1.27e-05   1.66e-07   
6.49382e+06  1.69e-21   1.07e-02   9.80e-01   3.38e-04   7.38e-03   3.08e-04   1.10e-03   9.92e-07   5.60e-06   1.26e-05   1.66e-07   
7.49894e+06  7.05e-20   1.47e-03   9.90e-01   1.89e-04   3.79e-03   3.18e-04   4.52e-03   1.45e-05   2.34e-05   1.35e-05   1.40e-07   
8.65964e+06  1.69e-21   1.06e-02   9.80e-01   3.38e-04   7.38e-03   3.07e-04   1.09e-03   9.86e-07   5.67e-06   1.26e-05   1.65e-07   
1.00000e+07  1.78e-21   1.00e-02   9.81e-01   3.37e-04   7.45e-03   3.08e-04   1.10e-03   9.92e-07   6.11e-06   1.27e-05   1.65e-07   
1.15478e+07  1.70e-21   1.04e-02   9.80e-01   3.39e-04   7.46e-03   3.09e-04   1.10e-03   9.92e-07   5.84e-06   1.27e-05   1.66e-07   
1.33352e+07  2.14e-21   1.04e-02   9.80e-01   3.38e-04   7.28e-03   3.08e-04   1.19e-03   1.08e-06   5.51e-06   1.27e-05   1.69e-07   
1.53993e+07  1.73e-21   1.08e-02   9.80e-01   3.39e-04   7.38e-03   3.08e-04   1.11e-03   1.00e-06   5.49e-06   1.27e-05   1.67e-07   
1.77828e+07  3.38e-20   2.34e-03   9.89e-01   2.24e-04   4.62e-03   3.14e-04   3.73e-03   8.17e-06   1.64e-05   1.31e-05   1.38e-07   
2.05353e+07  1.72e-21   1.07e-02   9.80e-01   3.38e-04   7.37e-03   3.07e-04   1.11e-03   9.98e-07   5.50e-06   1.26e-05   1.66e-07   
2.37137e+07  7.95e-20   1.48e-03   9.90e-01   1.99e-04   3.76e-03   3.19e-04   4.56e-03   1.56e-05   2.49e-05   1.36e-05   1.43e-07   
2.73842e+07  7.69e-20   1.46e-03   9.90e-01   1.94e-04   3.75e-03   3.19e-04   4.56e-03   1.53e-05   2.44e-05   1.35e-05   1.40e-07   
