! 0       *H + *CH3CHO -> *CH3OCH2
! 1       *H + *CH3CHO -> CH3OCH2
! 2       *CH3CHO + CRPhoton -> *HCO + *CH3
! 3       *CH3CHO + CRPhoton -> *CO + *CH4
! 4       *CH3CHO + CRPhoton -> *HCO + *CH3
! 5       *CH3CHO + CRPhoton -> *CH2CO + *H + *H
! 6       *CH3CHO + CRPhoton -> CH3CHO
! 7       *CH3CHO + ISPhoton -> CH3CHO
! 8       *CH3CHO + ISPhoton -> *HCO + *CH3
! 9       *CH3CHO + ISPhoton -> *CO + *CH4
!            tot_rate   0          1          2          3          4          5          6          7          8          9          
1.00000e+00  2.85e-24   9.79e-01   9.90e-03   4.11e-03   4.11e-03   1.82e-03   7.09e-04   5.30e-05   9.44e-12   3.79e-12   3.79e-12   
1.15478e+00  5.03e-24   9.79e-01   9.89e-03   4.05e-03   4.05e-03   1.79e-03   6.97e-04   5.21e-05   9.30e-12   3.74e-12   3.74e-12   
1.33352e+00  8.67e-24   9.80e-01   9.89e-03   4.02e-03   4.02e-03   1.78e-03   6.92e-04   5.17e-05   9.23e-12   3.72e-12   3.72e-12   
1.53993e+00  1.50e-23   9.80e-01   9.87e-03   3.90e-03   3.90e-03   1.73e-03   6.73e-04   5.02e-05   8.93e-12   3.61e-12   3.61e-12   
1.77828e+00  2.53e-23   9.80e-01   9.92e-03   3.84e-03   3.84e-03   1.70e-03   6.60e-04   4.94e-05   8.81e-12   3.55e-12   3.55e-12   
2.05353e+00  4.25e-23   9.80e-01   9.90e-03   3.74e-03   3.74e-03   1.66e-03   6.46e-04   4.82e-05   8.63e-12   3.48e-12   3.48e-12   
2.37137e+00  7.08e-23   9.80e-01   9.90e-03   3.67e-03   3.67e-03   1.62e-03   6.33e-04   4.72e-05   8.43e-12   3.39e-12   3.39e-12   
2.73842e+00  1.17e-22   9.81e-01   9.89e-03   3.57e-03   3.57e-03   1.59e-03   6.17e-04   4.60e-05   8.22e-12   3.30e-12   3.30e-12   
3.16228e+00  1.92e-22   9.81e-01   9.91e-03   3.50e-03   3.50e-03   1.55e-03   6.05e-04   4.50e-05   8.03e-12   3.23e-12   3.23e-12   
3.65174e+00  3.13e-22   9.81e-01   9.91e-03   3.39e-03   3.39e-03   1.51e-03   5.85e-04   4.38e-05   7.80e-12   3.14e-12   3.14e-12   
4.21697e+00  5.05e-22   9.81e-01   9.91e-03   3.30e-03   3.30e-03   1.46e-03   5.68e-04   4.23e-05   7.58e-12   3.05e-12   3.05e-12   
4.86968e+00  8.12e-22   9.82e-01   9.92e-03   3.19e-03   3.19e-03   1.42e-03   5.49e-04   4.10e-05   7.33e-12   2.94e-12   2.94e-12   
5.62341e+00  1.29e-21   9.82e-01   9.90e-03   3.07e-03   3.07e-03   1.36e-03   5.30e-04   3.95e-05   7.06e-12   2.84e-12   2.84e-12   
6.49382e+00  2.05e-21   9.82e-01   9.92e-03   2.95e-03   2.95e-03   1.31e-03   5.08e-04   3.80e-05   6.79e-12   2.73e-12   2.73e-12   
7.49894e+00  3.21e-21   9.83e-01   9.92e-03   2.83e-03   2.83e-03   1.25e-03   4.87e-04   3.65e-05   6.49e-12   2.61e-12   2.61e-12   
8.65964e+00  4.96e-21   9.83e-01   9.93e-03   2.72e-03   2.72e-03   1.20e-03   4.67e-04   3.48e-05   6.24e-12   2.52e-12   2.52e-12   
1.00000e+01  7.57e-21   9.83e-01   9.94e-03   2.62e-03   2.62e-03   1.16e-03   4.52e-04   3.37e-05   6.03e-12   2.42e-12   2.42e-12   
1.15478e+01  1.14e-20   9.83e-01   9.92e-03   2.53e-03   2.53e-03   1.12e-03   4.36e-04   3.26e-05   5.82e-12   2.34e-12   2.34e-12   
1.33352e+01  1.68e-20   9.84e-01   9.90e-03   2.47e-03   2.47e-03   1.10e-03   4.26e-04   3.18e-05   5.68e-12   2.28e-12   2.28e-12   
1.53993e+01  2.44e-20   9.84e-01   9.96e-03   2.41e-03   2.41e-03   1.07e-03   4.18e-04   3.11e-05   5.53e-12   2.23e-12   2.23e-12   
1.77828e+01  3.54e-20   9.84e-01   9.92e-03   2.34e-03   2.34e-03   1.04e-03   4.04e-04   3.00e-05   5.37e-12   2.16e-12   2.16e-12   
2.05353e+01  5.07e-20   9.84e-01   9.94e-03   2.27e-03   2.27e-03   1.00e-03   3.90e-04   2.92e-05   5.21e-12   2.09e-12   2.09e-12   
2.37137e+01  7.25e-20   9.84e-01   9.94e-03   2.18e-03   2.18e-03   9.65e-04   3.75e-04   2.80e-05   5.00e-12   2.01e-12   2.01e-12   
2.73842e+01  1.04e-19   9.85e-01   9.94e-03   2.08e-03   2.08e-03   9.19e-04   3.57e-04   2.67e-05   4.77e-12   1.92e-12   1.92e-12   
3.16228e+01  1.47e-19   9.85e-01   9.92e-03   1.97e-03   1.97e-03   8.69e-04   3.40e-04   2.53e-05   4.52e-12   1.82e-12   1.82e-12   
3.65174e+01  2.10e-19   9.85e-01   9.95e-03   1.84e-03   1.84e-03   8.19e-04   3.18e-04   2.37e-05   4.24e-12   1.70e-12   1.70e-12   
4.21697e+01  3.02e-19   9.86e-01   9.96e-03   1.70e-03   1.70e-03   7.54e-04   2.93e-04   2.19e-05   3.90e-12   1.57e-12   1.57e-12   
4.86968e+01  4.40e-19   9.86e-01   9.95e-03   1.53e-03   1.53e-03   6.77e-04   2.64e-04   1.97e-05   3.52e-12   1.41e-12   1.41e-12   
5.62341e+01  6.51e-19   9.87e-01   9.97e-03   1.33e-03   1.33e-03   5.92e-04   2.30e-04   1.72e-05   3.07e-12   1.23e-12   1.23e-12   
6.49382e+01  9.87e-19   9.87e-01   9.96e-03   1.10e-03   1.10e-03   4.91e-04   1.91e-04   1.42e-05   2.54e-12   1.02e-12   1.02e-12   
7.49894e+01  1.53e-18   9.88e-01   1.00e-02   8.37e-04   8.37e-04   3.73e-04   1.45e-04   1.08e-05   1.94e-12   7.78e-13   7.78e-13   
8.65964e+01  2.36e-18   9.89e-01   9.97e-03   5.26e-04   5.26e-04   2.34e-04   9.08e-05   6.79e-06   1.21e-12   4.88e-13   4.88e-13   
1.00000e+02  2.33e-18   9.90e-01   9.98e-03   1.64e-04   1.64e-04   7.24e-05   2.82e-05   2.10e-06   3.76e-13   1.51e-13   1.51e-13   
1.15478e+02  1.27e-16   9.90e-01   1.01e-02   5.11e-08   5.11e-08   2.26e-08   8.80e-09   6.58e-10   1.18e-16   4.72e-17   4.72e-17   
1.33352e+02  1.76e-16   9.90e-01   1.00e-02   3.68e-08   3.68e-08   1.63e-08   6.37e-09   4.74e-10   8.48e-17   3.40e-17   3.40e-17   
1.53993e+02  2.51e-16   9.90e-01   1.00e-02   2.56e-08   2.56e-08   1.14e-08   4.43e-09   3.30e-10   5.91e-17   2.37e-17   2.37e-17   
1.77828e+02  3.91e-16   9.90e-01   1.00e-02   1.62e-08   1.62e-08   7.19e-09   2.79e-09   2.09e-10   3.73e-17   1.50e-17   1.50e-17   
2.05353e+02  7.15e-16   9.90e-01   1.00e-02   8.64e-09   8.64e-09   3.83e-09   1.50e-09   1.11e-10   1.99e-17   8.00e-18   8.00e-18   
2.37137e+02  1.26e-15   9.90e-01   9.98e-03   4.64e-09   4.64e-09   2.06e-09   8.00e-10   5.98e-11   1.07e-17   4.29e-18   4.29e-18   
2.73842e+02  1.84e-15   9.90e-01   1.00e-02   2.88e-09   2.88e-09   1.28e-09   4.96e-10   3.70e-11   6.64e-18   2.66e-18   2.66e-18   
3.16228e+02  2.35e-15   9.90e-01   9.99e-03   1.87e-09   1.87e-09   8.29e-10   3.22e-10   2.40e-11   4.29e-18   1.73e-18   1.73e-18   
3.65174e+02  2.57e-15   9.90e-01   1.00e-02   1.24e-09   1.24e-09   5.50e-10   2.14e-10   1.60e-11   2.86e-18   1.15e-18   1.15e-18   
4.21697e+02  2.22e-15   9.90e-01   9.99e-03   8.19e-10   8.19e-10   3.63e-10   1.41e-10   1.05e-11   1.89e-18   7.56e-19   7.56e-19   
4.86968e+02  1.28e-15   9.90e-01   9.98e-03   5.40e-10   5.40e-10   2.39e-10   9.35e-11   6.95e-12   1.24e-18   5.00e-19   5.00e-19   
5.62341e+02  3.87e-16   9.90e-01   1.00e-02   3.46e-10   3.46e-10   1.54e-10   6.00e-11   4.47e-12   7.99e-19   3.21e-19   3.21e-19   
6.49382e+02  7.54e-17   9.90e-01   9.99e-03   2.08e-10   2.08e-10   9.24e-11   3.60e-11   2.68e-12   4.79e-19   1.92e-19   1.92e-19   
7.49894e+02  5.51e-17   9.90e-01   1.00e-02   1.03e-10   1.03e-10   4.56e-11   1.77e-11   1.22e-12   2.18e-19   9.50e-20   9.50e-20   
8.65964e+02  5.61e-17   9.90e-01   1.00e-02   2.10e-11   2.10e-11   9.36e-12   3.64e-12   2.10e-13   3.78e-20   1.96e-20   1.96e-20   
1.00000e+03  5.62e-17   9.90e-01   9.99e-03   8.05e-12   8.05e-12   3.58e-12   1.39e-12   6.77e-14   1.21e-20   7.46e-21   7.46e-21   
1.15478e+03  5.88e-17   9.90e-01   1.00e-02   7.48e-12   7.48e-12   3.32e-12   1.29e-12   5.31e-14   9.47e-21   6.94e-21   6.94e-21   
1.33352e+03  6.33e-17   9.90e-01   1.00e-02   7.04e-12   7.04e-12   3.13e-12   1.22e-12   4.22e-14   7.53e-21   6.52e-21   6.52e-21   
1.53993e+03  7.36e-17   9.90e-01   1.00e-02   6.72e-12   6.72e-12   2.99e-12   1.16e-12   3.40e-14   6.08e-21   6.23e-21   6.23e-21   
1.77828e+03  9.97e-17   9.90e-01   9.99e-03   6.52e-12   6.52e-12   2.89e-12   1.12e-12   2.80e-14   5.01e-21   6.04e-21   6.04e-21   
2.05353e+03  1.62e-16   9.90e-01   9.96e-03   6.37e-12   6.37e-12   2.84e-12   1.10e-12   2.35e-14   4.21e-21   5.93e-21   5.93e-21   
2.37137e+03  2.42e-16   9.90e-01   1.00e-02   6.43e-12   6.43e-12   2.86e-12   1.11e-12   2.05e-14   3.67e-21   5.98e-21   5.98e-21   
2.73842e+03  2.69e-16   9.90e-01   1.00e-02   6.66e-12   6.66e-12   2.96e-12   1.15e-12   1.85e-14   3.32e-21   6.18e-21   6.18e-21   
3.16228e+03  2.48e-16   9.90e-01   9.98e-03   6.96e-12   6.96e-12   3.08e-12   1.20e-12   1.70e-14   3.04e-21   6.44e-21   6.44e-21   
3.65174e+03  2.14e-16   9.90e-01   9.99e-03   7.10e-12   7.10e-12   3.16e-12   1.23e-12   1.54e-14   2.76e-21   6.58e-21   6.58e-21   
4.21697e+03  1.80e-16   9.90e-01   1.00e-02   7.23e-12   7.23e-12   3.20e-12   1.24e-12   1.38e-14   2.47e-21   6.67e-21   6.67e-21   
4.86968e+03  1.53e-16   9.90e-01   9.97e-03   7.21e-12   7.21e-12   3.19e-12   1.24e-12   1.23e-14   2.19e-21   6.69e-21   6.69e-21   
5.62341e+03  1.31e-16   9.90e-01   1.01e-02   7.12e-12   7.12e-12   3.16e-12   1.23e-12   1.08e-14   1.93e-21   6.60e-21   6.60e-21   
6.49382e+03  1.16e-16   9.90e-01   9.99e-03   6.92e-12   6.92e-12   3.07e-12   1.20e-12   9.38e-15   1.68e-21   6.42e-21   6.42e-21   
7.49894e+03  1.04e-16   9.90e-01   1.00e-02   6.68e-12   6.68e-12   2.96e-12   1.15e-12   8.10e-15   1.45e-21   6.20e-21   6.20e-21   
8.65964e+03  9.47e-17   9.90e-01   1.00e-02   6.36e-12   6.36e-12   2.82e-12   1.10e-12   6.92e-15   1.25e-21   5.91e-21   5.91e-21   
1.00000e+04  8.77e-17   9.90e-01   1.00e-02   5.99e-12   5.99e-12   2.66e-12   1.03e-12   5.85e-15   1.05e-21   5.57e-21   5.57e-21   
1.15478e+04  8.29e-17   9.90e-01   1.00e-02   5.58e-12   5.58e-12   2.47e-12   9.62e-13   4.90e-15   8.79e-22   5.19e-21   5.19e-21   
1.33352e+04  8.05e-17   9.90e-01   1.00e-02   5.14e-12   5.14e-12   2.29e-12   8.87e-13   4.07e-15   7.30e-22   4.78e-21   4.78e-21   
1.53993e+04  8.06e-17   9.90e-01   1.00e-02   4.73e-12   4.73e-12   2.10e-12   8.14e-13   3.37e-15   6.05e-22   4.39e-21   4.39e-21   
1.77828e+04  8.33e-17   9.90e-01   1.00e-02   4.33e-12   4.33e-12   1.92e-12   7.48e-13   2.80e-15   5.02e-22   4.03e-21   4.03e-21   
2.05353e+04  8.84e-17   9.90e-01   1.00e-02   3.99e-12   3.99e-12   1.78e-12   6.89e-13   2.33e-15   4.20e-22   3.72e-21   3.72e-21   
2.37137e+04  9.51e-17   9.90e-01   9.99e-03   3.71e-12   3.71e-12   1.65e-12   6.42e-13   1.98e-15   3.55e-22   3.46e-21   3.46e-21   
2.73842e+04  1.02e-16   9.90e-01   1.00e-02   3.50e-12   3.50e-12   1.55e-12   6.04e-13   1.70e-15   3.05e-22   3.25e-21   3.25e-21   
3.16228e+04  1.09e-16   9.90e-01   9.99e-03   3.30e-12   3.30e-12   1.47e-12   5.68e-13   1.47e-15   2.63e-22   3.07e-21   3.07e-21   
3.65174e+04  1.14e-16   9.90e-01   9.99e-03   3.15e-12   3.15e-12   1.39e-12   5.42e-13   1.29e-15   2.31e-22   2.93e-21   2.93e-21   
4.21697e+04  1.17e-16   9.90e-01   9.99e-03   3.01e-12   3.01e-12   1.34e-12   5.20e-13   1.14e-15   2.06e-22   2.80e-21   2.80e-21   
4.86968e+04  1.18e-16   9.90e-01   9.98e-03   2.89e-12   2.89e-12   1.28e-12   4.97e-13   1.02e-15   1.84e-22   2.68e-21   2.68e-21   
5.62341e+04  1.16e-16   9.90e-01   9.99e-03   2.76e-12   2.76e-12   1.22e-12   4.77e-13   9.21e-16   1.65e-22   2.57e-21   2.57e-21   
6.49382e+04  1.11e-16   9.90e-01   9.99e-03   2.65e-12   2.65e-12   1.17e-12   4.56e-13   8.33e-16   1.49e-22   2.47e-21   2.47e-21   
7.49894e+04  1.02e-16   9.90e-01   1.00e-02   2.55e-12   2.55e-12   1.13e-12   4.40e-13   7.66e-16   1.37e-22   2.37e-21   2.37e-21   
8.65964e+04  8.97e-17   9.90e-01   1.00e-02   2.47e-12   2.47e-12   1.10e-12   4.26e-13   7.11e-16   1.28e-22   2.30e-21   2.30e-21   
1.00000e+05  7.52e-17   9.90e-01   9.99e-03   2.40e-12   2.40e-12   1.06e-12   4.14e-13   6.67e-16   1.20e-22   2.24e-21   2.24e-21   
1.15478e+05  5.96e-17   9.90e-01   1.00e-02   2.33e-12   2.33e-12   1.03e-12   4.03e-13   6.31e-16   1.13e-22   2.16e-21   2.16e-21   
1.33352e+05  4.45e-17   9.90e-01   1.00e-02   2.29e-12   2.29e-12   1.01e-12   3.95e-13   6.04e-16   1.09e-22   2.13e-21   2.13e-21   
1.53993e+05  3.16e-17   9.90e-01   1.00e-02   2.25e-12   2.25e-12   9.96e-13   3.89e-13   5.85e-16   1.05e-22   2.09e-21   2.09e-21   
1.77828e+05  2.10e-17   9.90e-01   1.00e-02   2.22e-12   2.22e-12   9.85e-13   3.83e-13   5.66e-16   1.02e-22   2.07e-21   2.07e-21   
2.05353e+05  9.73e-18   9.90e-01   1.00e-02   2.19e-12   2.19e-12   9.73e-13   3.78e-13   5.53e-16   9.96e-23   2.05e-21   2.05e-21   
2.37137e+05  1.40e-18   9.90e-01   9.97e-03   2.17e-12   2.17e-12   9.62e-13   3.73e-13   5.36e-16   9.62e-23   2.02e-21   2.02e-21   
2.73842e+05  1.23e-18   9.90e-01   9.98e-03   2.16e-12   2.16e-12   9.58e-13   3.73e-13   5.31e-16   9.58e-23   2.01e-21   2.01e-21   
3.16228e+05  1.12e-18   9.90e-01   9.99e-03   2.17e-12   2.17e-12   9.63e-13   3.73e-13   5.27e-16   9.45e-23   2.02e-21   2.02e-21   
3.65174e+05  1.02e-18   9.90e-01   1.00e-02   2.18e-12   2.18e-12   9.64e-13   3.74e-13   5.25e-16   9.46e-23   2.02e-21   2.02e-21   
4.21697e+05  9.31e-19   9.90e-01   1.00e-02   2.17e-12   2.17e-12   9.64e-13   3.75e-13   5.23e-16   9.41e-23   2.03e-21   2.03e-21   
4.86968e+05  8.55e-19   9.90e-01   9.99e-03   2.18e-12   2.18e-12   9.64e-13   3.74e-13   5.20e-16   9.35e-23   2.02e-21   2.02e-21   
5.62341e+05  7.95e-19   9.90e-01   9.99e-03   2.18e-12   2.18e-12   9.65e-13   3.75e-13   5.17e-16   9.31e-23   2.03e-21   2.03e-21   
6.49382e+05  7.61e-19   9.90e-01   1.00e-02   2.18e-12   2.18e-12   9.66e-13   3.76e-13   5.15e-16   9.27e-23   2.02e-21   2.02e-21   
7.49894e+05  7.78e-19   9.90e-01   9.99e-03   2.19e-12   2.19e-12   9.67e-13   3.75e-13   5.13e-16   9.22e-23   2.03e-21   2.03e-21   
8.65964e+05  2.10e-17   9.90e-01   1.00e-02   2.23e-12   2.23e-12   9.90e-13   3.85e-13   5.38e-16   9.66e-23   2.08e-21   2.08e-21   
1.00000e+06  1.20e-17   9.90e-01   1.01e-02   2.20e-12   2.20e-12   9.73e-13   3.80e-13   5.47e-16   9.82e-23   2.05e-21   2.05e-21   
1.15478e+06  1.02e-18   9.90e-01   1.00e-02   2.18e-12   2.18e-12   9.64e-13   3.74e-13   5.23e-16   9.42e-23   2.02e-21   2.02e-21   
1.33352e+06  8.23e-19   9.90e-01   1.00e-02   2.17e-12   2.17e-12   9.66e-13   3.75e-13   5.16e-16   9.29e-23   2.03e-21   2.03e-21   
1.53993e+06  8.57e-19   9.90e-01   1.00e-02   2.18e-12   2.18e-12   9.68e-13   3.76e-13   5.11e-16   9.21e-23   2.03e-21   2.03e-21   
1.77828e+06  1.37e-18   9.90e-01   1.00e-02   2.17e-12   2.17e-12   9.61e-13   3.74e-13   5.33e-16   9.61e-23   2.02e-21   2.02e-21   
2.05353e+06  8.48e-19   9.90e-01   9.99e-03   2.18e-12   2.18e-12   9.65e-13   3.75e-13   5.17e-16   9.30e-23   2.03e-21   2.03e-21   
2.37137e+06  2.29e-17   9.90e-01   1.00e-02   2.24e-12   2.24e-12   9.94e-13   3.86e-13   5.45e-16   9.86e-23   2.08e-21   2.08e-21   
2.73842e+06  8.98e-19   9.90e-01   1.00e-02   2.17e-12   2.17e-12   9.64e-13   3.75e-13   5.19e-16   9.33e-23   2.03e-21   2.03e-21   
3.16228e+06  2.00e-17   9.90e-01   1.00e-02   2.22e-12   2.22e-12   9.85e-13   3.83e-13   5.55e-16   9.95e-23   2.07e-21   2.07e-21   
3.65174e+06  8.05e-19   9.90e-01   1.00e-02   2.19e-12   2.19e-12   9.68e-13   3.76e-13   5.14e-16   9.25e-23   2.04e-21   2.04e-21   
4.21697e+06  8.93e-19   9.90e-01   1.00e-02   2.17e-12   2.17e-12   9.65e-13   3.75e-13   5.19e-16   9.33e-23   2.03e-21   2.03e-21   
4.86968e+06  9.98e-19   9.90e-01   1.00e-02   2.17e-12   2.17e-12   9.64e-13   3.75e-13   5.22e-16   9.39e-23   2.02e-21   2.02e-21   
5.62341e+06  9.72e-19   9.90e-01   1.00e-02   2.17e-12   2.17e-12   9.64e-13   3.75e-13   5.21e-16   9.38e-23   2.03e-21   2.03e-21   
6.49382e+06  8.37e-19   9.90e-01   1.00e-02   2.17e-12   2.17e-12   9.66e-13   3.76e-13   5.17e-16   9.29e-23   2.03e-21   2.03e-21   
7.49894e+06  2.07e-17   9.90e-01   1.00e-02   2.23e-12   2.23e-12   9.90e-13   3.84e-13   5.36e-16   9.61e-23   2.08e-21   2.08e-21   
8.65964e+06  8.69e-19   9.90e-01   1.00e-02   2.18e-12   2.18e-12   9.65e-13   3.75e-13   5.18e-16   9.31e-23   2.03e-21   2.03e-21   
1.00000e+07  1.03e-18   9.90e-01   1.00e-02   2.18e-12   2.18e-12   9.67e-13   3.76e-13   5.25e-16   9.44e-23   2.03e-21   2.03e-21   
1.15478e+07  9.25e-19   9.90e-01   1.00e-02   2.17e-12   2.17e-12   9.64e-13   3.75e-13   5.20e-16   9.35e-23   2.02e-21   2.02e-21   
1.33352e+07  9.11e-19   9.90e-01   1.00e-02   2.18e-12   2.18e-12   9.68e-13   3.76e-13   5.11e-16   9.21e-23   2.03e-21   2.03e-21   
1.53993e+07  8.08e-19   9.90e-01   1.00e-02   2.18e-12   2.18e-12   9.66e-13   3.76e-13   5.15e-16   9.26e-23   2.03e-21   2.03e-21   
1.77828e+07  1.11e-17   9.90e-01   9.99e-03   2.20e-12   2.20e-12   9.72e-13   3.79e-13   5.17e-16   9.27e-23   2.05e-21   2.05e-21   
2.05353e+07  8.12e-19   9.90e-01   1.00e-02   2.18e-12   2.18e-12   9.67e-13   3.76e-13   5.15e-16   9.27e-23   2.03e-21   2.03e-21   
2.37137e+07  2.28e-17   9.90e-01   1.00e-02   2.24e-12   2.24e-12   9.94e-13   3.86e-13   5.48e-16   9.81e-23   2.09e-21   2.09e-21   
2.73842e+07  2.22e-17   9.90e-01   9.99e-03   2.23e-12   2.23e-12   9.90e-13   3.85e-13   5.40e-16   9.72e-23   2.08e-21   2.08e-21   
