! 0       HNCO + H3+ -> H2 + HNCOH+
! 1       HNCO + H3+ -> H2 + H2NCO+
! 2       HNCO + He+ -> H + He + OCN+
! 3       HNCO + He+ -> He + HNCO+
! 4       HNCO + CRPhoton -> NH + CO
! 5       HNCO + H+ -> CO + NH2+
! 6       HNCO + GRAIN -> *HNCO + GRAIN
! 7       HNCO + C -> CO + HNC
! 8       HNCO + ISPhoton -> NH + CO
! 9       HNCO + H -> NH2 + CO
!            tot_rate   0          1          2          3          4          5          6          7          8          9          
1.00000e+00  1.39e-21   1.23e-02   1.23e-02   3.43e-01   3.43e-01   2.18e-01   6.64e-02   2.97e-03   7.40e-04   3.02e-07   7.07e-60   
1.15478e+00  2.39e-21   1.10e-02   1.10e-02   3.55e-01   3.55e-01   1.96e-01   6.85e-02   2.66e-03   7.69e-04   2.70e-07   7.73e-60   
1.33352e+00  4.13e-21   9.90e-03   9.90e-03   3.65e-01   3.65e-01   1.75e-01   7.09e-02   2.38e-03   7.96e-04   2.42e-07   8.49e-60   
1.53993e+00  7.19e-21   8.83e-03   8.83e-03   3.76e-01   3.76e-01   1.56e-01   7.26e-02   2.11e-03   8.19e-04   2.16e-07   9.39e-60   
1.77828e+00  1.25e-20   7.89e-03   7.89e-03   3.84e-01   3.84e-01   1.39e-01   7.45e-02   1.88e-03   8.46e-04   1.92e-07   1.05e-59   
2.05353e+00  2.19e-20   7.03e-03   7.03e-03   3.92e-01   3.92e-01   1.23e-01   7.62e-02   1.67e-03   8.67e-04   1.70e-07   1.18e-59   
2.37137e+00  3.83e-20   6.26e-03   6.26e-03   3.99e-01   3.99e-01   1.09e-01   7.77e-02   1.48e-03   8.87e-04   1.51e-07   1.36e-59   
2.73842e+00  6.75e-20   5.54e-03   5.54e-03   4.06e-01   4.06e-01   9.61e-02   7.89e-02   1.31e-03   9.05e-04   1.33e-07   1.57e-59   
3.16228e+00  1.19e-19   4.93e-03   4.93e-03   4.11e-01   4.11e-01   8.51e-02   8.02e-02   1.15e-03   9.27e-04   1.17e-07   1.86e-59   
3.65174e+00  2.09e-19   4.38e-03   4.38e-03   4.17e-01   4.17e-01   7.48e-02   8.15e-02   1.02e-03   9.44e-04   1.04e-07   2.26e-59   
4.21697e+00  3.68e-19   3.88e-03   3.88e-03   4.21e-01   4.21e-01   6.60e-02   8.23e-02   8.99e-04   9.56e-04   9.10e-08   2.80e-59   
4.86968e+00  6.47e-19   3.46e-03   3.46e-03   4.25e-01   4.25e-01   5.82e-02   8.34e-02   7.94e-04   9.72e-04   8.03e-08   3.61e-59   
5.62341e+00  1.14e-18   3.09e-03   3.09e-03   4.28e-01   4.28e-01   5.13e-02   8.45e-02   7.02e-04   9.83e-04   7.08e-08   4.82e-59   
6.49382e+00  2.01e-18   2.75e-03   2.75e-03   4.31e-01   4.31e-01   4.52e-02   8.55e-02   6.22e-04   9.99e-04   6.22e-08   6.71e-59   
7.49894e+00  3.55e-18   2.46e-03   2.46e-03   4.34e-01   4.34e-01   4.00e-02   8.62e-02   5.46e-04   1.01e-03   5.49e-08   9.77e-59   
8.65964e+00  6.26e-18   2.22e-03   2.22e-03   4.36e-01   4.36e-01   3.53e-02   8.72e-02   4.84e-04   1.02e-03   4.87e-08   1.51e-58   
1.00000e+01  1.10e-17   2.00e-03   2.00e-03   4.38e-01   4.38e-01   3.11e-02   8.82e-02   4.29e-04   1.04e-03   4.30e-08   2.50e-58   
1.15478e+01  1.92e-17   1.81e-03   1.81e-03   4.39e-01   4.39e-01   2.77e-02   8.94e-02   3.82e-04   1.04e-03   3.82e-08   4.44e-58   
1.33352e+01  3.32e-17   1.65e-03   1.65e-03   4.40e-01   4.40e-01   2.47e-02   9.07e-02   3.41e-04   1.05e-03   3.41e-08   8.62e-58   
1.53993e+01  5.67e-17   1.51e-03   1.51e-03   4.41e-01   4.41e-01   2.20e-02   9.19e-02   3.05e-04   1.07e-03   3.03e-08   1.83e-57   
1.77828e+01  9.54e-17   1.40e-03   1.40e-03   4.41e-01   4.41e-01   1.97e-02   9.33e-02   2.75e-04   1.08e-03   2.73e-08   4.37e-57   
2.05353e+01  1.58e-16   1.31e-03   1.31e-03   4.42e-01   4.42e-01   1.78e-02   9.52e-02   2.49e-04   1.09e-03   2.45e-08   1.17e-56   
2.37137e+01  2.54e-16   1.24e-03   1.24e-03   4.41e-01   4.41e-01   1.62e-02   9.77e-02   2.27e-04   1.11e-03   2.23e-08   3.64e-56   
2.73842e+01  4.02e-16   1.18e-03   1.18e-03   4.41e-01   4.41e-01   1.48e-02   1.00e-01   2.08e-04   1.13e-03   2.04e-08   1.30e-55   
3.16228e+01  6.18e-16   1.14e-03   1.14e-03   4.40e-01   4.40e-01   1.36e-02   1.03e-01   1.92e-04   1.15e-03   1.88e-08   5.53e-55   
3.65174e+01  9.22e-16   1.12e-03   1.12e-03   4.38e-01   4.38e-01   1.27e-02   1.08e-01   1.82e-04   1.19e-03   1.75e-08   2.83e-54   
4.21697e+01  1.34e-15   1.12e-03   1.12e-03   4.36e-01   4.36e-01   1.20e-02   1.13e-01   1.73e-04   1.24e-03   1.65e-08   1.76e-53   
4.86968e+01  1.88e-15   1.15e-03   1.15e-03   4.33e-01   4.33e-01   1.15e-02   1.19e-01   1.67e-04   1.29e-03   1.58e-08   1.36e-52   
5.62341e+01  2.54e-15   1.21e-03   1.21e-03   4.28e-01   4.28e-01   1.12e-02   1.28e-01   1.65e-04   1.38e-03   1.55e-08   1.31e-51   
6.49382e+01  3.38e-15   1.30e-03   1.30e-03   4.23e-01   4.23e-01   1.11e-02   1.38e-01   1.66e-04   1.48e-03   1.53e-08   1.58e-50   
7.49894e+01  4.36e-15   1.43e-03   1.43e-03   4.17e-01   4.17e-01   1.12e-02   1.50e-01   1.70e-04   1.61e-03   1.55e-08   2.41e-49   
8.65964e+01  5.47e-15   1.64e-03   1.64e-03   4.09e-01   4.09e-01   1.17e-02   1.65e-01   1.78e-04   1.79e-03   1.61e-08   4.58e-48   
1.00000e+02  6.75e-15   1.92e-03   1.92e-03   4.00e-01   4.00e-01   1.23e-02   1.82e-01   1.91e-04   2.00e-03   1.69e-08   1.06e-46   
1.15478e+02  5.03e-15   2.33e-03   2.33e-03   3.90e-01   3.90e-01   1.31e-02   2.01e-01   2.07e-04   2.27e-03   1.81e-08   2.88e-45   
1.33352e+02  3.14e-15   2.89e-03   2.89e-03   3.79e-01   3.79e-01   1.42e-02   2.20e-01   2.29e-04   2.59e-03   1.96e-08   8.98e-44   
1.53993e+02  2.26e-15   3.67e-03   3.67e-03   3.67e-01   3.67e-01   1.55e-02   2.39e-01   2.54e-04   2.95e-03   2.14e-08   3.02e-42   
1.77828e+02  1.69e-15   4.69e-03   4.69e-03   3.57e-01   3.57e-01   1.68e-02   2.57e-01   2.82e-04   3.34e-03   2.32e-08   1.05e-40   
2.05353e+02  1.16e-15   6.04e-03   6.04e-03   3.46e-01   3.46e-01   1.81e-02   2.73e-01   3.10e-04   3.71e-03   2.50e-08   3.67e-39   
2.37137e+02  8.02e-16   7.79e-03   7.79e-03   3.36e-01   3.36e-01   1.93e-02   2.89e-01   3.39e-04   4.07e-03   2.67e-08   1.26e-37   
2.73842e+02  6.74e-16   9.93e-03   9.93e-03   3.25e-01   3.25e-01   2.05e-02   3.05e-01   3.68e-04   4.39e-03   2.83e-08   4.26e-36   
3.16228e+02  6.96e-16   1.26e-02   1.26e-02   3.13e-01   3.13e-01   2.15e-02   3.22e-01   3.96e-04   4.70e-03   2.99e-08   1.47e-34   
3.65174e+02  8.14e-16   1.60e-02   1.60e-02   3.01e-01   3.01e-01   2.28e-02   3.38e-01   4.31e-04   4.99e-03   3.14e-08   5.34e-33   
4.21697e+02  1.02e-15   2.00e-02   2.00e-02   2.89e-01   2.89e-01   2.43e-02   3.51e-01   4.72e-04   5.31e-03   3.36e-08   2.14e-31   
4.86968e+02  1.31e-15   2.49e-02   2.49e-02   2.78e-01   2.78e-01   2.64e-02   3.61e-01   5.28e-04   5.71e-03   3.64e-08   9.55e-30   
5.62341e+02  1.71e-15   3.08e-02   3.08e-02   2.69e-01   2.69e-01   2.90e-02   3.65e-01   5.98e-04   6.16e-03   4.00e-08   4.75e-28   
6.49382e+02  2.18e-15   3.76e-02   3.76e-02   2.59e-01   2.59e-01   3.23e-02   3.67e-01   6.94e-04   6.71e-03   4.46e-08   2.55e-26   
7.49894e+02  2.65e-15   4.52e-02   4.52e-02   2.49e-01   2.49e-01   3.62e-02   3.67e-01   8.10e-04   7.24e-03   5.01e-08   1.38e-24   
8.65964e+02  3.04e-15   5.30e-02   5.30e-02   2.38e-01   2.38e-01   4.08e-02   3.68e-01   9.47e-04   7.70e-03   5.62e-08   7.07e-23   
1.00000e+03  3.28e-15   6.10e-02   6.10e-02   2.26e-01   2.26e-01   4.54e-02   3.72e-01   1.10e-03   8.05e-03   6.25e-08   3.14e-21   
1.15478e+03  3.34e-15   6.98e-02   6.98e-02   2.14e-01   2.14e-01   5.06e-02   3.72e-01   1.29e-03   8.30e-03   6.98e-08   1.14e-19   
1.33352e+03  3.39e-15   8.11e-02   8.11e-02   2.04e-01   2.04e-01   5.66e-02   3.63e-01   1.51e-03   8.44e-03   7.82e-08   3.27e-18   
1.53993e+03  3.65e-15   9.78e-02   9.78e-02   1.96e-01   1.96e-01   6.46e-02   3.37e-01   1.80e-03   8.46e-03   8.93e-08   7.34e-17   
1.77828e+03  4.56e-15   1.26e-01   1.26e-01   1.91e-01   1.91e-01   7.58e-02   2.78e-01   2.21e-03   8.26e-03   1.05e-07   1.27e-15   
2.05353e+03  7.14e-15   1.68e-01   1.68e-01   1.84e-01   1.84e-01   9.09e-02   1.96e-01   2.76e-03   7.00e-03   1.26e-07   1.65e-14   
2.37137e+03  1.23e-14   2.07e-01   2.07e-01   1.70e-01   1.70e-01   1.03e-01   1.36e-01   3.26e-03   3.78e-03   1.43e-07   1.31e-13   
2.73842e+03  1.68e-14   2.28e-01   2.28e-01   1.59e-01   1.59e-01   1.09e-01   1.12e-01   3.54e-03   1.20e-03   1.52e-07   5.50e-13   
3.16228e+03  1.73e-14   2.40e-01   2.40e-01   1.51e-01   1.51e-01   1.12e-01   1.02e-01   3.69e-03   5.27e-04   1.55e-07   1.48e-12   
3.65174e+03  1.68e-14   2.47e-01   2.47e-01   1.46e-01   1.46e-01   1.13e-01   9.66e-02   3.79e-03   4.04e-04   1.57e-07   3.15e-12   
4.21697e+03  1.61e-14   2.51e-01   2.51e-01   1.42e-01   1.42e-01   1.14e-01   9.55e-02   3.85e-03   3.65e-04   1.58e-07   5.69e-12   
4.86968e+03  1.51e-14   2.54e-01   2.54e-01   1.40e-01   1.40e-01   1.13e-01   9.59e-02   3.87e-03   3.44e-04   1.57e-07   8.93e-12   
5.62341e+03  1.39e-14   2.55e-01   2.55e-01   1.38e-01   1.38e-01   1.12e-01   9.85e-02   3.86e-03   3.35e-04   1.56e-07   1.24e-11   
6.49382e+03  1.27e-14   2.54e-01   2.54e-01   1.37e-01   1.37e-01   1.11e-01   1.02e-01   3.82e-03   3.34e-04   1.54e-07   1.61e-11   
7.49894e+03  1.15e-14   2.54e-01   2.54e-01   1.36e-01   1.36e-01   1.09e-01   1.07e-01   3.77e-03   3.38e-04   1.51e-07   1.95e-11   
8.65964e+03  1.05e-14   2.52e-01   2.52e-01   1.36e-01   1.36e-01   1.07e-01   1.12e-01   3.69e-03   3.47e-04   1.48e-07   2.27e-11   
1.00000e+04  9.61e-15   2.51e-01   2.51e-01   1.36e-01   1.36e-01   1.04e-01   1.19e-01   3.61e-03   3.57e-04   1.44e-07   2.58e-11   
1.15478e+04  8.89e-15   2.49e-01   2.49e-01   1.37e-01   1.37e-01   1.01e-01   1.24e-01   3.51e-03   3.68e-04   1.39e-07   2.88e-11   
1.33352e+04  8.35e-15   2.47e-01   2.47e-01   1.38e-01   1.38e-01   9.78e-02   1.29e-01   3.41e-03   3.77e-04   1.35e-07   3.20e-11   
1.53993e+04  8.05e-15   2.47e-01   2.47e-01   1.38e-01   1.38e-01   9.44e-02   1.32e-01   3.30e-03   3.81e-04   1.30e-07   3.53e-11   
1.77828e+04  8.02e-15   2.47e-01   2.47e-01   1.40e-01   1.40e-01   9.10e-02   1.32e-01   3.19e-03   3.78e-04   1.26e-07   3.88e-11   
2.05353e+04  8.26e-15   2.49e-01   2.49e-01   1.40e-01   1.40e-01   8.76e-02   1.30e-01   3.09e-03   3.66e-04   1.21e-07   4.28e-11   
2.37137e+04  8.74e-15   2.52e-01   2.52e-01   1.42e-01   1.42e-01   8.43e-02   1.25e-01   2.98e-03   3.48e-04   1.17e-07   4.79e-11   
2.73842e+04  9.40e-15   2.54e-01   2.54e-01   1.44e-01   1.44e-01   8.05e-02   1.20e-01   2.85e-03   3.27e-04   1.12e-07   5.40e-11   
3.16228e+04  1.01e-14   2.57e-01   2.57e-01   1.45e-01   1.45e-01   7.65e-02   1.15e-01   2.72e-03   3.08e-04   1.06e-07   6.22e-11   
3.65174e+04  1.07e-14   2.60e-01   2.60e-01   1.47e-01   1.47e-01   7.23e-02   1.11e-01   2.59e-03   2.90e-04   1.00e-07   7.35e-11   
4.21697e+04  1.11e-14   2.61e-01   2.61e-01   1.50e-01   1.50e-01   6.80e-02   1.08e-01   2.45e-03   2.73e-04   9.41e-08   8.97e-11   
4.86968e+04  1.11e-14   2.61e-01   2.61e-01   1.53e-01   1.53e-01   6.36e-02   1.06e-01   2.31e-03   2.59e-04   8.83e-08   1.14e-10   
5.62341e+04  1.08e-14   2.60e-01   2.60e-01   1.57e-01   1.57e-01   5.91e-02   1.05e-01   2.17e-03   2.45e-04   8.20e-08   1.50e-10   
6.49382e+04  9.93e-15   2.57e-01   2.57e-01   1.61e-01   1.61e-01   5.47e-02   1.07e-01   2.03e-03   2.34e-04   7.59e-08   2.10e-10   
7.49894e+04  8.55e-15   2.51e-01   2.51e-01   1.67e-01   1.67e-01   5.02e-02   1.11e-01   1.88e-03   2.24e-04   6.97e-08   3.07e-10   
8.65964e+04  6.77e-15   2.42e-01   2.42e-01   1.74e-01   1.74e-01   4.58e-02   1.19e-01   1.74e-03   2.20e-04   6.37e-08   4.71e-10   
1.00000e+05  4.82e-15   2.28e-01   2.28e-01   1.84e-01   1.84e-01   4.13e-02   1.32e-01   1.60e-03   2.18e-04   5.75e-08   7.43e-10   
1.15478e+05  2.97e-15   2.08e-01   2.08e-01   1.95e-01   1.95e-01   3.71e-02   1.56e-01   1.46e-03   2.26e-04   5.15e-08   1.17e-09   
1.33352e+05  1.56e-15   1.80e-01   1.80e-01   2.06e-01   2.06e-01   3.30e-02   1.93e-01   1.32e-03   2.40e-04   4.59e-08   1.72e-09   
1.53993e+05  6.83e-16   1.46e-01   1.46e-01   2.15e-01   2.15e-01   2.87e-02   2.48e-01   1.16e-03   2.59e-04   3.98e-08   2.20e-09   
1.77828e+05  2.43e-16   1.06e-01   1.06e-01   2.16e-01   2.16e-01   2.40e-02   3.31e-01   9.72e-04   2.80e-04   3.33e-08   2.27e-09   
2.05353e+05  4.12e-17   4.98e-02   4.98e-02   1.90e-01   1.90e-01   1.63e-02   5.03e-01   6.58e-04   2.79e-04   2.26e-08   1.48e-09   
2.37137e+05  2.54e-18   9.45e-03   9.45e-03   1.05e-01   1.05e-01   6.85e-03   7.64e-01   2.75e-04   1.47e-04   9.53e-09   4.69e-10   
2.73842e+05  2.24e-18   9.12e-03   9.12e-03   1.03e-01   1.03e-01   6.75e-03   7.69e-01   2.71e-04   1.50e-04   9.39e-09   5.10e-10   
3.16228e+05  2.08e-18   8.95e-03   8.95e-03   1.03e-01   1.03e-01   6.69e-03   7.70e-01   2.70e-04   1.59e-04   9.34e-09   5.10e-10   
3.65174e+05  1.99e-18   8.86e-03   8.86e-03   1.02e-01   1.02e-01   6.70e-03   7.71e-01   2.70e-04   1.68e-04   9.32e-09   5.09e-10   
4.21697e+05  1.93e-18   8.79e-03   8.79e-03   1.02e-01   1.02e-01   6.72e-03   7.70e-01   2.70e-04   1.77e-04   9.36e-09   5.04e-10   
4.86968e+05  1.91e-18   8.84e-03   8.84e-03   1.03e-01   1.03e-01   6.75e-03   7.69e-01   2.72e-04   1.87e-04   9.42e-09   5.05e-10   
5.62341e+05  1.92e-18   8.97e-03   8.97e-03   1.04e-01   1.04e-01   6.83e-03   7.66e-01   2.75e-04   1.98e-04   9.54e-09   5.11e-10   
6.49382e+05  1.96e-18   9.30e-03   9.30e-03   1.06e-01   1.06e-01   7.00e-03   7.61e-01   2.82e-04   2.11e-04   9.76e-09   5.26e-10   
7.49894e+05  2.09e-18   9.84e-03   9.84e-03   1.09e-01   1.09e-01   7.26e-03   7.55e-01   2.91e-04   2.25e-04   1.01e-08   5.54e-10   
8.65964e+05  2.75e-16   1.51e-01   1.51e-01   2.13e-01   2.13e-01   2.87e-02   2.42e-01   1.19e-03   2.52e-04   3.97e-08   5.82e-09   
1.00000e+06  5.11e-17   6.77e-02   6.77e-02   2.03e-01   2.03e-01   1.89e-02   4.38e-01   7.70e-04   2.87e-04   2.62e-08   2.29e-09   
1.15478e+06  1.95e-18   8.88e-03   8.88e-03   1.03e-01   1.03e-01   6.72e-03   7.70e-01   2.70e-04   1.72e-04   9.34e-09   5.07e-10   
1.33352e+06  1.94e-18   9.09e-03   9.09e-03   1.05e-01   1.05e-01   6.92e-03   7.65e-01   2.77e-04   2.00e-04   9.61e-09   5.17e-10   
1.53993e+06  2.23e-18   1.05e-02   1.05e-02   1.12e-01   1.12e-01   7.52e-03   7.47e-01   3.02e-04   2.34e-04   1.04e-08   5.82e-10   
1.77828e+06  2.19e-18   9.29e-03   9.29e-03   1.04e-01   1.04e-01   6.83e-03   7.65e-01   2.73e-04   1.55e-04   9.48e-09   4.60e-10   
2.05353e+06  1.93e-18   9.05e-03   9.05e-03   1.04e-01   1.04e-01   6.88e-03   7.66e-01   2.76e-04   1.97e-04   9.57e-09   5.14e-10   
2.37137e+06  2.89e-16   1.50e-01   1.50e-01   2.13e-01   2.13e-01   2.86e-02   2.43e-01   1.19e-03   2.50e-04   3.98e-08   5.39e-09   
2.73842e+06  1.93e-18   8.92e-03   8.92e-03   1.04e-01   1.04e-01   6.79e-03   7.67e-01   2.74e-04   1.89e-04   9.44e-09   5.09e-10   
3.16228e+06  1.71e-16   1.18e-01   1.18e-01   2.16e-01   2.16e-01   2.51e-02   3.05e-01   1.03e-03   2.70e-04   3.50e-08   3.84e-09   
3.65174e+06  2.03e-18   9.47e-03   9.47e-03   1.07e-01   1.07e-01   7.05e-03   7.59e-01   2.85e-04   2.15e-04   9.81e-09   5.33e-10   
4.21697e+06  1.93e-18   8.97e-03   8.97e-03   1.04e-01   1.04e-01   6.79e-03   7.67e-01   2.74e-04   1.90e-04   9.49e-09   5.10e-10   
4.86968e+06  1.95e-18   8.88e-03   8.88e-03   1.03e-01   1.03e-01   6.72e-03   7.70e-01   2.70e-04   1.76e-04   9.34e-09   5.05e-10   
5.62341e+06  1.94e-18   8.88e-03   8.88e-03   1.03e-01   1.03e-01   6.77e-03   7.69e-01   2.72e-04   1.79e-04   9.40e-09   5.07e-10   
6.49382e+06  1.95e-18   9.09e-03   9.09e-03   1.05e-01   1.05e-01   6.88e-03   7.65e-01   2.77e-04   2.00e-04   9.60e-09   5.19e-10   
7.49894e+06  2.66e-16   1.49e-01   1.49e-01   2.14e-01   2.14e-01   2.84e-02   2.45e-01   1.18e-03   2.53e-04   3.95e-08   5.83e-09   
8.65964e+06  1.93e-18   9.01e-03   9.01e-03   1.04e-01   1.04e-01   6.84e-03   7.66e-01   2.76e-04   1.94e-04   9.53e-09   5.12e-10   
1.00000e+07  1.95e-18   8.92e-03   8.92e-03   1.03e-01   1.03e-01   6.77e-03   7.69e-01   2.71e-04   1.72e-04   9.38e-09   5.08e-10   
1.15478e+07  1.93e-18   8.93e-03   8.93e-03   1.03e-01   1.03e-01   6.80e-03   7.68e-01   2.73e-04   1.85e-04   9.45e-09   5.09e-10   
1.33352e+07  2.34e-18   1.09e-02   1.09e-02   1.14e-01   1.14e-01   7.64e-03   7.43e-01   3.08e-04   2.39e-04   1.06e-08   5.98e-10   
1.53993e+07  2.00e-18   9.32e-03   9.32e-03   1.06e-01   1.06e-01   7.01e-03   7.61e-01   2.82e-04   2.10e-04   9.77e-09   5.26e-10   
1.77828e+07  8.78e-17   1.03e-01   1.03e-01   2.17e-01   2.17e-01   2.35e-02   3.35e-01   9.59e-04   3.36e-04   3.26e-08   3.11e-09   
2.05353e+07  1.98e-18   9.29e-03   9.29e-03   1.06e-01   1.06e-01   6.97e-03   7.63e-01   2.81e-04   2.08e-04   9.70e-09   5.25e-10   
2.37137e+07  2.91e-16   1.51e-01   1.51e-01   2.13e-01   2.13e-01   2.87e-02   2.41e-01   1.19e-03   2.49e-04   3.98e-08   5.45e-09   
2.73842e+07  2.89e-16   1.52e-01   1.52e-01   2.13e-01   2.13e-01   2.88e-02   2.40e-01   1.19e-03   2.49e-04   4.01e-08   5.67e-09   
