! 0       *H + *C2H5 -> *CH3CH3
! 1       *H + *C2H5 -> CH3CH3
! 2       *C2H5 + CRPhoton -> *C2H3 + *H2
! 3       *C2H5 + CRPhoton -> *C2H2 + *H2 + *H
! 4       *C2H5 + CRPhoton -> *C2H3 + *H + *H
! 5       *C2H5 + CRPhoton -> *CH3 + *CH2
! 6      *C2H5 + CRPhoton -> *C2H2 + *H + *H + *H
! 7       *C2H5 + CRPhoton -> *C2H4 + *H
! 8       *C2H5 + CRPhoton -> C2H5
! 9       *C2H5 + ISPhoton -> *C2H3 + *H2
!            tot_rate   0          1          2          3          4          5          6          7          8          9          
1.00000e+00  3.66e-25   9.82e-01   9.93e-03   6.92e-03   4.24e-04   3.94e-04   2.48e-04   1.90e-04   1.75e-04   5.30e-05   7.63e-09   
1.15478e+00  5.05e-25   9.82e-01   9.92e-03   6.83e-03   4.18e-04   3.88e-04   2.45e-04   1.87e-04   1.73e-04   5.23e-05   7.50e-09   
1.33352e+00  6.82e-25   9.82e-01   9.92e-03   6.76e-03   4.13e-04   3.85e-04   2.42e-04   1.85e-04   1.71e-04   5.19e-05   7.43e-09   
1.53993e+00  9.25e-25   9.82e-01   9.92e-03   6.58e-03   4.02e-04   3.75e-04   2.36e-04   1.81e-04   1.67e-04   5.04e-05   7.24e-09   
1.77828e+00  1.23e-24   9.82e-01   9.90e-03   6.45e-03   3.95e-04   3.67e-04   2.31e-04   1.77e-04   1.63e-04   4.94e-05   7.09e-09   
2.05353e+00  1.63e-24   9.82e-01   9.89e-03   6.32e-03   3.86e-04   3.59e-04   2.26e-04   1.73e-04   1.60e-04   4.83e-05   6.94e-09   
2.37137e+00  2.14e-24   9.83e-01   9.92e-03   6.18e-03   3.78e-04   3.52e-04   2.22e-04   1.69e-04   1.56e-04   4.73e-05   6.78e-09   
2.73842e+00  2.81e-24   9.83e-01   9.90e-03   6.02e-03   3.70e-04   3.43e-04   2.16e-04   1.65e-04   1.52e-04   4.63e-05   6.62e-09   
3.16228e+00  3.68e-24   9.83e-01   9.94e-03   5.87e-03   3.58e-04   3.34e-04   2.11e-04   1.61e-04   1.49e-04   4.51e-05   6.46e-09   
3.65174e+00  4.85e-24   9.83e-01   9.93e-03   5.71e-03   3.50e-04   3.26e-04   2.05e-04   1.57e-04   1.45e-04   4.39e-05   6.29e-09   
4.21697e+00  6.45e-24   9.83e-01   9.94e-03   5.55e-03   3.40e-04   3.16e-04   1.99e-04   1.52e-04   1.41e-04   4.25e-05   6.11e-09   
4.86968e+00  8.68e-24   9.84e-01   9.93e-03   5.36e-03   3.28e-04   3.05e-04   1.92e-04   1.47e-04   1.36e-04   4.11e-05   5.90e-09   
5.62341e+00  1.19e-23   9.84e-01   9.92e-03   5.15e-03   3.15e-04   2.93e-04   1.85e-04   1.41e-04   1.30e-04   3.95e-05   5.68e-09   
6.49382e+00  1.66e-23   9.84e-01   9.96e-03   4.96e-03   3.04e-04   2.83e-04   1.78e-04   1.36e-04   1.26e-04   3.80e-05   5.46e-09   
7.49894e+00  2.36e-23   9.84e-01   9.93e-03   4.75e-03   2.91e-04   2.71e-04   1.71e-04   1.30e-04   1.20e-04   3.64e-05   5.22e-09   
8.65964e+00  3.41e-23   9.84e-01   9.96e-03   4.57e-03   2.79e-04   2.60e-04   1.64e-04   1.25e-04   1.16e-04   3.49e-05   5.01e-09   
1.00000e+01  5.01e-23   9.85e-01   9.95e-03   4.39e-03   2.70e-04   2.50e-04   1.58e-04   1.21e-04   1.11e-04   3.38e-05   4.83e-09   
1.15478e+01  7.38e-23   9.85e-01   9.94e-03   4.27e-03   2.61e-04   2.42e-04   1.53e-04   1.17e-04   1.08e-04   3.26e-05   4.70e-09   
1.33352e+01  1.10e-22   9.85e-01   9.94e-03   4.14e-03   2.54e-04   2.36e-04   1.49e-04   1.14e-04   1.05e-04   3.17e-05   4.56e-09   
1.53993e+01  1.62e-22   9.85e-01   9.97e-03   4.05e-03   2.48e-04   2.31e-04   1.45e-04   1.11e-04   1.03e-04   3.10e-05   4.46e-09   
1.77828e+01  2.43e-22   9.85e-01   9.94e-03   3.93e-03   2.41e-04   2.24e-04   1.41e-04   1.08e-04   9.98e-05   3.02e-05   4.33e-09   
2.05353e+01  3.64e-22   9.85e-01   9.96e-03   3.82e-03   2.33e-04   2.17e-04   1.36e-04   1.04e-04   9.63e-05   2.91e-05   4.20e-09   
2.37137e+01  5.52e-22   9.86e-01   9.95e-03   3.66e-03   2.25e-04   2.08e-04   1.31e-04   1.00e-04   9.26e-05   2.81e-05   4.02e-09   
2.73842e+01  8.43e-22   9.86e-01   9.95e-03   3.50e-03   2.14e-04   1.99e-04   1.26e-04   9.59e-05   8.85e-05   2.68e-05   3.84e-09   
3.16228e+01  1.31e-21   9.86e-01   9.94e-03   3.30e-03   2.03e-04   1.88e-04   1.18e-04   9.10e-05   8.41e-05   2.54e-05   3.64e-09   
3.65174e+01  2.07e-21   9.86e-01   9.96e-03   3.09e-03   1.89e-04   1.76e-04   1.11e-04   8.46e-05   7.83e-05   2.37e-05   3.40e-09   
4.21697e+01  3.34e-21   9.87e-01   9.96e-03   2.85e-03   1.75e-04   1.62e-04   1.02e-04   7.83e-05   7.21e-05   2.19e-05   3.14e-09   
4.86968e+01  5.60e-21   9.87e-01   9.96e-03   2.57e-03   1.57e-04   1.46e-04   9.21e-05   7.05e-05   6.50e-05   1.96e-05   2.82e-09   
5.62341e+01  9.83e-21   9.87e-01   9.96e-03   2.24e-03   1.37e-04   1.28e-04   8.03e-05   6.14e-05   5.67e-05   1.72e-05   2.46e-09   
6.49382e+01  1.84e-20   9.88e-01   9.99e-03   1.86e-03   1.14e-04   1.06e-04   6.68e-05   5.11e-05   4.72e-05   1.43e-05   2.05e-09   
7.49894e+01  3.88e-20   9.88e-01   9.96e-03   1.41e-03   8.62e-05   8.03e-05   5.06e-05   3.87e-05   3.56e-05   1.08e-05   1.55e-09   
8.65964e+01  1.01e-19   9.89e-01   1.00e-02   8.85e-04   5.42e-05   5.04e-05   3.18e-05   2.43e-05   2.24e-05   6.79e-06   9.74e-10   
1.00000e+02  5.50e-19   9.90e-01   9.99e-03   2.75e-04   1.68e-05   1.57e-05   9.86e-06   7.55e-06   6.97e-06   2.11e-06   3.02e-10   
1.15478e+02  1.13e-13   9.90e-01   9.99e-03   8.57e-08   5.25e-09   4.89e-09   3.08e-09   2.35e-09   2.17e-09   6.58e-10   9.46e-14   
1.33352e+02  1.53e-13   9.90e-01   1.00e-02   6.18e-08   3.78e-09   3.52e-09   2.22e-09   1.69e-09   1.57e-09   4.73e-10   6.82e-14   
1.53993e+02  1.87e-13   9.90e-01   1.00e-02   4.31e-08   2.64e-09   2.46e-09   1.55e-09   1.18e-09   1.09e-09   3.30e-10   4.74e-14   
1.77828e+02  1.95e-13   9.90e-01   1.00e-02   2.71e-08   1.66e-09   1.54e-09   9.75e-10   7.44e-10   6.87e-10   2.08e-10   2.99e-14   
2.05353e+02  1.34e-13   9.90e-01   9.97e-03   1.45e-08   8.86e-10   8.26e-10   5.20e-10   3.98e-10   3.68e-10   1.11e-10   1.60e-14   
2.37137e+02  4.64e-14   9.90e-01   1.00e-02   7.81e-09   4.79e-10   4.44e-10   2.80e-10   2.14e-10   1.98e-10   6.00e-11   8.58e-15   
2.73842e+02  2.39e-14   9.90e-01   9.98e-03   4.80e-09   2.94e-10   2.74e-10   1.73e-10   1.32e-10   1.22e-10   3.69e-11   5.31e-15   
3.16228e+02  1.75e-14   9.90e-01   1.00e-02   3.14e-09   1.92e-10   1.79e-10   1.13e-10   8.58e-11   7.95e-11   2.41e-11   3.46e-15   
3.65174e+02  1.42e-14   9.90e-01   9.97e-03   2.08e-09   1.27e-10   1.19e-10   7.44e-11   5.70e-11   5.26e-11   1.59e-11   2.29e-15   
4.21697e+02  1.24e-14   9.90e-01   1.01e-02   1.38e-09   8.45e-11   7.88e-11   4.96e-11   3.79e-11   3.50e-11   1.06e-11   1.52e-15   
4.86968e+02  1.15e-14   9.90e-01   9.99e-03   9.12e-10   5.56e-11   5.18e-11   3.26e-11   2.49e-11   2.30e-11   6.96e-12   9.99e-16   
5.62341e+02  1.11e-14   9.90e-01   9.99e-03   5.82e-10   3.56e-11   3.31e-11   2.09e-11   1.59e-11   1.48e-11   4.46e-12   6.41e-16   
6.49382e+02  1.10e-14   9.90e-01   9.99e-03   3.49e-10   2.13e-11   1.99e-11   1.25e-11   9.54e-12   8.83e-12   2.67e-12   3.84e-16   
7.49894e+02  1.10e-14   9.90e-01   9.99e-03   1.73e-10   1.06e-11   9.90e-12   6.20e-12   4.74e-12   4.38e-12   1.23e-12   1.91e-16   
8.65964e+02  1.12e-14   9.90e-01   9.99e-03   3.54e-11   2.17e-12   2.02e-12   1.28e-12   9.72e-13   9.01e-13   2.11e-13   3.91e-17   
1.00000e+03  1.14e-14   9.90e-01   9.99e-03   1.36e-11   8.31e-13   7.73e-13   4.87e-13   3.72e-13   3.43e-13   6.80e-14   1.50e-17   
1.15478e+03  1.17e-14   9.90e-01   9.99e-03   1.25e-11   7.69e-13   7.16e-13   4.51e-13   3.45e-13   3.18e-13   5.30e-14   1.38e-17   
1.33352e+03  1.21e-14   9.90e-01   9.98e-03   1.18e-11   7.24e-13   6.74e-13   4.24e-13   3.24e-13   2.99e-13   4.21e-14   1.30e-17   
1.53993e+03  1.28e-14   9.90e-01   9.98e-03   1.13e-11   6.91e-13   6.43e-13   4.05e-13   3.09e-13   2.86e-13   3.40e-14   1.25e-17   
1.77828e+03  1.41e-14   9.90e-01   1.00e-02   1.10e-11   6.71e-13   6.25e-13   3.93e-13   3.01e-13   2.78e-13   2.81e-14   1.21e-17   
2.05353e+03  1.66e-14   9.90e-01   1.00e-02   1.07e-11   6.58e-13   6.16e-13   3.86e-13   2.96e-13   2.73e-13   2.35e-14   1.19e-17   
2.37137e+03  1.98e-14   9.90e-01   1.00e-02   1.08e-11   6.62e-13   6.16e-13   3.88e-13   2.97e-13   2.74e-13   2.05e-14   1.19e-17   
2.73842e+03  2.40e-14   9.90e-01   9.98e-03   1.12e-11   6.86e-13   6.36e-13   4.01e-13   3.07e-13   2.83e-13   1.85e-14   1.24e-17   
3.16228e+03  2.88e-14   9.90e-01   1.00e-02   1.17e-11   7.16e-13   6.67e-13   4.20e-13   3.21e-13   2.96e-13   1.70e-14   1.29e-17   
3.65174e+03  3.31e-14   9.90e-01   9.99e-03   1.20e-11   7.33e-13   6.82e-13   4.29e-13   3.29e-13   3.02e-13   1.54e-14   1.32e-17   
4.21697e+03  3.72e-14   9.90e-01   9.98e-03   1.21e-11   7.40e-13   6.89e-13   4.33e-13   3.31e-13   3.07e-13   1.38e-14   1.33e-17   
4.86968e+03  4.14e-14   9.90e-01   1.00e-02   1.21e-11   7.39e-13   6.88e-13   4.32e-13   3.31e-13   3.07e-13   1.22e-14   1.33e-17   
5.62341e+03  4.62e-14   9.90e-01   9.99e-03   1.19e-11   7.30e-13   6.78e-13   4.27e-13   3.27e-13   3.01e-13   1.08e-14   1.31e-17   
6.49382e+03  5.15e-14   9.90e-01   1.00e-02   1.16e-11   7.12e-13   6.64e-13   4.17e-13   3.18e-13   2.95e-13   9.40e-15   1.29e-17   
7.49894e+03  5.79e-14   9.90e-01   1.00e-02   1.12e-11   6.86e-13   6.39e-13   4.03e-13   3.08e-13   2.83e-13   8.10e-15   1.24e-17   
8.65964e+03  6.54e-14   9.90e-01   9.99e-03   1.07e-11   6.53e-13   6.09e-13   3.83e-13   2.94e-13   2.71e-13   6.92e-15   1.18e-17   
1.00000e+04  7.44e-14   9.90e-01   9.99e-03   1.01e-11   6.15e-13   5.74e-13   3.61e-13   2.75e-13   2.55e-13   5.84e-15   1.11e-17   
1.15478e+04  8.56e-14   9.90e-01   1.00e-02   9.37e-12   5.74e-13   5.34e-13   3.37e-13   2.57e-13   2.37e-13   4.90e-15   1.04e-17   
1.33352e+04  9.97e-14   9.90e-01   1.00e-02   8.65e-12   5.29e-13   4.92e-13   3.10e-13   2.37e-13   2.19e-13   4.07e-15   9.56e-18   
1.53993e+04  1.18e-13   9.90e-01   9.98e-03   7.91e-12   4.84e-13   4.51e-13   2.83e-13   2.17e-13   2.01e-13   3.36e-15   8.72e-18   
1.77828e+04  1.41e-13   9.90e-01   1.00e-02   7.28e-12   4.46e-13   4.15e-13   2.62e-13   2.00e-13   1.85e-13   2.80e-15   8.06e-18   
2.05353e+04  1.73e-13   9.90e-01   1.00e-02   6.72e-12   4.12e-13   3.83e-13   2.41e-13   1.85e-13   1.70e-13   2.34e-15   7.47e-18   
2.37137e+04  2.15e-13   9.90e-01   9.99e-03   6.23e-12   3.82e-13   3.56e-13   2.24e-13   1.72e-13   1.58e-13   1.98e-15   6.93e-18   
2.73842e+04  2.71e-13   9.90e-01   1.00e-02   5.87e-12   3.60e-13   3.35e-13   2.11e-13   1.61e-13   1.49e-13   1.70e-15   6.50e-18   
3.16228e+04  3.45e-13   9.90e-01   1.00e-02   5.56e-12   3.42e-13   3.16e-13   1.99e-13   1.53e-13   1.41e-13   1.47e-15   6.17e-18   
3.65174e+04  4.44e-13   9.90e-01   1.00e-02   5.29e-12   3.24e-13   3.01e-13   1.90e-13   1.45e-13   1.34e-13   1.29e-15   5.85e-18   
4.21697e+04  5.76e-13   9.90e-01   1.00e-02   5.05e-12   3.09e-13   2.88e-13   1.81e-13   1.39e-13   1.28e-13   1.14e-15   5.59e-18   
4.86968e+04  7.48e-13   9.90e-01   9.99e-03   4.84e-12   2.97e-13   2.75e-13   1.74e-13   1.33e-13   1.23e-13   1.02e-15   5.36e-18   
5.62341e+04  9.74e-13   9.90e-01   9.99e-03   4.64e-12   2.84e-13   2.65e-13   1.66e-13   1.27e-13   1.17e-13   9.20e-16   5.13e-18   
6.49382e+04  1.26e-12   9.90e-01   9.98e-03   4.46e-12   2.73e-13   2.54e-13   1.60e-13   1.23e-13   1.13e-13   8.40e-16   4.94e-18   
7.49894e+04  1.63e-12   9.90e-01   1.00e-02   4.30e-12   2.63e-13   2.45e-13   1.54e-13   1.18e-13   1.09e-13   7.69e-16   4.76e-18   
8.65964e+04  2.08e-12   9.90e-01   1.00e-02   4.14e-12   2.53e-13   2.36e-13   1.49e-13   1.13e-13   1.05e-13   7.11e-16   4.58e-18   
1.00000e+05  2.61e-12   9.90e-01   1.00e-02   4.03e-12   2.46e-13   2.29e-13   1.44e-13   1.11e-13   1.02e-13   6.68e-16   4.45e-18   
1.15478e+05  3.20e-12   9.90e-01   9.99e-03   3.94e-12   2.40e-13   2.23e-13   1.41e-13   1.07e-13   9.93e-14   6.31e-16   4.34e-18   
1.33352e+05  3.83e-12   9.90e-01   1.00e-02   3.84e-12   2.35e-13   2.19e-13   1.38e-13   1.05e-13   9.72e-14   6.03e-16   4.26e-18   
1.53993e+05  4.43e-12   9.90e-01   9.99e-03   3.77e-12   2.30e-13   2.15e-13   1.35e-13   1.04e-13   9.56e-14   5.84e-16   4.17e-18   
1.77828e+05  4.93e-12   9.90e-01   1.00e-02   3.73e-12   2.27e-13   2.13e-13   1.34e-13   1.02e-13   9.43e-14   5.68e-16   4.14e-18   
2.05353e+05  5.21e-12   9.90e-01   1.00e-02   3.68e-12   2.24e-13   2.09e-13   1.32e-13   1.01e-13   9.32e-14   5.53e-16   4.09e-18   
2.37137e+05  5.06e-12   9.90e-01   1.00e-02   3.64e-12   2.23e-13   2.07e-13   1.30e-13   9.98e-14   9.21e-14   5.37e-16   4.03e-18   
2.73842e+05  4.77e-12   9.90e-01   1.00e-02   3.63e-12   2.22e-13   2.07e-13   1.30e-13   9.98e-14   9.21e-14   5.31e-16   4.03e-18   
3.16228e+05  4.36e-12   9.90e-01   1.00e-02   3.64e-12   2.23e-13   2.08e-13   1.31e-13   9.99e-14   9.24e-14   5.27e-16   4.03e-18   
3.65174e+05  3.90e-12   9.90e-01   1.00e-02   3.64e-12   2.23e-13   2.08e-13   1.31e-13   1.00e-13   9.23e-14   5.26e-16   4.05e-18   
4.21697e+05  3.41e-12   9.90e-01   9.99e-03   3.66e-12   2.23e-13   2.08e-13   1.31e-13   1.00e-13   9.23e-14   5.21e-16   4.04e-18   
4.86968e+05  2.93e-12   9.90e-01   1.00e-02   3.65e-12   2.24e-13   2.08e-13   1.31e-13   1.00e-13   9.25e-14   5.19e-16   4.06e-18   
5.62341e+05  2.47e-12   9.90e-01   9.98e-03   3.65e-12   2.23e-13   2.08e-13   1.31e-13   1.00e-13   9.25e-14   5.17e-16   4.04e-18   
6.49382e+05  2.06e-12   9.90e-01   1.00e-02   3.66e-12   2.24e-13   2.09e-13   1.32e-13   1.00e-13   9.27e-14   5.14e-16   4.06e-18   
7.49894e+05  1.72e-12   9.90e-01   1.00e-02   3.66e-12   2.24e-13   2.08e-13   1.32e-13   1.00e-13   9.26e-14   5.12e-16   4.06e-18   
8.65964e+05  2.26e-12   9.90e-01   1.00e-02   3.76e-12   2.30e-13   2.14e-13   1.35e-13   1.03e-13   9.50e-14   5.39e-16   4.16e-18   
1.00000e+06  4.98e-12   9.90e-01   1.00e-02   3.69e-12   2.25e-13   2.11e-13   1.32e-13   1.01e-13   9.34e-14   5.46e-16   4.10e-18   
1.15478e+06  3.86e-12   9.90e-01   9.98e-03   3.65e-12   2.23e-13   2.08e-13   1.31e-13   1.00e-13   9.23e-14   5.24e-16   4.04e-18   
1.33352e+06  2.56e-12   9.90e-01   1.00e-02   3.66e-12   2.24e-13   2.08e-13   1.31e-13   1.00e-13   9.27e-14   5.17e-16   4.07e-18   
1.53993e+06  1.73e-12   9.90e-01   1.00e-02   3.66e-12   2.24e-13   2.08e-13   1.31e-13   1.01e-13   9.26e-14   5.12e-16   4.06e-18   
1.77828e+06  4.98e-12   9.90e-01   1.00e-02   3.63e-12   2.23e-13   2.07e-13   1.31e-13   1.00e-13   9.22e-14   5.32e-16   4.04e-18   
2.05353e+06  2.73e-12   9.90e-01   1.00e-02   3.66e-12   2.24e-13   2.09e-13   1.31e-13   1.00e-13   9.28e-14   5.17e-16   4.07e-18   
2.37137e+06  3.01e-12   9.90e-01   1.00e-02   3.75e-12   2.30e-13   2.14e-13   1.35e-13   1.03e-13   9.50e-14   5.48e-16   4.15e-18   
2.73842e+06  3.09e-12   9.90e-01   1.00e-02   3.66e-12   2.24e-13   2.08e-13   1.31e-13   1.00e-13   9.25e-14   5.21e-16   4.04e-18   
3.16228e+06  4.33e-12   9.90e-01   9.99e-03   3.72e-12   2.28e-13   2.12e-13   1.34e-13   1.02e-13   9.44e-14   5.52e-16   4.13e-18   
3.65174e+06  2.12e-12   9.90e-01   9.99e-03   3.65e-12   2.23e-13   2.08e-13   1.31e-13   9.99e-14   9.24e-14   5.14e-16   4.04e-18   
4.21697e+06  3.05e-12   9.90e-01   1.00e-02   3.67e-12   2.24e-13   2.08e-13   1.31e-13   1.00e-13   9.28e-14   5.18e-16   4.06e-18   
4.86968e+06  3.71e-12   9.90e-01   1.00e-02   3.64e-12   2.24e-13   2.08e-13   1.31e-13   1.00e-13   9.25e-14   5.23e-16   4.05e-18   
5.62341e+06  3.56e-12   9.90e-01   1.00e-02   3.66e-12   2.24e-13   2.08e-13   1.31e-13   1.00e-13   9.25e-14   5.23e-16   4.05e-18   
6.49382e+06  2.62e-12   9.90e-01   1.00e-02   3.66e-12   2.24e-13   2.08e-13   1.31e-13   1.00e-13   9.25e-14   5.16e-16   4.05e-18   
7.49894e+06  2.33e-12   9.90e-01   1.00e-02   3.75e-12   2.29e-13   2.13e-13   1.35e-13   1.03e-13   9.51e-14   5.36e-16   4.16e-18   
8.65964e+06  2.88e-12   9.90e-01   1.00e-02   3.65e-12   2.23e-13   2.08e-13   1.31e-13   1.00e-13   9.24e-14   5.18e-16   4.06e-18   
1.00000e+07  3.91e-12   9.90e-01   1.00e-02   3.66e-12   2.23e-13   2.08e-13   1.31e-13   1.00e-13   9.23e-14   5.22e-16   4.04e-18   
1.15478e+07  3.27e-12   9.90e-01   9.99e-03   3.67e-12   2.23e-13   2.08e-13   1.31e-13   1.00e-13   9.26e-14   5.19e-16   4.03e-18   
1.33352e+07  1.74e-12   9.90e-01   1.00e-02   3.67e-12   2.24e-13   2.09e-13   1.31e-13   1.01e-13   9.27e-14   5.12e-16   4.06e-18   
1.53993e+07  2.24e-12   9.90e-01   9.99e-03   3.66e-12   2.24e-13   2.09e-13   1.32e-13   1.00e-13   9.28e-14   5.13e-16   4.06e-18   
1.77828e+07  1.81e-12   9.90e-01   1.00e-02   3.70e-12   2.27e-13   2.11e-13   1.33e-13   1.02e-13   9.35e-14   5.18e-16   4.10e-18   
2.05353e+07  2.32e-12   9.90e-01   9.99e-03   3.65e-12   2.23e-13   2.08e-13   1.31e-13   1.00e-13   9.25e-14   5.12e-16   4.05e-18   
2.37137e+07  2.93e-12   9.90e-01   1.00e-02   3.76e-12   2.30e-13   2.14e-13   1.35e-13   1.03e-13   9.49e-14   5.46e-16   4.16e-18   
2.73842e+07  2.65e-12   9.90e-01   1.00e-02   3.75e-12   2.30e-13   2.14e-13   1.35e-13   1.03e-13   9.48e-14   5.40e-16   4.16e-18   
