! 0       *H + *O2 -> *O2H
! 1       *H + *O2 -> O2H
! 2       *C + *O2 -> *CO + *O
! 3       *CH + *O2 -> *HCO + *O
! 4       *CH2 + *O2 -> *H2CO + *O
! 5       *O2 + CRP -> O2
! 6       *O2 + CRPhoton -> *O + *O
! 7       *O2 + CRPhoton -> *O + *O
! 8       *O2 + CRPhoton -> O2
! 9       *O2 + ISPhoton -> *O + *O
!            tot_rate   0          1          2          3          4          5          6          7          8          9          
1.00000e+00  5.55e-22   1.91e-05   1.93e-07   8.61e-01   4.38e-02   1.48e-02   7.42e-02   6.02e-03   2.16e-04   1.11e-04   6.81e-12   
1.15478e+00  8.03e-22   1.93e-05   1.96e-07   8.63e-01   4.18e-02   1.46e-02   7.42e-02   6.01e-03   2.15e-04   1.11e-04   6.81e-12   
1.33352e+00  1.16e-21   1.95e-05   1.97e-07   8.65e-01   4.00e-02   1.44e-02   7.44e-02   6.04e-03   2.16e-04   1.12e-04   6.82e-12   
1.53993e+00  1.67e-21   2.00e-05   2.02e-07   8.68e-01   3.79e-02   1.40e-02   7.42e-02   6.04e-03   2.16e-04   1.11e-04   6.82e-12   
1.77828e+00  2.41e-21   2.04e-05   2.06e-07   8.71e-01   3.56e-02   1.36e-02   7.38e-02   6.01e-03   2.15e-04   1.11e-04   6.80e-12   
2.05353e+00  3.46e-21   2.08e-05   2.10e-07   8.73e-01   3.33e-02   1.32e-02   7.38e-02   5.99e-03   2.15e-04   1.11e-04   6.80e-12   
2.37137e+00  4.94e-21   2.12e-05   2.14e-07   8.76e-01   3.10e-02   1.28e-02   7.39e-02   5.99e-03   2.14e-04   1.11e-04   6.78e-12   
2.73842e+00  7.04e-21   2.17e-05   2.20e-07   8.79e-01   2.87e-02   1.23e-02   7.38e-02   5.99e-03   2.14e-04   1.11e-04   6.77e-12   
3.16228e+00  9.99e-21   2.23e-05   2.25e-07   8.82e-01   2.63e-02   1.17e-02   7.38e-02   5.99e-03   2.15e-04   1.11e-04   6.78e-12   
3.65174e+00  1.41e-20   2.29e-05   2.31e-07   8.85e-01   2.41e-02   1.10e-02   7.36e-02   5.99e-03   2.15e-04   1.10e-04   6.77e-12   
4.21697e+00  1.98e-20   2.37e-05   2.40e-07   8.87e-01   2.19e-02   1.04e-02   7.41e-02   6.00e-03   2.15e-04   1.11e-04   6.81e-12   
4.86968e+00  2.79e-20   2.46e-05   2.48e-07   8.90e-01   1.98e-02   9.76e-03   7.39e-02   5.99e-03   2.15e-04   1.11e-04   6.78e-12   
5.62341e+00  3.90e-20   2.55e-05   2.57e-07   8.93e-01   1.79e-02   9.03e-03   7.39e-02   6.00e-03   2.16e-04   1.11e-04   6.80e-12   
6.49382e+00  5.44e-20   2.65e-05   2.68e-07   8.95e-01   1.61e-02   8.31e-03   7.39e-02   5.99e-03   2.15e-04   1.11e-04   6.78e-12   
7.49894e+00  7.59e-20   2.77e-05   2.79e-07   8.98e-01   1.45e-02   7.58e-03   7.38e-02   6.00e-03   2.15e-04   1.11e-04   6.78e-12   
8.65964e+00  1.06e-19   2.88e-05   2.91e-07   9.00e-01   1.30e-02   6.90e-03   7.38e-02   5.99e-03   2.15e-04   1.11e-04   6.77e-12   
1.00000e+01  1.46e-19   2.99e-05   3.02e-07   9.02e-01   1.18e-02   6.27e-03   7.38e-02   5.99e-03   2.15e-04   1.11e-04   6.78e-12   
1.15478e+01  2.04e-19   3.07e-05   3.10e-07   9.04e-01   1.06e-02   5.65e-03   7.37e-02   5.99e-03   2.14e-04   1.11e-04   6.78e-12   
1.33352e+01  2.83e-19   3.15e-05   3.17e-07   9.06e-01   9.59e-03   5.13e-03   7.32e-02   5.94e-03   2.14e-04   1.10e-04   6.72e-12   
1.53993e+01  3.92e-19   3.21e-05   3.24e-07   9.07e-01   8.72e-03   4.64e-03   7.29e-02   5.91e-03   2.13e-04   1.10e-04   6.70e-12   
1.77828e+01  5.43e-19   3.30e-05   3.34e-07   9.09e-01   8.00e-03   4.22e-03   7.28e-02   5.90e-03   2.12e-04   1.09e-04   6.69e-12   
2.05353e+01  7.49e-19   3.39e-05   3.43e-07   9.10e-01   7.38e-03   3.86e-03   7.25e-02   5.87e-03   2.11e-04   1.09e-04   6.65e-12   
2.37137e+01  1.03e-18   3.50e-05   3.53e-07   9.12e-01   6.85e-03   3.55e-03   7.19e-02   5.83e-03   2.09e-04   1.07e-04   6.60e-12   
2.73842e+01  1.42e-18   3.62e-05   3.65e-07   9.13e-01   6.39e-03   3.29e-03   7.10e-02   5.75e-03   2.07e-04   1.06e-04   6.51e-12   
3.16228e+01  1.95e-18   3.77e-05   3.81e-07   9.15e-01   6.01e-03   3.10e-03   6.99e-02   5.71e-03   2.04e-04   1.05e-04   6.43e-12   
3.65174e+01  2.67e-18   3.93e-05   3.97e-07   9.17e-01   5.69e-03   2.94e-03   6.81e-02   5.54e-03   1.98e-04   1.02e-04   6.25e-12   
4.21697e+01  3.65e-18   4.11e-05   4.14e-07   9.21e-01   5.40e-03   2.82e-03   6.55e-02   5.32e-03   1.91e-04   9.84e-05   6.03e-12   
4.86968e+01  4.99e-18   4.31e-05   4.35e-07   9.25e-01   5.13e-03   2.75e-03   6.22e-02   5.03e-03   1.81e-04   9.33e-05   5.70e-12   
5.62341e+01  6.87e-18   4.56e-05   4.60e-07   9.30e-01   4.85e-03   2.72e-03   5.71e-02   4.63e-03   1.66e-04   8.56e-05   5.24e-12   
6.49382e+01  9.65e-18   4.82e-05   4.87e-07   9.38e-01   4.48e-03   2.71e-03   5.02e-02   4.06e-03   1.46e-04   7.52e-05   4.60e-12   
7.49894e+01  1.42e-17   5.14e-05   5.19e-07   9.49e-01   3.93e-03   2.69e-03   4.05e-02   3.28e-03   1.18e-04   6.08e-05   3.72e-12   
8.65964e+01  2.38e-17   5.54e-05   5.58e-07   9.65e-01   3.01e-03   2.50e-03   2.73e-02   2.21e-03   7.97e-05   4.10e-05   2.51e-12   
1.00000e+02  6.62e-17   6.02e-05   6.08e-07   9.87e-01   1.23e-03   1.41e-03   9.27e-03   7.52e-04   2.70e-05   1.39e-05   8.51e-13   
1.15478e+02  5.49e-17   1.33e-04   1.34e-06   1.00e+00   8.61e-05   1.00e-04   6.34e-06   5.13e-07   1.84e-08   9.51e-09   5.81e-16   
1.33352e+02  8.38e-17   1.87e-04   1.88e-06   1.00e+00   1.13e-04   1.31e-04   6.44e-06   5.22e-07   1.87e-08   9.66e-09   5.92e-16   
1.53993e+02  1.33e-16   2.95e-04   2.98e-06   9.99e-01   1.56e-04   1.79e-04   7.09e-06   5.75e-07   2.07e-08   1.06e-08   6.51e-16   
1.77828e+02  2.18e-16   5.87e-04   5.96e-06   9.99e-01   2.38e-04   2.72e-04   8.94e-06   7.24e-07   2.60e-08   1.34e-08   8.20e-16   
2.05353e+02  3.68e-16   1.75e-03   1.76e-05   9.97e-01   4.40e-04   4.86e-04   1.42e-05   1.15e-06   4.13e-08   2.12e-08   1.30e-15   
2.37137e+02  6.35e-16   5.41e-03   5.47e-05   9.93e-01   8.16e-04   8.57e-04   2.36e-05   1.91e-06   6.87e-08   3.53e-08   2.16e-15   
2.73842e+02  1.10e-15   1.31e-02   1.32e-04   9.84e-01   1.35e-03   1.32e-03   3.54e-05   2.86e-06   1.03e-07   5.30e-08   3.24e-15   
3.16228e+02  1.90e-15   2.85e-02   2.88e-04   9.67e-01   2.12e-03   1.88e-03   5.00e-05   4.05e-06   1.46e-07   7.52e-08   4.59e-15   
3.65174e+02  3.23e-15   5.97e-02   6.03e-04   9.34e-01   3.28e-03   2.54e-03   6.93e-05   5.60e-06   2.02e-07   1.04e-07   6.34e-15   
4.21697e+02  5.33e-15   1.21e-01   1.23e-03   8.69e-01   5.01e-03   3.19e-03   9.35e-05   7.58e-06   2.72e-07   1.40e-07   8.58e-15   
4.86968e+02  8.45e-15   2.34e-01   2.37e-03   7.52e-01   7.36e-03   3.55e-03   1.19e-04   9.65e-06   3.47e-07   1.79e-07   1.09e-14   
5.62341e+02  1.29e-14   4.17e-01   4.20e-03   5.66e-01   1.00e-02   3.28e-03   1.36e-04   1.10e-05   3.95e-07   2.04e-07   1.24e-14   
6.49382e+02  1.87e-14   6.54e-01   6.59e-03   3.25e-01   1.23e-02   2.21e-03   1.28e-04   1.03e-05   3.71e-07   1.91e-07   1.17e-14   
7.49894e+02  2.56e-14   8.71e-01   8.78e-03   1.07e-01   1.31e-02   8.16e-04   7.73e-05   6.79e-06   2.44e-07   1.16e-07   7.69e-15   
8.65964e+02  3.36e-14   9.71e-01   9.83e-03   5.03e-03   1.39e-02   4.11e-05   1.50e-05   1.56e-06   5.60e-08   2.24e-08   1.77e-15   
1.00000e+03  4.25e-14   9.44e-01   9.53e-03   7.11e-04   4.57e-02   5.82e-06   4.66e-06   5.79e-07   2.08e-08   6.99e-09   6.54e-16   
1.15478e+03  5.27e-14   9.51e-01   9.61e-03   6.06e-04   3.87e-02   5.05e-06   3.66e-06   5.41e-07   1.94e-08   5.51e-09   6.13e-16   
1.33352e+03  6.59e-14   9.57e-01   9.66e-03   5.22e-04   3.31e-02   4.43e-06   2.93e-06   5.13e-07   1.84e-08   4.40e-09   5.82e-16   
1.53993e+03  8.56e-14   9.62e-01   9.72e-03   4.51e-04   2.83e-02   3.93e-06   2.38e-06   4.93e-07   1.76e-08   3.58e-09   5.58e-16   
1.77828e+03  1.22e-13   9.67e-01   9.75e-03   3.77e-04   2.30e-02   3.40e-06   1.97e-06   4.79e-07   1.72e-08   2.95e-09   5.42e-16   
2.05353e+03  1.97e-13   9.74e-01   9.84e-03   2.78e-04   1.61e-02   2.69e-06   1.67e-06   4.75e-07   1.70e-08   2.51e-09   5.38e-16   
2.37137e+03  3.55e-13   9.83e-01   9.91e-03   1.44e-04   7.24e-03   1.69e-06   1.47e-06   4.81e-07   1.73e-08   2.20e-09   5.46e-16   
2.73842e+03  6.41e-13   9.88e-01   9.97e-03   4.99e-05   1.94e-03   1.01e-06   1.34e-06   5.01e-07   1.80e-08   2.00e-09   5.68e-16   
3.16228e+03  9.70e-13   9.89e-01   9.99e-03   2.58e-05   7.94e-04   8.62e-07   1.23e-06   5.23e-07   1.88e-08   1.83e-09   5.94e-16   
3.65174e+03  1.23e-12   9.89e-01   9.97e-03   2.23e-05   6.13e-04   8.60e-07   1.11e-06   5.35e-07   1.92e-08   1.66e-09   6.07e-16   
4.21697e+03  1.39e-12   9.89e-01   1.00e-02   2.19e-05   5.79e-04   8.67e-07   9.97e-07   5.43e-07   1.95e-08   1.49e-09   6.17e-16   
4.86968e+03  1.49e-12   9.89e-01   9.96e-03   2.17e-05   5.82e-04   8.55e-07   8.82e-07   5.40e-07   1.94e-08   1.32e-09   6.13e-16   
5.62341e+03  1.50e-12   9.89e-01   1.00e-02   2.18e-05   6.14e-04   8.49e-07   7.82e-07   5.36e-07   1.93e-08   1.17e-09   6.08e-16   
6.49382e+03  1.47e-12   9.89e-01   1.00e-02   2.15e-05   6.58e-04   8.26e-07   6.80e-07   5.21e-07   1.87e-08   1.02e-09   5.92e-16   
7.49894e+03  1.39e-12   9.89e-01   9.96e-03   2.09e-05   7.09e-04   8.03e-07   5.85e-07   5.02e-07   1.80e-08   8.75e-10   5.70e-16   
8.65964e+03  1.29e-12   9.89e-01   9.97e-03   2.00e-05   7.64e-04   7.81e-07   5.01e-07   4.79e-07   1.72e-08   7.48e-10   5.44e-16   
1.00000e+04  1.18e-12   9.89e-01   9.98e-03   1.87e-05   8.08e-04   7.50e-07   4.23e-07   4.51e-07   1.61e-08   6.32e-10   5.12e-16   
1.15478e+04  1.06e-12   9.89e-01   9.99e-03   1.71e-05   8.41e-04   7.28e-07   3.56e-07   4.22e-07   1.52e-08   5.32e-10   4.80e-16   
1.33352e+04  9.56e-13   9.89e-01   9.99e-03   1.51e-05   8.42e-04   7.00e-07   2.95e-07   3.87e-07   1.39e-08   4.40e-10   4.40e-16   
1.53993e+04  8.57e-13   9.89e-01   1.00e-02   1.31e-05   8.19e-04   6.79e-07   2.44e-07   3.56e-07   1.27e-08   3.64e-10   4.05e-16   
1.77828e+04  7.73e-13   9.89e-01   1.00e-02   1.11e-05   7.72e-04   6.65e-07   2.03e-07   3.26e-07   1.17e-08   3.03e-10   3.71e-16   
2.05353e+04  7.04e-13   9.89e-01   9.99e-03   9.48e-06   7.12e-04   6.61e-07   1.69e-07   3.01e-07   1.08e-08   2.53e-10   3.43e-16   
2.37137e+04  6.42e-13   9.89e-01   1.00e-02   8.15e-06   6.50e-04   6.70e-07   1.43e-07   2.80e-07   1.01e-08   2.13e-10   3.19e-16   
2.73842e+04  5.82e-13   9.89e-01   9.98e-03   7.13e-06   5.91e-04   6.87e-07   1.23e-07   2.63e-07   9.45e-09   1.84e-10   2.99e-16   
3.16228e+04  5.16e-13   9.89e-01   1.00e-02   6.39e-06   5.42e-04   7.11e-07   1.07e-07   2.50e-07   8.95e-09   1.59e-10   2.85e-16   
3.65174e+04  4.47e-13   9.89e-01   1.00e-02   5.87e-06   4.99e-04   7.37e-07   9.38e-08   2.37e-07   8.53e-09   1.40e-10   2.71e-16   
4.21697e+04  3.75e-13   9.90e-01   1.00e-02   5.47e-06   4.61e-04   7.57e-07   8.29e-08   2.27e-07   8.13e-09   1.24e-10   2.58e-16   
4.86968e+04  3.04e-13   9.90e-01   9.99e-03   5.19e-06   4.27e-04   7.69e-07   7.43e-08   2.17e-07   7.79e-09   1.10e-10   2.47e-16   
5.62341e+04  2.38e-13   9.90e-01   9.98e-03   4.99e-06   3.98e-04   7.72e-07   6.67e-08   2.08e-07   7.46e-09   9.94e-11   2.37e-16   
6.49382e+04  1.78e-13   9.90e-01   1.00e-02   4.90e-06   3.76e-04   7.65e-07   6.07e-08   2.01e-07   7.20e-09   9.05e-11   2.28e-16   
7.49894e+04  1.27e-13   9.90e-01   9.98e-03   4.85e-06   3.59e-04   7.47e-07   5.55e-08   1.92e-07   6.90e-09   8.25e-11   2.18e-16   
8.65964e+04  8.50e-14   9.90e-01   9.99e-03   4.97e-06   3.53e-04   7.26e-07   5.17e-08   1.86e-07   6.68e-09   7.70e-11   2.12e-16   
1.00000e+05  5.28e-14   9.90e-01   9.99e-03   5.20e-06   3.58e-04   7.02e-07   4.83e-08   1.80e-07   6.47e-09   7.21e-11   2.06e-16   
1.15478e+05  3.03e-14   9.90e-01   1.00e-02   5.67e-06   3.79e-04   6.76e-07   4.59e-08   1.75e-07   6.30e-09   6.83e-11   2.00e-16   
1.33352e+05  1.62e-14   9.90e-01   1.00e-02   6.43e-06   4.21e-04   6.62e-07   4.39e-08   1.72e-07   6.18e-09   6.56e-11   1.96e-16   
1.53993e+05  8.36e-15   9.90e-01   9.99e-03   7.59e-06   4.88e-04   6.54e-07   4.24e-08   1.69e-07   6.07e-09   6.31e-11   1.93e-16   
1.77828e+05  4.26e-15   9.89e-01   9.99e-03   9.33e-06   5.92e-04   6.72e-07   4.11e-08   1.67e-07   5.99e-09   6.13e-11   1.90e-16   
2.05353e+05  1.61e-15   9.89e-01   9.95e-03   1.30e-05   8.15e-04   7.34e-07   4.01e-08   1.65e-07   5.92e-09   5.97e-11   1.88e-16   
2.37137e+05  3.27e-16   9.89e-01   9.98e-03   1.53e-05   9.49e-04   8.48e-07   3.89e-08   1.63e-07   5.85e-09   5.79e-11   1.86e-16   
2.73842e+05  2.86e-16   9.89e-01   9.99e-03   1.59e-05   9.89e-04   9.47e-07   3.84e-08   1.63e-07   5.84e-09   5.73e-11   1.86e-16   
3.16228e+05  2.68e-16   9.89e-01   1.00e-02   1.69e-05   1.05e-03   1.03e-06   3.84e-08   1.63e-07   5.86e-09   5.71e-11   1.86e-16   
3.65174e+05  2.56e-16   9.89e-01   1.00e-02   1.80e-05   1.11e-03   1.12e-06   3.81e-08   1.63e-07   5.86e-09   5.67e-11   1.86e-16   
4.21697e+05  2.47e-16   9.89e-01   1.00e-02   1.90e-05   1.18e-03   1.21e-06   3.80e-08   1.64e-07   5.88e-09   5.63e-11   1.87e-16   
4.86968e+05  2.40e-16   9.89e-01   1.00e-02   1.99e-05   1.23e-03   1.29e-06   3.78e-08   1.64e-07   5.88e-09   5.63e-11   1.87e-16   
5.62341e+05  2.36e-16   9.89e-01   9.97e-03   2.08e-05   1.29e-03   1.37e-06   3.75e-08   1.64e-07   5.86e-09   5.60e-11   1.87e-16   
6.49382e+05  2.34e-16   9.89e-01   1.00e-02   2.18e-05   1.34e-03   1.46e-06   3.74e-08   1.64e-07   5.91e-09   5.56e-11   1.87e-16   
7.49894e+05  2.39e-16   9.89e-01   1.00e-02   2.25e-05   1.39e-03   1.53e-06   3.72e-08   1.64e-07   5.91e-09   5.53e-11   1.87e-16   
8.65964e+05  3.73e-15   9.90e-01   1.00e-02   7.48e-06   4.67e-04   1.31e-06   3.92e-08   1.68e-07   6.03e-09   5.82e-11   1.91e-16   
1.00000e+06  1.88e-15   9.89e-01   1.00e-02   1.18e-05   7.34e-04   8.24e-07   3.95e-08   1.65e-07   5.90e-09   5.90e-11   1.88e-16   
1.15478e+06  2.54e-16   9.89e-01   1.00e-02   1.84e-05   1.13e-03   1.15e-06   3.80e-08   1.63e-07   5.87e-09   5.67e-11   1.86e-16   
1.33352e+06  2.37e-16   9.89e-01   9.97e-03   2.09e-05   1.29e-03   1.38e-06   3.75e-08   1.64e-07   5.87e-09   5.58e-11   1.87e-16   
1.53993e+06  2.48e-16   9.89e-01   1.00e-02   2.27e-05   1.40e-03   1.55e-06   3.72e-08   1.64e-07   5.89e-09   5.53e-11   1.87e-16   
1.77828e+06  3.14e-16   9.89e-01   9.99e-03   1.62e-05   1.01e-03   9.00e-07   3.88e-08   1.63e-07   5.85e-09   5.76e-11   1.86e-16   
2.05353e+06  2.38e-16   9.89e-01   1.00e-02   2.07e-05   1.28e-03   1.36e-06   3.76e-08   1.64e-07   5.89e-09   5.60e-11   1.87e-16   
2.37137e+06  4.09e-15   9.90e-01   9.99e-03   7.53e-06   4.72e-04   1.12e-06   3.96e-08   1.68e-07   6.03e-09   5.91e-11   1.92e-16   
2.73842e+06  2.42e-16   9.89e-01   9.97e-03   1.99e-05   1.23e-03   1.29e-06   3.76e-08   1.63e-07   5.87e-09   5.59e-11   1.87e-16   
3.16228e+06  3.41e-15   9.89e-01   9.98e-03   8.87e-06   5.58e-04   8.75e-07   3.99e-08   1.67e-07   5.99e-09   5.96e-11   1.90e-16   
3.65174e+06  2.37e-16   9.89e-01   1.00e-02   2.20e-05   1.36e-03   1.47e-06   3.73e-08   1.64e-07   5.91e-09   5.58e-11   1.87e-16   
4.21697e+06  2.41e-16   9.89e-01   1.00e-02   2.01e-05   1.24e-03   1.30e-06   3.77e-08   1.64e-07   5.90e-09   5.61e-11   1.87e-16   
4.86968e+06  2.51e-16   9.89e-01   9.97e-03   1.87e-05   1.16e-03   1.19e-06   3.78e-08   1.63e-07   5.86e-09   5.62e-11   1.86e-16   
5.62341e+06  2.48e-16   9.89e-01   1.00e-02   1.91e-05   1.18e-03   1.22e-06   3.79e-08   1.64e-07   5.89e-09   5.65e-11   1.86e-16   
6.49382e+06  2.38e-16   9.89e-01   9.97e-03   2.09e-05   1.29e-03   1.38e-06   3.74e-08   1.64e-07   5.85e-09   5.55e-11   1.86e-16   
7.49894e+06  3.63e-15   9.90e-01   1.00e-02   7.52e-06   4.69e-04   1.33e-06   3.89e-08   1.68e-07   6.04e-09   5.79e-11   1.91e-16   
8.65964e+06  2.40e-16   9.89e-01   9.97e-03   2.04e-05   1.26e-03   1.33e-06   3.75e-08   1.64e-07   5.88e-09   5.59e-11   1.86e-16   
1.00000e+07  2.54e-16   9.89e-01   1.00e-02   1.84e-05   1.14e-03   1.16e-06   3.80e-08   1.63e-07   5.87e-09   5.67e-11   1.86e-16   
1.15478e+07  2.44e-16   9.89e-01   1.00e-02   1.97e-05   1.21e-03   1.27e-06   3.77e-08   1.64e-07   5.87e-09   5.62e-11   1.87e-16   
1.33352e+07  2.55e-16   9.89e-01   9.96e-03   2.27e-05   1.40e-03   1.55e-06   3.71e-08   1.64e-07   5.88e-09   5.53e-11   1.87e-16   
1.53993e+07  2.37e-16   9.89e-01   9.97e-03   2.16e-05   1.34e-03   1.44e-06   3.73e-08   1.64e-07   5.87e-09   5.53e-11   1.87e-16   
1.77828e+07  1.95e-15   9.89e-01   1.00e-02   1.10e-05   6.82e-04   1.51e-06   3.74e-08   1.66e-07   5.95e-09   5.59e-11   1.89e-16   
2.05353e+07  2.37e-16   9.89e-01   9.97e-03   2.15e-05   1.33e-03   1.43e-06   3.73e-08   1.64e-07   5.87e-09   5.53e-11   1.86e-16   
2.37137e+07  4.07e-15   9.90e-01   9.99e-03   7.49e-06   4.69e-04   1.15e-06   3.95e-08   1.68e-07   6.04e-09   5.89e-11   1.92e-16   
2.73842e+07  3.94e-15   9.90e-01   1.00e-02   7.43e-06   4.64e-04   1.23e-06   3.93e-08   1.68e-07   6.04e-09   5.86e-11   1.92e-16   
