! 0       *H + *CH2OH -> *H2CO + *H2
! 1       *H + *CH2OH -> *CH3OH
! 2       *H + *CH2OH -> CH3OH
! 3       *CH2OH + CRPhoton -> *CH2 + *OH
! 4       *CH3 + *CH2OH -> *C2H5OH
! 5       *CH2OH + CRPhoton -> CH2OH
! 6       *CH3 + *CH2OH -> C2H5OH
! 7       *O + *CH2OH -> *HCOOH + *H
! 8       *CH2OH + ISPhoton -> CH2OH
! 9       *CH2OH + GRAIN -> CH2OH + GRAIN
!            tot_rate   0          1          2          3          4          5          6          7          8          9          
1.00000e+00  3.96e-20   4.95e-01   4.89e-01   4.95e-03   1.10e-02   2.29e-05   5.30e-05   2.31e-07   2.16e-07   9.44e-12   3.23e-73   
1.15478e+00  6.17e-20   4.94e-01   4.90e-01   4.94e-03   1.08e-02   2.55e-05   5.22e-05   2.56e-07   2.45e-07   9.32e-12   3.18e-73   
1.33352e+00  9.54e-20   4.95e-01   4.89e-01   4.95e-03   1.08e-02   2.80e-05   5.17e-05   2.83e-07   2.80e-07   9.23e-12   3.15e-73   
1.53993e+00  1.50e-19   4.95e-01   4.90e-01   4.95e-03   1.05e-02   3.02e-05   5.03e-05   3.05e-07   3.14e-07   9.00e-12   3.07e-73   
1.77828e+00  2.34e-19   4.97e-01   4.88e-01   4.97e-03   1.03e-02   3.27e-05   4.92e-05   3.30e-07   3.54e-07   8.82e-12   3.01e-73   
2.05353e+00  3.63e-19   4.95e-01   4.90e-01   4.95e-03   1.00e-02   3.52e-05   4.81e-05   3.55e-07   3.99e-07   8.61e-12   2.94e-73   
2.37137e+00  5.62e-19   4.94e-01   4.91e-01   4.94e-03   9.83e-03   3.79e-05   4.73e-05   3.82e-07   4.50e-07   8.45e-12   2.88e-73   
2.73842e+00  8.69e-19   4.95e-01   4.90e-01   4.95e-03   9.60e-03   4.05e-05   4.62e-05   4.10e-07   5.04e-07   8.24e-12   2.82e-73   
3.16228e+00  1.34e-18   4.95e-01   4.91e-01   4.95e-03   9.35e-03   4.32e-05   4.49e-05   4.37e-07   5.65e-07   8.00e-12   2.74e-73   
3.65174e+00  2.04e-18   4.95e-01   4.90e-01   4.95e-03   9.12e-03   4.60e-05   4.39e-05   4.64e-07   6.33e-07   7.85e-12   2.68e-73   
4.21697e+00  3.12e-18   4.96e-01   4.90e-01   4.96e-03   8.80e-03   4.80e-05   4.23e-05   4.87e-07   6.98e-07   7.56e-12   2.59e-73   
4.86968e+00  4.72e-18   4.95e-01   4.91e-01   4.95e-03   8.53e-03   5.04e-05   4.11e-05   5.08e-07   7.75e-07   7.32e-12   2.50e-73   
5.62341e+00  7.08e-18   4.95e-01   4.91e-01   4.95e-03   8.22e-03   5.24e-05   3.95e-05   5.29e-07   8.54e-07   7.06e-12   2.41e-73   
6.49382e+00  1.05e-17   4.96e-01   4.91e-01   4.96e-03   7.89e-03   5.40e-05   3.79e-05   5.46e-07   9.34e-07   6.78e-12   2.32e-73   
7.49894e+00  1.55e-17   4.96e-01   4.91e-01   4.96e-03   7.55e-03   5.56e-05   3.64e-05   5.62e-07   1.02e-06   6.51e-12   2.23e-73   
8.65964e+00  2.24e-17   4.96e-01   4.92e-01   4.96e-03   7.28e-03   5.72e-05   3.50e-05   5.81e-07   1.11e-06   6.26e-12   2.15e-73   
1.00000e+01  3.19e-17   4.96e-01   4.92e-01   4.96e-03   6.99e-03   5.90e-05   3.36e-05   5.96e-07   1.21e-06   6.02e-12   2.07e-73   
1.15478e+01  4.45e-17   4.96e-01   4.92e-01   4.96e-03   6.78e-03   6.09e-05   3.26e-05   6.15e-07   1.32e-06   5.84e-12   2.01e-73   
1.33352e+01  6.12e-17   4.97e-01   4.92e-01   4.97e-03   6.62e-03   6.32e-05   3.19e-05   6.39e-07   1.44e-06   5.68e-12   1.96e-73   
1.53993e+01  8.36e-17   4.97e-01   4.92e-01   4.97e-03   6.45e-03   6.53e-05   3.10e-05   6.61e-07   1.57e-06   5.54e-12   1.91e-73   
1.77828e+01  1.14e-16   4.97e-01   4.92e-01   4.97e-03   6.26e-03   6.74e-05   3.01e-05   6.80e-07   1.69e-06   5.38e-12   1.86e-73   
2.05353e+01  1.55e-16   4.97e-01   4.92e-01   4.97e-03   6.06e-03   6.97e-05   2.92e-05   7.03e-07   1.80e-06   5.21e-12   1.80e-73   
2.37137e+01  2.11e-16   4.97e-01   4.92e-01   4.97e-03   5.82e-03   7.19e-05   2.80e-05   7.29e-07   1.89e-06   5.02e-12   1.74e-73   
2.73842e+01  2.88e-16   4.96e-01   4.93e-01   4.96e-03   5.55e-03   7.50e-05   2.68e-05   7.57e-07   1.96e-06   4.79e-12   1.66e-73   
3.16228e+01  3.94e-16   4.97e-01   4.92e-01   4.97e-03   5.25e-03   7.87e-05   2.53e-05   7.97e-07   1.98e-06   4.52e-12   1.58e-73   
3.65174e+01  5.38e-16   4.98e-01   4.92e-01   4.98e-03   4.94e-03   8.40e-05   2.38e-05   8.49e-07   1.95e-06   4.23e-12   1.49e-73   
4.21697e+01  7.41e-16   4.98e-01   4.92e-01   4.98e-03   4.55e-03   9.05e-05   2.19e-05   9.15e-07   1.86e-06   3.90e-12   1.38e-73   
4.86968e+01  1.02e-15   4.98e-01   4.93e-01   4.98e-03   4.09e-03   9.96e-05   1.97e-05   1.01e-06   1.69e-06   3.51e-12   1.25e-73   
5.62341e+01  1.43e-15   4.98e-01   4.93e-01   4.98e-03   3.57e-03   1.12e-04   1.72e-05   1.14e-06   1.43e-06   3.06e-12   1.09e-73   
6.49382e+01  2.00e-15   4.98e-01   4.93e-01   4.98e-03   2.96e-03   1.30e-04   1.42e-05   1.31e-06   1.09e-06   2.54e-12   9.14e-74   
7.49894e+01  2.82e-15   5.00e-01   4.93e-01   5.00e-03   2.25e-03   1.55e-04   1.08e-05   1.56e-06   6.91e-07   1.93e-12   7.02e-74   
8.65964e+01  3.89e-15   4.99e-01   4.94e-01   4.99e-03   1.41e-03   1.81e-04   6.77e-06   1.83e-06   2.99e-07   1.21e-12   4.43e-74   
1.00000e+02  3.88e-15   5.00e-01   4.95e-01   5.00e-03   4.41e-04   1.43e-04   2.11e-06   1.45e-06   3.14e-08   3.79e-13   1.40e-74   
1.15478e+02  5.88e-17   5.00e-01   4.95e-01   5.00e-03   1.36e-07   7.01e-07   6.55e-10   7.09e-09   2.55e-15   1.17e-16   4.41e-78   
1.33352e+02  5.86e-17   5.00e-01   4.95e-01   5.00e-03   9.85e-08   5.29e-07   4.73e-10   5.34e-09   1.41e-15   8.45e-17   3.23e-78   
1.53993e+02  5.44e-17   5.00e-01   4.95e-01   5.00e-03   6.86e-08   3.53e-07   3.29e-10   3.57e-09   7.21e-16   5.89e-17   2.28e-78   
1.77828e+02  4.41e-17   5.01e-01   4.94e-01   5.01e-03   4.33e-08   1.87e-07   2.08e-10   1.89e-09   3.04e-16   3.72e-17   1.48e-78   
2.05353e+02  2.81e-17   5.01e-01   4.94e-01   5.01e-03   2.31e-08   6.54e-08   1.11e-10   6.61e-10   9.10e-17   1.99e-17   8.03e-79   
2.37137e+02  1.66e-17   5.00e-01   4.95e-01   5.00e-03   1.24e-08   2.14e-08   5.99e-11   2.17e-10   2.74e-17   1.07e-17   4.44e-79   
2.73842e+02  1.08e-17   5.00e-01   4.95e-01   5.00e-03   7.69e-09   8.87e-09   3.70e-11   8.96e-11   1.08e-17   6.61e-18   2.82e-79   
3.16228e+02  7.28e-18   5.00e-01   4.95e-01   5.00e-03   5.02e-09   4.04e-09   2.41e-11   4.08e-11   4.71e-18   4.30e-18   1.90e-79   
3.65174e+02  4.80e-18   5.00e-01   4.95e-01   5.00e-03   3.31e-09   1.87e-09   1.59e-11   1.89e-11   2.12e-18   2.85e-18   0.00e+00   
4.21697e+02  3.02e-18   5.01e-01   4.94e-01   5.01e-03   2.20e-09   8.66e-10   1.06e-11   8.76e-12   9.62e-19   1.89e-18   0.00e+00   
4.86968e+02  1.78e-18   5.00e-01   4.95e-01   5.00e-03   1.45e-09   3.90e-10   6.97e-12   3.94e-12   4.30e-19   1.24e-18   0.00e+00   
5.62341e+02  9.50e-19   5.00e-01   4.95e-01   5.00e-03   9.31e-10   1.67e-10   4.47e-12   1.68e-12   1.84e-19   7.99e-19   0.00e+00   
6.49382e+02  4.28e-19   5.00e-01   4.95e-01   5.00e-03   5.58e-10   6.19e-11   2.69e-12   6.26e-13   6.89e-20   4.79e-19   0.00e+00   
7.49894e+02  1.57e-19   5.00e-01   4.95e-01   5.00e-03   2.75e-10   1.54e-11   1.22e-12   1.55e-13   1.74e-20   2.18e-19   0.00e+00   
8.65964e+02  6.00e-19   5.00e-01   4.95e-01   5.00e-03   5.65e-11   6.60e-13   2.12e-13   6.67e-15   7.68e-22   3.77e-20   0.00e+00   
1.00000e+03  9.64e-18   5.00e-01   4.95e-01   5.00e-03   2.16e-11   9.66e-14   6.79e-14   9.75e-16   1.17e-22   1.21e-20   0.00e+00   
1.15478e+03  2.58e-17   4.99e-01   4.96e-01   4.99e-03   2.01e-11   8.32e-14   5.30e-14   8.44e-16   1.06e-22   9.49e-21   0.00e+00   
1.33352e+03  5.36e-17   5.00e-01   4.95e-01   5.00e-03   1.89e-11   7.34e-14   4.20e-14   7.41e-16   9.93e-23   7.52e-21   0.00e+00   
1.53993e+03  9.94e-17   5.00e-01   4.95e-01   5.00e-03   1.80e-11   6.49e-14   3.40e-14   6.56e-16   9.50e-23   6.08e-21   0.00e+00   
1.77828e+03  1.72e-16   5.00e-01   4.95e-01   5.00e-03   1.75e-11   5.66e-14   2.80e-14   5.71e-16   9.28e-23   5.01e-21   0.00e+00   
2.05353e+03  2.84e-16   4.99e-01   4.96e-01   4.99e-03   1.72e-11   4.47e-14   2.36e-14   4.54e-16   9.14e-23   4.22e-21   0.00e+00   
2.37137e+03  4.47e-16   5.01e-01   4.94e-01   5.01e-03   1.73e-11   2.82e-14   2.05e-14   2.86e-16   9.10e-23   3.67e-21   0.00e+00   
2.73842e+03  6.61e-16   5.01e-01   4.94e-01   5.01e-03   1.78e-11   1.72e-14   1.84e-14   1.75e-16   9.25e-23   3.31e-21   0.00e+00   
3.16228e+03  9.38e-16   5.00e-01   4.95e-01   5.00e-03   1.86e-11   1.54e-14   1.70e-14   1.55e-16   9.43e-23   3.04e-21   0.00e+00   
3.65174e+03  1.31e-15   5.00e-01   4.95e-01   5.00e-03   1.91e-11   1.59e-14   1.54e-14   1.61e-16   9.34e-23   2.76e-21   1.06e-81   
4.21697e+03  1.80e-15   5.00e-01   4.95e-01   5.00e-03   1.93e-11   1.67e-14   1.38e-14   1.69e-16   9.12e-23   2.47e-21   1.04e-81   
4.86968e+03  2.44e-15   5.00e-01   4.95e-01   5.00e-03   1.93e-11   1.76e-14   1.23e-14   1.77e-16   8.76e-23   2.20e-21   9.91e-82   
5.62341e+03  3.30e-15   5.01e-01   4.94e-01   5.01e-03   1.90e-11   1.83e-14   1.08e-14   1.85e-16   8.28e-23   1.93e-21   9.13e-82   
6.49382e+03  4.40e-15   5.00e-01   4.95e-01   5.00e-03   1.85e-11   1.90e-14   9.38e-15   1.92e-16   7.70e-23   1.68e-21   8.27e-82   
7.49894e+03  5.82e-15   5.00e-01   4.95e-01   5.00e-03   1.79e-11   1.96e-14   8.11e-15   1.98e-16   7.06e-23   1.46e-21   7.34e-82   
8.65964e+03  7.66e-15   5.00e-01   4.95e-01   5.00e-03   1.70e-11   2.00e-14   6.92e-15   2.02e-16   6.33e-23   1.24e-21   6.40e-82   
1.00000e+04  9.98e-15   5.00e-01   4.95e-01   5.00e-03   1.60e-11   2.02e-14   5.84e-15   2.04e-16   5.57e-23   1.05e-21   5.51e-82   
1.15478e+04  1.28e-14   5.00e-01   4.95e-01   5.00e-03   1.49e-11   2.01e-14   4.90e-15   2.03e-16   4.80e-23   8.80e-22   4.69e-82   
1.33352e+04  1.63e-14   5.00e-01   4.95e-01   5.00e-03   1.38e-11   1.97e-14   4.07e-15   1.99e-16   4.06e-23   7.29e-22   3.97e-82   
1.53993e+04  2.04e-14   5.00e-01   4.95e-01   5.00e-03   1.26e-11   1.90e-14   3.35e-15   1.92e-16   3.38e-23   6.03e-22   3.33e-82   
1.77828e+04  2.46e-14   5.00e-01   4.95e-01   5.00e-03   1.16e-11   1.83e-14   2.79e-15   1.85e-16   2.83e-23   5.00e-22   2.82e-82   
2.05353e+04  2.86e-14   4.99e-01   4.96e-01   4.99e-03   1.07e-11   1.77e-14   2.33e-15   1.79e-16   2.40e-23   4.19e-22   2.42e-82   
2.37137e+04  3.20e-14   5.01e-01   4.94e-01   5.01e-03   9.98e-12   1.73e-14   1.98e-15   1.75e-16   2.07e-23   3.57e-22   2.11e-82   
2.73842e+04  3.44e-14   5.00e-01   4.95e-01   5.00e-03   9.37e-12   1.70e-14   1.69e-15   1.71e-16   1.83e-23   3.05e-22   1.87e-82   
3.16228e+04  3.54e-14   5.00e-01   4.95e-01   5.00e-03   8.88e-12   1.68e-14   1.47e-15   1.70e-16   1.65e-23   2.65e-22   1.69e-82   
3.65174e+04  3.52e-14   5.00e-01   4.95e-01   5.00e-03   8.44e-12   1.66e-14   1.29e-15   1.67e-16   1.52e-23   2.32e-22   1.56e-82   
4.21697e+04  3.38e-14   5.00e-01   4.95e-01   5.00e-03   8.08e-12   1.63e-14   1.15e-15   1.65e-16   1.42e-23   2.06e-22   1.47e-82   
4.86968e+04  3.14e-14   5.01e-01   4.94e-01   5.01e-03   7.72e-12   1.60e-14   1.02e-15   1.61e-16   1.33e-23   1.83e-22   1.41e-82   
5.62341e+04  2.80e-14   4.99e-01   4.96e-01   4.99e-03   7.42e-12   1.55e-14   9.20e-16   1.57e-16   1.27e-23   1.65e-22   1.38e-82   
6.49382e+04  2.40e-14   5.00e-01   4.95e-01   5.00e-03   7.12e-12   1.50e-14   8.41e-16   1.51e-16   1.23e-23   1.51e-22   1.40e-82   
7.49894e+04  1.98e-14   5.00e-01   4.95e-01   5.00e-03   6.86e-12   1.43e-14   7.66e-16   1.44e-16   1.19e-23   1.38e-22   1.46e-82   
8.65964e+04  1.56e-14   5.00e-01   4.95e-01   5.00e-03   6.62e-12   1.36e-14   7.13e-16   1.37e-16   1.17e-23   1.28e-22   1.56e-82   
1.00000e+05  1.16e-14   5.00e-01   4.95e-01   5.00e-03   6.42e-12   1.29e-14   6.66e-16   1.31e-16   1.16e-23   1.20e-22   1.73e-82   
1.15478e+05  8.22e-15   5.00e-01   4.95e-01   5.00e-03   6.25e-12   1.24e-14   6.31e-16   1.25e-16   1.17e-23   1.13e-22   1.96e-82   
1.33352e+05  5.60e-15   5.00e-01   4.95e-01   5.00e-03   6.11e-12   1.20e-14   6.04e-16   1.21e-16   1.18e-23   1.09e-22   2.18e-82   
1.53993e+05  3.76e-15   5.00e-01   4.95e-01   5.00e-03   6.01e-12   1.18e-14   5.83e-16   1.19e-16   1.18e-23   1.05e-22   0.00e+00   
1.77828e+05  2.55e-15   5.01e-01   4.94e-01   5.01e-03   5.95e-12   1.21e-14   5.68e-16   1.22e-16   1.18e-23   1.02e-22   0.00e+00   
2.05353e+05  1.71e-15   5.00e-01   4.95e-01   5.00e-03   5.90e-12   1.31e-14   5.53e-16   1.32e-16   1.16e-23   9.93e-23   0.00e+00   
2.37137e+05  8.28e-16   5.00e-01   4.95e-01   5.00e-03   5.80e-12   1.50e-14   5.36e-16   1.51e-16   1.10e-23   9.65e-23   0.00e+00   
2.73842e+05  6.92e-16   5.00e-01   4.95e-01   5.00e-03   5.81e-12   1.66e-14   5.31e-16   1.68e-16   1.11e-23   9.56e-23   0.00e+00   
3.16228e+05  6.82e-16   5.00e-01   4.95e-01   5.00e-03   5.82e-12   1.82e-14   5.28e-16   1.83e-16   1.12e-23   9.51e-23   0.00e+00   
3.65174e+05  6.86e-16   5.00e-01   4.95e-01   5.00e-03   5.81e-12   1.97e-14   5.24e-16   1.98e-16   1.12e-23   9.45e-23   0.00e+00   
4.21697e+05  6.91e-16   5.00e-01   4.95e-01   5.00e-03   5.81e-12   2.11e-14   5.22e-16   2.14e-16   1.12e-23   9.40e-23   0.00e+00   
4.86968e+05  6.96e-16   5.00e-01   4.95e-01   5.00e-03   5.83e-12   2.27e-14   5.20e-16   2.28e-16   1.12e-23   9.35e-23   0.00e+00   
5.62341e+05  7.02e-16   5.00e-01   4.95e-01   5.00e-03   5.83e-12   2.41e-14   5.17e-16   2.44e-16   1.12e-23   9.31e-23   0.00e+00   
6.49382e+05  7.08e-16   5.00e-01   4.95e-01   5.00e-03   5.84e-12   2.54e-14   5.14e-16   2.57e-16   1.13e-23   9.27e-23   0.00e+00   
7.49894e+05  7.17e-16   5.00e-01   4.95e-01   5.00e-03   5.83e-12   2.68e-14   5.12e-16   2.71e-16   1.13e-23   9.22e-23   0.00e+00   
8.65964e+05  1.63e-15   5.00e-01   4.95e-01   5.00e-03   5.98e-12   2.34e-14   5.37e-16   2.36e-16   1.27e-23   9.65e-23   0.00e+00   
1.00000e+06  1.52e-15   5.00e-01   4.95e-01   5.00e-03   5.88e-12   1.47e-14   5.46e-16   1.49e-16   1.18e-23   9.81e-23   0.00e+00   
1.15478e+06  6.91e-16   5.00e-01   4.95e-01   5.00e-03   5.81e-12   2.02e-14   5.24e-16   2.04e-16   1.12e-23   9.41e-23   0.00e+00   
1.33352e+06  7.05e-16   5.00e-01   4.95e-01   5.00e-03   5.83e-12   2.41e-14   5.17e-16   2.44e-16   1.12e-23   9.30e-23   0.00e+00   
1.53993e+06  7.24e-16   5.00e-01   4.95e-01   5.00e-03   5.85e-12   2.71e-14   5.11e-16   2.74e-16   1.13e-23   9.22e-23   0.00e+00   
1.77828e+06  9.42e-16   5.00e-01   4.95e-01   5.00e-03   5.81e-12   1.58e-14   5.32e-16   1.60e-16   1.10e-23   9.58e-23   0.00e+00   
2.05353e+06  7.04e-16   5.00e-01   4.95e-01   5.00e-03   5.83e-12   2.37e-14   5.17e-16   2.40e-16   1.12e-23   9.30e-23   0.00e+00   
2.37137e+06  1.87e-15   5.00e-01   4.95e-01   5.00e-03   5.99e-12   2.00e-14   5.45e-16   2.02e-16   1.27e-23   9.84e-23   0.00e+00   
2.73842e+06  7.00e-16   5.00e-01   4.95e-01   5.00e-03   5.83e-12   2.27e-14   5.19e-16   2.29e-16   1.12e-23   9.34e-23   0.00e+00   
3.16228e+06  1.87e-15   5.00e-01   4.95e-01   5.00e-03   5.95e-12   1.56e-14   5.52e-16   1.58e-16   1.23e-23   9.91e-23   0.00e+00   
3.65174e+06  7.13e-16   5.00e-01   4.95e-01   5.00e-03   5.84e-12   2.58e-14   5.14e-16   2.61e-16   1.13e-23   9.25e-23   0.00e+00   
4.21697e+06  7.00e-16   5.00e-01   4.95e-01   5.00e-03   5.83e-12   2.29e-14   5.19e-16   2.30e-16   1.12e-23   9.34e-23   0.00e+00   
4.86968e+06  6.93e-16   5.00e-01   4.95e-01   5.00e-03   5.83e-12   2.09e-14   5.22e-16   2.11e-16   1.12e-23   9.39e-23   0.00e+00   
5.62341e+06  6.95e-16   5.00e-01   4.95e-01   5.00e-03   5.82e-12   2.13e-14   5.21e-16   2.16e-16   1.12e-23   9.37e-23   0.00e+00   
6.49382e+06  7.05e-16   5.00e-01   4.95e-01   5.00e-03   5.83e-12   2.41e-14   5.17e-16   2.44e-16   1.12e-23   9.30e-23   0.00e+00   
7.49894e+06  1.57e-15   5.00e-01   4.95e-01   5.00e-03   5.98e-12   2.37e-14   5.35e-16   2.39e-16   1.27e-23   9.61e-23   0.00e+00   
8.65964e+06  7.02e-16   5.00e-01   4.95e-01   5.00e-03   5.83e-12   2.34e-14   5.17e-16   2.37e-16   1.12e-23   9.32e-23   0.00e+00   
1.00000e+07  6.92e-16   5.00e-01   4.95e-01   5.00e-03   5.82e-12   2.02e-14   5.23e-16   2.05e-16   1.12e-23   9.40e-23   0.00e+00   
1.15478e+07  6.97e-16   5.00e-01   4.95e-01   5.00e-03   5.82e-12   2.22e-14   5.20e-16   2.24e-16   1.12e-23   9.36e-23   0.00e+00   
1.33352e+07  7.28e-16   5.00e-01   4.95e-01   5.00e-03   5.84e-12   2.72e-14   5.11e-16   2.75e-16   1.13e-23   9.21e-23   0.00e+00   
1.53993e+07  7.11e-16   5.00e-01   4.95e-01   5.00e-03   5.83e-12   2.53e-14   5.14e-16   2.56e-16   1.12e-23   9.25e-23   0.00e+00   
1.77828e+07  8.26e-16   5.00e-01   4.95e-01   5.00e-03   5.89e-12   2.66e-14   5.17e-16   2.69e-16   1.19e-23   9.28e-23   0.00e+00   
2.05353e+07  7.10e-16   5.00e-01   4.95e-01   5.00e-03   5.83e-12   2.51e-14   5.14e-16   2.54e-16   1.12e-23   9.26e-23   0.00e+00   
2.37137e+07  1.85e-15   5.00e-01   4.95e-01   5.00e-03   6.01e-12   2.05e-14   5.46e-16   2.07e-16   1.27e-23   9.79e-23   0.00e+00   
2.73842e+07  1.75e-15   5.00e-01   4.95e-01   5.00e-03   5.99e-12   2.19e-14   5.41e-16   2.21e-16   1.27e-23   9.75e-23   0.00e+00   
