! 0       CH3OH2+ + e- -> CH3 + OH + H
! 1       CH3OH2+ + e- -> CH2 + H2O + H
! 2       CH3OH2+ + e- -> H2CO + H2 + H
! 3       CH3OH2+ + e- -> CH3 + H2O
! 4       CH3OH2+ + e- -> CH3O + H2
! 5       CH3OH2+ + e- -> CH3OH + H
! 6       CH3OH2+ + GRAIN -> CH3OH + H + GRAIN
! 7       NH3 + CH3OH2+ -> CH3OH + NH4+
! 8       H2CO + CH3OH2+ -> H2 + H5C2O2+
! 9       H2CO + CH3OH2+ -> H2O + CH3CHOH+
!            tot_rate   0          1          2          3          4          5          6          7          8          9          
1.00000e+00  5.69e-20   5.12e-01   2.11e-01   1.00e-01   9.04e-02   5.64e-02   3.01e-02   5.35e-07   5.64e-11   8.79e-14   8.79e-14   
1.15478e+00  3.22e-20   5.12e-01   2.11e-01   1.00e-01   9.03e-02   5.64e-02   3.01e-02   5.37e-07   5.12e-11   8.53e-14   8.53e-14   
1.33352e+00  1.68e-20   5.12e-01   2.11e-01   1.00e-01   9.06e-02   5.64e-02   3.01e-02   5.36e-07   4.55e-11   8.82e-14   8.82e-14   
1.53993e+00  7.93e-21   5.12e-01   2.11e-01   1.00e-01   9.03e-02   5.64e-02   3.01e-02   5.39e-07   3.99e-11   9.66e-14   9.66e-14   
1.77828e+00  3.38e-21   5.12e-01   2.11e-01   1.01e-01   9.05e-02   5.65e-02   3.02e-02   5.41e-07   3.43e-11   1.09e-13   1.09e-13   
2.05353e+00  1.31e-21   5.12e-01   2.11e-01   1.00e-01   9.06e-02   5.64e-02   3.01e-02   5.42e-07   2.87e-11   1.25e-13   1.25e-13   
2.37137e+00  4.95e-22   5.13e-01   2.10e-01   1.00e-01   9.03e-02   5.63e-02   3.01e-02   5.45e-07   2.34e-11   1.44e-13   1.44e-13   
2.73842e+00  2.21e-22   5.12e-01   2.11e-01   1.01e-01   9.01e-02   5.62e-02   3.01e-02   5.48e-07   1.86e-11   1.66e-13   1.66e-13   
3.16228e+00  1.46e-22   5.12e-01   2.11e-01   1.01e-01   9.03e-02   5.64e-02   3.01e-02   5.50e-07   1.42e-11   1.92e-13   1.92e-13   
3.65174e+00  1.32e-22   5.12e-01   2.11e-01   1.01e-01   9.01e-02   5.64e-02   3.01e-02   5.54e-07   1.05e-11   2.21e-13   2.21e-13   
4.21697e+00  1.33e-22   5.12e-01   2.11e-01   1.01e-01   9.02e-02   5.63e-02   3.01e-02   5.58e-07   7.41e-12   2.55e-13   2.55e-13   
4.86968e+00  1.37e-22   5.12e-01   2.11e-01   1.00e-01   9.03e-02   5.63e-02   3.01e-02   5.63e-07   5.00e-12   2.93e-13   2.93e-13   
5.62341e+00  1.43e-22   5.12e-01   2.11e-01   1.00e-01   9.04e-02   5.64e-02   3.01e-02   5.69e-07   3.20e-12   3.37e-13   3.37e-13   
6.49382e+00  1.48e-22   5.12e-01   2.11e-01   1.00e-01   9.03e-02   5.64e-02   3.01e-02   5.75e-07   1.96e-12   3.88e-13   3.88e-13   
7.49894e+00  1.55e-22   5.12e-01   2.11e-01   1.01e-01   9.03e-02   5.64e-02   3.01e-02   5.83e-07   1.17e-12   4.47e-13   4.47e-13   
8.65964e+00  1.63e-22   5.12e-01   2.11e-01   1.01e-01   9.02e-02   5.64e-02   3.01e-02   5.92e-07   7.06e-13   5.13e-13   5.13e-13   
1.00000e+01  1.72e-22   5.12e-01   2.11e-01   1.00e-01   9.05e-02   5.64e-02   3.01e-02   6.04e-07   4.79e-13   5.86e-13   5.86e-13   
1.15478e+01  1.83e-22   5.12e-01   2.11e-01   1.00e-01   9.05e-02   5.62e-02   3.01e-02   6.16e-07   4.07e-13   6.76e-13   6.76e-13   
1.33352e+01  1.97e-22   5.12e-01   2.11e-01   1.00e-01   9.03e-02   5.63e-02   3.01e-02   6.29e-07   4.37e-13   7.76e-13   7.76e-13   
1.53993e+01  2.13e-22   5.11e-01   2.11e-01   1.01e-01   9.04e-02   5.67e-02   3.02e-02   6.47e-07   5.48e-13   9.00e-13   9.00e-13   
1.77828e+01  2.35e-22   5.12e-01   2.11e-01   1.01e-01   9.04e-02   5.63e-02   3.01e-02   6.65e-07   7.33e-13   1.04e-12   1.04e-12   
2.05353e+01  2.61e-22   5.12e-01   2.11e-01   1.00e-01   9.03e-02   5.62e-02   3.01e-02   6.88e-07   1.02e-12   1.22e-12   1.22e-12   
2.37137e+01  2.95e-22   5.11e-01   2.11e-01   1.01e-01   9.04e-02   5.65e-02   3.02e-02   7.18e-07   1.46e-12   1.45e-12   1.45e-12   
2.73842e+01  3.41e-22   5.13e-01   2.11e-01   1.00e-01   9.02e-02   5.62e-02   3.02e-02   7.47e-07   2.08e-12   1.73e-12   1.73e-12   
3.16228e+01  4.01e-22   5.11e-01   2.11e-01   1.01e-01   9.03e-02   5.64e-02   3.02e-02   7.88e-07   2.99e-12   2.13e-12   2.13e-12   
3.65174e+01  4.83e-22   5.12e-01   2.11e-01   1.00e-01   9.03e-02   5.63e-02   3.00e-02   8.33e-07   4.25e-12   2.65e-12   2.65e-12   
4.21697e+01  5.98e-22   5.12e-01   2.11e-01   1.00e-01   9.03e-02   5.64e-02   3.01e-02   8.85e-07   5.99e-12   3.40e-12   3.40e-12   
4.86968e+01  7.62e-22   5.12e-01   2.11e-01   1.00e-01   9.03e-02   5.63e-02   3.01e-02   9.49e-07   8.40e-12   4.44e-12   4.44e-12   
5.62341e+01  1.00e-21   5.12e-01   2.11e-01   1.01e-01   9.02e-02   5.64e-02   3.01e-02   1.03e-06   1.16e-11   5.94e-12   5.94e-12   
6.49382e+01  1.37e-21   5.12e-01   2.11e-01   1.00e-01   9.02e-02   5.64e-02   3.01e-02   1.12e-06   1.62e-11   8.22e-12   8.22e-12   
7.49894e+01  1.97e-21   5.12e-01   2.11e-01   1.00e-01   9.03e-02   5.63e-02   3.01e-02   1.23e-06   2.25e-11   1.16e-11   1.16e-11   
8.65964e+01  2.95e-21   5.13e-01   2.10e-01   1.00e-01   9.03e-02   5.64e-02   3.01e-02   1.36e-06   3.12e-11   1.68e-11   1.68e-11   
1.00000e+02  4.16e-21   5.13e-01   2.11e-01   1.00e-01   9.02e-02   5.63e-02   3.01e-02   1.52e-06   4.40e-11   2.50e-11   2.50e-11   
1.15478e+02  3.65e-21   5.12e-01   2.11e-01   1.00e-01   9.03e-02   5.64e-02   3.01e-02   1.76e-06   6.40e-11   3.83e-11   3.83e-11   
1.33352e+02  5.34e-21   5.11e-01   2.12e-01   1.00e-01   9.03e-02   5.64e-02   3.01e-02   2.04e-06   9.57e-11   5.96e-11   5.96e-11   
1.53993e+02  8.02e-21   5.12e-01   2.11e-01   1.00e-01   9.04e-02   5.63e-02   3.02e-02   2.43e-06   1.50e-10   9.42e-11   9.42e-11   
1.77828e+02  1.24e-20   5.12e-01   2.11e-01   1.01e-01   9.02e-02   5.64e-02   3.01e-02   2.92e-06   2.49e-10   1.50e-10   1.50e-10   
2.05353e+02  1.98e-20   5.11e-01   2.11e-01   1.01e-01   9.06e-02   5.67e-02   3.02e-02   3.56e-06   4.64e-10   2.39e-10   2.39e-10   
2.37137e+02  3.26e-20   5.12e-01   2.10e-01   1.00e-01   9.02e-02   5.65e-02   3.01e-02   4.39e-06   1.00e-09   3.77e-10   3.77e-10   
2.73842e+02  5.51e-20   5.12e-01   2.11e-01   1.00e-01   9.03e-02   5.63e-02   3.02e-02   5.54e-06   2.22e-09   5.96e-10   5.96e-10   
3.16228e+02  9.51e-20   5.12e-01   2.10e-01   1.00e-01   9.04e-02   5.64e-02   3.01e-02   7.01e-06   4.68e-09   9.42e-10   9.42e-10   
3.65174e+02  1.67e-19   5.12e-01   2.11e-01   1.01e-01   9.03e-02   5.64e-02   3.01e-02   8.79e-06   9.33e-09   1.50e-09   1.50e-09   
4.21697e+02  2.95e-19   5.12e-01   2.11e-01   1.00e-01   9.02e-02   5.63e-02   3.01e-02   1.09e-05   1.75e-08   2.38e-09   2.38e-09   
4.86968e+02  5.16e-19   5.12e-01   2.11e-01   1.00e-01   9.03e-02   5.64e-02   3.00e-02   1.36e-05   3.10e-08   3.78e-09   3.78e-09   
5.62341e+02  8.88e-19   5.12e-01   2.10e-01   1.00e-01   9.04e-02   5.64e-02   3.02e-02   1.67e-05   5.23e-08   5.88e-09   5.88e-09   
6.49382e+02  1.49e-18   5.12e-01   2.11e-01   1.00e-01   9.04e-02   5.64e-02   3.01e-02   1.96e-05   8.37e-08   8.77e-09   8.77e-09   
7.49894e+02  2.48e-18   5.13e-01   2.11e-01   1.00e-01   9.00e-02   5.61e-02   3.01e-02   2.27e-05   1.25e-07   1.26e-08   1.26e-08   
8.65964e+02  5.55e-18   5.12e-01   2.11e-01   1.00e-01   9.03e-02   5.64e-02   3.01e-02   2.58e-05   1.77e-07   1.72e-08   1.72e-08   
1.00000e+03  1.83e-17   5.12e-01   2.11e-01   1.00e-01   9.06e-02   5.62e-02   3.01e-02   2.82e-05   2.38e-07   2.41e-08   2.41e-08   
1.15478e+03  2.97e-17   5.12e-01   2.11e-01   1.00e-01   9.03e-02   5.63e-02   3.01e-02   3.15e-05   3.17e-07   3.14e-08   3.14e-08   
1.33352e+03  5.02e-17   5.12e-01   2.11e-01   1.00e-01   9.04e-02   5.64e-02   3.01e-02   3.56e-05   4.44e-07   4.40e-08   4.40e-08   
1.53993e+03  9.49e-17   5.12e-01   2.11e-01   1.00e-01   9.04e-02   5.65e-02   3.01e-02   4.29e-05   7.24e-07   7.31e-08   7.31e-08   
1.77828e+03  2.24e-16   5.13e-01   2.10e-01   1.00e-01   9.01e-02   5.62e-02   3.01e-02   5.80e-05   1.61e-06   1.69e-07   1.69e-07   
2.05353e+03  6.58e-16   5.12e-01   2.11e-01   1.00e-01   9.02e-02   5.64e-02   3.01e-02   8.61e-05   5.33e-06   5.59e-07   5.59e-07   
2.37137e+03  1.64e-15   5.12e-01   2.11e-01   1.01e-01   9.02e-02   5.63e-02   3.01e-02   1.15e-04   1.61e-05   1.41e-06   1.41e-06   
2.73842e+03  2.78e-15   5.11e-01   2.11e-01   1.00e-01   9.03e-02   5.65e-02   3.02e-02   1.25e-04   3.14e-05   1.92e-06   1.92e-06   
3.16228e+03  3.81e-15   5.12e-01   2.11e-01   1.00e-01   9.03e-02   5.64e-02   3.02e-02   1.28e-04   4.80e-05   2.21e-06   2.21e-06   
3.65174e+03  4.73e-15   5.12e-01   2.11e-01   1.00e-01   9.03e-02   5.64e-02   3.00e-02   1.30e-04   6.47e-05   2.49e-06   2.49e-06   
4.21697e+03  5.59e-15   5.12e-01   2.11e-01   1.00e-01   9.02e-02   5.62e-02   3.01e-02   1.30e-04   7.80e-05   2.74e-06   2.74e-06   
4.86968e+03  6.37e-15   5.12e-01   2.10e-01   1.00e-01   9.03e-02   5.64e-02   3.02e-02   1.31e-04   8.70e-05   2.95e-06   2.95e-06   
5.62341e+03  7.07e-15   5.12e-01   2.11e-01   1.00e-01   9.03e-02   5.64e-02   3.01e-02   1.31e-04   9.08e-05   3.14e-06   3.14e-06   
6.49382e+03  7.70e-15   5.12e-01   2.11e-01   1.00e-01   9.03e-02   5.64e-02   3.01e-02   1.30e-04   8.99e-05   3.29e-06   3.29e-06   
7.49894e+03  8.19e-15   5.11e-01   2.11e-01   1.00e-01   9.03e-02   5.64e-02   3.01e-02   1.29e-04   8.54e-05   3.38e-06   3.38e-06   
8.65964e+03  8.54e-15   5.12e-01   2.11e-01   1.00e-01   9.03e-02   5.64e-02   3.01e-02   1.28e-04   7.92e-05   3.43e-06   3.43e-06   
1.00000e+04  8.73e-15   5.12e-01   2.11e-01   1.00e-01   9.03e-02   5.64e-02   3.01e-02   1.25e-04   7.19e-05   3.41e-06   3.41e-06   
1.15478e+04  8.76e-15   5.11e-01   2.11e-01   1.00e-01   9.03e-02   5.64e-02   3.01e-02   1.23e-04   6.51e-05   3.37e-06   3.37e-06   
1.33352e+04  8.64e-15   5.12e-01   2.11e-01   1.00e-01   9.03e-02   5.64e-02   3.01e-02   1.22e-04   5.91e-05   3.28e-06   3.28e-06   
1.53993e+04  8.40e-15   5.12e-01   2.11e-01   1.00e-01   9.03e-02   5.64e-02   3.01e-02   1.20e-04   5.46e-05   3.18e-06   3.18e-06   
1.77828e+04  8.11e-15   5.12e-01   2.11e-01   1.00e-01   9.03e-02   5.64e-02   3.01e-02   1.19e-04   5.18e-05   3.07e-06   3.07e-06   
2.05353e+04  7.74e-15   5.12e-01   2.11e-01   1.00e-01   9.03e-02   5.65e-02   3.01e-02   1.19e-04   5.08e-05   2.99e-06   2.99e-06   
2.37137e+04  7.33e-15   5.11e-01   2.11e-01   1.00e-01   9.03e-02   5.63e-02   3.01e-02   1.20e-04   5.09e-05   2.88e-06   2.88e-06   
2.73842e+04  6.84e-15   5.12e-01   2.11e-01   1.00e-01   9.03e-02   5.63e-02   3.01e-02   1.20e-04   5.14e-05   2.75e-06   2.75e-06   
3.16228e+04  6.25e-15   5.12e-01   2.11e-01   1.00e-01   9.03e-02   5.64e-02   3.01e-02   1.20e-04   5.15e-05   2.59e-06   2.59e-06   
3.65174e+04  5.59e-15   5.12e-01   2.11e-01   1.00e-01   9.03e-02   5.64e-02   3.01e-02   1.20e-04   5.10e-05   2.38e-06   2.38e-06   
4.21697e+04  4.88e-15   5.12e-01   2.11e-01   1.00e-01   9.01e-02   5.63e-02   3.01e-02   1.19e-04   4.96e-05   2.11e-06   2.11e-06   
4.86968e+04  4.14e-15   5.12e-01   2.11e-01   1.00e-01   9.03e-02   5.63e-02   3.02e-02   1.18e-04   4.78e-05   1.84e-06   1.84e-06   
5.62341e+04  3.40e-15   5.11e-01   2.11e-01   1.00e-01   9.05e-02   5.64e-02   3.03e-02   1.17e-04   4.52e-05   1.53e-06   1.53e-06   
6.49382e+04  2.71e-15   5.12e-01   2.10e-01   1.00e-01   9.03e-02   5.64e-02   3.00e-02   1.14e-04   4.17e-05   1.22e-06   1.22e-06   
7.49894e+04  2.07e-15   5.12e-01   2.11e-01   1.00e-01   9.04e-02   5.65e-02   3.01e-02   1.12e-04   3.71e-05   9.23e-07   9.23e-07   
8.65964e+04  1.50e-15   5.12e-01   2.11e-01   1.00e-01   9.05e-02   5.63e-02   3.01e-02   1.08e-04   3.15e-05   6.57e-07   6.57e-07   
1.00000e+05  1.03e-15   5.12e-01   2.11e-01   1.00e-01   9.04e-02   5.64e-02   3.01e-02   1.04e-04   2.48e-05   4.31e-07   4.31e-07   
1.15478e+05  6.56e-16   5.12e-01   2.10e-01   1.00e-01   9.03e-02   5.64e-02   3.00e-02   9.88e-05   1.75e-05   2.59e-07   2.59e-07   
1.33352e+05  3.82e-16   5.13e-01   2.11e-01   1.00e-01   9.02e-02   5.62e-02   3.01e-02   9.21e-05   1.08e-05   1.42e-07   1.42e-07   
1.53993e+05  2.00e-16   5.11e-01   2.11e-01   1.01e-01   9.06e-02   5.66e-02   3.02e-02   8.31e-05   5.81e-06   7.11e-08   7.11e-08   
1.77828e+05  9.02e-17   5.12e-01   2.11e-01   1.00e-01   9.04e-02   5.64e-02   3.01e-02   7.11e-05   2.68e-06   3.16e-08   3.16e-08   
2.05353e+05  2.17e-17   5.13e-01   2.11e-01   1.00e-01   9.01e-02   5.63e-02   3.01e-02   4.90e-05   7.11e-07   7.53e-09   7.53e-09   
2.37137e+05  1.64e-18   5.12e-01   2.11e-01   1.01e-01   9.02e-02   5.64e-02   3.01e-02   2.17e-05   8.29e-08   4.61e-10   4.61e-10   
2.73842e+05  1.46e-18   5.12e-01   2.11e-01   1.00e-01   9.06e-02   5.64e-02   3.01e-02   2.13e-05   8.03e-08   4.23e-10   4.23e-10   
3.16228e+05  1.42e-18   5.12e-01   2.11e-01   1.00e-01   9.04e-02   5.63e-02   3.01e-02   2.11e-05   7.84e-08   4.19e-10   4.19e-10   
3.65174e+05  1.40e-18   5.12e-01   2.11e-01   1.00e-01   9.05e-02   5.64e-02   3.01e-02   2.10e-05   7.77e-08   4.25e-10   4.25e-10   
4.21697e+05  1.40e-18   5.12e-01   2.11e-01   1.01e-01   9.06e-02   5.64e-02   3.01e-02   2.08e-05   7.71e-08   4.34e-10   4.34e-10   
4.86968e+05  1.41e-18   5.12e-01   2.11e-01   1.00e-01   9.06e-02   5.63e-02   3.01e-02   2.08e-05   7.71e-08   4.47e-10   4.47e-10   
5.62341e+05  1.44e-18   5.12e-01   2.11e-01   1.00e-01   9.04e-02   5.64e-02   3.01e-02   2.10e-05   7.86e-08   4.67e-10   4.67e-10   
6.49382e+05  1.49e-18   5.12e-01   2.11e-01   1.00e-01   9.04e-02   5.64e-02   3.01e-02   2.12e-05   8.17e-08   4.97e-10   4.97e-10   
7.49894e+05  1.61e-18   5.12e-01   2.11e-01   1.01e-01   9.01e-02   5.64e-02   3.01e-02   2.19e-05   8.76e-08   5.54e-10   5.54e-10   
8.65964e+05  1.23e-16   5.12e-01   2.11e-01   1.00e-01   9.06e-02   5.64e-02   3.01e-02   8.73e-05   4.98e-06   5.48e-08   5.48e-08   
1.00000e+06  3.22e-17   5.12e-01   2.11e-01   1.00e-01   9.03e-02   5.64e-02   3.01e-02   5.77e-05   1.10e-06   1.19e-08   1.19e-08   
1.15478e+06  1.41e-18   5.12e-01   2.11e-01   1.00e-01   9.05e-02   5.64e-02   3.01e-02   2.10e-05   7.92e-08   4.32e-10   4.32e-10   
1.33352e+06  1.46e-18   5.12e-01   2.11e-01   1.00e-01   9.05e-02   5.64e-02   3.01e-02   2.10e-05   8.02e-08   4.75e-10   4.75e-10   
1.53993e+06  1.73e-18   5.12e-01   2.11e-01   1.01e-01   9.02e-02   5.64e-02   3.01e-02   2.25e-05   9.42e-08   6.07e-10   6.07e-10   
1.77828e+06  1.70e-18   5.12e-01   2.11e-01   1.00e-01   9.01e-02   5.64e-02   3.01e-02   2.15e-05   8.36e-08   4.76e-10   4.76e-10   
2.05353e+06  1.45e-18   5.12e-01   2.11e-01   1.01e-01   9.02e-02   5.64e-02   3.01e-02   2.10e-05   7.99e-08   4.68e-10   4.68e-10   
2.37137e+06  1.33e-16   5.12e-01   2.11e-01   1.00e-01   9.04e-02   5.64e-02   3.01e-02   8.73e-05   4.99e-06   5.53e-08   5.53e-08   
2.73842e+06  1.43e-18   5.12e-01   2.11e-01   1.01e-01   9.01e-02   5.64e-02   3.01e-02   2.10e-05   7.96e-08   4.55e-10   4.55e-10   
3.16228e+06  8.96e-17   5.12e-01   2.11e-01   1.00e-01   9.03e-02   5.63e-02   3.01e-02   7.65e-05   2.96e-06   3.37e-08   3.37e-08   
3.65174e+06  1.54e-18   5.12e-01   2.11e-01   1.00e-01   9.01e-02   5.64e-02   3.01e-02   2.15e-05   8.49e-08   5.19e-10   5.19e-10   
4.21697e+06  1.43e-18   5.12e-01   2.11e-01   1.00e-01   9.06e-02   5.64e-02   3.01e-02   2.10e-05   7.95e-08   4.56e-10   4.56e-10   
4.86968e+06  1.42e-18   5.12e-01   2.11e-01   1.00e-01   9.02e-02   5.64e-02   3.01e-02   2.10e-05   7.96e-08   4.38e-10   4.38e-10   
5.62341e+06  1.42e-18   5.12e-01   2.11e-01   1.01e-01   9.01e-02   5.64e-02   3.01e-02   2.10e-05   7.95e-08   4.41e-10   4.41e-10   
6.49382e+06  1.46e-18   5.12e-01   2.11e-01   1.00e-01   9.02e-02   5.64e-02   3.01e-02   2.11e-05   8.06e-08   4.76e-10   4.76e-10   
7.49894e+06  1.19e-16   5.12e-01   2.11e-01   1.00e-01   9.02e-02   5.63e-02   3.01e-02   8.69e-05   4.89e-06   5.31e-08   5.31e-08   
8.65964e+06  1.44e-18   5.12e-01   2.11e-01   1.00e-01   9.01e-02   5.64e-02   3.01e-02   2.10e-05   8.04e-08   4.64e-10   4.64e-10   
1.00000e+07  1.42e-18   5.12e-01   2.11e-01   1.00e-01   9.02e-02   5.64e-02   3.01e-02   2.10e-05   7.96e-08   4.34e-10   4.34e-10   
1.15478e+07  1.43e-18   5.12e-01   2.11e-01   1.00e-01   9.04e-02   5.64e-02   3.01e-02   2.10e-05   7.92e-08   4.49e-10   4.49e-10   
1.33352e+07  1.81e-18   5.12e-01   2.11e-01   1.00e-01   9.05e-02   5.63e-02   3.01e-02   2.30e-05   9.88e-08   6.40e-10   6.40e-10   
1.53993e+07  1.51e-18   5.12e-01   2.11e-01   1.00e-01   9.05e-02   5.64e-02   3.01e-02   2.13e-05   8.32e-08   5.05e-10   5.05e-10   
1.77828e+07  4.43e-17   5.12e-01   2.11e-01   1.00e-01   9.03e-02   5.64e-02   3.00e-02   7.13e-05   2.10e-06   2.39e-08   2.39e-08   
2.05353e+07  1.50e-18   5.11e-01   2.11e-01   1.01e-01   9.06e-02   5.63e-02   3.01e-02   2.13e-05   8.26e-08   4.97e-10   4.97e-10   
2.37137e+07  1.33e-16   5.12e-01   2.11e-01   1.01e-01   9.01e-02   5.64e-02   3.01e-02   8.71e-05   5.05e-06   5.59e-08   5.59e-08   
2.73842e+07  1.30e-16   5.11e-01   2.11e-01   1.01e-01   9.06e-02   5.63e-02   3.01e-02   8.75e-05   5.13e-06   5.63e-08   5.63e-08   
