! 0       *CH3OH + CRPhoton -> *OH + *CH3
! 1       *CH3OH + CRPhoton -> *H2CO + *H2
! 2       *CH3OH + CRPhoton -> *H2CO + *H + *H
! 3       *CH3OH + CRPhoton -> *CH + *H2O + *H
! 4       *H + *CH3OH -> *CH2OH + *H2
! 5       *CH3OH + CRPhoton -> *OH + *CH3
! 6       *CH3OH + CRPhoton -> CH3OH
! 7       *H + *CH3OH -> *CH3O + *H2
! 8       *CH3OH + ISPhoton -> CH3OH
! 9       *CH3OH + ISPhoton -> *OH + *CH3
!            tot_rate   0          1          2          3          4          5          6          7          8          9          
1.00000e+00  8.76e-23   4.31e-01   4.31e-01   6.84e-02   5.16e-02   8.16e-12   9.56e-03   7.78e-03   8.40e-16   1.39e-09   1.92e-11   
1.15478e+00  8.97e-23   4.31e-01   4.31e-01   6.84e-02   5.16e-02   8.29e-12   9.57e-03   7.79e-03   8.55e-16   1.39e-09   1.92e-11   
1.33352e+00  9.27e-23   4.31e-01   4.31e-01   6.83e-02   5.15e-02   8.35e-12   9.56e-03   7.77e-03   8.60e-16   1.39e-09   1.91e-11   
1.53993e+00  9.69e-23   4.31e-01   4.31e-01   6.83e-02   5.15e-02   8.59e-12   9.56e-03   7.77e-03   8.85e-16   1.39e-09   1.92e-11   
1.77828e+00  1.04e-22   4.31e-01   4.31e-01   6.84e-02   5.16e-02   8.76e-12   9.57e-03   7.78e-03   9.03e-16   1.39e-09   1.92e-11   
2.05353e+00  1.16e-22   4.31e-01   4.31e-01   6.84e-02   5.15e-02   8.96e-12   9.56e-03   7.78e-03   9.21e-16   1.39e-09   1.92e-11   
2.37137e+00  1.37e-22   4.31e-01   4.31e-01   6.84e-02   5.15e-02   9.18e-12   9.55e-03   7.80e-03   9.40e-16   1.39e-09   1.92e-11   
2.73842e+00  1.74e-22   4.31e-01   4.31e-01   6.83e-02   5.15e-02   9.35e-12   9.58e-03   7.80e-03   9.64e-16   1.39e-09   1.92e-11   
3.16228e+00  2.39e-22   4.31e-01   4.31e-01   6.83e-02   5.15e-02   9.59e-12   9.55e-03   7.79e-03   9.89e-16   1.39e-09   1.91e-11   
3.65174e+00  3.50e-22   4.31e-01   4.31e-01   6.83e-02   5.14e-02   9.89e-12   9.57e-03   7.77e-03   1.02e-15   1.39e-09   1.91e-11   
4.21697e+00  5.42e-22   4.32e-01   4.32e-01   6.82e-02   5.14e-02   1.02e-11   9.55e-03   7.76e-03   1.05e-15   1.39e-09   1.92e-11   
4.86968e+00  8.72e-22   4.31e-01   4.31e-01   6.83e-02   5.15e-02   1.05e-11   9.56e-03   7.77e-03   1.09e-15   1.39e-09   1.92e-11   
5.62341e+00  1.43e-21   4.31e-01   4.31e-01   6.83e-02   5.15e-02   1.10e-11   9.56e-03   7.75e-03   1.13e-15   1.39e-09   1.91e-11   
6.49382e+00  2.39e-21   4.31e-01   4.31e-01   6.83e-02   5.15e-02   1.14e-11   9.55e-03   7.75e-03   1.17e-15   1.39e-09   1.91e-11   
7.49894e+00  3.96e-21   4.31e-01   4.31e-01   6.84e-02   5.15e-02   1.19e-11   9.56e-03   7.80e-03   1.23e-15   1.39e-09   1.92e-11   
8.65964e+00  6.61e-21   4.31e-01   4.31e-01   6.83e-02   5.15e-02   1.24e-11   9.55e-03   7.78e-03   1.28e-15   1.39e-09   1.92e-11   
1.00000e+01  1.09e-20   4.31e-01   4.31e-01   6.83e-02   5.15e-02   1.28e-11   9.53e-03   7.78e-03   1.33e-15   1.39e-09   1.91e-11   
1.15478e+01  1.79e-20   4.32e-01   4.32e-01   6.82e-02   5.15e-02   1.32e-11   9.56e-03   7.77e-03   1.36e-15   1.39e-09   1.92e-11   
1.33352e+01  2.90e-20   4.31e-01   4.31e-01   6.83e-02   5.18e-02   1.36e-11   9.56e-03   7.80e-03   1.40e-15   1.39e-09   1.92e-11   
1.53993e+01  4.66e-20   4.31e-01   4.31e-01   6.84e-02   5.17e-02   1.40e-11   9.57e-03   7.79e-03   1.44e-15   1.39e-09   1.92e-11   
1.77828e+01  7.46e-20   4.31e-01   4.31e-01   6.83e-02   5.15e-02   1.43e-11   9.55e-03   7.77e-03   1.49e-15   1.39e-09   1.92e-11   
2.05353e+01  1.19e-19   4.31e-01   4.31e-01   6.83e-02   5.15e-02   1.49e-11   9.52e-03   7.78e-03   1.53e-15   1.39e-09   1.91e-11   
2.37137e+01  1.88e-19   4.31e-01   4.31e-01   6.85e-02   5.15e-02   1.55e-11   9.56e-03   7.76e-03   1.59e-15   1.39e-09   1.92e-11   
2.73842e+01  2.99e-19   4.32e-01   4.32e-01   6.83e-02   5.12e-02   1.62e-11   9.54e-03   7.76e-03   1.67e-15   1.39e-09   1.91e-11   
3.16228e+01  4.71e-19   4.31e-01   4.31e-01   6.84e-02   5.16e-02   1.72e-11   9.58e-03   7.80e-03   1.77e-15   1.39e-09   1.92e-11   
3.65174e+01  7.46e-19   4.31e-01   4.31e-01   6.83e-02   5.16e-02   1.84e-11   9.57e-03   7.78e-03   1.89e-15   1.39e-09   1.92e-11   
4.21697e+01  1.18e-18   4.31e-01   4.31e-01   6.84e-02   5.15e-02   1.99e-11   9.54e-03   7.78e-03   2.05e-15   1.39e-09   1.92e-11   
4.86968e+01  1.89e-18   4.31e-01   4.31e-01   6.83e-02   5.15e-02   2.21e-11   9.58e-03   7.78e-03   2.28e-15   1.39e-09   1.92e-11   
5.62341e+01  3.04e-18   4.32e-01   4.32e-01   6.82e-02   5.14e-02   2.53e-11   9.55e-03   7.77e-03   2.61e-15   1.39e-09   1.91e-11   
6.49382e+01  4.91e-18   4.31e-01   4.31e-01   6.84e-02   5.15e-02   3.05e-11   9.56e-03   7.79e-03   3.15e-15   1.39e-09   1.92e-11   
7.49894e+01  8.09e-18   4.31e-01   4.31e-01   6.84e-02   5.15e-02   4.03e-11   9.55e-03   7.77e-03   4.15e-15   1.38e-09   1.92e-11   
8.65964e+01  1.34e-17   4.31e-01   4.31e-01   6.83e-02   5.15e-02   6.43e-11   9.52e-03   7.81e-03   6.62e-15   1.39e-09   1.92e-11   
1.00000e+02  2.17e-17   4.31e-01   4.31e-01   6.83e-02   5.17e-02   2.07e-10   9.56e-03   7.76e-03   2.13e-14   1.39e-09   1.92e-11   
1.15478e+02  2.41e-17   4.31e-01   4.31e-01   6.84e-02   5.14e-02   6.68e-07   9.58e-03   7.80e-03   6.89e-11   1.39e-09   1.92e-11   
1.33352e+02  2.41e-17   4.31e-01   4.31e-01   6.84e-02   5.18e-02   9.25e-07   9.58e-03   7.79e-03   9.54e-11   1.39e-09   1.92e-11   
1.53993e+02  2.41e-17   4.31e-01   4.31e-01   6.88e-02   5.18e-02   1.33e-06   9.61e-03   7.79e-03   1.37e-10   1.40e-09   1.92e-11   
1.77828e+02  2.43e-17   4.32e-01   4.32e-01   6.82e-02   5.14e-02   2.09e-06   9.54e-03   7.77e-03   2.15e-10   1.39e-09   1.91e-11   
2.05353e+02  2.43e-17   4.32e-01   4.32e-01   6.82e-02   5.14e-02   3.92e-06   9.54e-03   7.77e-03   4.04e-10   1.39e-09   1.92e-11   
2.37137e+02  2.44e-17   4.31e-01   4.31e-01   6.86e-02   5.17e-02   7.31e-06   9.57e-03   7.80e-03   7.51e-10   1.39e-09   1.92e-11   
2.73842e+02  2.46e-17   4.32e-01   4.32e-01   6.84e-02   5.13e-02   1.18e-05   9.53e-03   7.78e-03   1.21e-09   1.39e-09   1.91e-11   
3.16228e+02  2.48e-17   4.31e-01   4.31e-01   6.85e-02   5.16e-02   1.81e-05   9.59e-03   7.78e-03   1.87e-09   1.39e-09   1.92e-11   
3.65174e+02  2.55e-17   4.31e-01   4.31e-01   6.83e-02   5.14e-02   2.74e-05   9.57e-03   7.77e-03   2.82e-09   1.39e-09   1.92e-11   
4.21697e+02  2.69e-17   4.31e-01   4.31e-01   6.84e-02   5.13e-02   4.13e-05   9.56e-03   7.77e-03   4.24e-09   1.39e-09   1.92e-11   
4.86968e+02  2.97e-17   4.31e-01   4.31e-01   6.87e-02   5.15e-02   6.30e-05   9.60e-03   7.81e-03   6.50e-09   1.39e-09   1.92e-11   
5.62341e+02  3.66e-17   4.31e-01   4.31e-01   6.85e-02   5.16e-02   9.77e-05   9.58e-03   7.78e-03   1.01e-08   1.39e-09   1.92e-11   
6.49382e+02  5.45e-17   4.31e-01   4.31e-01   6.83e-02   5.16e-02   1.63e-04   9.56e-03   7.78e-03   1.68e-08   1.39e-09   1.93e-11   
7.49894e+02  1.07e-16   4.31e-01   4.31e-01   6.84e-02   5.16e-02   3.30e-04   9.57e-03   7.18e-03   3.40e-08   1.29e-09   1.92e-11   
8.65964e+02  3.62e-16   4.32e-01   4.32e-01   6.83e-02   5.15e-02   1.60e-03   9.54e-03   6.03e-03   1.65e-07   1.08e-09   1.91e-11   
1.00000e+03  2.29e-15   4.31e-01   4.31e-01   6.82e-02   5.16e-02   4.20e-03   9.53e-03   5.07e-03   4.32e-07   9.05e-10   1.92e-11   
1.15478e+03  5.69e-15   4.31e-01   4.31e-01   6.84e-02   5.15e-02   4.54e-03   9.57e-03   4.27e-03   4.68e-07   7.65e-10   1.92e-11   
1.33352e+03  1.11e-14   4.31e-01   4.31e-01   6.83e-02   5.15e-02   4.81e-03   9.52e-03   3.60e-03   4.95e-07   6.44e-10   1.91e-11   
1.53993e+03  1.97e-14   4.31e-01   4.31e-01   6.85e-02   5.13e-02   5.03e-03   9.54e-03   3.05e-03   5.18e-07   5.48e-10   1.92e-11   
1.77828e+03  3.31e-14   4.31e-01   4.31e-01   6.82e-02   5.16e-02   5.19e-03   9.56e-03   2.59e-03   5.34e-07   4.65e-10   1.92e-11   
2.05353e+03  5.38e-14   4.31e-01   4.31e-01   6.84e-02   5.15e-02   5.28e-03   9.56e-03   2.21e-03   5.45e-07   3.98e-10   1.92e-11   
2.37137e+03  8.50e-14   4.32e-01   4.32e-01   6.83e-02   5.15e-02   5.26e-03   9.55e-03   1.92e-03   5.41e-07   3.43e-10   1.92e-11   
2.73842e+03  1.30e-13   4.32e-01   4.32e-01   6.84e-02   5.16e-02   5.09e-03   9.55e-03   1.68e-03   5.24e-07   3.00e-10   1.92e-11   
3.16228e+03  1.92e-13   4.32e-01   4.32e-01   6.83e-02   5.16e-02   4.88e-03   9.59e-03   1.48e-03   5.03e-07   2.65e-10   1.92e-11   
3.65174e+03  2.73e-13   4.32e-01   4.32e-01   6.88e-02   5.16e-02   4.80e-03   9.63e-03   1.31e-03   4.94e-07   2.35e-10   1.93e-11   
4.21697e+03  3.82e-13   4.32e-01   4.32e-01   6.84e-02   5.16e-02   4.72e-03   9.56e-03   1.16e-03   4.85e-07   2.07e-10   1.92e-11   
4.86968e+03  5.18e-13   4.32e-01   4.32e-01   6.85e-02   5.15e-02   4.73e-03   9.57e-03   1.03e-03   4.86e-07   1.85e-10   1.92e-11   
5.62341e+03  6.89e-13   4.32e-01   4.32e-01   6.83e-02   5.15e-02   4.77e-03   9.56e-03   9.17e-04   4.92e-07   1.64e-10   1.93e-11   
6.49382e+03  8.97e-13   4.32e-01   4.32e-01   6.84e-02   5.16e-02   4.90e-03   9.57e-03   8.20e-04   5.05e-07   1.47e-10   1.93e-11   
7.49894e+03  1.15e-12   4.32e-01   4.32e-01   6.85e-02   5.16e-02   5.09e-03   9.61e-03   7.34e-04   5.24e-07   1.32e-10   1.93e-11   
8.65964e+03  1.43e-12   4.32e-01   4.32e-01   6.85e-02   5.16e-02   5.33e-03   9.55e-03   6.58e-04   5.50e-07   1.18e-10   1.92e-11   
1.00000e+04  1.76e-12   4.32e-01   4.32e-01   6.82e-02   5.16e-02   5.67e-03   9.55e-03   5.91e-04   5.86e-07   1.06e-10   1.93e-11   
1.15478e+04  2.11e-12   4.32e-01   4.32e-01   6.87e-02   5.16e-02   6.06e-03   9.56e-03   5.30e-04   6.25e-07   9.52e-11   1.93e-11   
1.33352e+04  2.48e-12   4.32e-01   4.32e-01   6.82e-02   5.17e-02   6.58e-03   9.56e-03   4.76e-04   6.78e-07   8.60e-11   1.92e-11   
1.53993e+04  2.83e-12   4.31e-01   4.31e-01   6.83e-02   5.16e-02   7.18e-03   9.55e-03   4.31e-04   7.39e-07   7.75e-11   1.93e-11   
1.77828e+04  3.13e-12   4.31e-01   4.31e-01   6.83e-02   5.17e-02   7.82e-03   9.58e-03   3.90e-04   8.08e-07   7.02e-11   1.93e-11   
2.05353e+04  3.37e-12   4.31e-01   4.31e-01   6.83e-02   5.17e-02   8.50e-03   9.57e-03   3.54e-04   8.76e-07   6.36e-11   1.93e-11   
2.37137e+04  3.53e-12   4.31e-01   4.31e-01   6.80e-02   5.13e-02   9.07e-03   9.52e-03   3.20e-04   9.35e-07   5.73e-11   1.92e-11   
2.73842e+04  3.55e-12   4.31e-01   4.31e-01   6.81e-02   5.12e-02   9.65e-03   9.54e-03   2.93e-04   9.96e-07   5.23e-11   1.92e-11   
3.16228e+04  3.46e-12   4.30e-01   4.30e-01   6.81e-02   5.14e-02   1.02e-02   9.56e-03   2.68e-04   1.05e-06   4.82e-11   1.93e-11   
3.65174e+04  3.28e-12   4.30e-01   4.30e-01   6.83e-02   5.15e-02   1.07e-02   9.54e-03   2.47e-04   1.11e-06   4.45e-11   1.92e-11   
4.21697e+04  3.02e-12   4.30e-01   4.30e-01   6.78e-02   5.13e-02   1.12e-02   9.49e-03   2.28e-04   1.15e-06   4.10e-11   1.92e-11   
4.86968e+04  2.68e-12   4.30e-01   4.30e-01   6.80e-02   5.12e-02   1.17e-02   9.53e-03   2.13e-04   1.21e-06   3.85e-11   1.92e-11   
5.62341e+04  2.30e-12   4.29e-01   4.29e-01   6.79e-02   5.14e-02   1.22e-02   9.49e-03   2.00e-04   1.26e-06   3.60e-11   1.92e-11   
6.49382e+04  1.90e-12   4.29e-01   4.29e-01   6.80e-02   5.13e-02   1.27e-02   9.49e-03   1.89e-04   1.31e-06   3.40e-11   1.92e-11   
7.49894e+04  1.51e-12   4.29e-01   4.29e-01   6.78e-02   5.12e-02   1.32e-02   9.50e-03   1.80e-04   1.36e-06   3.24e-11   1.92e-11   
8.65964e+04  1.14e-12   4.29e-01   4.29e-01   6.78e-02   5.12e-02   1.37e-02   9.45e-03   1.72e-04   1.40e-06   3.11e-11   1.92e-11   
1.00000e+05  8.26e-13   4.29e-01   4.29e-01   6.78e-02   5.11e-02   1.40e-02   9.49e-03   1.67e-04   1.45e-06   3.00e-11   1.91e-11   
1.15478e+05  5.70e-13   4.28e-01   4.28e-01   6.79e-02   5.13e-02   1.44e-02   9.50e-03   1.62e-04   1.49e-06   2.91e-11   1.91e-11   
1.33352e+05  3.80e-13   4.28e-01   4.28e-01   6.78e-02   5.10e-02   1.47e-02   9.49e-03   1.58e-04   1.52e-06   2.84e-11   1.91e-11   
1.53993e+05  2.50e-13   4.28e-01   4.28e-01   6.80e-02   5.12e-02   1.50e-02   9.52e-03   1.56e-04   1.55e-06   2.81e-11   1.92e-11   
1.77828e+05  1.68e-13   4.28e-01   4.28e-01   6.77e-02   5.11e-02   1.51e-02   9.50e-03   1.53e-04   1.56e-06   2.76e-11   1.91e-11   
2.05353e+05  1.12e-13   4.28e-01   4.28e-01   6.78e-02   5.10e-02   1.53e-02   9.49e-03   1.51e-04   1.58e-06   2.72e-11   1.92e-11   
2.37137e+05  5.33e-14   4.28e-01   4.28e-01   6.79e-02   5.12e-02   1.55e-02   9.49e-03   1.49e-04   1.60e-06   2.66e-11   1.91e-11   
2.73842e+05  4.46e-14   4.28e-01   4.28e-01   6.79e-02   5.11e-02   1.55e-02   9.48e-03   1.47e-04   1.60e-06   2.64e-11   1.92e-11   
3.16228e+05  4.39e-14   4.28e-01   4.28e-01   6.80e-02   5.12e-02   1.55e-02   9.51e-03   1.46e-04   1.60e-06   2.64e-11   1.92e-11   
3.65174e+05  4.44e-14   4.28e-01   4.28e-01   6.76e-02   5.09e-02   1.55e-02   9.47e-03   1.45e-04   1.59e-06   2.61e-11   1.91e-11   
4.21697e+05  4.46e-14   4.28e-01   4.28e-01   6.79e-02   5.11e-02   1.55e-02   9.50e-03   1.44e-04   1.60e-06   2.60e-11   1.92e-11   
4.86968e+05  4.51e-14   4.28e-01   4.28e-01   6.77e-02   5.10e-02   1.54e-02   9.47e-03   1.43e-04   1.59e-06   2.57e-11   1.91e-11   
5.62341e+05  4.53e-14   4.28e-01   4.28e-01   6.79e-02   5.12e-02   1.55e-02   9.51e-03   1.43e-04   1.59e-06   2.56e-11   1.92e-11   
6.49382e+05  4.58e-14   4.28e-01   4.28e-01   6.79e-02   5.11e-02   1.55e-02   9.50e-03   1.42e-04   1.59e-06   2.55e-11   1.92e-11   
7.49894e+05  4.65e-14   4.28e-01   4.28e-01   6.78e-02   5.10e-02   1.54e-02   9.49e-03   1.41e-04   1.59e-06   2.54e-11   1.91e-11   
8.65964e+05  1.08e-13   4.28e-01   4.28e-01   6.78e-02   5.11e-02   1.51e-02   9.45e-03   1.45e-04   1.55e-06   2.60e-11   1.92e-11   
1.00000e+06  9.93e-14   4.28e-01   4.28e-01   6.78e-02   5.11e-02   1.53e-02   9.49e-03   1.49e-04   1.58e-06   2.68e-11   1.91e-11   
1.15478e+06  4.46e-14   4.28e-01   4.28e-01   6.79e-02   5.11e-02   1.55e-02   9.48e-03   1.44e-04   1.60e-06   2.60e-11   1.92e-11   
1.33352e+06  4.56e-14   4.28e-01   4.28e-01   6.78e-02   5.11e-02   1.55e-02   9.50e-03   1.42e-04   1.59e-06   2.57e-11   1.92e-11   
1.53993e+06  4.70e-14   4.28e-01   4.28e-01   6.77e-02   5.11e-02   1.54e-02   9.48e-03   1.41e-04   1.59e-06   2.53e-11   1.91e-11   
1.77828e+06  6.07e-14   4.28e-01   4.28e-01   6.78e-02   5.10e-02   1.55e-02   9.48e-03   1.47e-04   1.60e-06   2.65e-11   1.91e-11   
2.05353e+06  4.56e-14   4.28e-01   4.28e-01   6.78e-02   5.11e-02   1.54e-02   9.48e-03   1.42e-04   1.59e-06   2.57e-11   1.91e-11   
2.37137e+06  1.24e-13   4.28e-01   4.28e-01   6.78e-02   5.11e-02   1.51e-02   9.50e-03   1.46e-04   1.55e-06   2.63e-11   1.92e-11   
2.73842e+06  4.53e-14   4.28e-01   4.28e-01   6.77e-02   5.10e-02   1.54e-02   9.47e-03   1.43e-04   1.59e-06   2.56e-11   1.91e-11   
3.16228e+06  1.23e-13   4.28e-01   4.28e-01   6.78e-02   5.11e-02   1.52e-02   9.50e-03   1.49e-04   1.56e-06   2.68e-11   1.92e-11   
3.65174e+06  4.62e-14   4.28e-01   4.28e-01   6.77e-02   5.10e-02   1.54e-02   9.47e-03   1.41e-04   1.59e-06   2.53e-11   1.91e-11   
4.21697e+06  4.53e-14   4.28e-01   4.28e-01   6.77e-02   5.10e-02   1.54e-02   9.47e-03   1.43e-04   1.59e-06   2.56e-11   1.91e-11   
4.86968e+06  4.49e-14   4.28e-01   4.28e-01   6.78e-02   5.11e-02   1.55e-02   9.47e-03   1.44e-04   1.59e-06   2.59e-11   1.91e-11   
5.62341e+06  4.49e-14   4.28e-01   4.28e-01   6.80e-02   5.13e-02   1.55e-02   9.49e-03   1.44e-04   1.60e-06   2.58e-11   1.92e-11   
6.49382e+06  4.56e-14   4.28e-01   4.28e-01   6.78e-02   5.11e-02   1.55e-02   9.50e-03   1.42e-04   1.59e-06   2.57e-11   1.92e-11   
7.49894e+06  1.04e-13   4.28e-01   4.28e-01   6.78e-02   5.12e-02   1.51e-02   9.49e-03   1.44e-04   1.56e-06   2.59e-11   1.91e-11   
8.65964e+06  4.53e-14   4.28e-01   4.28e-01   6.79e-02   5.12e-02   1.55e-02   9.51e-03   1.43e-04   1.59e-06   2.58e-11   1.92e-11   
1.00000e+07  4.46e-14   4.28e-01   4.28e-01   6.79e-02   5.11e-02   1.55e-02   9.50e-03   1.45e-04   1.60e-06   2.60e-11   1.92e-11   
1.15478e+07  4.51e-14   4.28e-01   4.28e-01   6.78e-02   5.12e-02   1.55e-02   9.49e-03   1.43e-04   1.59e-06   2.57e-11   1.92e-11   
1.33352e+07  4.72e-14   4.28e-01   4.28e-01   6.78e-02   5.11e-02   1.54e-02   9.49e-03   1.40e-04   1.59e-06   2.52e-11   1.92e-11   
1.53993e+07  4.60e-14   4.28e-01   4.28e-01   6.78e-02   5.11e-02   1.54e-02   9.47e-03   1.41e-04   1.59e-06   2.54e-11   1.91e-11   
1.77828e+07  5.40e-14   4.28e-01   4.28e-01   6.78e-02   5.11e-02   1.53e-02   9.49e-03   1.41e-04   1.58e-06   2.54e-11   1.91e-11   
2.05353e+07  4.60e-14   4.28e-01   4.28e-01   6.76e-02   5.11e-02   1.54e-02   9.48e-03   1.41e-04   1.59e-06   2.54e-11   1.91e-11   
2.37137e+07  1.23e-13   4.28e-01   4.28e-01   6.79e-02   5.11e-02   1.51e-02   9.46e-03   1.47e-04   1.55e-06   2.63e-11   1.92e-11   
2.73842e+07  1.17e-13   4.28e-01   4.28e-01   6.78e-02   5.11e-02   1.50e-02   9.44e-03   1.45e-04   1.55e-06   2.61e-11   1.91e-11   
