! 0       HCOOH + H3+ -> H2O + H2 + HCO+
! 1       HCOOH + H3+ -> CO + H2 + H3O+
! 2       HCOOH + HCO+ -> CO + HCOOH2+
! 3       HCOOH + CRPhoton -> HCO + OH
! 4       HCOOH + GRAIN -> *HCOOH + GRAIN
! 5       HCOOH + O2+ -> O2H + HCO2+
! 6       HCOOH + O2+ -> O2 + HCOOH+
! 7       HCOOH + H3CO+ -> H2CO + HCOOH2+
! 8       HCOOH + CH3OH2+ -> CH3OH + HCOOH2+
! 9       HCOOH + ISPhoton -> HCO + OH
!            tot_rate   0          1          2          3          4          5          6          7          8          9          
1.00000e+00  2.49e-26   3.47e-01   1.45e-01   1.19e-04   4.38e-01   6.96e-02   6.52e-08   8.57e-09   7.84e-08   3.72e-13   1.10e-06   
1.15478e+00  6.02e-26   3.47e-01   1.45e-01   1.27e-04   4.38e-01   6.94e-02   6.51e-08   8.60e-09   4.40e-08   2.11e-13   1.10e-06   
1.33352e+00  1.46e-25   3.47e-01   1.46e-01   1.37e-04   4.38e-01   6.91e-02   6.54e-08   8.62e-09   2.26e-08   1.10e-13   1.10e-06   
1.53993e+00  3.57e-25   3.48e-01   1.45e-01   1.48e-04   4.38e-01   6.93e-02   6.53e-08   8.64e-09   1.05e-08   5.19e-14   1.09e-06   
1.77828e+00  8.69e-25   3.49e-01   1.46e-01   1.59e-04   4.36e-01   6.91e-02   6.58e-08   8.70e-09   4.38e-09   2.22e-14   1.09e-06   
2.05353e+00  2.12e-24   3.49e-01   1.46e-01   1.71e-04   4.35e-01   6.92e-02   6.64e-08   8.76e-09   1.61e-09   8.61e-15   1.09e-06   
2.37137e+00  5.20e-24   3.50e-01   1.47e-01   1.85e-04   4.35e-01   6.88e-02   6.65e-08   8.79e-09   5.21e-10   3.27e-15   1.09e-06   
2.73842e+00  1.27e-23   3.51e-01   1.47e-01   1.99e-04   4.33e-01   6.88e-02   6.70e-08   8.87e-09   1.60e-10   1.46e-15   1.08e-06   
3.16228e+00  3.12e-23   3.52e-01   1.47e-01   2.13e-04   4.32e-01   6.85e-02   6.75e-08   8.93e-09   6.40e-11   9.67e-16   1.08e-06   
3.65174e+00  7.64e-23   3.53e-01   1.48e-01   2.26e-04   4.30e-01   6.83e-02   6.82e-08   9.00e-09   4.74e-11   8.77e-16   1.08e-06   
4.21697e+00  1.86e-22   3.55e-01   1.48e-01   2.42e-04   4.28e-01   6.83e-02   6.88e-08   9.08e-09   5.12e-11   8.87e-16   1.08e-06   
4.86968e+00  4.51e-22   3.57e-01   1.49e-01   2.57e-04   4.26e-01   6.79e-02   6.96e-08   9.20e-09   6.01e-11   9.18e-16   1.07e-06   
5.62341e+00  1.08e-21   3.58e-01   1.50e-01   2.70e-04   4.24e-01   6.76e-02   7.07e-08   9.35e-09   7.13e-11   9.63e-16   1.06e-06   
6.49382e+00  2.55e-21   3.61e-01   1.51e-01   2.84e-04   4.20e-01   6.72e-02   7.19e-08   9.51e-09   8.45e-11   1.01e-15   1.06e-06   
7.49894e+00  5.86e-21   3.63e-01   1.52e-01   2.97e-04   4.18e-01   6.68e-02   7.33e-08   9.67e-09   9.92e-11   1.06e-15   1.05e-06   
8.65964e+00  1.31e-20   3.66e-01   1.53e-01   3.10e-04   4.15e-01   6.64e-02   7.48e-08   9.89e-09   1.16e-10   1.12e-15   1.04e-06   
1.00000e+01  2.77e-20   3.68e-01   1.55e-01   3.22e-04   4.11e-01   6.60e-02   7.68e-08   1.01e-08   1.36e-10   1.19e-15   1.03e-06   
1.15478e+01  5.61e-20   3.72e-01   1.56e-01   3.33e-04   4.06e-01   6.52e-02   7.87e-08   1.04e-08   1.59e-10   1.28e-15   1.02e-06   
1.33352e+01  1.07e-19   3.77e-01   1.58e-01   3.45e-04   4.00e-01   6.46e-02   8.14e-08   1.07e-08   1.87e-10   1.39e-15   1.01e-06   
1.53993e+01  1.95e-19   3.81e-01   1.60e-01   3.58e-04   3.95e-01   6.37e-02   8.43e-08   1.12e-08   2.19e-10   1.52e-15   9.92e-07   
1.77828e+01  3.39e-19   3.86e-01   1.62e-01   3.71e-04   3.89e-01   6.28e-02   8.78e-08   1.16e-08   2.59e-10   1.69e-15   9.73e-07   
2.05353e+01  5.72e-19   3.92e-01   1.64e-01   3.88e-04   3.81e-01   6.21e-02   9.24e-08   1.22e-08   3.08e-10   1.91e-15   9.55e-07   
2.37137e+01  9.44e-19   3.99e-01   1.67e-01   4.08e-04   3.72e-01   6.09e-02   9.76e-08   1.29e-08   3.69e-10   2.19e-15   9.33e-07   
2.73842e+01  1.53e-18   4.07e-01   1.70e-01   4.29e-04   3.63e-01   5.98e-02   1.04e-07   1.38e-08   4.44e-10   2.57e-15   9.12e-07   
3.16228e+01  2.47e-18   4.14e-01   1.74e-01   4.54e-04   3.54e-01   5.84e-02   1.12e-07   1.48e-08   5.39e-10   3.10e-15   8.88e-07   
3.65174e+01  3.95e-18   4.23e-01   1.78e-01   4.86e-04   3.42e-01   5.70e-02   1.22e-07   1.61e-08   6.64e-10   3.80e-15   8.59e-07   
4.21697e+01  6.30e-18   4.33e-01   1.81e-01   5.20e-04   3.30e-01   5.54e-02   1.34e-07   1.76e-08   8.25e-10   4.81e-15   8.27e-07   
4.86968e+01  1.00e-17   4.44e-01   1.86e-01   5.64e-04   3.16e-01   5.36e-02   1.49e-07   1.97e-08   1.05e-09   6.29e-15   7.93e-07   
5.62341e+01  1.60e-17   4.55e-01   1.91e-01   6.16e-04   3.01e-01   5.17e-02   1.70e-07   2.25e-08   1.34e-09   8.55e-15   7.55e-07   
6.49382e+01  2.56e-17   4.68e-01   1.96e-01   6.79e-04   2.86e-01   4.95e-02   1.99e-07   2.63e-08   1.75e-09   1.21e-14   7.18e-07   
7.49894e+01  4.13e-17   4.82e-01   2.01e-01   7.56e-04   2.69e-01   4.72e-02   2.37e-07   3.12e-08   2.32e-09   1.78e-14   6.73e-07   
8.65964e+01  6.68e-17   4.95e-01   2.08e-01   8.53e-04   2.51e-01   4.47e-02   2.92e-07   3.86e-08   3.02e-09   2.77e-14   6.28e-07   
1.00000e+02  1.09e-16   5.12e-01   2.14e-01   9.74e-04   2.31e-01   4.20e-02   3.73e-07   4.93e-08   3.18e-09   4.06e-14   5.81e-07   
1.15478e+02  1.37e-16   5.27e-01   2.21e-01   1.13e-03   2.11e-01   3.90e-02   4.95e-07   6.53e-08   2.18e-09   3.73e-14   5.31e-07   
1.33352e+02  1.51e-16   5.44e-01   2.28e-01   1.32e-03   1.90e-01   3.58e-02   6.81e-07   9.06e-08   3.47e-09   5.70e-14   4.78e-07   
1.53993e+02  1.70e-16   5.62e-01   2.35e-01   1.59e-03   1.69e-01   3.24e-02   9.90e-07   1.31e-07   5.62e-09   8.96e-14   4.24e-07   
1.77828e+02  1.93e-16   5.80e-01   2.42e-01   1.93e-03   1.48e-01   2.88e-02   1.51e-06   1.99e-07   9.22e-09   1.45e-13   3.70e-07   
2.05353e+02  2.22e-16   5.96e-01   2.49e-01   2.39e-03   1.27e-01   2.54e-02   2.41e-06   3.19e-07   1.51e-08   2.45e-13   3.19e-07   
2.37137e+02  2.56e-16   6.11e-01   2.56e-01   2.99e-03   1.08e-01   2.22e-02   4.07e-06   5.36e-07   2.48e-08   4.27e-13   2.72e-07   
2.73842e+02  2.95e-16   6.24e-01   2.61e-01   3.76e-03   9.19e-02   1.92e-02   7.05e-06   9.29e-07   4.03e-08   7.63e-13   2.30e-07   
3.16228e+02  3.37e-16   6.35e-01   2.66e-01   4.69e-03   7.74e-02   1.66e-02   1.25e-05   1.65e-06   6.56e-08   1.41e-12   1.95e-07   
3.65174e+02  3.79e-16   6.44e-01   2.69e-01   5.84e-03   6.58e-02   1.45e-02   2.20e-05   2.91e-06   1.07e-07   2.67e-12   1.65e-07   
4.21697e+02  4.14e-16   6.50e-01   2.73e-01   7.21e-03   5.63e-02   1.28e-02   3.77e-05   4.98e-06   1.74e-07   5.05e-12   1.42e-07   
4.86968e+02  4.33e-16   6.55e-01   2.75e-01   8.86e-03   4.94e-02   1.15e-02   6.14e-05   8.10e-06   2.84e-07   9.62e-12   1.24e-07   
5.62341e+02  4.31e-16   6.58e-01   2.76e-01   1.08e-02   4.41e-02   1.06e-02   9.39e-05   1.24e-05   4.57e-07   1.81e-11   1.11e-07   
6.49382e+02  4.07e-16   6.61e-01   2.75e-01   1.31e-02   4.03e-02   1.01e-02   1.33e-04   1.76e-05   7.03e-07   3.32e-11   1.01e-07   
7.49894e+02  3.62e-16   6.60e-01   2.76e-01   1.57e-02   3.78e-02   9.83e-03   1.78e-04   2.35e-05   1.04e-06   5.97e-11   9.50e-08   
8.65964e+02  3.04e-16   6.59e-01   2.76e-01   1.86e-02   3.62e-02   9.82e-03   2.27e-04   2.99e-05   1.52e-06   1.44e-10   9.06e-08   
1.00000e+03  2.42e-16   6.58e-01   2.75e-01   2.19e-02   3.48e-02   9.89e-03   2.78e-04   3.67e-05   2.41e-06   5.05e-10   8.73e-08   
1.15478e+03  1.83e-16   6.56e-01   2.74e-01   2.58e-02   3.38e-02   1.00e-02   3.32e-04   4.38e-05   3.27e-06   8.69e-10   8.47e-08   
1.33352e+03  1.34e-16   6.53e-01   2.73e-01   3.11e-02   3.25e-02   1.01e-02   3.94e-04   5.22e-05   4.74e-06   1.59e-09   8.16e-08   
1.53993e+03  9.62e-17   6.48e-01   2.71e-01   3.94e-02   3.04e-02   9.88e-03   4.78e-04   6.31e-05   7.96e-06   3.40e-09   7.65e-08   
1.77828e+03  7.29e-17   6.39e-01   2.67e-01   5.61e-02   2.73e-02   9.26e-03   6.13e-04   8.09e-05   1.84e-05   1.00e-08   6.86e-08   
2.05353e+03  7.38e-17   6.18e-01   2.59e-01   9.01e-02   2.37e-02   8.37e-03   8.59e-04   1.14e-04   6.22e-05   4.15e-08   5.95e-08   
2.37137e+03  1.28e-16   5.92e-01   2.48e-01   1.30e-01   2.11e-02   7.74e-03   1.28e-03   1.68e-04   1.66e-04   1.32e-07   5.31e-08   
2.73842e+03  2.21e-16   5.78e-01   2.42e-01   1.50e-01   1.97e-02   7.45e-03   1.93e-03   2.55e-04   2.31e-04   2.34e-07   4.97e-08   
3.16228e+03  2.94e-16   5.72e-01   2.40e-01   1.58e-01   1.91e-02   7.33e-03   2.63e-03   3.48e-04   2.68e-04   3.18e-07   4.80e-08   
3.65174e+03  3.36e-16   5.71e-01   2.38e-01   1.61e-01   1.86e-02   7.25e-03   3.12e-03   4.13e-04   3.03e-04   3.89e-07   4.70e-08   
4.21697e+03  3.62e-16   5.69e-01   2.38e-01   1.63e-01   1.84e-02   7.24e-03   3.45e-03   4.56e-04   3.31e-04   4.50e-07   4.61e-08   
4.86968e+03  3.81e-16   5.69e-01   2.38e-01   1.63e-01   1.81e-02   7.19e-03   3.62e-03   4.77e-04   3.57e-04   5.04e-07   4.56e-08   
5.62341e+03  3.96e-16   5.70e-01   2.38e-01   1.62e-01   1.79e-02   7.17e-03   3.66e-03   4.84e-04   3.76e-04   5.48e-07   4.52e-08   
6.49382e+03  4.06e-16   5.71e-01   2.40e-01   1.60e-01   1.78e-02   7.14e-03   3.64e-03   4.80e-04   3.91e-04   5.79e-07   4.46e-08   
7.49894e+03  4.11e-16   5.74e-01   2.41e-01   1.57e-01   1.76e-02   7.07e-03   3.53e-03   4.67e-04   4.01e-04   5.98e-07   4.42e-08   
8.65964e+03  4.11e-16   5.77e-01   2.42e-01   1.52e-01   1.74e-02   7.04e-03   3.38e-03   4.46e-04   4.04e-04   6.01e-07   4.38e-08   
1.00000e+04  4.06e-16   5.82e-01   2.43e-01   1.47e-01   1.71e-02   6.95e-03   3.16e-03   4.17e-04   3.99e-04   5.89e-07   4.31e-08   
1.15478e+04  3.94e-16   5.86e-01   2.45e-01   1.41e-01   1.69e-02   6.87e-03   2.94e-03   3.88e-04   3.90e-04   5.70e-07   4.26e-08   
1.33352e+04  3.82e-16   5.92e-01   2.47e-01   1.35e-01   1.66e-02   6.75e-03   2.67e-03   3.53e-04   3.74e-04   5.39e-07   4.19e-08   
1.53993e+04  3.67e-16   5.96e-01   2.50e-01   1.28e-01   1.63e-02   6.64e-03   2.43e-03   3.21e-04   3.62e-04   5.04e-07   4.11e-08   
1.77828e+04  3.55e-16   6.02e-01   2.52e-01   1.20e-01   1.58e-02   6.45e-03   2.17e-03   2.87e-04   3.46e-04   4.65e-07   3.97e-08   
2.05353e+04  3.44e-16   6.08e-01   2.55e-01   1.13e-01   1.53e-02   6.25e-03   1.93e-03   2.56e-04   3.32e-04   4.28e-07   3.84e-08   
2.37137e+04  3.34e-16   6.14e-01   2.58e-01   1.05e-01   1.47e-02   6.02e-03   1.71e-03   2.25e-04   3.18e-04   3.90e-07   3.69e-08   
2.73842e+04  3.21e-16   6.22e-01   2.60e-01   9.58e-02   1.40e-02   5.79e-03   1.48e-03   1.96e-04   2.99e-04   3.45e-07   3.51e-08   
3.16228e+04  3.04e-16   6.29e-01   2.64e-01   8.63e-02   1.33e-02   5.53e-03   1.26e-03   1.67e-04   2.78e-04   3.01e-07   3.36e-08   
3.65174e+04  2.81e-16   6.38e-01   2.67e-01   7.62e-02   1.26e-02   5.27e-03   1.04e-03   1.38e-04   2.51e-04   2.53e-07   3.19e-08   
4.21697e+04  2.51e-16   6.45e-01   2.70e-01   6.61e-02   1.20e-02   5.02e-03   8.44e-04   1.12e-04   2.22e-04   2.06e-07   3.03e-08   
4.86968e+04  2.17e-16   6.54e-01   2.73e-01   5.57e-02   1.13e-02   4.79e-03   6.63e-04   8.75e-05   1.90e-04   1.62e-07   2.86e-08   
5.62341e+04  1.80e-16   6.62e-01   2.76e-01   4.56e-02   1.07e-02   4.57e-03   5.06e-04   6.68e-05   1.57e-04   1.22e-07   2.70e-08   
6.49382e+04  1.41e-16   6.69e-01   2.80e-01   3.61e-02   1.01e-02   4.37e-03   3.77e-04   4.98e-05   1.24e-04   8.81e-08   2.56e-08   
7.49894e+04  1.03e-16   6.76e-01   2.83e-01   2.74e-02   9.59e-03   4.19e-03   2.73e-04   3.60e-05   9.33e-05   6.11e-08   2.42e-08   
8.65964e+04  6.97e-17   6.81e-01   2.85e-01   1.98e-02   9.16e-03   4.07e-03   1.92e-04   2.54e-05   6.58e-05   4.00e-08   2.31e-08   
1.00000e+05  4.25e-17   6.86e-01   2.87e-01   1.37e-02   8.89e-03   4.00e-03   1.32e-04   1.74e-05   4.30e-05   2.47e-08   2.25e-08   
1.15478e+05  2.32e-17   6.89e-01   2.89e-01   9.04e-03   8.83e-03   4.04e-03   8.87e-05   1.17e-05   2.58e-05   1.43e-08   2.23e-08   
1.33352e+05  1.14e-17   6.92e-01   2.89e-01   5.80e-03   9.00e-03   4.19e-03   5.97e-05   7.88e-06   1.42e-05   7.60e-09   2.28e-08   
1.53993e+05  5.26e-18   6.91e-01   2.91e-01   3.70e-03   9.71e-03   4.56e-03   4.18e-05   5.53e-06   7.12e-06   3.70e-09   2.45e-08   
1.77828e+05  2.30e-18   6.91e-01   2.90e-01   2.37e-03   1.12e-02   5.26e-03   3.17e-05   4.19e-06   3.20e-06   1.57e-09   2.83e-08   
2.05353e+05  7.23e-19   6.88e-01   2.88e-01   1.28e-03   1.59e-02   7.53e-03   2.45e-05   3.24e-06   8.01e-07   3.50e-10   4.03e-08   
2.37137e+05  2.21e-19   6.68e-01   2.80e-01   6.59e-04   3.45e-02   1.62e-02   1.61e-05   2.13e-06   8.67e-08   2.42e-11   8.71e-08   
2.73842e+05  1.75e-19   6.69e-01   2.79e-01   6.29e-04   3.51e-02   1.65e-02   1.44e-05   1.90e-06   8.00e-08   2.13e-11   8.86e-08   
3.16228e+05  1.38e-19   6.67e-01   2.79e-01   6.27e-04   3.57e-02   1.67e-02   1.36e-05   1.80e-06   8.04e-08   2.08e-11   9.05e-08   
3.65174e+05  1.10e-19   6.67e-01   2.79e-01   6.26e-04   3.60e-02   1.68e-02   1.30e-05   1.72e-06   8.15e-08   2.06e-11   9.10e-08   
4.21697e+05  8.85e-20   6.67e-01   2.79e-01   6.27e-04   3.63e-02   1.70e-02   1.25e-05   1.66e-06   8.31e-08   2.06e-11   9.16e-08   
4.86968e+05  7.36e-20   6.67e-01   2.79e-01   6.27e-04   3.63e-02   1.70e-02   1.21e-05   1.60e-06   8.51e-08   2.08e-11   9.18e-08   
5.62341e+05  6.41e-20   6.67e-01   2.79e-01   6.28e-04   3.62e-02   1.70e-02   1.17e-05   1.55e-06   8.76e-08   2.12e-11   9.15e-08   
6.49382e+05  5.91e-20   6.67e-01   2.79e-01   6.28e-04   3.59e-02   1.68e-02   1.14e-05   1.50e-06   9.11e-08   2.22e-11   9.06e-08   
7.49894e+05  5.82e-20   6.68e-01   2.80e-01   6.30e-04   3.50e-02   1.64e-02   1.11e-05   1.47e-06   9.70e-08   2.39e-11   8.84e-08   
8.65964e+05  2.78e-18   6.94e-01   2.90e-01   2.36e-03   9.38e-03   4.53e-03   1.82e-05   2.40e-06   5.50e-06   2.24e-09   2.37e-08   
1.00000e+06  7.32e-19   6.90e-01   2.88e-01   1.43e-03   1.37e-02   6.52e-03   2.21e-05   2.92e-06   1.23e-06   5.33e-10   3.46e-08   
1.15478e+06  5.33e-20   6.67e-01   2.80e-01   6.29e-04   3.61e-02   1.69e-02   1.29e-05   1.70e-06   8.26e-08   2.08e-11   9.09e-08   
1.33352e+06  5.26e-20   6.67e-01   2.79e-01   6.29e-04   3.61e-02   1.69e-02   1.17e-05   1.55e-06   8.86e-08   2.15e-11   9.12e-08   
1.53993e+06  5.81e-20   6.69e-01   2.80e-01   6.35e-04   3.41e-02   1.60e-02   1.12e-05   1.47e-06   1.02e-07   2.58e-11   8.62e-08   
1.77828e+06  6.37e-20   6.69e-01   2.79e-01   6.67e-04   3.48e-02   1.63e-02   1.56e-05   2.06e-06   9.14e-08   2.50e-11   8.81e-08   
2.05353e+06  5.26e-20   6.67e-01   2.79e-01   6.29e-04   3.61e-02   1.69e-02   1.18e-05   1.56e-06   8.76e-08   2.15e-11   9.10e-08   
2.37137e+06  2.94e-18   6.94e-01   2.90e-01   2.48e-03   9.38e-03   4.52e-03   2.00e-05   2.64e-06   5.58e-06   2.43e-09   2.37e-08   
2.73842e+06  5.24e-20   6.68e-01   2.79e-01   6.30e-04   3.62e-02   1.69e-02   1.21e-05   1.60e-06   8.60e-08   2.12e-11   9.14e-08   
3.16228e+06  1.92e-18   6.92e-01   2.90e-01   2.14e-03   1.05e-02   5.03e-03   2.26e-05   2.99e-06   3.40e-06   1.57e-09   2.65e-08   
3.65174e+06  5.42e-20   6.68e-01   2.79e-01   6.32e-04   3.55e-02   1.66e-02   1.14e-05   1.50e-06   9.34e-08   2.29e-11   8.97e-08   
4.21697e+06  5.24e-20   6.68e-01   2.79e-01   6.30e-04   3.62e-02   1.69e-02   1.21e-05   1.59e-06   8.62e-08   2.12e-11   9.14e-08   
4.86968e+06  5.29e-20   6.67e-01   2.80e-01   6.29e-04   3.61e-02   1.69e-02   1.27e-05   1.67e-06   8.35e-08   2.08e-11   9.11e-08   
5.62341e+06  5.27e-20   6.68e-01   2.79e-01   6.30e-04   3.60e-02   1.69e-02   1.25e-05   1.65e-06   8.40e-08   2.09e-11   9.12e-08   
6.49382e+06  5.27e-20   6.68e-01   2.79e-01   6.30e-04   3.60e-02   1.69e-02   1.17e-05   1.55e-06   8.88e-08   2.16e-11   9.10e-08   
7.49894e+06  2.68e-18   6.93e-01   2.90e-01   2.33e-03   9.43e-03   4.55e-03   1.80e-05   2.38e-06   5.37e-06   2.16e-09   2.38e-08   
8.65964e+06  5.25e-20   6.66e-01   2.80e-01   6.30e-04   3.62e-02   1.69e-02   1.19e-05   1.57e-06   8.70e-08   2.13e-11   9.12e-08   
1.00000e+07  5.32e-20   6.67e-01   2.80e-01   6.29e-04   3.59e-02   1.68e-02   1.29e-05   1.70e-06   8.28e-08   2.08e-11   9.07e-08   
1.15478e+07  5.25e-20   6.66e-01   2.80e-01   6.30e-04   3.62e-02   1.69e-02   1.23e-05   1.62e-06   8.51e-08   2.09e-11   9.12e-08   
1.33352e+07  5.99e-20   6.70e-01   2.81e-01   6.39e-04   3.36e-02   1.57e-02   1.12e-05   1.48e-06   1.06e-07   2.70e-11   8.47e-08   
1.53993e+07  5.36e-20   6.67e-01   2.80e-01   6.30e-04   3.56e-02   1.67e-02   1.14e-05   1.51e-06   9.19e-08   2.24e-11   9.00e-08   
1.77828e+07  1.03e-18   6.92e-01   2.90e-01   1.58e-03   1.12e-02   5.35e-03   1.50e-05   1.98e-06   2.39e-06   7.68e-10   2.84e-08   
2.05353e+07  5.33e-20   6.67e-01   2.79e-01   6.32e-04   3.58e-02   1.68e-02   1.15e-05   1.52e-06   9.11e-08   2.23e-11   9.04e-08   
2.37137e+07  2.96e-18   6.94e-01   2.90e-01   2.48e-03   9.37e-03   4.53e-03   1.98e-05   2.61e-06   5.62e-06   2.44e-09   2.37e-08   
2.73842e+07  2.91e-18   6.93e-01   2.90e-01   2.44e-03   9.34e-03   4.53e-03   1.90e-05   2.51e-06   5.66e-06   2.39e-09   2.36e-08   
