! 0       CH3CO + H -> CH2CO + H2
! 1       CH3CO + H -> HCO + CH3
! 2       CH3CO + O -> CO2 + CH3
! 3       CH3CO + C+ -> C + CH3CO+
! 4       CH3CO + H3+ -> H2 + CH3CHO+
! 5       CH3CO + O -> CH2CO + OH
! 6       CH3CO + He+ -> CO + He + CH3+
! 7       CH3CO + HCO+ -> CO + CH3CHO+
! 8       CH3CO + H3O+ -> H2O + CH3CHO+
! 9       CH3CO + CRPhoton -> CH3 + CO
!            tot_rate   0          1          2          3          4          5          6          7          8          9          
1.00000e+00  1.89e-27   3.43e-06   1.84e-06   1.06e-02   9.85e-01   1.76e-05   3.54e-03   2.80e-04   5.40e-09   8.53e-09   4.82e-05   
1.15478e+00  1.48e-27   4.03e-06   2.16e-06   1.07e-02   9.85e-01   1.78e-05   3.55e-03   3.24e-04   5.83e-09   8.64e-09   4.83e-05   
1.33352e+00  1.05e-27   4.76e-06   2.55e-06   1.08e-02   9.85e-01   1.79e-05   3.58e-03   3.76e-04   6.33e-09   8.74e-09   4.87e-05   
1.53993e+00  6.70e-28   5.58e-06   3.00e-06   1.07e-02   9.85e-01   1.79e-05   3.58e-03   4.33e-04   6.82e-09   8.79e-09   4.87e-05   
1.77828e+00  3.92e-28   6.58e-06   3.55e-06   1.08e-02   9.85e-01   1.81e-05   3.60e-03   5.00e-04   7.40e-09   8.91e-09   4.90e-05   
2.05353e+00  2.35e-28   7.80e-06   4.17e-06   1.08e-02   9.85e-01   1.82e-05   3.61e-03   5.80e-04   8.02e-09   9.00e-09   4.90e-05   
2.37137e+00  1.89e-28   9.16e-06   4.92e-06   1.09e-02   9.85e-01   1.84e-05   3.62e-03   6.67e-04   8.68e-09   9.16e-09   4.93e-05   
2.73842e+00  2.39e-28   1.09e-05   5.82e-06   1.09e-02   9.85e-01   1.86e-05   3.64e-03   7.71e-04   9.43e-09   9.30e-09   4.94e-05   
3.16228e+00  3.80e-28   1.28e-05   6.90e-06   1.10e-02   9.84e-01   1.88e-05   3.66e-03   8.92e-04   1.02e-08   9.48e-09   4.97e-05   
3.65174e+00  6.30e-28   1.52e-05   8.16e-06   1.11e-02   9.84e-01   1.90e-05   3.68e-03   1.03e-03   1.10e-08   9.70e-09   5.02e-05   
4.21697e+00  1.04e-27   1.79e-05   9.63e-06   1.11e-02   9.84e-01   1.93e-05   3.70e-03   1.19e-03   1.18e-08   9.94e-09   5.04e-05   
4.86968e+00  1.66e-27   2.14e-05   1.15e-05   1.13e-02   9.83e-01   1.98e-05   3.76e-03   1.38e-03   1.28e-08   1.03e-08   5.12e-05   
5.62341e+00  2.61e-27   2.53e-05   1.36e-05   1.14e-02   9.83e-01   2.02e-05   3.80e-03   1.60e-03   1.37e-08   1.06e-08   5.16e-05   
6.49382e+00  4.03e-27   3.00e-05   1.61e-05   1.15e-02   9.83e-01   2.07e-05   3.85e-03   1.84e-03   1.46e-08   1.11e-08   5.24e-05   
7.49894e+00  6.21e-27   3.56e-05   1.92e-05   1.17e-02   9.82e-01   2.13e-05   3.90e-03   2.13e-03   1.56e-08   1.16e-08   5.31e-05   
8.65964e+00  9.45e-27   4.23e-05   2.28e-05   1.20e-02   9.81e-01   2.20e-05   3.97e-03   2.47e-03   1.67e-08   1.22e-08   5.40e-05   
1.00000e+01  1.44e-26   5.04e-05   2.70e-05   1.22e-02   9.81e-01   2.30e-05   4.04e-03   2.86e-03   1.79e-08   1.30e-08   5.51e-05   
1.15478e+01  2.20e-26   5.99e-05   3.22e-05   1.24e-02   9.80e-01   2.40e-05   4.13e-03   3.30e-03   1.92e-08   1.39e-08   5.63e-05   
1.33352e+01  3.43e-26   7.14e-05   3.82e-05   1.27e-02   9.79e-01   2.51e-05   4.23e-03   3.82e-03   2.06e-08   1.50e-08   5.77e-05   
1.53993e+01  5.42e-26   8.54e-05   4.58e-05   1.31e-02   9.78e-01   2.66e-05   4.35e-03   4.39e-03   2.23e-08   1.64e-08   5.92e-05   
1.77828e+01  8.76e-26   1.02e-04   5.49e-05   1.35e-02   9.77e-01   2.82e-05   4.48e-03   5.07e-03   2.44e-08   1.81e-08   6.12e-05   
2.05353e+01  1.45e-25   1.23e-04   6.61e-05   1.40e-02   9.75e-01   3.04e-05   4.65e-03   5.83e-03   2.69e-08   2.03e-08   6.35e-05   
2.37137e+01  2.43e-25   1.49e-04   7.97e-05   1.46e-02   9.74e-01   3.29e-05   4.85e-03   6.70e-03   3.01e-08   2.31e-08   6.61e-05   
2.73842e+01  4.18e-25   1.80e-04   9.65e-05   1.52e-02   9.72e-01   3.59e-05   5.05e-03   7.66e-03   3.40e-08   2.66e-08   6.92e-05   
3.16228e+01  7.26e-25   2.19e-04   1.17e-04   1.60e-02   9.70e-01   3.97e-05   5.32e-03   8.70e-03   3.90e-08   3.13e-08   7.29e-05   
3.65174e+01  1.27e-24   2.68e-04   1.44e-04   1.70e-02   9.67e-01   4.44e-05   5.64e-03   9.91e-03   4.56e-08   3.74e-08   7.74e-05   
4.21697e+01  2.26e-24   3.30e-04   1.77e-04   1.80e-02   9.64e-01   5.04e-05   6.02e-03   1.11e-02   5.40e-08   4.56e-08   8.23e-05   
4.86968e+01  4.08e-24   4.07e-04   2.19e-04   1.94e-02   9.61e-01   5.76e-05   6.45e-03   1.23e-02   6.57e-08   5.71e-08   8.85e-05   
5.62341e+01  7.52e-24   5.09e-04   2.73e-04   2.10e-02   9.58e-01   6.73e-05   6.97e-03   1.36e-02   8.15e-08   7.31e-08   9.61e-05   
6.49382e+01  1.45e-23   6.38e-04   3.42e-04   2.28e-02   9.54e-01   7.95e-05   7.60e-03   1.48e-02   1.04e-07   9.61e-08   1.05e-04   
7.49894e+01  2.98e-23   8.11e-04   4.36e-04   2.53e-02   9.49e-01   9.66e-05   8.42e-03   1.59e-02   1.36e-07   1.31e-07   1.16e-04   
8.65964e+01  7.30e-23   1.04e-03   5.59e-04   2.82e-02   9.44e-01   1.19e-04   9.39e-03   1.70e-02   1.84e-07   1.85e-07   1.30e-04   
1.00000e+02  3.44e-22   1.35e-03   7.25e-04   3.20e-02   9.37e-01   1.51e-04   1.06e-02   1.78e-02   2.58e-07   2.70e-07   1.48e-04   
1.15478e+02  1.29e-18   1.77e-03   9.45e-04   3.66e-02   9.29e-01   1.97e-04   1.22e-02   1.87e-02   3.76e-07   4.12e-07   1.70e-04   
1.33352e+02  1.78e-18   2.34e-03   1.25e-03   4.25e-02   9.20e-01   2.63e-04   1.41e-02   1.95e-02   5.72e-07   6.56e-07   1.99e-04   
1.53993e+02  2.54e-18   3.13e-03   1.68e-03   5.01e-02   9.07e-01   3.63e-04   1.67e-02   2.07e-02   9.19e-07   1.10e-06   2.36e-04   
1.77828e+02  3.94e-18   4.24e-03   2.28e-03   6.01e-02   8.90e-01   5.15e-04   2.00e-02   2.23e-02   1.54e-06   1.94e-06   2.84e-04   
2.05353e+02  7.19e-18   5.80e-03   3.12e-03   7.30e-02   8.68e-01   7.53e-04   2.43e-02   2.45e-02   2.71e-06   3.56e-06   3.46e-04   
2.37137e+02  1.27e-17   7.93e-03   4.26e-03   8.88e-02   8.41e-01   1.11e-03   2.96e-02   2.73e-02   4.87e-06   6.70e-06   4.26e-04   
2.73842e+02  1.85e-17   1.09e-02   5.88e-03   1.10e-01   8.04e-01   1.67e-03   3.65e-02   3.09e-02   8.95e-06   1.29e-05   5.28e-04   
3.16228e+02  2.38e-17   1.50e-02   8.03e-03   1.34e-01   7.61e-01   2.46e-03   4.46e-02   3.47e-02   1.63e-05   2.48e-05   6.47e-04   
3.65174e+02  2.61e-17   2.03e-02   1.09e-02   1.62e-01   7.09e-01   3.60e-03   5.41e-02   3.87e-02   2.92e-05   4.72e-05   7.94e-04   
4.21697e+02  2.27e-17   2.72e-02   1.46e-02   1.93e-01   6.52e-01   5.07e-03   6.43e-02   4.19e-02   5.07e-05   8.59e-05   9.52e-04   
4.86968e+02  1.33e-17   3.57e-02   1.91e-02   2.25e-01   5.93e-01   6.91e-03   7.48e-02   4.39e-02   8.41e-05   1.48e-04   1.13e-03   
5.62341e+02  4.12e-18   4.59e-02   2.45e-02   2.55e-01   5.34e-01   8.94e-03   8.50e-02   4.42e-02   1.32e-04   2.38e-04   1.29e-03   
6.49382e+02  8.15e-19   5.75e-02   3.09e-02   2.81e-01   4.81e-01   1.10e-02   9.35e-02   4.29e-02   1.95e-04   3.52e-04   1.45e-03   
7.49894e+02  5.99e-19   7.06e-02   3.79e-02   3.00e-01   4.36e-01   1.28e-02   9.98e-02   4.02e-02   2.72e-04   4.77e-04   1.58e-03   
8.65964e+02  6.28e-19   8.49e-02   4.55e-02   3.14e-01   3.98e-01   1.43e-02   1.04e-01   3.66e-02   3.63e-04   6.03e-04   1.69e-03   
1.00000e+03  6.52e-19   1.01e-01   5.41e-02   3.20e-01   3.66e-01   1.56e-02   1.07e-01   3.30e-02   4.67e-04   7.23e-04   1.79e-03   
1.15478e+03  7.18e-19   1.19e-01   6.36e-02   3.24e-01   3.36e-01   1.68e-02   1.08e-01   2.94e-02   5.95e-04   8.48e-04   1.88e-03   
1.33352e+03  8.33e-19   1.40e-01   7.51e-02   3.28e-01   2.99e-01   1.84e-02   1.09e-01   2.63e-02   7.84e-04   1.03e-03   1.98e-03   
1.53993e+03  1.10e-18   1.68e-01   8.99e-02   3.32e-01   2.50e-01   2.08e-02   1.10e-01   2.38e-02   1.13e-03   1.37e-03   2.11e-03   
1.77828e+03  1.89e-18   2.05e-01   1.10e-01   3.40e-01   1.79e-01   2.50e-02   1.13e-01   2.15e-02   1.96e-03   2.20e-03   2.31e-03   
2.05353e+03  4.80e-18   2.50e-01   1.35e-01   3.42e-01   9.91e-02   3.06e-02   1.14e-01   1.90e-02   4.00e-03   4.12e-03   2.54e-03   
2.37137e+03  1.54e-17   2.94e-01   1.58e-01   3.21e-01   5.20e-02   3.48e-02   1.07e-01   1.63e-02   6.88e-03   6.33e-03   2.68e-03   
2.73842e+03  4.67e-17   3.32e-01   1.78e-01   2.87e-01   3.58e-02   3.73e-02   9.55e-02   1.47e-02   8.69e-03   7.11e-03   2.74e-03   
3.16228e+03  9.18e-17   3.66e-01   1.96e-01   2.52e-01   2.99e-02   3.82e-02   8.37e-02   1.37e-02   9.46e-03   7.00e-03   2.74e-03   
3.65174e+03  1.21e-16   3.95e-01   2.12e-01   2.21e-01   2.70e-02   3.82e-02   7.33e-02   1.29e-02   9.70e-03   6.61e-03   2.70e-03   
4.21697e+03  1.33e-16   4.21e-01   2.26e-01   1.94e-01   2.51e-02   3.77e-02   6.44e-02   1.22e-02   9.68e-03   6.12e-03   2.63e-03   
4.86968e+03  1.39e-16   4.43e-01   2.37e-01   1.71e-01   2.40e-02   3.67e-02   5.69e-02   1.15e-02   9.45e-03   5.61e-03   2.53e-03   
5.62341e+03  1.40e-16   4.61e-01   2.48e-01   1.52e-01   2.33e-02   3.55e-02   5.04e-02   1.10e-02   9.03e-03   5.11e-03   2.41e-03   
6.49382e+03  1.37e-16   4.77e-01   2.56e-01   1.36e-01   2.30e-02   3.44e-02   4.52e-02   1.05e-02   8.63e-03   4.64e-03   2.30e-03   
7.49894e+03  1.31e-16   4.91e-01   2.64e-01   1.22e-01   2.31e-02   3.32e-02   4.07e-02   1.01e-02   8.07e-03   4.20e-03   2.19e-03   
8.65964e+03  1.25e-16   5.02e-01   2.70e-01   1.11e-01   2.34e-02   3.20e-02   3.67e-02   9.85e-03   7.56e-03   3.79e-03   2.08e-03   
1.00000e+04  1.18e-16   5.13e-01   2.75e-01   9.97e-02   2.38e-02   3.12e-02   3.33e-02   9.63e-03   7.06e-03   3.43e-03   1.99e-03   
1.15478e+04  1.14e-16   5.22e-01   2.80e-01   9.06e-02   2.43e-02   3.04e-02   3.02e-02   9.58e-03   6.58e-03   3.10e-03   1.90e-03   
1.33352e+04  1.12e-16   5.30e-01   2.84e-01   8.19e-02   2.46e-02   3.01e-02   2.72e-02   9.55e-03   6.15e-03   2.82e-03   1.83e-03   
1.53993e+04  1.14e-16   5.37e-01   2.88e-01   7.38e-02   2.46e-02   3.01e-02   2.46e-02   9.61e-03   5.78e-03   2.59e-03   1.77e-03   
1.77828e+04  1.22e-16   5.45e-01   2.92e-01   6.62e-02   2.40e-02   3.04e-02   2.21e-02   9.76e-03   5.47e-03   2.41e-03   1.72e-03   
2.05353e+04  1.35e-16   5.51e-01   2.96e-01   5.90e-02   2.30e-02   3.13e-02   1.96e-02   1.01e-02   5.20e-03   2.28e-03   1.69e-03   
2.37137e+04  1.53e-16   5.57e-01   2.99e-01   5.22e-02   2.17e-02   3.25e-02   1.73e-02   1.04e-02   4.97e-03   2.17e-03   1.68e-03   
2.73842e+04  1.74e-16   5.62e-01   3.01e-01   4.58e-02   2.04e-02   3.43e-02   1.52e-02   1.10e-02   4.73e-03   2.08e-03   1.67e-03   
3.16228e+04  1.94e-16   5.66e-01   3.04e-01   3.98e-02   1.92e-02   3.64e-02   1.32e-02   1.16e-02   4.46e-03   1.98e-03   1.66e-03   
3.65174e+04  2.11e-16   5.70e-01   3.06e-01   3.42e-02   1.82e-02   3.89e-02   1.14e-02   1.25e-02   4.16e-03   1.88e-03   1.67e-03   
4.21697e+04  2.22e-16   5.73e-01   3.08e-01   2.89e-02   1.74e-02   4.16e-02   9.61e-03   1.36e-02   3.81e-03   1.76e-03   1.66e-03   
4.86968e+04  2.24e-16   5.75e-01   3.09e-01   2.41e-02   1.66e-02   4.45e-02   8.02e-03   1.48e-02   3.41e-03   1.63e-03   1.67e-03   
5.62341e+04  2.18e-16   5.77e-01   3.10e-01   1.97e-02   1.58e-02   4.76e-02   6.55e-03   1.63e-02   2.94e-03   1.48e-03   1.66e-03   
6.49382e+04  2.01e-16   5.78e-01   3.10e-01   1.58e-02   1.51e-02   5.08e-02   5.28e-03   1.80e-02   2.45e-03   1.32e-03   1.65e-03   
7.49894e+04  1.73e-16   5.78e-01   3.11e-01   1.24e-02   1.45e-02   5.34e-02   4.14e-03   2.02e-02   1.94e-03   1.14e-03   1.64e-03   
8.65964e+04  1.38e-16   5.79e-01   3.11e-01   9.58e-03   1.41e-02   5.53e-02   3.20e-03   2.27e-02   1.44e-03   9.58e-04   1.60e-03   
1.00000e+05  9.91e-17   5.79e-01   3.11e-01   7.36e-03   1.40e-02   5.60e-02   2.44e-03   2.57e-02   1.00e-03   7.74e-04   1.56e-03   
1.15478e+05  6.32e-17   5.79e-01   3.10e-01   5.65e-03   1.46e-02   5.54e-02   1.88e-03   2.96e-02   6.50e-04   5.95e-04   1.53e-03   
1.33352e+05  3.56e-17   5.79e-01   3.09e-01   4.47e-03   1.63e-02   5.28e-02   1.49e-03   3.43e-02   3.96e-04   4.38e-04   1.49e-03   
1.53993e+05  1.79e-17   5.75e-01   3.10e-01   3.75e-03   1.96e-02   4.79e-02   1.25e-03   4.01e-02   2.29e-04   3.12e-04   1.45e-03   
1.77828e+05  7.87e-18   5.73e-01   3.07e-01   3.47e-03   2.57e-02   4.05e-02   1.15e-03   4.71e-02   1.24e-04   2.17e-04   1.41e-03   
2.05353e+05  1.80e-18   5.62e-01   3.02e-01   3.71e-03   4.28e-02   2.73e-02   1.24e-03   5.90e-02   4.56e-05   1.26e-04   1.37e-03   
2.37137e+05  1.18e-19   5.37e-01   2.88e-01   3.69e-03   8.44e-02   1.16e-02   1.22e-03   7.25e-02   1.01e-05   6.24e-05   1.28e-03   
2.73842e+05  9.69e-20   5.36e-01   2.88e-01   3.49e-03   8.60e-02   1.12e-02   1.16e-03   7.23e-02   9.53e-06   5.86e-05   1.28e-03   
3.16228e+05  8.31e-20   5.35e-01   2.86e-01   3.45e-03   8.92e-02   1.11e-02   1.15e-03   7.22e-02   9.31e-06   5.58e-05   1.27e-03   
3.65174e+05  7.17e-20   5.33e-01   2.86e-01   3.44e-03   9.23e-02   1.09e-02   1.15e-03   7.20e-02   9.19e-06   5.34e-05   1.27e-03   
4.21697e+05  6.14e-20   5.31e-01   2.85e-01   3.45e-03   9.53e-02   1.08e-02   1.15e-03   7.18e-02   9.14e-06   5.15e-05   1.27e-03   
4.86968e+05  5.27e-20   5.30e-01   2.85e-01   3.44e-03   9.74e-02   1.08e-02   1.14e-03   7.16e-02   9.09e-06   4.97e-05   1.27e-03   
5.62341e+05  4.54e-20   5.28e-01   2.84e-01   3.43e-03   9.93e-02   1.08e-02   1.14e-03   7.13e-02   9.12e-06   4.82e-05   1.27e-03   
6.49382e+05  4.02e-20   5.28e-01   2.84e-01   3.44e-03   1.00e-01   1.09e-02   1.14e-03   7.10e-02   9.22e-06   4.71e-05   1.27e-03   
7.49894e+05  3.77e-20   5.28e-01   2.84e-01   3.45e-03   9.98e-02   1.13e-02   1.15e-03   7.06e-02   9.53e-06   4.67e-05   1.27e-03   
8.65964e+05  8.67e-18   5.80e-01   3.12e-01   2.10e-03   1.48e-02   4.89e-02   6.98e-04   3.93e-02   1.50e-04   2.24e-04   1.43e-03   
1.00000e+06  2.69e-18   5.68e-01   3.05e-01   3.13e-03   3.38e-02   3.21e-02   1.04e-03   5.50e-02   5.98e-05   1.43e-04   1.38e-03   
1.15478e+06  7.05e-20   5.32e-01   2.85e-01   3.45e-03   9.35e-02   1.09e-02   1.15e-03   7.20e-02   9.25e-06   5.31e-05   1.28e-03   
1.33352e+06  4.73e-20   5.29e-01   2.84e-01   3.45e-03   9.92e-02   1.09e-02   1.15e-03   7.13e-02   9.20e-06   4.85e-05   1.27e-03   
1.53993e+06  4.14e-20   5.29e-01   2.85e-01   3.45e-03   9.79e-02   1.16e-02   1.15e-03   7.03e-02   9.86e-06   4.74e-05   1.27e-03   
1.77828e+06  1.12e-19   5.35e-01   2.87e-01   3.69e-03   8.80e-02   1.14e-02   1.23e-03   7.23e-02   1.02e-05   6.03e-05   1.28e-03   
2.05353e+06  5.01e-20   5.29e-01   2.84e-01   3.44e-03   9.87e-02   1.09e-02   1.14e-03   7.13e-02   9.19e-06   4.87e-05   1.27e-03   
2.37137e+06  1.00e-17   5.80e-01   3.11e-01   2.22e-03   1.51e-02   4.89e-02   7.37e-04   3.94e-02   1.57e-04   2.34e-04   1.43e-03   
2.73842e+06  5.59e-20   5.30e-01   2.84e-01   3.44e-03   9.75e-02   1.09e-02   1.15e-03   7.16e-02   9.20e-06   4.99e-05   1.27e-03   
3.16228e+06  7.34e-18   5.76e-01   3.09e-01   2.62e-03   2.08e-02   4.32e-02   8.69e-04   4.50e-02   1.19e-04   2.04e-04   1.42e-03   
3.65174e+06  4.24e-20   5.29e-01   2.83e-01   3.45e-03   9.99e-02   1.11e-02   1.15e-03   7.08e-02   9.37e-06   4.72e-05   1.27e-03   
4.21697e+06  5.53e-20   5.30e-01   2.84e-01   3.44e-03   9.75e-02   1.09e-02   1.15e-03   7.15e-02   9.19e-06   4.98e-05   1.27e-03   
4.86968e+06  6.74e-20   5.32e-01   2.85e-01   3.44e-03   9.46e-02   1.09e-02   1.15e-03   7.19e-02   9.25e-06   5.23e-05   1.27e-03   
5.62341e+06  6.44e-20   5.31e-01   2.84e-01   3.45e-03   9.54e-02   1.09e-02   1.15e-03   7.18e-02   9.23e-06   5.16e-05   1.27e-03   
6.49382e+06  4.84e-20   5.29e-01   2.83e-01   3.45e-03   9.92e-02   1.09e-02   1.15e-03   7.13e-02   9.22e-06   4.86e-05   1.27e-03   
7.49894e+06  8.41e-18   5.80e-01   3.12e-01   2.09e-03   1.49e-02   4.86e-02   6.96e-04   3.96e-02   1.46e-04   2.21e-04   1.43e-03   
8.65964e+06  5.24e-20   5.29e-01   2.85e-01   3.44e-03   9.82e-02   1.09e-02   1.14e-03   7.12e-02   9.19e-06   4.93e-05   1.27e-03   
1.00000e+07  7.15e-20   5.33e-01   2.85e-01   3.44e-03   9.35e-02   1.09e-02   1.14e-03   7.18e-02   9.27e-06   5.30e-05   1.27e-03   
1.15478e+07  5.90e-20   5.30e-01   2.85e-01   3.44e-03   9.67e-02   1.09e-02   1.15e-03   7.15e-02   9.20e-06   5.05e-05   1.27e-03   
1.33352e+07  4.41e-20   5.30e-01   2.85e-01   3.44e-03   9.65e-02   1.18e-02   1.15e-03   7.02e-02   1.01e-05   4.76e-05   1.28e-03   
1.53993e+07  4.37e-20   5.29e-01   2.84e-01   3.43e-03   9.98e-02   1.10e-02   1.14e-03   7.09e-02   9.29e-06   4.76e-05   1.27e-03   
1.77828e+07  2.61e-18   5.75e-01   3.08e-01   2.45e-03   2.34e-02   3.99e-02   8.13e-04   4.79e-02   8.17e-05   1.53e-04   1.39e-03   
2.05353e+07  4.45e-20   5.29e-01   2.83e-01   3.44e-03   9.99e-02   1.10e-02   1.15e-03   7.11e-02   9.29e-06   4.77e-05   1.27e-03   
2.37137e+07  9.97e-18   5.81e-01   3.11e-01   2.20e-03   1.49e-02   4.90e-02   7.30e-04   3.93e-02   1.57e-04   2.34e-04   1.43e-03   
2.73842e+07  9.52e-18   5.81e-01   3.11e-01   2.13e-03   1.47e-02   4.92e-02   7.11e-04   3.91e-02   1.55e-04   2.30e-04   1.43e-03   
