! 0       *H + *CH2CO -> *CH3CO
! 1       *H + *CH2CO -> CH3CO
! 2       *CH2CO + CRPhoton -> *CO + *CH2
! 3       *CH2CO + CRPhoton -> *CO + *CH2
! 4       *CH2CO + CRPhoton -> *C2H2 + *O
! 5       *CH2CO + CRPhoton -> *C2 + *H2O
! 6       *CH2CO + CRPhoton -> CH2CO
! 7       *CH2CO + ISPhoton -> CH2CO
! 8       *CH2CO + ISPhoton -> *CO + *CH2
! 9       *CH2CO + ISPhoton -> *CO + *CH2
!            tot_rate   0          1          2          3          4          5          6          7          8          9          
1.00000e+00  8.63e-26   3.47e-05   3.50e-07   4.23e-01   1.88e-01   1.88e-01   1.88e-01   1.33e-02   2.39e-09   1.22e-10   7.05e-12   
1.15478e+00  1.46e-25   3.52e-05   3.55e-07   4.23e-01   1.88e-01   1.88e-01   1.88e-01   1.34e-02   2.39e-09   1.22e-10   7.07e-12   
1.33352e+00  2.51e-25   3.56e-05   3.59e-07   4.22e-01   1.88e-01   1.88e-01   1.88e-01   1.34e-02   2.39e-09   1.22e-10   7.04e-12   
1.53993e+00  4.51e-25   3.63e-05   3.68e-07   4.23e-01   1.88e-01   1.88e-01   1.88e-01   1.33e-02   2.39e-09   1.22e-10   7.04e-12   
1.77828e+00  8.46e-25   3.72e-05   3.76e-07   4.23e-01   1.88e-01   1.88e-01   1.88e-01   1.34e-02   2.39e-09   1.22e-10   7.04e-12   
2.05353e+00  1.68e-24   3.80e-05   3.84e-07   4.23e-01   1.88e-01   1.88e-01   1.88e-01   1.34e-02   2.39e-09   1.22e-10   7.04e-12   
2.37137e+00  3.48e-24   3.88e-05   3.91e-07   4.23e-01   1.88e-01   1.88e-01   1.88e-01   1.34e-02   2.39e-09   1.22e-10   7.05e-12   
2.73842e+00  7.45e-24   3.99e-05   4.03e-07   4.23e-01   1.88e-01   1.88e-01   1.88e-01   1.34e-02   2.39e-09   1.22e-10   7.05e-12   
3.16228e+00  1.63e-23   4.08e-05   4.12e-07   4.23e-01   1.88e-01   1.88e-01   1.88e-01   1.34e-02   2.38e-09   1.22e-10   7.04e-12   
3.65174e+00  3.59e-23   4.21e-05   4.23e-07   4.23e-01   1.88e-01   1.88e-01   1.88e-01   1.33e-02   2.38e-09   1.22e-10   7.02e-12   
4.21697e+00  7.83e-23   4.34e-05   4.38e-07   4.23e-01   1.88e-01   1.88e-01   1.88e-01   1.34e-02   2.39e-09   1.22e-10   7.05e-12   
4.86968e+00  1.70e-22   4.49e-05   4.53e-07   4.23e-01   1.88e-01   1.88e-01   1.88e-01   1.34e-02   2.39e-09   1.22e-10   7.07e-12   
5.62341e+00  3.64e-22   4.65e-05   4.70e-07   4.23e-01   1.88e-01   1.88e-01   1.88e-01   1.34e-02   2.38e-09   1.22e-10   7.04e-12   
6.49382e+00  7.67e-22   4.86e-05   4.90e-07   4.24e-01   1.88e-01   1.88e-01   1.88e-01   1.34e-02   2.38e-09   1.22e-10   7.05e-12   
7.49894e+00  1.60e-21   5.06e-05   5.11e-07   4.23e-01   1.88e-01   1.88e-01   1.88e-01   1.34e-02   2.38e-09   1.22e-10   7.05e-12   
8.65964e+00  3.29e-21   5.29e-05   5.32e-07   4.22e-01   1.88e-01   1.88e-01   1.88e-01   1.34e-02   2.39e-09   1.22e-10   7.05e-12   
1.00000e+01  6.65e-21   5.46e-05   5.52e-07   4.23e-01   1.88e-01   1.88e-01   1.88e-01   1.34e-02   2.39e-09   1.22e-10   7.04e-12   
1.15478e+01  1.31e-20   5.63e-05   5.69e-07   4.23e-01   1.88e-01   1.88e-01   1.88e-01   1.33e-02   2.38e-09   1.22e-10   7.04e-12   
1.33352e+01  2.53e-20   5.81e-05   5.85e-07   4.23e-01   1.88e-01   1.88e-01   1.88e-01   1.33e-02   2.39e-09   1.22e-10   7.07e-12   
1.53993e+01  4.78e-20   5.94e-05   6.01e-07   4.23e-01   1.88e-01   1.88e-01   1.88e-01   1.34e-02   2.39e-09   1.22e-10   7.03e-12   
1.77828e+01  8.83e-20   6.11e-05   6.17e-07   4.22e-01   1.88e-01   1.88e-01   1.88e-01   1.34e-02   2.38e-09   1.21e-10   7.03e-12   
2.05353e+01  1.60e-19   6.33e-05   6.39e-07   4.22e-01   1.88e-01   1.88e-01   1.88e-01   1.34e-02   2.39e-09   1.22e-10   7.02e-12   
2.37137e+01  2.84e-19   6.58e-05   6.65e-07   4.23e-01   1.88e-01   1.88e-01   1.88e-01   1.33e-02   2.38e-09   1.22e-10   7.04e-12   
2.73842e+01  4.97e-19   6.88e-05   6.96e-07   4.23e-01   1.88e-01   1.88e-01   1.88e-01   1.34e-02   2.39e-09   1.22e-10   7.04e-12   
3.16228e+01  8.56e-19   7.29e-05   7.36e-07   4.23e-01   1.88e-01   1.88e-01   1.88e-01   1.33e-02   2.38e-09   1.21e-10   7.05e-12   
3.65174e+01  1.46e-18   7.76e-05   7.83e-07   4.22e-01   1.88e-01   1.88e-01   1.88e-01   1.33e-02   2.38e-09   1.22e-10   7.07e-12   
4.21697e+01  2.44e-18   8.45e-05   8.54e-07   4.23e-01   1.88e-01   1.88e-01   1.88e-01   1.34e-02   2.39e-09   1.22e-10   7.06e-12   
4.86968e+01  4.03e-18   9.39e-05   9.49e-07   4.22e-01   1.88e-01   1.88e-01   1.88e-01   1.34e-02   2.39e-09   1.22e-10   7.06e-12   
5.62341e+01  6.55e-18   1.08e-04   1.09e-06   4.23e-01   1.88e-01   1.88e-01   1.88e-01   1.34e-02   2.40e-09   1.22e-10   7.06e-12   
6.49382e+01  1.05e-17   1.30e-04   1.31e-06   4.23e-01   1.88e-01   1.88e-01   1.88e-01   1.34e-02   2.39e-09   1.22e-10   7.05e-12   
7.49894e+01  1.68e-17   1.71e-04   1.73e-06   4.23e-01   1.88e-01   1.88e-01   1.88e-01   1.34e-02   2.38e-09   1.22e-10   7.04e-12   
8.65964e+01  2.62e-17   2.73e-04   2.75e-06   4.23e-01   1.88e-01   1.88e-01   1.88e-01   1.34e-02   2.38e-09   1.22e-10   7.02e-12   
1.00000e+02  4.00e-17   8.79e-04   8.87e-06   4.22e-01   1.88e-01   1.88e-01   1.88e-01   1.34e-02   2.39e-09   1.22e-10   7.04e-12   
1.15478e+02  1.76e-16   7.33e-01   7.39e-03   1.10e-01   4.87e-02   4.87e-02   4.87e-02   3.46e-03   6.20e-10   3.16e-11   1.82e-12   
1.33352e+02  2.25e-16   7.90e-01   7.99e-03   8.53e-02   3.79e-02   3.79e-02   3.79e-02   2.69e-03   4.80e-10   2.46e-11   1.42e-12   
1.53993e+02  3.01e-16   8.42e-01   8.52e-03   6.32e-02   2.81e-02   2.81e-02   2.81e-02   2.00e-03   3.56e-10   1.82e-11   1.05e-12   
1.77828e+02  4.43e-16   8.91e-01   9.00e-03   4.24e-02   1.88e-02   1.88e-02   1.88e-02   1.34e-03   2.39e-10   1.22e-11   7.06e-13   
2.05353e+02  7.74e-16   9.35e-01   9.44e-03   2.37e-02   1.05e-02   1.05e-02   1.05e-02   7.48e-04   1.33e-10   6.82e-12   3.94e-13   
2.37137e+02  1.32e-15   9.59e-01   9.74e-03   1.31e-02   5.84e-03   5.84e-03   5.84e-03   4.15e-04   7.41e-11   3.78e-12   2.19e-13   
2.73842e+02  1.92e-15   9.71e-01   9.81e-03   8.19e-03   3.64e-03   3.64e-03   3.64e-03   2.58e-04   4.62e-11   2.36e-12   1.36e-13   
3.16228e+02  2.42e-15   9.77e-01   9.90e-03   5.36e-03   2.39e-03   2.39e-03   2.39e-03   1.70e-04   3.04e-11   1.55e-12   8.95e-14   
3.65174e+02  2.65e-15   9.82e-01   9.89e-03   3.56e-03   1.59e-03   1.59e-03   1.59e-03   1.13e-04   2.01e-11   1.03e-12   5.93e-14   
4.21697e+02  2.28e-15   9.84e-01   9.93e-03   2.37e-03   1.05e-03   1.05e-03   1.05e-03   7.52e-05   1.34e-11   6.86e-13   3.96e-14   
4.86968e+02  1.32e-15   9.86e-01   9.94e-03   1.56e-03   6.93e-04   6.93e-04   6.93e-04   4.92e-05   8.80e-12   4.49e-13   2.59e-14   
5.62341e+02  3.96e-16   9.88e-01   9.98e-03   1.01e-03   4.47e-04   4.47e-04   4.47e-04   3.18e-05   5.68e-12   2.90e-13   1.68e-14   
6.49382e+02  7.69e-17   9.89e-01   9.99e-03   6.05e-04   2.69e-04   2.69e-04   2.69e-04   1.91e-05   3.42e-12   1.74e-13   1.01e-14   
7.49894e+02  5.62e-17   9.89e-01   9.98e-03   2.97e-04   1.33e-04   1.33e-04   1.33e-04   8.70e-06   1.56e-12   8.59e-14   4.96e-15   
8.65964e+02  5.72e-17   9.90e-01   1.00e-02   6.14e-05   2.73e-05   2.73e-05   2.73e-05   1.50e-06   2.69e-13   1.77e-14   1.02e-15   
1.00000e+03  5.72e-17   9.90e-01   1.00e-02   2.34e-05   1.04e-05   1.04e-05   1.04e-05   4.83e-07   8.64e-14   6.75e-15   3.90e-16   
1.15478e+03  5.99e-17   9.90e-01   1.00e-02   2.17e-05   9.67e-06   9.67e-06   9.67e-06   3.77e-07   6.76e-14   6.28e-15   3.62e-16   
1.33352e+03  6.44e-17   9.90e-01   9.99e-03   2.05e-05   9.11e-06   9.11e-06   9.11e-06   2.99e-07   5.37e-14   5.91e-15   3.41e-16   
1.53993e+03  7.48e-17   9.90e-01   1.00e-02   1.95e-05   8.70e-06   8.70e-06   8.70e-06   2.42e-07   4.33e-14   5.65e-15   3.26e-16   
1.77828e+03  1.01e-16   9.90e-01   1.00e-02   1.89e-05   8.42e-06   8.42e-06   8.42e-06   2.00e-07   3.58e-14   5.47e-15   3.16e-16   
2.05353e+03  1.63e-16   9.90e-01   1.00e-02   1.86e-05   8.30e-06   8.30e-06   8.30e-06   1.68e-07   3.01e-14   5.38e-15   3.11e-16   
2.37137e+03  2.40e-16   9.90e-01   1.00e-02   1.88e-05   8.36e-06   8.36e-06   8.36e-06   1.46e-07   2.62e-14   5.41e-15   3.13e-16   
2.73842e+03  2.56e-16   9.90e-01   1.00e-02   1.94e-05   8.65e-06   8.65e-06   8.65e-06   1.32e-07   2.37e-14   5.60e-15   3.24e-16   
3.16228e+03  2.20e-16   9.90e-01   9.99e-03   2.02e-05   8.95e-06   8.95e-06   8.95e-06   1.21e-07   2.17e-14   5.81e-15   3.36e-16   
3.65174e+03  1.77e-16   9.90e-01   1.00e-02   2.07e-05   9.22e-06   9.22e-06   9.22e-06   1.10e-07   1.97e-14   6.00e-15   3.46e-16   
4.21697e+03  1.40e-16   9.90e-01   9.97e-03   2.09e-05   9.33e-06   9.33e-06   9.33e-06   9.83e-08   1.77e-14   6.05e-15   3.50e-16   
4.86968e+03  1.13e-16   9.90e-01   9.99e-03   2.09e-05   9.28e-06   9.28e-06   9.28e-06   8.71e-08   1.56e-14   6.03e-15   3.48e-16   
5.62341e+03  9.29e-17   9.90e-01   1.00e-02   2.07e-05   9.17e-06   9.17e-06   9.17e-06   7.68e-08   1.38e-14   5.96e-15   3.44e-16   
6.49382e+03  7.86e-17   9.90e-01   1.00e-02   2.01e-05   8.95e-06   8.95e-06   8.95e-06   6.69e-08   1.20e-14   5.83e-15   3.36e-16   
7.49894e+03  6.82e-17   9.90e-01   1.00e-02   1.94e-05   8.64e-06   8.64e-06   8.64e-06   5.78e-08   1.04e-14   5.62e-15   3.24e-16   
8.65964e+03  6.05e-17   9.90e-01   1.00e-02   1.85e-05   8.23e-06   8.23e-06   8.23e-06   4.94e-08   8.86e-15   5.35e-15   3.09e-16   
1.00000e+04  5.49e-17   9.90e-01   1.00e-02   1.74e-05   7.75e-06   7.75e-06   7.75e-06   4.17e-08   7.49e-15   5.05e-15   2.92e-16   
1.15478e+04  5.10e-17   9.90e-01   1.00e-02   1.62e-05   7.21e-06   7.21e-06   7.21e-06   3.49e-08   6.27e-15   4.69e-15   2.71e-16   
1.33352e+04  4.87e-17   9.90e-01   1.00e-02   1.50e-05   6.65e-06   6.65e-06   6.65e-06   2.90e-08   5.22e-15   4.33e-15   2.51e-16   
1.53993e+04  4.78e-17   9.90e-01   1.00e-02   1.37e-05   6.11e-06   6.11e-06   6.11e-06   2.41e-08   4.31e-15   3.98e-15   2.30e-16   
1.77828e+04  4.83e-17   9.90e-01   1.00e-02   1.26e-05   5.59e-06   5.59e-06   5.59e-06   1.99e-08   3.58e-15   3.65e-15   2.11e-16   
2.05353e+04  4.98e-17   9.90e-01   1.00e-02   1.16e-05   5.16e-06   5.16e-06   5.16e-06   1.66e-08   2.99e-15   3.37e-15   1.94e-16   
2.37137e+04  5.18e-17   9.90e-01   1.00e-02   1.08e-05   4.81e-06   4.81e-06   4.81e-06   1.41e-08   2.53e-15   3.13e-15   1.81e-16   
2.73842e+04  5.37e-17   9.90e-01   1.00e-02   1.02e-05   4.52e-06   4.52e-06   4.52e-06   1.21e-08   2.18e-15   2.94e-15   1.70e-16   
3.16228e+04  5.54e-17   9.90e-01   1.00e-02   9.63e-06   4.28e-06   4.28e-06   4.28e-06   1.05e-08   1.88e-15   2.78e-15   1.61e-16   
3.65174e+04  5.63e-17   9.90e-01   9.99e-03   9.15e-06   4.07e-06   4.07e-06   4.07e-06   9.19e-09   1.65e-15   2.65e-15   1.53e-16   
4.21697e+04  5.62e-17   9.90e-01   1.00e-02   8.74e-06   3.88e-06   3.88e-06   3.88e-06   8.15e-09   1.47e-15   2.53e-15   1.47e-16   
4.86968e+04  5.50e-17   9.90e-01   1.00e-02   8.37e-06   3.73e-06   3.73e-06   3.73e-06   7.28e-09   1.31e-15   2.42e-15   1.40e-16   
5.62341e+04  5.25e-17   9.90e-01   1.00e-02   8.03e-06   3.58e-06   3.58e-06   3.58e-06   6.57e-09   1.18e-15   2.32e-15   1.35e-16   
6.49382e+04  4.87e-17   9.90e-01   1.00e-02   7.72e-06   3.43e-06   3.43e-06   3.43e-06   5.98e-09   1.07e-15   2.24e-15   1.29e-16   
7.49894e+04  4.36e-17   9.90e-01   9.99e-03   7.42e-06   3.30e-06   3.30e-06   3.30e-06   5.48e-09   9.83e-16   2.15e-15   1.25e-16   
8.65964e+04  3.76e-17   9.90e-01   1.00e-02   7.19e-06   3.19e-06   3.19e-06   3.19e-06   5.08e-09   9.13e-16   2.08e-15   1.20e-16   
1.00000e+05  3.10e-17   9.90e-01   1.00e-02   6.97e-06   3.10e-06   3.10e-06   3.10e-06   4.74e-09   8.55e-16   2.02e-15   1.17e-16   
1.15478e+05  2.45e-17   9.90e-01   9.98e-03   6.76e-06   3.01e-06   3.01e-06   3.01e-06   4.48e-09   8.11e-16   1.97e-15   1.14e-16   
1.33352e+05  1.87e-17   9.90e-01   1.00e-02   6.64e-06   2.96e-06   2.96e-06   2.96e-06   4.31e-09   7.76e-16   1.93e-15   1.11e-16   
1.53993e+05  1.39e-17   9.90e-01   1.00e-02   6.54e-06   2.91e-06   2.91e-06   2.91e-06   4.17e-09   7.46e-16   1.89e-15   1.10e-16   
1.77828e+05  1.01e-17   9.90e-01   1.00e-02   6.45e-06   2.87e-06   2.87e-06   2.87e-06   4.05e-09   7.29e-16   1.87e-15   1.08e-16   
2.05353e+05  5.57e-18   9.90e-01   9.99e-03   6.38e-06   2.84e-06   2.84e-06   2.84e-06   3.95e-09   7.10e-16   1.85e-15   1.07e-16   
2.37137e+05  8.89e-19   9.90e-01   1.00e-02   6.30e-06   2.80e-06   2.80e-06   2.80e-06   3.82e-09   6.88e-16   1.82e-15   1.06e-16   
2.73842e+05  7.89e-19   9.90e-01   9.99e-03   6.29e-06   2.80e-06   2.80e-06   2.80e-06   3.79e-09   6.82e-16   1.83e-15   1.06e-16   
3.16228e+05  7.25e-19   9.90e-01   1.00e-02   6.30e-06   2.80e-06   2.80e-06   2.80e-06   3.76e-09   6.77e-16   1.83e-15   1.06e-16   
3.65174e+05  6.72e-19   9.90e-01   1.00e-02   6.31e-06   2.81e-06   2.81e-06   2.81e-06   3.75e-09   6.74e-16   1.83e-15   1.06e-16   
4.21697e+05  6.25e-19   9.90e-01   1.00e-02   6.32e-06   2.81e-06   2.81e-06   2.81e-06   3.73e-09   6.70e-16   1.84e-15   1.06e-16   
4.86968e+05  5.87e-19   9.90e-01   1.00e-02   6.32e-06   2.81e-06   2.81e-06   2.81e-06   3.71e-09   6.68e-16   1.84e-15   1.06e-16   
5.62341e+05  5.63e-19   9.90e-01   9.99e-03   6.33e-06   2.81e-06   2.81e-06   2.81e-06   3.68e-09   6.63e-16   1.83e-15   1.06e-16   
6.49382e+05  5.57e-19   9.90e-01   9.99e-03   6.32e-06   2.82e-06   2.82e-06   2.82e-06   3.67e-09   6.61e-16   1.83e-15   1.06e-16   
7.49894e+05  5.88e-19   9.90e-01   1.00e-02   6.34e-06   2.82e-06   2.82e-06   2.82e-06   3.66e-09   6.58e-16   1.84e-15   1.06e-16   
8.65964e+05  9.47e-18   9.90e-01   9.99e-03   6.49e-06   2.88e-06   2.88e-06   2.88e-06   3.83e-09   6.89e-16   1.88e-15   1.09e-16   
1.00000e+06  6.51e-18   9.90e-01   1.00e-02   6.39e-06   2.84e-06   2.84e-06   2.84e-06   3.89e-09   7.01e-16   1.86e-15   1.07e-16   
1.15478e+06  6.75e-19   9.90e-01   1.00e-02   6.31e-06   2.80e-06   2.80e-06   2.80e-06   3.73e-09   6.71e-16   1.84e-15   1.06e-16   
1.33352e+06  5.82e-19   9.90e-01   9.99e-03   6.32e-06   2.82e-06   2.82e-06   2.82e-06   3.68e-09   6.62e-16   1.84e-15   1.06e-16   
1.53993e+06  6.52e-19   9.90e-01   1.00e-02   6.34e-06   2.82e-06   2.82e-06   2.82e-06   3.65e-09   6.57e-16   1.84e-15   1.06e-16   
1.77828e+06  8.78e-19   9.90e-01   1.00e-02   6.30e-06   2.80e-06   2.80e-06   2.80e-06   3.79e-09   6.84e-16   1.83e-15   1.06e-16   
2.05353e+06  5.93e-19   9.90e-01   1.00e-02   6.32e-06   2.82e-06   2.82e-06   2.82e-06   3.69e-09   6.63e-16   1.84e-15   1.06e-16   
2.37137e+06  1.02e-17   9.90e-01   1.00e-02   6.50e-06   2.89e-06   2.89e-06   2.89e-06   3.90e-09   7.01e-16   1.88e-15   1.09e-16   
2.73842e+06  6.15e-19   9.90e-01   1.00e-02   6.32e-06   2.81e-06   2.81e-06   2.81e-06   3.69e-09   6.65e-16   1.84e-15   1.06e-16   
3.16228e+06  9.40e-18   9.90e-01   1.00e-02   6.45e-06   2.87e-06   2.87e-06   2.87e-06   3.93e-09   7.07e-16   1.87e-15   1.08e-16   
3.65174e+06  5.90e-19   9.90e-01   1.00e-02   6.32e-06   2.81e-06   2.81e-06   2.81e-06   3.66e-09   6.59e-16   1.83e-15   1.06e-16   
4.21697e+06  6.13e-19   9.90e-01   1.00e-02   6.31e-06   2.81e-06   2.81e-06   2.81e-06   3.70e-09   6.65e-16   1.83e-15   1.06e-16   
4.86968e+06  6.65e-19   9.90e-01   9.99e-03   6.30e-06   2.81e-06   2.81e-06   2.81e-06   3.72e-09   6.70e-16   1.84e-15   1.06e-16   
5.62341e+06  6.51e-19   9.90e-01   1.00e-02   6.32e-06   2.81e-06   2.81e-06   2.81e-06   3.72e-09   6.69e-16   1.83e-15   1.06e-16   
6.49382e+06  5.90e-19   9.90e-01   1.00e-02   6.32e-06   2.81e-06   2.81e-06   2.81e-06   3.68e-09   6.63e-16   1.83e-15   1.06e-16   
7.49894e+06  9.35e-18   9.90e-01   1.00e-02   6.48e-06   2.89e-06   2.89e-06   2.89e-06   3.82e-09   6.87e-16   1.88e-15   1.09e-16   
8.65964e+06  6.02e-19   9.90e-01   1.00e-02   6.33e-06   2.81e-06   2.81e-06   2.81e-06   3.69e-09   6.64e-16   1.84e-15   1.06e-16   
1.00000e+07  6.83e-19   9.90e-01   1.00e-02   6.31e-06   2.81e-06   2.81e-06   2.81e-06   3.73e-09   6.71e-16   1.83e-15   1.06e-16   
1.15478e+07  6.28e-19   9.90e-01   1.00e-02   6.32e-06   2.80e-06   2.80e-06   2.80e-06   3.71e-09   6.67e-16   1.83e-15   1.06e-16   
1.33352e+07  6.95e-19   9.90e-01   1.00e-02   6.33e-06   2.82e-06   2.82e-06   2.82e-06   3.64e-09   6.56e-16   1.84e-15   1.06e-16   
1.53993e+07  5.86e-19   9.90e-01   9.99e-03   6.33e-06   2.82e-06   2.82e-06   2.82e-06   3.67e-09   6.59e-16   1.84e-15   1.06e-16   
1.77828e+07  5.97e-18   9.90e-01   1.00e-02   6.40e-06   2.85e-06   2.85e-06   2.85e-06   3.69e-09   6.63e-16   1.86e-15   1.07e-16   
2.05353e+07  5.85e-19   9.90e-01   1.00e-02   6.33e-06   2.82e-06   2.82e-06   2.82e-06   3.68e-09   6.60e-16   1.83e-15   1.06e-16   
2.37137e+07  1.02e-17   9.90e-01   1.00e-02   6.47e-06   2.87e-06   2.87e-06   2.87e-06   3.87e-09   6.97e-16   1.87e-15   1.09e-16   
2.73842e+07  9.90e-18   9.90e-01   1.00e-02   6.50e-06   2.89e-06   2.89e-06   2.89e-06   3.86e-09   6.95e-16   1.89e-15   1.09e-16   
