! 0       H + OCN -> OH + CN
! 1       OCN + C+ -> CN + CO+
! 2       O + OCN -> CO + NO
! 3       OCN + H3+ -> H2 + HOCN+
! 4       OCN + H3+ -> H2 + HNCO+
! 5       C + OCN -> CO + CN
! 6       OCN + CRPhoton -> CN + O
! 7       OCN + He+ -> CN + He + O+
! 8       OCN + He+ -> O + He + CN+
! 9       H + OCN -> NH + CO
!            tot_rate   0          1          2          3          4          5          6          7          8          9          
1.00000e+00  1.80e-15   2.23e-04   9.48e-01   5.05e-02   2.26e-04   2.26e-04   3.06e-04   4.52e-04   1.37e-04   1.37e-04   1.33e-26   
1.15478e+00  2.31e-15   2.62e-04   9.48e-01   5.06e-02   2.27e-04   2.27e-04   3.55e-04   4.54e-04   1.58e-04   1.58e-04   1.59e-26   
1.33352e+00  2.97e-15   3.08e-04   9.47e-01   5.09e-02   2.28e-04   2.28e-04   4.11e-04   4.52e-04   1.83e-04   1.83e-04   1.91e-26   
1.53993e+00  3.81e-15   3.62e-04   9.47e-01   5.09e-02   2.29e-04   2.29e-04   4.77e-04   4.54e-04   2.11e-04   2.11e-04   2.30e-26   
1.77828e+00  4.89e-15   4.27e-04   9.47e-01   5.09e-02   2.31e-04   2.31e-04   5.54e-04   4.56e-04   2.43e-04   2.43e-04   2.78e-26   
2.05353e+00  6.25e-15   5.03e-04   9.46e-01   5.12e-02   2.32e-04   2.32e-04   6.44e-04   4.56e-04   2.82e-04   2.82e-04   3.39e-26   
2.37137e+00  7.91e-15   5.94e-04   9.46e-01   5.13e-02   2.34e-04   2.34e-04   7.47e-04   4.59e-04   3.26e-04   3.26e-04   4.17e-26   
2.73842e+00  9.90e-15   7.02e-04   9.45e-01   5.16e-02   2.36e-04   2.36e-04   8.68e-04   4.60e-04   3.77e-04   3.77e-04   5.17e-26   
3.16228e+00  1.22e-14   8.29e-04   9.44e-01   5.21e-02   2.40e-04   2.40e-04   1.01e-03   4.65e-04   4.36e-04   4.36e-04   6.49e-26   
3.65174e+00  1.48e-14   9.77e-04   9.44e-01   5.21e-02   2.42e-04   2.42e-04   1.17e-03   4.66e-04   5.02e-04   5.02e-04   8.16e-26   
4.21697e+00  1.76e-14   1.16e-03   9.43e-01   5.26e-02   2.46e-04   2.46e-04   1.36e-03   4.70e-04   5.79e-04   5.79e-04   1.05e-25   
4.86968e+00  2.06e-14   1.37e-03   9.42e-01   5.29e-02   2.50e-04   2.50e-04   1.58e-03   4.73e-04   6.70e-04   6.70e-04   1.36e-25   
5.62341e+00  2.36e-14   1.62e-03   9.41e-01   5.34e-02   2.55e-04   2.55e-04   1.83e-03   4.79e-04   7.75e-04   7.75e-04   1.79e-25   
6.49382e+00  2.65e-14   1.92e-03   9.39e-01   5.39e-02   2.61e-04   2.61e-04   2.13e-03   4.83e-04   8.94e-04   8.94e-04   2.40e-25   
7.49894e+00  2.92e-14   2.27e-03   9.38e-01   5.44e-02   2.68e-04   2.68e-04   2.47e-03   4.86e-04   1.03e-03   1.03e-03   3.30e-25   
8.65964e+00  3.16e-14   2.69e-03   9.36e-01   5.53e-02   2.76e-04   2.76e-04   2.87e-03   4.96e-04   1.19e-03   1.19e-03   4.65e-25   
1.00000e+01  3.39e-14   3.19e-03   9.33e-01   5.61e-02   2.86e-04   2.86e-04   3.34e-03   5.02e-04   1.38e-03   1.38e-03   6.74e-25   
1.15478e+01  3.60e-14   3.78e-03   9.31e-01   5.70e-02   2.97e-04   2.97e-04   3.84e-03   5.11e-04   1.59e-03   1.59e-03   1.01e-24   
1.33352e+01  3.78e-14   4.49e-03   9.28e-01   5.82e-02   3.09e-04   3.09e-04   4.47e-03   5.21e-04   1.83e-03   1.83e-03   1.56e-24   
1.53993e+01  3.97e-14   5.34e-03   9.25e-01   5.95e-02   3.25e-04   3.25e-04   5.16e-03   5.34e-04   2.11e-03   2.11e-03   2.52e-24   
1.77828e+01  4.16e-14   6.35e-03   9.21e-01   6.10e-02   3.44e-04   3.44e-04   5.96e-03   5.46e-04   2.43e-03   2.43e-03   4.28e-24   
2.05353e+01  4.37e-14   7.56e-03   9.16e-01   6.27e-02   3.66e-04   3.66e-04   6.89e-03   5.61e-04   2.77e-03   2.77e-03   7.63e-24   
2.37137e+01  4.58e-14   9.06e-03   9.10e-01   6.48e-02   3.95e-04   3.95e-04   7.97e-03   5.81e-04   3.19e-03   3.19e-03   1.45e-23   
2.73842e+01  4.83e-14   1.08e-02   9.04e-01   6.68e-02   4.26e-04   4.26e-04   9.19e-03   6.00e-04   3.62e-03   3.62e-03   2.92e-23   
3.16228e+01  5.11e-14   1.30e-02   8.97e-01   6.95e-02   4.64e-04   4.64e-04   1.06e-02   6.25e-04   4.09e-03   4.09e-03   6.33e-23   
3.65174e+01  5.41e-14   1.57e-02   8.89e-01   7.26e-02   5.12e-04   5.12e-04   1.23e-02   6.54e-04   4.60e-03   4.60e-03   1.48e-22   
4.21697e+01  5.75e-14   1.90e-02   8.79e-01   7.62e-02   5.71e-04   5.71e-04   1.42e-02   6.85e-04   5.13e-03   5.13e-03   3.78e-22   
4.86968e+01  6.12e-14   2.32e-02   8.67e-01   8.02e-02   6.43e-04   6.43e-04   1.63e-02   7.23e-04   5.65e-03   5.65e-03   1.05e-21   
5.62341e+01  6.53e-14   2.82e-02   8.54e-01   8.47e-02   7.34e-04   7.34e-04   1.89e-02   7.66e-04   6.16e-03   6.16e-03   3.20e-21   
6.49382e+01  6.95e-14   3.45e-02   8.38e-01   9.02e-02   8.48e-04   8.48e-04   2.17e-02   8.18e-04   6.61e-03   6.61e-03   1.07e-20   
7.49894e+01  7.38e-14   4.26e-02   8.19e-01   9.66e-02   9.95e-04   9.95e-04   2.52e-02   8.78e-04   6.99e-03   6.99e-03   3.94e-20   
8.65964e+01  7.80e-14   5.26e-02   7.96e-01   1.04e-01   1.19e-03   1.19e-03   2.91e-02   9.48e-04   7.27e-03   7.27e-03   1.59e-19   
1.00000e+02  8.18e-14   6.51e-02   7.70e-01   1.13e-01   1.44e-03   1.44e-03   3.36e-02   1.03e-03   7.44e-03   7.44e-03   6.90e-19   
1.15478e+02  8.42e-14   8.10e-02   7.38e-01   1.22e-01   1.77e-03   1.77e-03   3.90e-02   1.13e-03   7.51e-03   7.51e-03   3.22e-18   
1.33352e+02  8.59e-14   1.01e-01   6.99e-01   1.34e-01   2.23e-03   2.23e-03   4.50e-02   1.23e-03   7.55e-03   7.55e-03   1.57e-17   
1.53993e+02  8.61e-14   1.25e-01   6.53e-01   1.48e-01   2.86e-03   2.86e-03   5.19e-02   1.36e-03   7.57e-03   7.57e-03   7.97e-17   
1.77828e+02  8.43e-14   1.55e-01   5.99e-01   1.61e-01   3.73e-03   3.73e-03   5.96e-02   1.51e-03   7.62e-03   7.62e-03   4.08e-16   
2.05353e+02  8.09e-14   1.91e-01   5.37e-01   1.77e-01   4.89e-03   4.89e-03   6.76e-02   1.64e-03   7.71e-03   7.71e-03   2.08e-15   
2.37137e+02  7.73e-14   2.33e-01   4.71e-01   1.90e-01   6.41e-03   6.41e-03   7.54e-02   1.80e-03   7.80e-03   7.80e-03   1.04e-14   
2.73842e+02  7.47e-14   2.78e-01   4.01e-01   2.03e-01   8.31e-03   8.31e-03   8.26e-02   1.93e-03   7.83e-03   7.83e-03   5.13e-14   
3.16228e+02  7.46e-14   3.26e-01   3.34e-01   2.13e-01   1.06e-02   1.06e-02   8.82e-02   2.04e-03   7.75e-03   7.75e-03   2.49e-13   
3.65174e+02  7.80e-14   3.75e-01   2.72e-01   2.18e-01   1.31e-02   1.31e-02   9.21e-02   2.10e-03   7.52e-03   7.52e-03   1.21e-12   
4.21697e+02  8.61e-14   4.23e-01   2.17e-01   2.19e-01   1.56e-02   1.56e-02   9.32e-02   2.14e-03   7.08e-03   7.08e-03   5.97e-12   
4.86968e+02  9.98e-14   4.69e-01   1.72e-01   2.16e-01   1.78e-02   1.78e-02   9.20e-02   2.13e-03   6.48e-03   6.48e-03   3.00e-11   
5.62341e+02  1.19e-13   5.14e-01   1.36e-01   2.09e-01   1.97e-02   1.97e-02   8.83e-02   2.09e-03   5.77e-03   5.77e-03   1.53e-10   
6.49382e+02  1.42e-13   5.55e-01   1.10e-01   1.97e-01   2.08e-02   2.08e-02   8.36e-02   2.01e-03   5.01e-03   5.01e-03   7.87e-10   
7.49894e+02  1.66e-13   5.95e-01   9.08e-02   1.85e-01   2.12e-02   2.12e-02   7.64e-02   1.92e-03   4.27e-03   4.27e-03   4.02e-09   
8.65964e+02  1.87e-13   6.32e-01   7.66e-02   1.71e-01   2.11e-02   2.11e-02   6.91e-02   1.82e-03   3.60e-03   3.60e-03   1.97e-08   
1.00000e+03  2.02e-13   6.70e-01   6.55e-02   1.55e-01   2.04e-02   2.04e-02   6.10e-02   1.71e-03   3.00e-03   3.00e-03   8.98e-08   
1.15478e+03  2.10e-13   7.04e-01   5.61e-02   1.41e-01   1.97e-02   1.97e-02   5.28e-02   1.60e-03   2.50e-03   2.50e-03   3.73e-07   
1.33352e+03  2.22e-13   7.39e-01   4.64e-02   1.26e-01   1.91e-02   1.91e-02   4.47e-02   1.50e-03   2.08e-03   2.08e-03   1.39e-06   
1.53993e+03  2.49e-13   7.74e-01   3.56e-02   1.11e-01   1.88e-02   1.88e-02   3.67e-02   1.40e-03   1.72e-03   1.72e-03   4.61e-06   
1.77828e+03  3.22e-13   8.08e-01   2.28e-02   9.76e-02   1.94e-02   1.94e-02   2.85e-02   1.31e-03   1.40e-03   1.40e-03   1.35e-05   
2.05353e+03  5.00e-13   8.42e-01   1.13e-02   8.38e-02   2.02e-02   2.02e-02   1.89e-02   1.22e-03   1.10e-03   1.10e-03   3.46e-05   
2.37137e+03  7.64e-13   8.73e-01   5.48e-03   6.96e-02   2.03e-02   2.03e-02   8.34e-03   1.14e-03   8.74e-04   8.74e-04   7.39e-05   
2.73842e+03  8.56e-13   8.95e-01   3.52e-03   5.66e-02   1.97e-02   1.97e-02   2.34e-03   1.07e-03   7.40e-04   7.40e-04   1.25e-04   
3.16228e+03  8.32e-13   9.10e-01   2.78e-03   4.58e-02   1.88e-02   1.88e-02   9.24e-04   9.85e-04   6.49e-04   6.49e-04   1.78e-04   
3.65174e+03  8.52e-13   9.21e-01   2.37e-03   3.76e-02   1.76e-02   1.76e-02   6.47e-04   9.07e-04   5.79e-04   5.79e-04   2.32e-04   
4.21697e+03  8.67e-13   9.31e-01   2.12e-03   3.13e-02   1.64e-02   1.64e-02   5.35e-04   8.36e-04   5.22e-04   5.22e-04   2.84e-04   
4.86968e+03  8.63e-13   9.38e-01   1.95e-03   2.64e-02   1.53e-02   1.53e-02   4.68e-04   7.70e-04   4.78e-04   4.78e-04   3.30e-04   
5.62341e+03  8.49e-13   9.44e-01   1.84e-03   2.26e-02   1.44e-02   1.44e-02   4.24e-04   7.12e-04   4.42e-04   4.42e-04   3.67e-04   
6.49382e+03  8.27e-13   9.49e-01   1.78e-03   1.97e-02   1.34e-02   1.34e-02   3.97e-04   6.58e-04   4.13e-04   4.13e-04   3.95e-04   
7.49894e+03  8.02e-13   9.53e-01   1.75e-03   1.73e-02   1.26e-02   1.26e-02   3.79e-04   6.11e-04   3.90e-04   3.90e-04   4.18e-04   
8.65964e+03  7.74e-13   9.56e-01   1.73e-03   1.54e-02   1.20e-02   1.20e-02   3.71e-04   5.70e-04   3.72e-04   3.72e-04   4.36e-04   
1.00000e+04  7.45e-13   9.59e-01   1.74e-03   1.37e-02   1.15e-02   1.15e-02   3.68e-04   5.34e-04   3.60e-04   3.60e-04   4.52e-04   
1.15478e+04  7.20e-13   9.62e-01   1.75e-03   1.22e-02   1.10e-02   1.10e-02   3.68e-04   5.03e-04   3.50e-04   3.50e-04   4.67e-04   
1.33352e+04  6.98e-13   9.64e-01   1.75e-03   1.09e-02   1.08e-02   1.08e-02   3.69e-04   4.78e-04   3.45e-04   3.45e-04   4.83e-04   
1.53993e+04  6.85e-13   9.65e-01   1.72e-03   9.67e-03   1.06e-02   1.06e-02   3.69e-04   4.57e-04   3.43e-04   3.43e-04   4.99e-04   
1.77828e+04  6.82e-13   9.66e-01   1.67e-03   8.56e-03   1.06e-02   1.06e-02   3.65e-04   4.40e-04   3.46e-04   3.46e-04   5.18e-04   
2.05353e+04  6.90e-13   9.67e-01   1.58e-03   7.55e-03   1.08e-02   1.08e-02   3.57e-04   4.28e-04   3.52e-04   3.52e-04   5.41e-04   
2.37137e+04  7.05e-13   9.67e-01   1.49e-03   6.61e-03   1.11e-02   1.11e-02   3.46e-04   4.18e-04   3.63e-04   3.63e-04   5.67e-04   
2.73842e+04  7.21e-13   9.67e-01   1.39e-03   5.75e-03   1.16e-02   1.16e-02   3.36e-04   4.12e-04   3.80e-04   3.80e-04   6.02e-04   
3.16228e+04  7.29e-13   9.67e-01   1.30e-03   4.95e-03   1.22e-02   1.22e-02   3.28e-04   4.07e-04   4.02e-04   4.02e-04   6.45e-04   
3.65174e+04  7.22e-13   9.66e-01   1.23e-03   4.22e-03   1.29e-02   1.29e-02   3.25e-04   4.06e-04   4.31e-04   4.31e-04   7.00e-04   
4.21697e+04  6.99e-13   9.65e-01   1.17e-03   3.55e-03   1.38e-02   1.38e-02   3.25e-04   4.03e-04   4.66e-04   4.66e-04   7.71e-04   
4.86968e+04  6.57e-13   9.64e-01   1.12e-03   2.94e-03   1.47e-02   1.47e-02   3.26e-04   4.02e-04   5.10e-04   5.10e-04   8.63e-04   
5.62341e+04  5.95e-13   9.62e-01   1.07e-03   2.40e-03   1.56e-02   1.56e-02   3.31e-04   4.00e-04   5.63e-04   5.63e-04   9.84e-04   
6.49382e+04  5.16e-13   9.61e-01   1.03e-03   1.91e-03   1.65e-02   1.65e-02   3.37e-04   3.95e-04   6.26e-04   6.26e-04   1.14e-03   
7.49894e+04  4.24e-13   9.59e-01   9.97e-04   1.50e-03   1.73e-02   1.73e-02   3.49e-04   3.89e-04   7.05e-04   7.05e-04   1.35e-03   
8.65964e+04  3.26e-13   9.58e-01   9.79e-04   1.16e-03   1.80e-02   1.80e-02   3.65e-04   3.81e-04   8.01e-04   8.01e-04   1.63e-03   
1.00000e+05  2.30e-13   9.57e-01   9.87e-04   8.87e-04   1.82e-02   1.82e-02   3.95e-04   3.73e-04   9.22e-04   9.22e-04   1.99e-03   
1.15478e+05  1.46e-13   9.57e-01   1.05e-03   6.83e-04   1.80e-02   1.80e-02   4.43e-04   3.64e-04   1.08e-03   1.08e-03   2.44e-03   
1.33352e+05  8.34e-14   9.58e-01   1.18e-03   5.39e-04   1.71e-02   1.71e-02   5.15e-04   3.55e-04   1.27e-03   1.27e-03   2.90e-03   
1.53993e+05  4.23e-14   9.59e-01   1.45e-03   4.56e-04   1.57e-02   1.57e-02   6.29e-04   3.47e-04   1.50e-03   1.50e-03   3.33e-03   
1.77828e+05  1.90e-14   9.62e-01   1.92e-03   4.27e-04   1.34e-02   1.34e-02   7.99e-04   3.42e-04   1.79e-03   1.79e-03   3.59e-03   
2.05353e+05  5.44e-15   9.68e-01   3.25e-03   4.65e-04   9.24e-03   9.24e-03   1.16e-03   3.38e-04   2.28e-03   2.28e-03   3.55e-03   
2.37137e+05  8.91e-16   9.74e-01   6.69e-03   4.88e-04   4.12e-03   4.12e-03   1.44e-03   3.35e-04   2.92e-03   2.92e-03   3.17e-03   
2.73842e+05  8.05e-16   9.74e-01   6.84e-03   4.62e-04   4.02e-03   4.02e-03   1.49e-03   3.34e-04   2.92e-03   2.92e-03   3.29e-03   
3.16228e+05  7.59e-16   9.73e-01   7.13e-03   4.58e-04   3.96e-03   3.96e-03   1.58e-03   3.35e-04   2.92e-03   2.92e-03   3.31e-03   
3.65174e+05  7.32e-16   9.73e-01   7.39e-03   4.59e-04   3.94e-03   3.94e-03   1.68e-03   3.36e-04   2.92e-03   2.92e-03   3.29e-03   
4.21697e+05  7.16e-16   9.73e-01   7.62e-03   4.61e-04   3.91e-03   3.91e-03   1.77e-03   3.35e-04   2.92e-03   2.92e-03   3.28e-03   
4.86968e+05  7.07e-16   9.73e-01   7.85e-03   4.62e-04   3.90e-03   3.90e-03   1.87e-03   3.36e-04   2.93e-03   2.93e-03   3.28e-03   
5.62341e+05  7.08e-16   9.72e-01   8.00e-03   4.62e-04   3.91e-03   3.91e-03   1.94e-03   3.36e-04   2.91e-03   2.91e-03   3.28e-03   
6.49382e+05  7.15e-16   9.72e-01   8.08e-03   4.63e-04   3.96e-03   3.96e-03   2.03e-03   3.36e-04   2.91e-03   2.91e-03   3.29e-03   
7.49894e+05  7.40e-16   9.72e-01   8.03e-03   4.62e-04   4.07e-03   4.07e-03   2.10e-03   3.37e-04   2.89e-03   2.89e-03   3.31e-03   
8.65964e+05  1.68e-14   9.58e-01   1.11e-03   2.53e-04   1.59e-02   1.59e-02   5.95e-04   3.39e-04   1.51e-03   1.51e-03   4.72e-03   
1.00000e+06  5.53e-15   9.66e-01   2.57e-03   3.89e-04   1.07e-02   1.07e-02   1.03e-03   3.36e-04   2.12e-03   2.12e-03   3.91e-03   
1.15478e+06  7.17e-16   9.73e-01   7.49e-03   4.60e-04   3.93e-03   3.93e-03   1.71e-03   3.36e-04   2.93e-03   2.93e-03   3.29e-03   
1.33352e+06  7.12e-16   9.72e-01   7.99e-03   4.62e-04   3.93e-03   3.93e-03   1.95e-03   3.36e-04   2.91e-03   2.91e-03   3.29e-03   
1.53993e+06  7.70e-16   9.72e-01   7.87e-03   4.61e-04   4.18e-03   4.18e-03   2.10e-03   3.36e-04   2.87e-03   2.87e-03   3.33e-03   
1.77828e+06  7.78e-16   9.73e-01   7.01e-03   4.91e-04   4.08e-03   4.08e-03   1.53e-03   3.36e-04   2.92e-03   2.92e-03   3.16e-03   
2.05353e+06  7.12e-16   9.72e-01   7.95e-03   4.62e-04   3.93e-03   3.93e-03   1.92e-03   3.36e-04   2.91e-03   2.91e-03   3.29e-03   
2.37137e+06  1.76e-14   9.58e-01   1.13e-03   2.67e-04   1.59e-02   1.59e-02   5.95e-04   3.40e-04   1.51e-03   1.51e-03   4.59e-03   
2.73842e+06  7.12e-16   9.73e-01   7.83e-03   4.61e-04   3.92e-03   3.92e-03   1.86e-03   3.36e-04   2.91e-03   2.91e-03   3.29e-03   
3.16228e+06  1.24e-14   9.61e-01   1.57e-03   3.19e-04   1.42e-02   1.42e-02   7.31e-04   3.40e-04   1.72e-03   1.72e-03   4.26e-03   
3.65174e+06  7.27e-16   9.72e-01   8.06e-03   4.62e-04   4.01e-03   4.01e-03   2.03e-03   3.37e-04   2.90e-03   2.90e-03   3.30e-03   
4.21697e+06  7.12e-16   9.73e-01   7.84e-03   4.61e-04   3.92e-03   3.92e-03   1.87e-03   3.36e-04   2.91e-03   2.91e-03   3.29e-03   
4.86968e+06  7.15e-16   9.73e-01   7.58e-03   4.60e-04   3.93e-03   3.93e-03   1.75e-03   3.35e-04   2.92e-03   2.92e-03   3.30e-03   
5.62341e+06  7.14e-16   9.73e-01   7.64e-03   4.60e-04   3.92e-03   3.92e-03   1.78e-03   3.36e-04   2.93e-03   2.93e-03   3.29e-03   
6.49382e+06  7.14e-16   9.72e-01   7.99e-03   4.62e-04   3.94e-03   3.94e-03   1.95e-03   3.36e-04   2.91e-03   2.91e-03   3.29e-03   
7.49894e+06  1.64e-14   9.58e-01   1.12e-03   2.52e-04   1.58e-02   1.58e-02   6.04e-04   3.39e-04   1.51e-03   1.51e-03   4.73e-03   
8.65964e+06  7.12e-16   9.72e-01   7.91e-03   4.61e-04   3.92e-03   3.92e-03   1.90e-03   3.36e-04   2.91e-03   2.91e-03   3.29e-03   
1.00000e+07  7.18e-16   9.73e-01   7.49e-03   4.59e-04   3.94e-03   3.94e-03   1.71e-03   3.35e-04   2.92e-03   2.92e-03   3.30e-03   
1.15478e+07  7.11e-16   9.73e-01   7.77e-03   4.61e-04   3.92e-03   3.92e-03   1.83e-03   3.36e-04   2.92e-03   2.92e-03   3.29e-03   
1.33352e+07  7.89e-16   9.72e-01   7.77e-03   4.61e-04   4.26e-03   4.26e-03   2.10e-03   3.37e-04   2.86e-03   2.86e-03   3.34e-03   
1.53993e+07  7.22e-16   9.72e-01   8.05e-03   4.62e-04   3.97e-03   3.97e-03   2.02e-03   3.36e-04   2.91e-03   2.91e-03   3.30e-03   
1.77828e+07  7.27e-15   9.63e-01   1.76e-03   3.00e-04   1.31e-02   1.31e-02   9.63e-04   3.36e-04   1.83e-03   1.83e-03   4.03e-03   
2.05353e+07  7.19e-16   9.72e-01   8.05e-03   4.63e-04   3.98e-03   3.98e-03   2.00e-03   3.37e-04   2.91e-03   2.91e-03   3.30e-03   
2.37137e+07  1.77e-14   9.58e-01   1.12e-03   2.64e-04   1.59e-02   1.59e-02   5.92e-04   3.39e-04   1.50e-03   1.50e-03   4.60e-03   
2.73842e+07  1.75e-14   9.58e-01   1.10e-03   2.57e-04   1.60e-02   1.60e-02   5.87e-04   3.39e-04   1.49e-03   1.49e-03   4.67e-03   
