! 0       C + HCO -> C2O + H
! 1       HC2O+ + e- -> C2O + H
! 2       O + C2H- -> C2O + H + e-
! 3       *O + *C2 -> C2O
! 4       O2 + C3H+ -> C2O + HCO+
! 5       O + C2- -> C2O + e-
! 6       HC2O+ + GRAIN -> C2O + H + GRAIN
! 7       C2O+ + GRAIN -> C2O + GRAIN
! 8       *C2O + CRPhoton -> C2O
! 9       O + C3O -> C2O + CO
!            tot_rate   0          1          2          3          4          5          6          7          8          9          
1.00000e+00  9.79e-16   1.31e-01   8.68e-01   2.78e-05   7.70e-04   1.90e-10   5.81e-05   5.02e-06   9.04e-07   1.52e-08   1.36e-47   
1.15478e+00  1.12e-15   1.56e-01   8.43e-01   3.12e-05   1.08e-03   2.62e-10   6.57e-05   4.87e-06   9.82e-07   2.53e-08   1.95e-47   
1.33352e+00  1.28e-15   1.88e-01   8.11e-01   3.48e-05   1.49e-03   3.57e-10   7.37e-05   4.71e-06   1.06e-06   4.14e-08   2.81e-47   
1.53993e+00  1.49e-15   2.24e-01   7.74e-01   3.81e-05   1.97e-03   4.75e-10   8.15e-05   4.48e-06   1.12e-06   6.55e-08   3.98e-47   
1.77828e+00  1.71e-15   2.67e-01   7.30e-01   4.17e-05   2.52e-03   6.25e-10   9.00e-05   4.26e-06   1.20e-06   1.02e-07   5.65e-47   
2.05353e+00  1.99e-15   3.14e-01   6.83e-01   4.47e-05   3.09e-03   8.03e-10   9.74e-05   3.99e-06   1.26e-06   1.52e-07   7.93e-47   
2.37137e+00  2.32e-15   3.67e-01   6.29e-01   4.74e-05   3.65e-03   1.01e-09   1.05e-04   3.71e-06   1.32e-06   2.19e-07   1.12e-46   
2.73842e+00  2.73e-15   4.21e-01   5.75e-01   4.94e-05   4.10e-03   1.24e-09   1.11e-04   3.39e-06   1.37e-06   3.02e-07   1.56e-46   
3.16228e+00  3.20e-15   4.74e-01   5.21e-01   5.12e-05   4.49e-03   1.50e-09   1.16e-04   3.10e-06   1.43e-06   4.06e-07   2.18e-46   
3.65174e+00  3.79e-15   5.28e-01   4.67e-01   5.20e-05   4.78e-03   1.76e-09   1.20e-04   2.80e-06   1.48e-06   5.28e-07   3.04e-46   
4.21697e+00  4.47e-15   5.79e-01   4.16e-01   5.25e-05   4.99e-03   2.03e-09   1.22e-04   2.50e-06   1.53e-06   6.68e-07   4.27e-46   
4.86968e+00  5.30e-15   6.27e-01   3.68e-01   5.19e-05   5.08e-03   2.28e-09   1.23e-04   2.25e-06   1.58e-06   8.25e-07   6.04e-46   
5.62341e+00  6.25e-15   6.68e-01   3.26e-01   5.10e-05   5.13e-03   2.53e-09   1.23e-04   2.00e-06   1.63e-06   1.00e-06   8.68e-46   
6.49382e+00  7.36e-15   7.07e-01   2.88e-01   4.97e-05   5.11e-03   2.74e-09   1.22e-04   1.78e-06   1.69e-06   1.19e-06   1.27e-45   
7.49894e+00  8.62e-15   7.40e-01   2.55e-01   4.80e-05   5.04e-03   2.93e-09   1.19e-04   1.60e-06   1.73e-06   1.40e-06   1.92e-45   
8.65964e+00  1.01e-14   7.69e-01   2.26e-01   4.61e-05   4.92e-03   3.11e-09   1.16e-04   1.44e-06   1.78e-06   1.64e-06   3.00e-45   
1.00000e+01  1.17e-14   7.94e-01   2.02e-01   4.39e-05   4.75e-03   3.25e-09   1.12e-04   1.31e-06   1.84e-06   1.88e-06   4.89e-45   
1.15478e+01  1.36e-14   8.15e-01   1.80e-01   4.16e-05   4.51e-03   3.37e-09   1.06e-04   1.19e-06   1.88e-06   2.12e-06   8.30e-45   
1.33352e+01  1.57e-14   8.34e-01   1.62e-01   3.94e-05   4.25e-03   3.49e-09   9.93e-05   1.09e-06   1.94e-06   2.36e-06   1.50e-44   
1.53993e+01  1.81e-14   8.50e-01   1.46e-01   3.72e-05   3.96e-03   3.62e-09   9.21e-05   1.02e-06   1.99e-06   2.58e-06   2.87e-44   
1.77828e+01  2.09e-14   8.64e-01   1.32e-01   3.51e-05   3.62e-03   3.75e-09   8.40e-05   9.45e-07   2.05e-06   2.77e-06   5.87e-44   
2.05353e+01  2.43e-14   8.77e-01   1.20e-01   3.32e-05   3.27e-03   3.91e-09   7.53e-05   8.85e-07   2.12e-06   2.90e-06   1.30e-43   
2.37137e+01  2.81e-14   8.88e-01   1.09e-01   3.17e-05   2.93e-03   4.13e-09   6.70e-05   8.41e-07   2.20e-06   2.99e-06   3.16e-43   
2.73842e+01  3.24e-14   8.97e-01   1.00e-01   3.06e-05   2.59e-03   4.44e-09   5.89e-05   8.07e-07   2.29e-06   3.01e-06   8.48e-43   
3.16228e+01  3.76e-14   9.05e-01   9.26e-02   3.01e-05   2.28e-03   4.84e-09   5.16e-05   7.80e-07   2.40e-06   2.95e-06   2.54e-42   
3.65174e+01  4.35e-14   9.12e-01   8.57e-02   3.01e-05   1.99e-03   5.42e-09   4.48e-05   7.63e-07   2.50e-06   2.83e-06   8.64e-42   
4.21697e+01  5.04e-14   9.18e-01   7.97e-02   3.09e-05   1.74e-03   6.21e-09   3.87e-05   7.54e-07   2.64e-06   2.64e-06   3.35e-41   
4.86968e+01  5.82e-14   9.24e-01   7.47e-02   3.28e-05   1.51e-03   7.31e-09   3.35e-05   7.55e-07   2.80e-06   2.37e-06   1.52e-40   
5.62341e+01  6.70e-14   9.28e-01   7.06e-02   3.61e-05   1.32e-03   8.89e-09   2.91e-05   7.70e-07   2.98e-06   2.04e-06   8.07e-40   
6.49382e+01  7.68e-14   9.32e-01   6.72e-02   4.17e-05   1.15e-03   1.12e-08   2.54e-05   7.97e-07   3.18e-06   1.65e-06   5.07e-39   
7.49894e+01  8.73e-14   9.34e-01   6.45e-02   5.04e-05   1.01e-03   1.44e-08   2.23e-05   8.38e-07   3.42e-06   1.23e-06   3.78e-38   
8.65964e+01  9.82e-14   9.36e-01   6.26e-02   6.44e-05   8.81e-04   1.94e-08   1.98e-05   9.01e-07   3.69e-06   7.33e-07   3.33e-37   
1.00000e+02  1.09e-13   9.38e-01   6.14e-02   8.70e-05   6.85e-04   2.72e-08   1.80e-05   9.84e-07   4.01e-06   2.00e-07   3.37e-36   
1.15478e+02  1.18e-13   9.39e-01   6.08e-02   1.24e-04   9.05e-09   3.93e-08   1.69e-05   1.12e-06   4.42e-06   1.82e-14   2.50e-35   
1.33352e+02  1.26e-13   9.39e-01   6.08e-02   1.84e-04   4.70e-09   5.91e-08   1.66e-05   1.31e-06   4.91e-06   1.50e-14   3.72e-34   
1.53993e+02  1.30e-13   9.38e-01   6.12e-02   2.84e-04   1.99e-09   9.23e-08   1.75e-05   1.55e-06   5.44e-06   1.22e-14   6.17e-33   
1.77828e+02  1.29e-13   9.37e-01   6.25e-02   4.53e-04   5.59e-10   1.49e-07   2.04e-05   1.90e-06   6.05e-06   8.98e-15   1.08e-31   
2.05353e+02  1.23e-13   9.35e-01   6.45e-02   7.34e-04   7.89e-11   2.49e-07   2.61e-05   2.37e-06   6.70e-06   5.65e-15   1.97e-30   
2.37137e+02  1.13e-13   9.32e-01   6.71e-02   1.19e-03   1.18e-11   4.27e-07   3.65e-05   3.03e-06   7.36e-06   3.54e-15   3.58e-29   
2.73842e+02  1.00e-13   9.28e-01   7.03e-02   1.91e-03   3.16e-12   7.46e-07   5.33e-05   4.00e-06   8.11e-06   2.52e-15   6.53e-28   
3.16228e+02  8.76e-14   9.23e-01   7.38e-02   2.97e-03   1.10e-12   1.30e-06   7.76e-05   5.28e-06   8.74e-06   1.87e-15   1.20e-26   
3.65174e+02  7.67e-14   9.17e-01   7.82e-02   4.42e-03   4.38e-13   2.25e-06   1.08e-04   6.98e-06   9.19e-06   1.39e-15   2.22e-25   
4.21697e+02  6.78e-14   9.10e-01   8.39e-02   6.19e-03   1.87e-13   3.77e-06   1.39e-04   9.23e-06   9.42e-06   1.02e-15   4.19e-24   
4.86968e+02  6.04e-14   9.00e-01   9.15e-02   8.11e-03   8.36e-14   6.04e-06   1.65e-04   1.25e-05   9.70e-06   7.43e-16   8.16e-23   
5.62341e+02  5.40e-14   8.88e-01   1.02e-01   9.92e-03   3.76e-14   9.27e-06   1.81e-04   1.70e-05   9.82e-06   5.23e-16   1.63e-21   
6.49382e+02  4.79e-14   8.72e-01   1.16e-01   1.14e-02   1.54e-14   1.38e-05   1.85e-04   2.25e-05   9.74e-06   3.42e-16   3.28e-20   
7.49894e+02  4.19e-14   8.53e-01   1.34e-01   1.28e-02   4.44e-15   2.03e-05   1.82e-04   3.01e-05   9.82e-06   1.70e-16   6.57e-19   
8.65964e+02  3.65e-14   8.35e-01   1.51e-01   1.37e-02   2.25e-16   2.96e-05   1.73e-04   3.78e-05   9.80e-06   3.18e-17   1.22e-17   
1.00000e+03  3.29e-14   8.26e-01   1.59e-01   1.40e-02   3.83e-17   4.10e-05   1.55e-04   4.34e-05   9.78e-06   1.12e-17   1.97e-16   
1.15478e+03  2.81e-14   8.11e-01   1.74e-01   1.49e-02   4.06e-17   6.05e-05   1.46e-04   5.27e-05   9.96e-06   9.61e-18   2.89e-15   
1.33352e+03  2.42e-14   7.98e-01   1.86e-01   1.62e-02   4.50e-17   9.05e-05   1.39e-04   6.32e-05   1.00e-05   8.47e-18   3.63e-14   
1.53993e+03  2.16e-14   7.84e-01   1.98e-01   1.81e-02   5.10e-17   1.39e-04   1.30e-04   8.02e-05   1.01e-05   7.65e-18   3.95e-13   
1.77828e+03  2.05e-14   7.64e-01   2.15e-01   2.09e-02   5.79e-17   2.28e-04   1.11e-04   1.17e-04   9.83e-06   7.25e-18   3.88e-12   
2.05353e+03  2.05e-14   7.33e-01   2.43e-01   2.32e-02   6.40e-17   4.25e-04   7.43e-05   1.95e-04   8.45e-06   7.28e-18   3.78e-11   
2.37137e+03  1.32e-14   6.88e-01   2.80e-01   3.04e-02   9.35e-17   1.24e-03   5.34e-05   2.95e-04   6.92e-06   8.06e-18   4.60e-10   
2.73842e+03  5.38e-15   4.82e-01   4.71e-01   4.24e-02   1.80e-16   4.52e-03   4.73e-05   5.41e-04   6.18e-06   9.02e-18   4.71e-09   
3.16228e+03  3.63e-15   3.06e-01   6.52e-01   3.30e-02   2.16e-16   8.07e-03   2.78e-05   7.65e-04   6.22e-06   9.86e-18   1.58e-08   
3.65174e+03  3.16e-15   2.75e-01   6.94e-01   2.07e-02   2.25e-16   1.02e-02   1.50e-05   8.20e-04   6.84e-06   1.08e-17   2.73e-08   
4.21697e+03  2.82e-15   2.77e-01   6.97e-01   1.28e-02   2.39e-16   1.18e-02   8.64e-06   8.28e-04   7.86e-06   1.16e-17   3.58e-08   
4.86968e+03  2.55e-15   2.88e-01   6.90e-01   8.20e-03   2.53e-16   1.29e-02   5.33e-06   8.27e-04   9.18e-06   1.22e-17   4.08e-08   
5.62341e+03  2.35e-15   3.00e-01   6.80e-01   5.40e-03   2.62e-16   1.36e-02   3.44e-06   8.08e-04   1.05e-05   1.22e-17   4.29e-08   
6.49382e+03  2.19e-15   3.16e-01   6.66e-01   3.68e-03   2.66e-16   1.39e-02   2.33e-06   7.89e-04   1.19e-05   1.17e-17   4.29e-08   
7.49894e+03  2.08e-15   3.33e-01   6.49e-01   2.57e-03   2.64e-16   1.39e-02   1.65e-06   7.60e-04   1.33e-05   1.08e-17   4.15e-08   
8.65964e+03  2.01e-15   3.51e-01   6.33e-01   1.84e-03   2.56e-16   1.35e-02   1.20e-06   7.28e-04   1.45e-05   9.62e-18   3.92e-08   
1.00000e+04  1.96e-15   3.67e-01   6.18e-01   1.33e-03   2.45e-16   1.30e-02   8.99e-07   7.00e-04   1.57e-05   8.38e-18   3.67e-08   
1.15478e+04  1.93e-15   3.80e-01   6.06e-01   9.79e-04   2.31e-16   1.25e-02   6.94e-07   6.78e-04   1.69e-05   7.20e-18   3.42e-08   
1.33352e+04  1.94e-15   3.84e-01   6.02e-01   7.26e-04   2.17e-16   1.20e-02   5.41e-07   6.64e-04   1.80e-05   6.13e-18   3.18e-08   
1.53993e+04  1.97e-15   3.79e-01   6.08e-01   5.42e-04   2.04e-16   1.17e-02   4.35e-07   6.59e-04   1.90e-05   5.27e-18   2.98e-08   
1.77828e+04  2.02e-15   3.63e-01   6.24e-01   4.11e-04   1.96e-16   1.16e-02   3.56e-07   6.79e-04   1.99e-05   4.56e-18   2.84e-08   
2.05353e+04  2.09e-15   3.37e-01   6.51e-01   3.08e-04   1.91e-16   1.16e-02   2.92e-07   7.03e-04   2.06e-05   4.04e-18   2.71e-08   
2.37137e+04  2.17e-15   3.06e-01   6.81e-01   2.26e-04   1.91e-16   1.15e-02   2.43e-07   7.36e-04   2.13e-05   3.66e-18   2.59e-08   
2.73842e+04  2.25e-15   2.77e-01   7.10e-01   1.63e-04   1.98e-16   1.15e-02   2.06e-07   7.72e-04   2.20e-05   3.41e-18   2.45e-08   
3.16228e+04  2.32e-15   2.51e-01   7.36e-01   1.15e-04   2.12e-16   1.12e-02   1.80e-07   7.97e-04   2.28e-05   3.22e-18   2.29e-08   
3.65174e+04  2.36e-15   2.30e-01   7.58e-01   7.84e-05   2.35e-16   1.08e-02   1.63e-07   8.22e-04   2.38e-05   3.10e-18   2.14e-08   
4.21697e+04  2.36e-15   2.11e-01   7.78e-01   5.24e-05   2.68e-16   1.02e-02   1.53e-07   8.42e-04   2.49e-05   3.01e-18   1.98e-08   
4.86968e+04  2.33e-15   1.92e-01   7.97e-01   3.40e-05   3.13e-16   9.34e-03   1.48e-07   8.49e-04   2.59e-05   2.93e-18   1.83e-08   
5.62341e+04  2.25e-15   1.75e-01   8.15e-01   2.16e-05   3.76e-16   8.51e-03   1.48e-07   8.55e-04   2.72e-05   2.89e-18   1.71e-08   
6.49382e+04  2.09e-15   1.60e-01   8.31e-01   1.37e-05   4.65e-16   7.60e-03   1.51e-07   8.60e-04   2.86e-05   2.86e-18   1.63e-08   
7.49894e+04  1.90e-15   1.44e-01   8.48e-01   8.69e-06   5.85e-16   6.64e-03   1.56e-07   8.48e-04   2.99e-05   2.82e-18   1.56e-08   
8.65964e+04  1.65e-15   1.31e-01   8.62e-01   5.74e-06   7.53e-16   5.63e-03   1.65e-07   8.32e-04   3.16e-05   2.78e-18   1.52e-08   
1.00000e+05  1.36e-15   1.21e-01   8.73e-01   4.07e-06   9.91e-16   4.62e-03   1.77e-07   8.07e-04   3.40e-05   2.72e-18   1.50e-08   
1.15478e+05  1.06e-15   1.16e-01   8.80e-01   3.20e-06   1.33e-15   3.68e-03   1.96e-07   7.75e-04   3.79e-05   2.64e-18   1.49e-08   
1.33352e+05  7.96e-16   1.16e-01   8.81e-01   2.76e-06   1.76e-15   2.80e-03   2.25e-07   7.21e-04   4.32e-05   2.51e-18   1.47e-08   
1.53993e+05  5.77e-16   1.24e-01   8.73e-01   2.67e-06   2.18e-15   2.08e-03   2.69e-07   6.45e-04   4.99e-05   2.32e-18   1.44e-08   
1.77828e+05  4.11e-16   1.42e-01   8.56e-01   2.84e-06   2.37e-15   1.48e-03   3.31e-07   5.40e-04   5.62e-05   2.04e-18   1.37e-08   
2.05353e+05  2.49e-16   1.98e-01   8.01e-01   3.78e-06   1.86e-15   8.09e-04   4.43e-07   3.48e-04   5.79e-05   1.47e-18   1.12e-08   
2.37137e+05  4.98e-17   5.40e-01   4.60e-01   3.41e-06   5.52e-16   1.23e-04   3.27e-07   8.85e-05   4.20e-05   7.59e-19   2.05e-09   
2.73842e+05  4.82e-17   5.39e-01   4.60e-01   3.40e-06   5.68e-16   1.16e-04   3.34e-07   8.75e-05   4.17e-05   7.47e-19   2.02e-09   
3.16228e+05  5.10e-17   5.41e-01   4.59e-01   3.43e-06   5.78e-16   1.12e-04   3.43e-07   8.61e-05   4.12e-05   7.31e-19   2.02e-09   
3.65174e+05  5.45e-17   5.39e-01   4.60e-01   3.50e-06   5.93e-16   1.10e-04   3.56e-07   8.57e-05   4.09e-05   7.17e-19   2.04e-09   
4.21697e+05  5.84e-17   5.36e-01   4.64e-01   3.58e-06   6.15e-16   1.11e-04   3.71e-07   8.61e-05   4.06e-05   7.07e-19   2.09e-09   
4.86968e+05  6.28e-17   5.29e-01   4.71e-01   3.68e-06   6.40e-16   1.12e-04   3.87e-07   8.74e-05   4.01e-05   6.97e-19   2.17e-09   
5.62341e+05  6.77e-17   5.17e-01   4.83e-01   3.81e-06   6.76e-16   1.16e-04   4.08e-07   8.98e-05   4.00e-05   6.91e-19   2.29e-09   
6.49382e+05  7.36e-17   5.01e-01   4.99e-01   3.95e-06   7.25e-16   1.22e-04   4.31e-07   9.40e-05   4.01e-05   6.89e-19   2.47e-09   
7.49894e+05  8.18e-17   4.75e-01   5.24e-01   4.14e-06   8.02e-16   1.34e-04   4.61e-07   1.02e-04   4.05e-05   6.97e-19   2.81e-09   
8.65964e+05  4.25e-16   9.84e-02   8.99e-01   1.99e-06   3.86e-15   1.47e-03   2.35e-07   6.95e-04   5.70e-05   2.75e-18   1.45e-08   
1.00000e+06  2.78e-16   1.64e-01   8.34e-01   3.14e-06   2.43e-15   9.56e-04   3.96e-07   4.24e-04   6.29e-05   1.78e-18   1.25e-08   
1.15478e+06  5.65e-17   5.34e-01   4.65e-01   3.56e-06   6.03e-16   1.12e-04   3.63e-07   8.65e-05   4.09e-05   7.15e-19   2.09e-09   
1.33352e+06  6.88e-17   5.13e-01   4.87e-01   3.84e-06   6.86e-16   1.18e-04   4.11e-07   9.13e-05   4.03e-05   6.93e-19   2.34e-09   
1.53993e+06  8.75e-17   4.55e-01   5.45e-01   4.26e-06   8.59e-16   1.47e-04   4.78e-07   1.09e-04   4.10e-05   7.09e-19   3.11e-09   
1.77828e+06  5.47e-17   5.48e-01   4.51e-01   3.42e-06   5.48e-16   1.20e-04   3.33e-07   8.63e-05   4.22e-05   7.53e-19   2.05e-09   
2.05353e+06  6.74e-17   5.16e-01   4.84e-01   3.80e-06   6.75e-16   1.17e-04   4.05e-07   9.05e-05   4.02e-05   6.94e-19   2.30e-09   
2.37137e+06  4.41e-16   9.98e-02   8.98e-01   2.03e-06   3.65e-15   1.54e-03   2.36e-07   6.92e-04   5.71e-05   2.79e-18   1.46e-08   
2.73842e+06  6.38e-17   5.23e-01   4.76e-01   3.71e-06   6.49e-16   1.15e-04   3.90e-07   8.88e-05   4.04e-05   6.99e-19   2.21e-09   
3.16228e+06  3.87e-16   1.21e-01   8.77e-01   2.37e-06   3.17e-15   1.39e-03   2.94e-07   5.94e-04   6.14e-05   2.41e-18   1.42e-08   
3.65174e+06  7.66e-17   4.91e-01   5.09e-01   4.02e-06   7.52e-16   1.27e-04   4.40e-07   9.72e-05   4.03e-05   6.93e-19   2.61e-09   
4.21697e+06  6.43e-17   5.22e-01   4.77e-01   3.72e-06   6.51e-16   1.15e-04   3.92e-07   8.89e-05   4.03e-05   6.97e-19   2.22e-09   
4.86968e+06  5.84e-17   5.32e-01   4.67e-01   3.60e-06   6.15e-16   1.13e-04   3.70e-07   8.71e-05   4.07e-05   7.10e-19   2.12e-09   
5.62341e+06  5.97e-17   5.31e-01   4.69e-01   3.62e-06   6.23e-16   1.13e-04   3.75e-07   8.74e-05   4.07e-05   7.07e-19   2.13e-09   
6.49382e+06  6.91e-17   5.12e-01   4.88e-01   3.83e-06   6.86e-16   1.18e-04   4.11e-07   9.14e-05   4.02e-05   6.92e-19   2.34e-09   
7.49894e+06  4.19e-16   9.89e-02   8.99e-01   1.99e-06   3.86e-15   1.45e-03   2.36e-07   6.89e-04   5.72e-05   2.74e-18   1.44e-08   
8.65964e+06  6.61e-17   5.19e-01   4.81e-01   3.77e-06   6.64e-16   1.16e-04   3.99e-07   8.98e-05   4.02e-05   6.94e-19   2.27e-09   
1.00000e+07  5.69e-17   5.34e-01   4.66e-01   3.55e-06   6.04e-16   1.12e-04   3.62e-07   8.68e-05   4.09e-05   7.13e-19   2.09e-09   
1.15478e+07  6.23e-17   5.26e-01   4.73e-01   3.67e-06   6.37e-16   1.13e-04   3.84e-07   8.81e-05   4.04e-05   7.00e-19   2.18e-09   
1.33352e+07  9.09e-17   4.42e-01   5.58e-01   4.33e-06   8.96e-16   1.55e-04   4.87e-07   1.13e-04   4.15e-05   7.20e-19   3.31e-09   
1.53993e+07  7.43e-17   4.98e-01   5.02e-01   3.97e-06   7.31e-16   1.24e-04   4.32e-07   9.53e-05   4.02e-05   6.92e-19   2.52e-09   
1.77828e+07  3.17e-16   1.31e-01   8.67e-01   2.41e-06   3.53e-15   9.77e-04   3.47e-07   5.45e-04   5.80e-05   1.96e-18   1.09e-08   
2.05353e+07  7.30e-17   5.01e-01   4.98e-01   3.94e-06   7.22e-16   1.23e-04   4.27e-07   9.44e-05   4.03e-05   6.92e-19   2.48e-09   
2.37137e+07  4.41e-16   9.92e-02   8.99e-01   2.02e-06   3.68e-15   1.53e-03   2.34e-07   6.94e-04   5.70e-05   2.79e-18   1.46e-08   
2.73842e+07  4.36e-16   9.82e-02   9.00e-01   1.99e-06   3.76e-15   1.51e-03   2.32e-07   6.98e-04   5.67e-05   2.80e-18   1.45e-08   
