! 0       O + C2H3 -> CH2CO + H
! 1       CH3CO+ + e- -> CH2CO + H
! 2       CH3CHO+ + e- -> CH2CO + H + H
! 3       *H + *HC2O -> CH2CO
! 4       CH3CO + H -> CH2CO + H2
! 5       CH3CHCH2 + O2+ -> CH2CO + H + H3CO+
! 6       CH3CO + O -> CH2CO + OH
! 7       CH2CO+ + GRAIN -> CH2CO + GRAIN
! 8       CH3CO+ + GRAIN -> CH2CO + H + GRAIN
! 9       O + C2H4 -> CH2CO + H2
!            tot_rate   0          1          2          3          4          5          6          7          8          9          
1.00000e+00  1.42e-15   1.00e+00   8.24e-05   3.70e-05   5.68e-09   4.56e-18   1.63e-13   4.70e-15   5.51e-07   1.56e-10   1.34e-12   
1.15478e+00  1.76e-15   1.00e+00   5.55e-05   2.11e-05   1.06e-08   3.39e-18   1.95e-13   2.99e-15   5.97e-07   1.05e-10   1.64e-12   
1.33352e+00  2.15e-15   1.00e+00   3.93e-05   1.12e-05   1.97e-08   2.32e-18   2.35e-13   1.74e-15   6.42e-07   7.39e-11   2.04e-12   
1.53993e+00  2.61e-15   1.00e+00   3.08e-05   5.44e-06   3.67e-08   1.43e-18   2.83e-13   9.20e-16   6.86e-07   5.82e-11   2.54e-12   
1.77828e+00  3.15e-15   1.00e+00   2.76e-05   2.52e-06   6.70e-08   8.19e-19   3.40e-13   4.48e-16   7.24e-07   5.24e-11   3.16e-12   
2.05353e+00  3.75e-15   1.00e+00   2.80e-05   1.29e-06   1.22e-07   4.88e-19   4.08e-13   2.26e-16   7.63e-07   5.33e-11   3.97e-12   
2.37137e+00  4.44e-15   1.00e+00   3.04e-05   9.44e-07   2.16e-07   3.90e-19   4.89e-13   1.54e-16   7.95e-07   5.81e-11   4.98e-12   
2.73842e+00  5.21e-15   1.00e+00   3.42e-05   1.04e-06   3.78e-07   4.97e-19   5.85e-13   1.67e-16   8.27e-07   6.56e-11   6.22e-12   
3.16228e+00  6.06e-15   1.00e+00   3.91e-05   1.38e-06   6.48e-07   8.05e-19   6.95e-13   2.29e-16   8.55e-07   7.54e-11   7.79e-12   
3.65174e+00  7.01e-15   1.00e+00   4.49e-05   1.88e-06   1.09e-06   1.37e-18   8.20e-13   3.31e-16   8.80e-07   8.74e-11   9.70e-12   
4.21697e+00  8.05e-15   1.00e+00   5.20e-05   2.53e-06   1.80e-06   2.31e-18   9.60e-13   4.77e-16   9.03e-07   1.02e-10   1.20e-11   
4.86968e+00  9.20e-15   1.00e+00   6.03e-05   3.36e-06   2.95e-06   3.85e-18   1.11e-12   6.77e-16   9.24e-07   1.20e-10   1.48e-11   
5.62341e+00  1.05e-14   1.00e+00   6.98e-05   4.34e-06   4.74e-06   6.30e-18   1.27e-12   9.46e-16   9.40e-07   1.39e-10   1.79e-11   
6.49382e+00  1.18e-14   1.00e+00   8.17e-05   5.53e-06   7.62e-06   1.03e-17   1.45e-12   1.31e-15   9.66e-07   1.65e-10   2.16e-11   
7.49894e+00  1.33e-14   1.00e+00   9.47e-05   6.83e-06   1.20e-05   1.66e-17   1.62e-12   1.82e-15   9.85e-07   1.94e-10   2.56e-11   
8.65964e+00  1.49e-14   1.00e+00   1.09e-04   8.25e-06   1.87e-05   2.68e-17   1.80e-12   2.52e-15   1.01e-06   2.27e-10   3.01e-11   
1.00000e+01  1.65e-14   1.00e+00   1.27e-04   9.76e-06   2.87e-05   4.39e-17   1.99e-12   3.52e-15   1.03e-06   2.70e-10   3.51e-11   
1.15478e+01  1.83e-14   1.00e+00   1.47e-04   1.12e-05   4.28e-05   7.21e-17   2.18e-12   4.98e-15   1.05e-06   3.16e-10   4.02e-11   
1.33352e+01  2.02e-14   1.00e+00   1.69e-04   1.25e-05   6.24e-05   1.21e-16   2.38e-12   7.18e-15   1.08e-06   3.71e-10   4.57e-11   
1.53993e+01  2.23e-14   1.00e+00   1.92e-04   1.37e-05   8.92e-05   2.08e-16   2.58e-12   1.06e-14   1.11e-06   4.34e-10   5.16e-11   
1.77828e+01  2.45e-14   1.00e+00   2.19e-04   1.48e-05   1.26e-04   3.66e-16   2.81e-12   1.60e-14   1.15e-06   5.10e-10   5.79e-11   
2.05353e+01  2.71e-14   1.00e+00   2.46e-04   1.55e-05   1.73e-04   6.57e-16   3.07e-12   2.48e-14   1.18e-06   5.94e-10   6.45e-11   
2.37137e+01  3.00e-14   9.99e-01   2.76e-04   1.62e-05   2.33e-04   1.21e-15   3.36e-12   3.93e-14   1.23e-06   6.90e-10   7.26e-11   
2.73842e+01  3.35e-14   9.99e-01   3.04e-04   1.67e-05   3.07e-04   2.24e-15   3.76e-12   6.29e-14   1.29e-06   7.97e-10   8.20e-11   
3.16228e+01  3.76e-14   9.99e-01   3.35e-04   1.72e-05   3.99e-04   4.23e-15   4.23e-12   1.03e-13   1.35e-06   9.17e-10   9.35e-11   
3.65174e+01  4.26e-14   9.99e-01   3.64e-04   1.77e-05   5.04e-04   8.00e-15   4.83e-12   1.68e-13   1.43e-06   1.05e-09   1.08e-10   
4.21697e+01  4.88e-14   9.99e-01   3.90e-04   1.82e-05   6.22e-04   1.53e-14   5.60e-12   2.79e-13   1.52e-06   1.20e-09   1.27e-10   
4.86968e+01  5.64e-14   9.99e-01   4.13e-04   1.86e-05   7.49e-04   2.95e-14   6.65e-12   4.67e-13   1.62e-06   1.36e-09   1.50e-10   
5.62341e+01  6.56e-14   9.99e-01   4.35e-04   1.94e-05   8.83e-04   5.84e-14   8.10e-12   7.99e-13   1.74e-06   1.54e-09   1.81e-10   
6.49382e+01  7.69e-14   9.99e-01   4.54e-04   2.00e-05   1.02e-03   1.20e-13   1.01e-11   1.43e-12   1.90e-06   1.76e-09   2.25e-10   
7.49894e+01  9.07e-14   9.98e-01   4.71e-04   2.08e-05   1.16e-03   2.67e-13   1.31e-11   2.77e-12   2.07e-06   2.00e-09   2.81e-10   
8.65964e+01  1.07e-13   9.98e-01   4.87e-04   2.18e-05   1.28e-03   7.09e-13   1.77e-11   6.40e-12   2.29e-06   2.28e-09   3.57e-10   
1.00000e+02  1.26e-13   9.98e-01   5.05e-04   2.30e-05   1.31e-03   3.67e-12   2.50e-11   2.89e-11   2.56e-06   2.65e-09   4.63e-10   
1.15478e+02  1.48e-13   9.99e-01   9.52e-04   2.65e-04   2.19e-07   1.54e-08   3.70e-11   1.06e-07   2.92e-06   5.72e-09   6.05e-10   
1.33352e+02  1.70e-13   9.98e-01   1.23e-03   4.04e-04   2.33e-07   2.45e-08   5.84e-11   1.48e-07   3.41e-06   8.57e-09   8.05e-10   
1.53993e+02  1.92e-13   9.98e-01   1.39e-03   4.73e-04   2.47e-07   4.13e-08   9.77e-11   2.20e-07   4.01e-06   1.14e-08   1.06e-09   
1.77828e+02  2.08e-13   9.98e-01   1.51e-03   5.04e-04   2.65e-07   8.01e-08   1.76e-10   3.79e-07   4.80e-06   1.49e-08   1.41e-09   
2.05353e+02  2.17e-13   9.98e-01   1.46e-03   4.11e-04   2.84e-07   1.92e-07   3.37e-10   8.05e-07   5.80e-06   1.75e-08   1.86e-09   
2.37137e+02  2.15e-13   9.98e-01   1.29e-03   2.03e-04   3.07e-07   4.69e-07   6.92e-10   1.75e-06   7.15e-06   1.90e-08   2.47e-09   
2.73842e+02  2.05e-13   9.98e-01   1.47e-03   1.29e-04   3.29e-07   9.89e-07   1.50e-09   3.30e-06   8.91e-06   2.71e-08   3.32e-09   
3.16228e+02  1.90e-13   9.98e-01   1.92e-03   1.23e-04   3.54e-07   1.87e-06   3.34e-09   5.57e-06   1.11e-05   4.46e-08   4.53e-09   
3.65174e+02  1.72e-13   9.97e-01   2.64e-03   1.31e-04   3.84e-07   3.07e-06   7.48e-09   8.17e-06   1.39e-05   7.71e-08   6.38e-09   
4.21697e+02  1.55e-13   9.96e-01   3.73e-03   1.41e-04   4.21e-07   3.99e-06   1.61e-08   9.44e-06   1.70e-05   1.34e-07   9.38e-09   
4.86968e+02  1.37e-13   9.95e-01   5.30e-03   1.51e-04   4.67e-07   3.48e-06   3.27e-08   7.29e-06   2.10e-05   2.36e-07   1.46e-08   
5.62341e+02  1.20e-13   9.92e-01   7.50e-03   1.66e-04   5.21e-07   1.58e-06   6.10e-08   2.92e-06   2.52e-05   4.04e-07   2.41e-08   
6.49382e+02  1.04e-13   9.89e-01   1.04e-02   1.97e-04   5.81e-07   4.51e-07   1.06e-07   7.32e-07   2.95e-05   6.57e-07   4.33e-08   
7.49894e+02  9.11e-14   9.86e-01   1.38e-02   2.44e-04   6.32e-07   4.64e-07   1.71e-07   6.57e-07   3.40e-05   1.01e-06   8.20e-08   
8.65964e+02  8.00e-14   9.82e-01   1.76e-02   3.09e-04   6.82e-07   6.66e-07   2.64e-07   8.17e-07   3.82e-05   1.45e-06   1.52e-07   
1.00000e+03  7.10e-14   9.78e-01   2.18e-02   4.04e-04   7.61e-07   9.26e-07   3.96e-07   9.81e-07   4.14e-05   1.93e-06   2.73e-07   
1.15478e+03  6.33e-14   9.73e-01   2.64e-02   5.35e-04   7.98e-07   1.35e-06   5.92e-07   1.22e-06   4.58e-05   2.61e-06   4.74e-07   
1.33352e+03  5.71e-14   9.66e-01   3.27e-02   7.25e-04   8.42e-07   2.05e-06   9.10e-07   1.59e-06   5.04e-05   3.62e-06   7.97e-07   
1.53993e+03  5.30e-14   9.56e-01   4.28e-02   1.01e-03   9.07e-07   3.47e-06   1.51e-06   2.28e-06   5.73e-05   5.66e-06   1.32e-06   
1.77828e+03  5.19e-14   9.34e-01   6.43e-02   1.43e-03   1.01e-06   7.47e-06   2.93e-06   4.12e-06   6.88e-05   1.14e-05   2.20e-06   
2.05353e+03  5.43e-14   8.88e-01   1.10e-01   2.05e-03   1.16e-06   2.21e-05   7.22e-06   1.01e-05   7.94e-05   2.86e-05   3.85e-06   
2.37137e+03  5.17e-14   8.18e-01   1.78e-01   3.71e-03   9.91e-07   8.76e-05   2.38e-05   3.19e-05   8.45e-05   6.11e-05   8.09e-06   
2.73842e+03  4.07e-14   7.49e-01   2.41e-01   9.38e-03   6.36e-07   3.81e-04   9.09e-05   1.10e-04   8.70e-05   8.99e-05   1.95e-05   
3.16228e+03  3.10e-14   7.00e-01   2.79e-01   1.91e-02   6.74e-07   1.08e-03   2.26e-04   2.48e-04   8.71e-05   1.07e-04   3.61e-05   
3.65174e+03  2.39e-14   6.69e-01   3.00e-01   2.81e-02   9.15e-07   1.99e-03   3.64e-04   3.69e-04   8.65e-05   1.15e-04   4.81e-05   
4.21697e+03  1.88e-14   6.49e-01   3.11e-01   3.59e-02   1.25e-06   2.98e-03   4.81e-04   4.56e-04   8.67e-05   1.21e-04   5.53e-05   
4.86968e+03  1.51e-14   6.32e-01   3.19e-01   4.37e-02   1.66e-06   4.05e-03   5.82e-04   5.20e-04   8.85e-05   1.24e-04   6.00e-05   
5.62341e+03  1.26e-14   6.16e-01   3.26e-01   5.16e-02   2.10e-06   5.11e-03   6.66e-04   5.59e-04   9.05e-05   1.26e-04   6.34e-05   
6.49382e+03  1.08e-14   6.02e-01   3.31e-01   5.93e-02   2.51e-06   6.04e-03   7.30e-04   5.72e-04   9.35e-05   1.28e-04   6.58e-05   
7.49894e+03  9.54e-15   5.88e-01   3.37e-01   6.66e-02   2.88e-06   6.76e-03   7.73e-04   5.60e-04   9.61e-05   1.28e-04   6.74e-05   
8.65964e+03  8.62e-15   5.76e-01   3.41e-01   7.36e-02   3.20e-06   7.27e-03   7.96e-04   5.31e-04   9.89e-05   1.29e-04   6.85e-05   
1.00000e+04  7.98e-15   5.65e-01   3.46e-01   8.02e-02   3.47e-06   7.60e-03   8.00e-04   4.93e-04   1.02e-04   1.28e-04   6.89e-05   
1.15478e+04  7.57e-15   5.55e-01   3.49e-01   8.64e-02   3.71e-06   7.85e-03   7.94e-04   4.53e-04   1.04e-04   1.27e-04   6.89e-05   
1.33352e+04  7.34e-15   5.45e-01   3.53e-01   9.28e-02   3.95e-06   8.09e-03   7.82e-04   4.15e-04   1.07e-04   1.27e-04   6.85e-05   
1.53993e+04  7.30e-15   5.34e-01   3.57e-01   9.87e-02   4.16e-06   8.42e-03   7.67e-04   3.85e-04   1.10e-04   1.27e-04   6.79e-05   
1.77828e+04  7.41e-15   5.22e-01   3.63e-01   1.05e-01   4.40e-06   8.96e-03   7.55e-04   3.63e-04   1.13e-04   1.28e-04   6.72e-05   
2.05353e+04  7.61e-15   5.07e-01   3.71e-01   1.11e-01   4.70e-06   9.79e-03   7.48e-04   3.48e-04   1.17e-04   1.30e-04   6.64e-05   
2.37137e+04  7.82e-15   4.91e-01   3.80e-01   1.17e-01   5.10e-06   1.09e-02   7.43e-04   3.40e-04   1.23e-04   1.34e-04   6.54e-05   
2.73842e+04  8.04e-15   4.74e-01   3.89e-01   1.23e-01   5.57e-06   1.22e-02   7.29e-04   3.30e-04   1.31e-04   1.38e-04   6.38e-05   
3.16228e+04  8.16e-15   4.57e-01   3.99e-01   1.29e-01   6.16e-06   1.35e-02   7.06e-04   3.15e-04   1.42e-04   1.41e-04   6.19e-05   
3.65174e+04  8.21e-15   4.40e-01   4.09e-01   1.35e-01   6.82e-06   1.46e-02   6.71e-04   2.92e-04   1.55e-04   1.44e-04   5.94e-05   
4.21697e+04  8.14e-15   4.24e-01   4.18e-01   1.41e-01   7.56e-06   1.56e-02   6.27e-04   2.62e-04   1.71e-04   1.46e-04   5.69e-05   
4.86968e+04  7.89e-15   4.08e-01   4.27e-01   1.47e-01   8.40e-06   1.64e-02   5.79e-04   2.28e-04   1.90e-04   1.48e-04   5.45e-05   
5.62341e+04  7.51e-15   3.92e-01   4.36e-01   1.55e-01   9.29e-06   1.68e-02   5.28e-04   1.91e-04   2.15e-04   1.49e-04   5.22e-05   
6.49382e+04  6.94e-15   3.74e-01   4.44e-01   1.64e-01   1.02e-05   1.67e-02   4.77e-04   1.53e-04   2.40e-04   1.48e-04   5.03e-05   
7.49894e+04  6.22e-15   3.59e-01   4.49e-01   1.75e-01   1.11e-05   1.61e-02   4.28e-04   1.15e-04   2.70e-04   1.47e-04   4.87e-05   
8.65964e+04  5.40e-15   3.41e-01   4.52e-01   1.91e-01   1.18e-05   1.48e-02   3.80e-04   8.17e-05   2.97e-04   1.43e-04   4.76e-05   
1.00000e+05  4.52e-15   3.25e-01   4.49e-01   2.11e-01   1.22e-05   1.27e-02   3.32e-04   5.36e-05   3.10e-04   1.35e-04   4.69e-05   
1.15478e+05  3.68e-15   3.13e-01   4.38e-01   2.39e-01   1.20e-05   9.95e-03   2.80e-04   3.23e-05   3.04e-04   1.25e-04   4.59e-05   
1.33352e+05  2.95e-15   3.05e-01   4.14e-01   2.74e-01   1.11e-05   6.98e-03   2.26e-04   1.79e-05   2.70e-04   1.10e-04   4.44e-05   
1.53993e+05  2.37e-15   3.06e-01   3.75e-01   3.14e-01   9.64e-06   4.35e-03   1.74e-04   9.47e-06   2.14e-04   9.00e-05   4.21e-05   
1.77828e+05  1.91e-15   3.20e-01   3.22e-01   3.56e-01   7.65e-06   2.36e-03   1.23e-04   4.76e-06   1.49e-04   6.60e-05   3.79e-05   
2.05353e+05  1.34e-15   3.67e-01   2.31e-01   4.01e-01   4.89e-06   7.54e-04   5.95e-05   1.66e-06   7.69e-05   3.26e-05   2.85e-05   
2.37137e+05  3.36e-16   1.78e-01   1.73e-01   6.48e-01   2.08e-06   1.89e-04   5.38e-06   4.31e-07   2.57e-05   1.09e-05   6.75e-06   
2.73842e+05  2.99e-16   1.86e-01   1.70e-01   6.43e-01   2.25e-06   1.74e-04   5.19e-06   3.75e-07   2.60e-05   1.05e-05   6.80e-06   
3.16228e+05  2.78e-16   2.07e-01   1.69e-01   6.23e-01   2.52e-06   1.60e-04   5.33e-06   3.44e-07   2.67e-05   1.03e-05   7.24e-06   
3.65174e+05  2.59e-16   2.36e-01   1.66e-01   5.97e-01   2.84e-06   1.47e-04   5.70e-06   3.16e-07   2.75e-05   1.01e-05   7.94e-06   
4.21697e+05  2.41e-16   2.73e-01   1.63e-01   5.64e-01   3.24e-06   1.35e-04   6.22e-06   2.92e-07   2.87e-05   9.82e-06   8.91e-06   
4.86968e+05  2.27e-16   3.18e-01   1.56e-01   5.25e-01   3.68e-06   1.23e-04   6.84e-06   2.66e-07   3.00e-05   9.45e-06   1.02e-05   
5.62341e+05  2.15e-16   3.72e-01   1.48e-01   4.79e-01   4.16e-06   1.12e-04   7.72e-06   2.42e-07   3.16e-05   8.97e-06   1.17e-05   
6.49382e+05  2.09e-16   4.36e-01   1.39e-01   4.25e-01   4.66e-06   1.01e-04   8.79e-06   2.19e-07   3.37e-05   8.50e-06   1.36e-05   
7.49894e+05  2.17e-16   5.07e-01   1.27e-01   3.67e-01   5.07e-06   9.16e-05   1.02e-05   1.99e-07   3.61e-05   8.01e-06   1.59e-05   
8.65964e+05  1.37e-15   3.06e-01   3.72e-01   3.17e-01   1.58e-05   3.68e-03   1.50e-04   4.42e-06   3.31e-04   9.35e-05   4.87e-05   
1.00000e+06  1.38e-15   3.49e-01   2.59e-01   3.90e-01   6.49e-06   1.11e-03   7.75e-05   2.03e-06   1.04e-04   4.31e-05   3.30e-05   
1.15478e+06  2.61e-16   2.47e-01   1.66e-01   5.87e-01   2.93e-06   1.44e-04   5.87e-06   3.10e-07   2.79e-05   1.01e-05   8.21e-06   
1.33352e+06  2.22e-16   3.73e-01   1.49e-01   4.77e-01   4.11e-06   1.13e-04   7.74e-06   2.44e-07   3.18e-05   9.09e-06   1.17e-05   
1.53993e+06  2.38e-16   5.25e-01   1.24e-01   3.50e-01   5.04e-06   9.20e-05   1.10e-05   1.99e-07   3.73e-05   8.11e-06   1.69e-05   
1.77828e+06  3.38e-16   1.92e-01   1.74e-01   6.34e-01   2.27e-06   1.78e-04   5.42e-06   4.09e-07   2.61e-05   1.08e-05   6.99e-06   
2.05353e+06  2.27e-16   3.55e-01   1.52e-01   4.93e-01   3.94e-06   1.17e-04   7.44e-06   2.52e-07   3.12e-05   9.28e-06   1.12e-05   
2.37137e+06  1.50e-15   2.97e-01   3.75e-01   3.23e-01   1.48e-05   3.87e-03   1.50e-04   4.91e-06   3.13e-04   9.39e-05   4.69e-05   
2.73842e+06  2.37e-16   3.15e-01   1.58e-01   5.27e-01   3.58e-06   1.25e-04   6.83e-06   2.70e-07   3.00e-05   9.57e-06   1.01e-05   
3.16228e+06  1.60e-15   3.06e-01   3.36e-01   3.54e-01   1.05e-05   2.65e-03   1.26e-04   3.99e-06   2.00e-04   7.39e-05   4.13e-05   
3.65174e+06  2.22e-16   4.45e-01   1.38e-01   4.17e-01   4.60e-06   1.01e-04   9.02e-06   2.19e-07   3.41e-05   8.57e-06   1.40e-05   
4.21697e+06  2.37e-16   3.19e-01   1.57e-01   5.24e-01   3.62e-06   1.24e-04   6.89e-06   2.67e-07   3.01e-05   9.55e-06   1.02e-05   
4.86968e+06  2.58e-16   2.61e-01   1.65e-01   5.75e-01   3.06e-06   1.39e-04   6.02e-06   3.00e-07   2.83e-05   9.98e-06   8.58e-06   
5.62341e+06  2.52e-16   2.73e-01   1.64e-01   5.64e-01   3.18e-06   1.36e-04   6.19e-06   2.93e-07   2.87e-05   9.92e-06   8.93e-06   
6.49382e+06  2.26e-16   3.68e-01   1.50e-01   4.82e-01   4.05e-06   1.13e-04   7.69e-06   2.45e-07   3.16e-05   9.14e-06   1.16e-05   
7.49894e+06  1.36e-15   3.06e-01   3.70e-01   3.20e-01   1.56e-05   3.59e-03   1.48e-04   4.30e-06   3.26e-04   9.26e-05   4.84e-05   
8.65964e+06  2.31e-16   3.39e-01   1.55e-01   5.06e-01   3.80e-06   1.20e-04   7.22e-06   2.59e-07   3.08e-05   9.43e-06   1.08e-05   
1.00000e+07  2.64e-16   2.46e-01   1.67e-01   5.87e-01   2.91e-06   1.44e-04   5.83e-06   3.10e-07   2.79e-05   1.01e-05   8.21e-06   
1.15478e+07  2.43e-16   2.97e-01   1.60e-01   5.43e-01   3.42e-06   1.29e-04   6.58e-06   2.78e-07   2.94e-05   9.70e-06   9.58e-06   
1.33352e+07  2.51e-16   5.34e-01   1.24e-01   3.42e-01   5.06e-06   9.32e-05   1.15e-05   2.01e-07   3.81e-05   8.20e-06   1.75e-05   
1.53993e+07  2.21e-16   4.23e-01   1.41e-01   4.35e-01   4.47e-06   1.04e-04   8.63e-06   2.26e-07   3.34e-05   8.72e-06   1.33e-05   
1.77828e+07  1.05e-15   4.11e-01   2.84e-01   3.04e-01   1.13e-05   1.42e-03   1.01e-04   2.01e-06   1.90e-04   5.83e-05   4.50e-05   
2.05353e+07  2.22e-16   4.11e-01   1.43e-01   4.45e-01   4.38e-06   1.06e-04   8.38e-06   2.30e-07   3.29e-05   8.83e-06   1.29e-05   
2.37137e+07  1.49e-15   2.97e-01   3.76e-01   3.22e-01   1.51e-05   3.89e-03   1.51e-04   4.89e-06   3.18e-04   9.48e-05   4.72e-05   
2.73842e+07  1.44e-15   2.99e-01   3.76e-01   3.20e-01   1.55e-05   3.85e-03   1.51e-04   4.71e-06   3.28e-04   9.47e-05   4.79e-05   
