! 0       *CH3CH3 + CRPhoton -> *C2H4 + *H2
! 1       *H + *C2H3 -> *C2H4
! 2       *CH3CH3 + CRPhoton -> *C2H4 + *H2
! 3       *CH3CHCH2 + CRPhoton -> *C2H4 + *CH2
! 4       C2H4 + GRAIN -> *C2H4 + GRAIN
! 5       *CH + *CH3 -> *C2H4
! 6       *CH2 + *CH2 -> *C2H4
! 7       *CH3CHCH2 + ISPhoton -> *C2H4 + *CH2
! 8       *C2H5 + CRPhoton -> *C2H4 + *H
! 9       *CH3CH3 + ISPhoton -> *C2H4 + *H2
!            tot_rate   0          1          2          3          4          5          6          7          8          9          
1.00000e+00  8.43e-21   2.08e-05   2.09e-01   9.14e-07   6.64e-05   7.69e-01   1.95e-02   2.88e-03   5.64e-10   7.60e-09   4.45e-23   
1.15478e+00  1.26e-20   2.41e-05   2.05e-01   1.05e-06   7.65e-05   7.79e-01   1.40e-02   1.87e-03   6.48e-10   6.90e-09   5.14e-23   
1.33352e+00  1.89e-20   2.76e-05   2.00e-01   1.21e-06   8.79e-05   7.89e-01   9.96e-03   1.21e-03   7.41e-10   6.20e-09   5.93e-23   
1.53993e+00  2.82e-20   3.16e-05   1.96e-01   1.39e-06   1.00e-04   7.96e-01   7.00e-03   7.78e-04   8.49e-10   5.47e-09   6.78e-23   
1.77828e+00  4.16e-20   3.63e-05   1.92e-01   1.59e-06   1.14e-04   8.02e-01   4.92e-03   5.00e-04   9.68e-10   4.83e-09   7.76e-23   
2.05353e+00  6.12e-20   4.15e-05   1.88e-01   1.81e-06   1.30e-04   8.08e-01   3.46e-03   3.20e-04   1.10e-09   4.25e-09   8.87e-23   
2.37137e+00  8.95e-20   4.73e-05   1.83e-01   2.08e-06   1.48e-04   8.14e-01   2.43e-03   2.05e-04   1.25e-09   3.73e-09   1.01e-22   
2.73842e+00  1.29e-19   5.38e-05   1.79e-01   2.36e-06   1.67e-04   8.19e-01   1.70e-03   1.31e-04   1.41e-09   3.31e-09   1.15e-22   
3.16228e+00  1.86e-19   6.13e-05   1.76e-01   2.68e-06   1.89e-04   8.23e-01   1.19e-03   8.28e-05   1.60e-09   2.95e-09   1.31e-22   
3.65174e+00  2.63e-19   6.96e-05   1.74e-01   3.06e-06   2.13e-04   8.25e-01   8.36e-04   5.25e-05   1.81e-09   2.67e-09   1.49e-22   
4.21697e+00  3.67e-19   7.93e-05   1.73e-01   3.49e-06   2.41e-04   8.26e-01   5.91e-04   3.32e-05   2.05e-09   2.47e-09   1.70e-22   
4.86968e+00  5.07e-19   9.00e-05   1.74e-01   3.95e-06   2.72e-04   8.25e-01   4.19e-04   2.11e-05   2.31e-09   2.33e-09   1.93e-22   
5.62341e+00  6.86e-19   1.03e-04   1.76e-01   4.52e-06   3.07e-04   8.23e-01   3.00e-04   1.33e-05   2.61e-09   2.26e-09   2.20e-22   
6.49382e+00  9.16e-19   1.17e-04   1.82e-01   5.14e-06   3.47e-04   8.17e-01   2.17e-04   8.44e-06   2.95e-09   2.27e-09   2.50e-22   
7.49894e+00  1.20e-18   1.34e-04   1.90e-01   5.88e-06   3.93e-04   8.09e-01   1.60e-04   5.38e-06   3.33e-09   2.37e-09   2.86e-22   
8.65964e+00  1.54e-18   1.53e-04   2.00e-01   6.76e-06   4.46e-04   7.99e-01   1.21e-04   3.48e-06   3.78e-09   2.57e-09   3.28e-22   
1.00000e+01  1.94e-18   1.76e-04   2.12e-01   7.72e-06   5.06e-04   7.87e-01   9.21e-05   2.27e-06   4.29e-09   2.87e-09   3.77e-22   
1.15478e+01  2.40e-18   2.03e-04   2.27e-01   8.94e-06   5.80e-04   7.72e-01   7.22e-05   1.52e-06   4.93e-09   3.33e-09   4.34e-22   
1.33352e+01  2.91e-18   2.35e-04   2.43e-01   1.03e-05   6.60e-04   7.56e-01   5.74e-05   1.02e-06   5.60e-09   3.95e-09   5.02e-22   
1.53993e+01  3.48e-18   2.72e-04   2.63e-01   1.19e-05   7.59e-04   7.36e-01   4.66e-05   7.10e-07   6.41e-09   4.80e-09   5.81e-22   
1.77828e+01  4.13e-18   3.13e-04   2.84e-01   1.37e-05   8.65e-04   7.15e-01   3.83e-05   4.97e-07   7.32e-09   5.87e-09   6.69e-22   
2.05353e+01  4.86e-18   3.60e-04   3.09e-01   1.58e-05   9.84e-04   6.90e-01   3.21e-05   3.58e-07   8.34e-09   7.23e-09   7.70e-22   
2.37137e+01  5.73e-18   4.10e-04   3.35e-01   1.80e-05   1.11e-03   6.63e-01   2.76e-05   2.60e-07   9.41e-09   8.92e-09   8.76e-22   
2.73842e+01  6.76e-18   4.64e-04   3.64e-01   2.04e-05   1.25e-03   6.34e-01   2.40e-05   1.95e-07   1.06e-08   1.10e-08   9.92e-22   
3.16228e+01  8.04e-18   5.21e-04   3.92e-01   2.29e-05   1.38e-03   6.06e-01   2.14e-05   1.49e-07   1.18e-08   1.37e-08   1.11e-21   
3.65174e+01  9.63e-18   5.80e-04   4.21e-01   2.54e-05   1.53e-03   5.77e-01   1.97e-05   1.18e-07   1.30e-08   1.68e-08   1.25e-21   
4.21697e+01  1.17e-17   6.42e-04   4.51e-01   2.82e-05   1.68e-03   5.47e-01   1.88e-05   9.68e-08   1.42e-08   2.07e-08   1.37e-21   
4.86968e+01  1.43e-17   7.05e-04   4.81e-01   3.09e-05   1.82e-03   5.16e-01   1.87e-05   8.38e-08   1.54e-08   2.54e-08   1.51e-21   
5.62341e+01  1.78e-17   7.70e-04   5.13e-01   3.37e-05   1.96e-03   4.84e-01   1.99e-05   7.75e-08   1.66e-08   3.13e-08   1.65e-21   
6.49382e+01  2.25e-17   8.32e-04   5.47e-01   3.65e-05   2.10e-03   4.50e-01   2.32e-05   7.92e-08   1.78e-08   3.87e-08   1.78e-21   
7.49894e+01  2.90e-17   8.90e-04   5.86e-01   3.90e-05   2.20e-03   4.10e-01   3.05e-05   9.24e-08   1.87e-08   4.76e-08   1.91e-21   
8.65964e+01  3.81e-17   9.44e-04   6.32e-01   4.14e-05   2.29e-03   3.65e-01   4.90e-05   1.33e-07   1.94e-08   5.93e-08   2.02e-21   
1.00000e+02  5.45e-17   9.34e-04   6.98e-01   4.11e-05   2.20e-03   2.99e-01   1.05e-04   2.59e-07   1.87e-08   7.03e-08   2.00e-21   
1.15478e+02  1.15e-13   8.95e-04   9.99e-01   3.93e-05   1.43e-06   1.64e-04   8.01e-05   1.32e-06   1.22e-11   2.14e-09   1.91e-21   
1.33352e+02  1.53e-13   2.66e-03   9.97e-01   1.17e-04   1.48e-06   1.40e-04   8.08e-05   1.63e-06   1.26e-11   1.56e-09   5.68e-21   
1.53993e+02  1.88e-13   4.57e-03   9.95e-01   2.01e-04   1.65e-06   1.27e-04   7.88e-05   2.04e-06   1.40e-11   1.09e-09   9.79e-21   
1.77828e+02  1.95e-13   7.45e-03   9.92e-01   3.27e-04   2.16e-06   1.30e-04   7.71e-05   2.85e-06   1.83e-11   6.89e-10   1.59e-20   
2.05353e+02  1.34e-13   1.53e-02   9.84e-01   6.69e-04   4.17e-06   1.91e-04   8.57e-05   5.30e-06   3.54e-11   3.68e-10   3.26e-20   
2.37137e+02  4.65e-14   5.12e-02   9.46e-01   2.24e-03   1.57e-05   5.33e-04   1.66e-04   1.69e-05   1.33e-10   1.97e-10   1.09e-19   
2.73842e+02  2.40e-14   1.05e-01   8.89e-01   4.59e-03   3.87e-05   9.68e-04   2.37e-04   3.46e-05   3.28e-10   1.22e-10   2.25e-19   
3.16228e+02  1.76e-14   1.49e-01   8.43e-01   6.55e-03   6.61e-05   1.22e-03   2.50e-04   4.78e-05   5.58e-10   7.92e-11   3.18e-19   
3.65174e+02  1.42e-14   1.89e-01   8.01e-01   8.29e-03   9.91e-05   1.40e-03   2.40e-04   5.58e-05   8.43e-10   5.26e-11   4.05e-19   
4.21697e+02  1.25e-14   2.21e-01   7.67e-01   9.71e-03   1.36e-04   1.51e-03   2.14e-04   5.47e-05   1.16e-09   3.49e-11   4.74e-19   
4.86968e+02  1.15e-14   2.46e-01   7.41e-01   1.08e-02   1.74e-04   1.59e-03   1.81e-04   4.49e-05   1.48e-09   2.30e-11   5.27e-19   
5.62341e+02  1.11e-14   2.64e-01   7.23e-01   1.16e-02   2.14e-04   1.69e-03   1.49e-04   3.04e-05   1.82e-09   1.48e-11   5.64e-19   
6.49382e+02  1.09e-14   2.74e-01   7.11e-01   1.21e-02   2.51e-04   1.86e-03   1.21e-04   1.58e-05   2.14e-09   8.89e-12   5.88e-19   
7.49894e+02  1.10e-14   2.81e-01   7.04e-01   1.23e-02   2.89e-04   2.11e-03   9.62e-05   4.85e-06   2.45e-09   4.37e-12   6.02e-19   
8.65964e+02  1.12e-14   2.88e-01   6.97e-01   1.26e-02   3.30e-04   2.37e-03   9.02e-05   2.26e-07   2.80e-09   9.02e-13   6.15e-19   
1.00000e+03  1.14e-14   2.93e-01   6.90e-01   1.29e-02   3.76e-04   2.60e-03   2.92e-04   3.17e-08   3.19e-09   3.43e-13   6.28e-19   
1.15478e+03  1.17e-14   3.00e-01   6.84e-01   1.32e-02   4.30e-04   2.82e-03   2.35e-04   2.60e-08   3.65e-09   3.19e-13   6.42e-19   
1.33352e+03  1.21e-14   3.06e-01   6.77e-01   1.34e-02   4.93e-04   3.04e-03   1.86e-04   2.12e-08   4.19e-09   3.01e-13   6.54e-19   
1.53993e+03  1.28e-14   3.06e-01   6.76e-01   1.34e-02   5.63e-04   3.34e-03   1.39e-04   1.66e-08   4.78e-09   2.87e-13   6.55e-19   
1.77828e+03  1.41e-14   2.96e-01   6.86e-01   1.30e-02   6.36e-04   3.88e-03   9.21e-05   1.16e-08   5.40e-09   2.78e-13   6.35e-19   
2.05353e+03  1.66e-14   2.75e-01   7.07e-01   1.21e-02   7.25e-04   5.03e-03   4.29e-05   6.10e-09   6.16e-09   2.73e-13   5.90e-19   
2.37137e+03  1.98e-14   2.57e-01   7.23e-01   1.13e-02   9.20e-04   7.48e-03   9.61e-06   1.89e-09   7.79e-09   2.74e-13   5.51e-19   
2.73842e+03  2.40e-14   2.43e-01   7.33e-01   1.07e-02   1.33e-03   1.15e-02   1.17e-06   4.96e-10   1.13e-08   2.84e-13   5.21e-19   
3.16228e+03  2.88e-14   2.40e-01   7.34e-01   1.05e-02   1.96e-03   1.37e-02   3.19e-07   2.74e-10   1.67e-08   2.96e-13   5.15e-19   
3.65174e+03  3.31e-14   2.52e-01   7.22e-01   1.11e-02   2.68e-03   1.27e-02   2.08e-07   2.22e-10   2.27e-08   3.02e-13   5.41e-19   
4.21697e+03  3.71e-14   2.75e-01   6.99e-01   1.20e-02   3.32e-03   1.06e-02   1.77e-07   1.94e-10   2.83e-08   3.08e-13   5.88e-19   
4.86968e+03  4.13e-14   3.01e-01   6.74e-01   1.32e-02   3.85e-03   8.60e-03   1.67e-07   1.71e-10   3.27e-08   3.08e-13   6.45e-19   
5.62341e+03  4.59e-14   3.31e-01   6.43e-01   1.45e-02   4.25e-03   7.08e-03   1.67e-07   1.52e-10   3.62e-08   3.03e-13   7.10e-19   
6.49382e+03  5.12e-14   3.63e-01   6.11e-01   1.59e-02   4.53e-03   5.87e-03   1.74e-07   1.35e-10   3.84e-08   2.97e-13   7.77e-19   
7.49894e+03  5.74e-14   3.95e-01   5.78e-01   1.73e-02   4.70e-03   4.93e-03   1.85e-07   1.22e-10   4.00e-08   2.85e-13   8.48e-19   
8.65964e+03  6.47e-14   4.28e-01   5.44e-01   1.89e-02   4.79e-03   4.16e-03   1.98e-07   1.11e-10   4.08e-08   2.74e-13   9.20e-19   
1.00000e+04  7.36e-14   4.61e-01   5.11e-01   2.02e-02   4.77e-03   3.55e-03   2.09e-07   1.03e-10   4.06e-08   2.58e-13   9.89e-19   
1.15478e+04  8.46e-14   4.91e-01   4.80e-01   2.15e-02   4.67e-03   3.06e-03   2.15e-07   9.58e-11   3.97e-08   2.40e-13   1.05e-18   
1.33352e+04  9.83e-14   5.19e-01   4.51e-01   2.28e-02   4.50e-03   2.67e-03   2.14e-07   9.00e-11   3.84e-08   2.22e-13   1.12e-18   
1.53993e+04  1.16e-13   5.43e-01   4.26e-01   2.38e-02   4.29e-03   2.37e-03   2.01e-07   8.48e-11   3.65e-08   2.04e-13   1.17e-18   
1.77828e+04  1.39e-13   5.65e-01   4.04e-01   2.48e-02   4.04e-03   2.13e-03   1.80e-07   8.03e-11   3.44e-08   1.87e-13   1.22e-18   
2.05353e+04  1.70e-13   5.85e-01   3.84e-01   2.57e-02   3.77e-03   1.92e-03   1.54e-07   7.57e-11   3.21e-08   1.73e-13   1.26e-18   
2.37137e+04  2.12e-13   6.04e-01   3.64e-01   2.64e-02   3.49e-03   1.72e-03   1.26e-07   7.18e-11   2.98e-08   1.61e-13   1.30e-18   
2.73842e+04  2.66e-13   6.23e-01   3.45e-01   2.73e-02   3.23e-03   1.52e-03   1.01e-07   6.80e-11   2.75e-08   1.51e-13   1.34e-18   
3.16228e+04  3.39e-13   6.43e-01   3.24e-01   2.83e-02   2.95e-03   1.32e-03   7.96e-08   6.34e-11   2.52e-08   1.43e-13   1.39e-18   
3.65174e+04  4.35e-13   6.66e-01   3.01e-01   2.92e-02   2.69e-03   1.12e-03   6.16e-08   5.79e-11   2.29e-08   1.37e-13   1.44e-18   
4.21697e+04  5.64e-13   6.90e-01   2.77e-01   3.03e-02   2.41e-03   9.36e-04   4.70e-08   5.12e-11   2.06e-08   1.31e-13   1.48e-18   
4.86968e+04  7.32e-13   7.14e-01   2.51e-01   3.14e-02   2.14e-03   7.72e-04   3.54e-08   4.41e-11   1.83e-08   1.25e-13   1.53e-18   
5.62341e+04  9.51e-13   7.39e-01   2.26e-01   3.24e-02   1.88e-03   6.29e-04   2.64e-08   3.68e-11   1.61e-08   1.20e-13   1.59e-18   
6.49382e+04  1.23e-12   7.63e-01   2.01e-01   3.35e-02   1.64e-03   5.05e-04   1.97e-08   2.98e-11   1.40e-08   1.16e-13   1.64e-18   
7.49894e+04  1.59e-12   7.87e-01   1.76e-01   3.46e-02   1.41e-03   4.01e-04   1.48e-08   2.34e-11   1.20e-08   1.11e-13   1.69e-18   
8.65964e+04  2.02e-12   8.11e-01   1.52e-01   3.56e-02   1.21e-03   3.15e-04   1.14e-08   1.82e-11   1.03e-08   1.08e-13   1.75e-18   
1.00000e+05  2.53e-12   8.33e-01   1.29e-01   3.66e-02   1.04e-03   2.45e-04   9.08e-09   1.41e-11   8.89e-09   1.05e-13   1.80e-18   
1.15478e+05  3.11e-12   8.55e-01   1.06e-01   3.76e-02   8.93e-04   1.87e-04   7.65e-09   1.10e-11   7.62e-09   1.02e-13   1.84e-18   
1.33352e+05  3.72e-12   8.76e-01   8.51e-02   3.84e-02   7.68e-04   1.39e-04   6.96e-09   8.86e-12   6.55e-09   9.99e-14   1.89e-18   
1.53993e+05  4.30e-12   8.94e-01   6.55e-02   3.93e-02   6.57e-04   9.97e-05   6.99e-09   7.69e-12   5.62e-09   9.85e-14   1.93e-18   
1.77828e+05  4.78e-12   9.12e-01   4.79e-02   3.99e-02   5.52e-04   6.69e-05   7.88e-09   7.40e-12   4.70e-09   9.72e-14   1.96e-18   
2.05353e+05  5.05e-12   9.29e-01   2.95e-02   4.08e-02   4.22e-04   3.05e-05   1.15e-08   8.62e-12   3.61e-09   9.63e-14   2.00e-18   
2.37137e+05  4.90e-12   9.46e-01   1.21e-02   4.16e-02   1.35e-04   1.85e-06   1.64e-08   1.23e-11   1.16e-09   9.50e-14   2.04e-18   
2.73842e+05  4.62e-12   9.51e-01   7.02e-03   4.18e-02   4.53e-05   1.83e-06   2.00e-08   1.62e-11   3.86e-10   9.51e-14   2.05e-18   
3.16228e+05  4.23e-12   9.54e-01   4.28e-03   4.19e-02   2.93e-05   1.99e-06   2.53e-08   2.11e-11   2.51e-10   9.54e-14   2.05e-18   
3.65174e+05  3.78e-12   9.55e-01   3.04e-03   4.18e-02   3.10e-05   2.28e-06   3.23e-08   2.75e-11   2.64e-10   9.52e-14   2.06e-18   
4.21697e+05  3.31e-12   9.55e-01   2.77e-03   4.20e-02   3.69e-05   2.72e-06   4.17e-08   3.66e-11   3.14e-10   9.52e-14   2.06e-18   
4.86968e+05  2.84e-12   9.55e-01   3.14e-03   4.19e-02   4.65e-05   3.38e-06   5.46e-08   4.86e-11   3.95e-10   9.55e-14   2.05e-18   
5.62341e+05  2.39e-12   9.54e-01   4.04e-03   4.18e-02   6.03e-05   4.39e-06   7.24e-08   6.53e-11   5.15e-10   9.58e-14   2.06e-18   
6.49382e+05  1.99e-12   9.53e-01   5.51e-03   4.18e-02   8.12e-05   5.97e-06   9.53e-08   8.72e-11   6.97e-10   9.58e-14   2.05e-18   
7.49894e+05  1.66e-12   9.50e-01   8.00e-03   4.17e-02   1.16e-04   8.66e-06   1.24e-07   1.15e-10   9.92e-10   9.56e-14   2.04e-18   
8.65964e+05  2.20e-12   8.59e-01   1.02e-01   3.78e-02   9.72e-04   1.99e-04   2.46e-08   5.82e-11   8.32e-09   9.77e-14   1.85e-18   
1.00000e+06  4.82e-12   9.27e-01   3.17e-02   4.07e-02   4.60e-04   4.38e-05   1.19e-08   1.12e-11   3.94e-09   9.64e-14   2.00e-18   
1.15478e+06  3.73e-12   9.55e-01   3.27e-03   4.18e-02   3.33e-05   2.41e-06   3.43e-08   2.95e-11   2.84e-10   9.55e-14   2.06e-18   
1.33352e+06  2.47e-12   9.54e-01   4.04e-03   4.20e-02   6.02e-05   4.41e-06   7.03e-08   6.35e-11   5.13e-10   9.58e-14   2.05e-18   
1.53993e+06  1.67e-12   9.49e-01   8.96e-03   4.16e-02   1.29e-04   9.97e-06   1.26e-07   1.17e-10   1.10e-09   9.55e-14   2.04e-18   
1.77828e+06  4.82e-12   9.47e-01   1.17e-02   4.15e-02   2.20e-04   1.95e-06   1.88e-08   1.41e-11   1.87e-09   9.53e-14   2.04e-18   
2.05353e+06  2.64e-12   9.54e-01   3.70e-03   4.20e-02   5.49e-05   4.01e-06   6.40e-08   5.76e-11   4.70e-10   9.58e-14   2.06e-18   
2.37137e+06  2.93e-12   8.75e-01   8.58e-02   3.83e-02   9.36e-04   1.52e-04   1.61e-08   3.21e-11   8.00e-09   9.77e-14   1.88e-18   
2.73842e+06  2.99e-12   9.55e-01   3.15e-03   4.17e-02   4.54e-05   3.33e-06   5.21e-08   4.64e-11   3.87e-10   9.55e-14   2.06e-18   
3.16228e+06  4.20e-12   9.05e-01   5.43e-02   3.98e-02   6.69e-04   8.58e-05   1.06e-08   1.39e-11   5.72e-09   9.74e-14   1.95e-18   
3.65174e+06  2.05e-12   9.52e-01   5.76e-03   4.18e-02   8.55e-05   6.30e-06   9.52e-08   8.74e-11   7.28e-10   9.57e-14   2.05e-18   
4.21697e+06  2.95e-12   9.55e-01   3.20e-03   4.20e-02   4.64e-05   3.42e-06   5.35e-08   4.74e-11   3.96e-10   9.58e-14   2.06e-18   
4.86968e+06  3.59e-12   9.55e-01   3.01e-03   4.20e-02   3.51e-05   2.57e-06   3.76e-08   3.26e-11   2.98e-10   9.55e-14   2.06e-18   
5.62341e+06  3.44e-12   9.55e-01   2.93e-03   4.18e-02   3.69e-05   2.73e-06   4.06e-08   3.57e-11   3.16e-10   9.55e-14   2.06e-18   
6.49382e+06  2.54e-12   9.54e-01   3.98e-03   4.18e-02   5.91e-05   4.34e-06   6.86e-08   6.19e-11   5.05e-10   9.54e-14   2.05e-18   
7.49894e+06  2.27e-12   8.65e-01   9.62e-02   3.80e-02   8.91e-04   1.91e-04   2.44e-08   5.82e-11   7.63e-09   9.79e-14   1.87e-18   
8.65964e+06  2.79e-12   9.55e-01   3.44e-03   4.20e-02   5.10e-05   3.73e-06   5.88e-08   5.27e-11   4.34e-10   9.55e-14   2.05e-18   
1.00000e+07  3.78e-12   9.55e-01   3.23e-03   4.20e-02   3.31e-05   2.40e-06   3.41e-08   2.94e-11   2.83e-10   9.55e-14   2.06e-18   
1.15478e+07  3.16e-12   9.55e-01   3.01e-03   4.21e-02   4.17e-05   3.08e-06   4.74e-08   4.21e-11   3.57e-10   9.58e-14   2.06e-18   
1.33352e+07  1.69e-12   9.49e-01   9.49e-03   4.16e-02   1.36e-04   1.09e-05   1.26e-07   1.17e-10   1.16e-09   9.55e-14   2.04e-18   
1.53993e+07  2.17e-12   9.53e-01   5.16e-03   4.18e-02   7.69e-05   5.62e-06   8.70e-08   7.96e-11   6.54e-10   9.58e-14   2.05e-18   
1.77828e+07  1.76e-12   8.92e-01   6.87e-02   3.91e-02   2.95e-04   1.58e-04   5.45e-08   1.02e-10   2.52e-09   9.60e-14   1.91e-18   
2.05353e+07  2.24e-12   9.53e-01   4.86e-03   4.18e-02   7.22e-05   5.30e-06   8.29e-08   7.57e-11   6.19e-10   9.58e-14   2.05e-18   
2.37137e+07  2.84e-12   8.73e-01   8.73e-02   3.84e-02   9.44e-04   1.57e-04   1.68e-08   3.45e-11   8.06e-09   9.79e-14   1.88e-18   
2.73842e+07  2.57e-12   8.68e-01   9.26e-02   3.81e-02   9.54e-04   1.74e-04   1.97e-08   4.36e-11   8.14e-09   9.77e-14   1.87e-18   
