! 0       *H + *CH3OCH2 -> CH3OCH3
! 1       CH3O + CH3 -> CH3OCH3
! 2       *CH3OCH3 + CRPhoton -> CH3OCH3
! 3       CH3OCH4+ + e- -> CH3OCH3 + H
! 4       *CH3 + *CH3O -> CH3OCH3
! 5       CH3OCH3+ + GRAIN -> CH3OCH3 + GRAIN
! 6       CH3OCH4+ + GRAIN -> CH3OCH3 + H + GRAIN
! 7       NH3 + CH3OCH4+ -> CH3OCH3 + NH4+
! 8       *CH3OCH3 + ISPhoton -> CH3OCH3
! 9       *CH3OCH3 + CRP -> CH3OCH3
!            tot_rate   0          1          2          3          4          5          6          7          8          9          
1.00000e+00  4.68e-23   1.94e-06   1.38e-07   1.56e-09   1.00e+00   8.93e-05   7.50e-06   2.29e-06   2.80e-10   2.78e-16   0.00e+00   
1.15478e+00  2.68e-23   7.20e-06   3.29e-07   5.74e-09   1.00e+00   2.74e-04   9.25e-06   2.30e-06   2.53e-10   1.03e-15   0.00e+00   
1.33352e+00  1.41e-23   2.83e-05   8.93e-07   2.24e-08   9.99e-01   8.86e-04   1.15e-05   2.30e-06   2.25e-10   4.00e-15   0.00e+00   
1.53993e+00  6.73e-24   1.23e-04   2.73e-06   9.43e-08   9.97e-01   3.12e-03   1.46e-05   2.30e-06   1.98e-10   1.68e-14   0.00e+00   
1.77828e+00  2.89e-24   5.85e-04   9.32e-06   4.33e-07   9.87e-01   1.20e-02   1.87e-05   2.29e-06   1.67e-10   7.76e-14   0.00e+00   
2.05353e+00  1.12e-24   3.03e-03   3.51e-05   2.17e-06   9.46e-01   5.07e-02   2.37e-05   2.20e-06   1.34e-10   3.87e-13   0.00e+00   
2.37137e+00  4.36e-25   1.55e-02   1.32e-04   1.07e-05   7.73e-01   2.11e-01   2.66e-05   1.81e-06   8.99e-11   1.92e-12   0.00e+00   
2.73842e+00  2.52e-25   5.32e-02   3.31e-04   3.54e-05   3.59e-01   5.87e-01   1.79e-05   8.45e-07   3.31e-11   6.35e-12   0.00e+00   
3.16228e+00  2.83e-25   9.25e-02   4.24e-04   5.96e-05   7.06e-02   8.36e-01   6.07e-06   1.67e-07   4.98e-12   1.07e-11   0.00e+00   
3.65174e+00  4.31e-25   1.19e-01   3.99e-04   7.42e-05   8.26e-03   8.72e-01   2.21e-06   1.96e-08   4.29e-13   1.32e-11   0.00e+00   
4.21697e+00  6.92e-25   1.44e-01   3.54e-04   8.68e-05   8.38e-04   8.55e-01   1.55e-06   2.01e-09   3.08e-14   1.55e-11   0.00e+00   
4.86968e+00  1.12e-24   1.73e-01   3.11e-04   1.01e-04   1.91e-04   8.26e-01   1.51e-06   4.63e-10   4.74e-15   1.80e-11   0.00e+00   
5.62341e+00  1.79e-24   2.07e-01   2.72e-04   1.17e-04   1.44e-04   7.92e-01   1.56e-06   3.52e-10   2.29e-15   2.09e-11   0.00e+00   
6.49382e+00  2.89e-24   2.46e-01   2.34e-04   1.35e-04   1.34e-04   7.53e-01   1.61e-06   3.33e-10   1.31e-15   2.42e-11   0.00e+00   
7.49894e+00  4.66e-24   2.92e-01   2.01e-04   1.56e-04   1.26e-04   7.08e-01   1.67e-06   3.17e-10   7.31e-16   2.79e-11   0.00e+00   
8.65964e+00  7.53e-24   3.38e-01   1.71e-04   1.81e-04   1.17e-04   6.61e-01   1.73e-06   2.99e-10   4.10e-16   3.23e-11   0.00e+00   
1.00000e+01  1.21e-23   3.88e-01   1.45e-04   2.08e-04   1.07e-04   6.12e-01   1.79e-06   2.79e-10   2.56e-16   3.72e-11   0.00e+00   
1.15478e+01  1.95e-23   4.37e-01   1.22e-04   2.41e-04   9.77e-05   5.63e-01   1.84e-06   2.59e-10   1.97e-16   4.30e-11   0.00e+00   
1.33352e+01  3.12e-23   4.84e-01   1.02e-04   2.80e-04   8.87e-05   5.16e-01   1.91e-06   2.41e-10   1.93e-16   5.00e-11   0.00e+00   
1.53993e+01  4.96e-23   5.32e-01   8.54e-05   3.26e-04   8.10e-05   4.68e-01   1.98e-06   2.26e-10   2.20e-16   5.82e-11   0.00e+00   
1.77828e+01  7.90e-23   5.77e-01   7.14e-05   3.77e-04   7.40e-05   4.23e-01   2.05e-06   2.13e-10   2.71e-16   6.74e-11   0.00e+00   
2.05353e+01  1.26e-22   6.20e-01   5.98e-05   4.37e-04   6.80e-05   3.80e-01   2.14e-06   2.02e-10   3.48e-16   7.80e-11   0.00e+00   
2.37137e+01  2.00e-22   6.60e-01   5.05e-05   5.05e-04   6.30e-05   3.40e-01   2.24e-06   1.95e-10   4.57e-16   8.99e-11   0.00e+00   
2.73842e+01  3.21e-22   6.95e-01   4.30e-05   5.80e-04   5.83e-05   3.04e-01   2.35e-06   1.89e-10   6.05e-16   1.04e-10   0.00e+00   
3.16228e+01  5.18e-22   7.27e-01   3.68e-05   6.64e-04   5.40e-05   2.72e-01   2.47e-06   1.85e-10   8.06e-16   1.18e-10   0.00e+00   
3.65174e+01  8.44e-22   7.54e-01   3.20e-05   7.57e-04   5.05e-05   2.45e-01   2.62e-06   1.83e-10   1.08e-15   1.35e-10   0.00e+00   
4.21697e+01  1.39e-21   7.76e-01   2.83e-05   8.62e-04   4.74e-05   2.23e-01   2.80e-06   1.83e-10   1.43e-15   1.54e-10   0.00e+00   
4.86968e+01  2.34e-21   7.94e-01   2.53e-05   9.69e-04   4.44e-05   2.05e-01   2.99e-06   1.84e-10   1.88e-15   1.73e-10   0.00e+00   
5.62341e+01  4.03e-21   8.07e-01   2.29e-05   1.09e-03   4.20e-05   1.92e-01   3.23e-06   1.88e-10   2.47e-15   1.95e-10   0.00e+00   
6.49382e+01  7.20e-21   8.17e-01   2.08e-05   1.21e-03   3.92e-05   1.82e-01   3.50e-06   1.92e-10   3.22e-15   2.15e-10   0.00e+00   
7.49894e+01  1.35e-20   8.22e-01   1.87e-05   1.32e-03   3.63e-05   1.76e-01   3.82e-06   1.96e-10   4.14e-15   2.36e-10   0.00e+00   
8.65964e+01  2.68e-20   8.32e-01   1.59e-05   1.43e-03   3.25e-05   1.66e-01   4.22e-06   1.96e-10   5.19e-15   2.55e-10   0.00e+00   
1.00000e+02  4.32e-20   8.89e-01   1.15e-05   1.91e-03   2.94e-05   1.09e-01   4.95e-06   1.99e-10   6.64e-15   3.43e-10   0.00e+00   
1.15478e+02  1.26e-18   9.99e-01   4.15e-09   8.09e-04   8.01e-06   8.41e-08   5.54e-06   6.26e-11   2.63e-15   1.45e-10   0.00e+00   
1.33352e+02  1.74e-18   9.98e-01   4.41e-09   1.97e-03   1.08e-05   5.00e-08   6.42e-06   9.87e-11   5.32e-15   3.51e-10   0.00e+00   
1.53993e+02  2.49e-18   9.97e-01   4.82e-09   2.93e-03   1.50e-05   2.73e-08   7.52e-06   1.63e-10   1.16e-14   5.27e-10   0.00e+00   
1.77828e+02  3.88e-18   9.96e-01   5.56e-09   3.60e-03   2.14e-05   1.25e-08   8.86e-06   2.81e-10   2.78e-14   6.41e-10   0.00e+00   
2.05353e+02  7.11e-18   9.96e-01   6.87e-09   3.80e-03   3.14e-05   4.18e-09   1.05e-05   5.05e-10   7.60e-14   6.80e-10   0.00e+00   
2.37137e+02  1.26e-17   9.96e-01   9.16e-09   4.37e-03   4.83e-05   1.42e-09   1.30e-05   9.64e-10   2.53e-13   7.81e-10   0.00e+00   
2.73842e+02  1.83e-17   9.94e-01   1.30e-08   5.79e-03   7.59e-05   6.55e-10   1.64e-05   1.93e-09   8.90e-13   1.03e-09   0.00e+00   
3.16228e+02  2.35e-17   9.92e-01   2.00e-08   7.88e-03   1.20e-04   3.66e-10   2.06e-05   3.85e-09   2.98e-12   1.41e-09   0.00e+00   
3.65174e+02  2.57e-17   9.88e-01   3.71e-08   1.14e-02   1.91e-04   2.49e-10   2.61e-05   7.74e-09   9.49e-12   2.04e-09   0.00e+00   
4.21697e+02  2.24e-17   9.81e-01   9.32e-08   1.85e-02   3.03e-04   2.25e-10   3.31e-05   1.54e-08   2.85e-11   3.30e-09   0.00e+00   
4.86968e+02  1.32e-17   9.61e-01   3.83e-07   3.89e-02   4.92e-04   3.27e-10   4.43e-05   3.15e-08   8.24e-11   6.96e-09   0.00e+00   
5.62341e+02  4.40e-18   8.71e-01   3.07e-06   1.28e-01   8.14e-04   8.82e-10   6.12e-05   6.41e-08   2.32e-10   2.30e-08   0.00e+00   
6.49382e+02  1.32e-18   5.64e-01   2.98e-05   4.34e-01   1.07e-03   2.51e-09   6.69e-05   9.91e-08   4.90e-10   7.79e-08   0.00e+00   
7.49894e+02  1.08e-18   5.06e-01   1.24e-04   4.92e-01   1.19e-03   2.13e-09   6.44e-05   1.30e-07   8.29e-10   8.80e-08   0.00e+00   
8.65964e+02  1.00e-18   5.53e-01   9.40e-04   4.44e-01   1.71e-03   6.42e-10   7.19e-05   2.12e-07   1.69e-09   7.94e-08   0.00e+00   
1.00000e+03  9.37e-19   5.93e-01   4.54e-03   3.99e-01   3.19e-03   3.38e-10   7.76e-05   4.40e-07   4.29e-09   7.14e-08   0.00e+00   
1.15478e+03  9.08e-19   6.41e-01   7.50e-03   3.47e-01   4.42e-03   4.22e-10   8.55e-05   6.91e-07   8.01e-09   6.20e-08   0.00e+00   
1.33352e+03  9.10e-19   6.89e-01   1.23e-02   2.92e-01   6.32e-03   5.15e-10   9.35e-05   1.12e-06   1.63e-08   5.22e-08   0.00e+00   
1.53993e+03  9.85e-19   7.40e-01   2.05e-02   2.29e-01   9.61e-03   5.81e-10   1.05e-04   2.08e-06   4.05e-08   4.10e-08   0.00e+00   
1.77828e+03  1.25e-18   7.93e-01   3.54e-02   1.56e-01   1.61e-02   5.44e-10   1.23e-04   4.80e-06   1.54e-07   2.78e-08   0.00e+00   
2.05353e+03  1.94e-18   8.25e-01   6.03e-02   8.76e-02   2.72e-02   3.71e-10   1.36e-04   1.21e-05   8.66e-07   1.57e-08   0.00e+00   
2.37137e+03  2.89e-18   8.31e-01   8.00e-02   5.44e-02   3.44e-02   2.06e-10   1.42e-04   2.05e-05   3.33e-06   9.73e-09   0.00e+00   
2.73842e+03  3.21e-18   8.30e-01   8.79e-02   4.71e-02   3.52e-02   1.41e-10   1.47e-04   2.30e-05   6.64e-06   8.45e-09   0.00e+00   
3.16228e+03  3.07e-18   8.02e-01   1.13e-01   4.76e-02   3.72e-02   1.57e-10   1.47e-04   2.51e-05   1.09e-05   8.54e-09   0.00e+00   
3.65174e+03  2.79e-18   7.59e-01   1.51e-01   5.01e-02   3.97e-02   2.10e-10   1.45e-04   2.72e-05   1.56e-05   8.98e-09   0.00e+00   
4.21697e+03  2.51e-18   7.08e-01   1.97e-01   5.29e-02   4.18e-02   2.85e-10   1.43e-04   2.90e-05   2.00e-05   9.43e-09   0.00e+00   
4.86968e+03  2.29e-18   6.59e-01   2.44e-01   5.37e-02   4.36e-02   3.74e-10   1.41e-04   3.03e-05   2.32e-05   9.64e-09   0.00e+00   
5.62341e+03  2.13e-18   6.12e-01   2.89e-01   5.36e-02   4.53e-02   4.70e-10   1.41e-04   3.14e-05   2.51e-05   9.60e-09   0.00e+00   
6.49382e+03  2.02e-18   5.71e-01   3.31e-01   5.16e-02   4.67e-02   5.76e-10   1.41e-04   3.23e-05   2.57e-05   9.23e-09   0.00e+00   
7.49894e+03  1.94e-18   5.32e-01   3.71e-01   4.84e-02   4.81e-02   6.77e-10   1.43e-04   3.29e-05   2.52e-05   8.68e-09   0.00e+00   
8.65964e+03  1.89e-18   4.98e-01   4.08e-01   4.45e-02   4.93e-02   7.69e-10   1.44e-04   3.33e-05   2.39e-05   7.96e-09   0.00e+00   
1.00000e+04  1.87e-18   4.65e-01   4.45e-01   3.99e-02   5.01e-02   8.36e-10   1.46e-04   3.34e-05   2.21e-05   7.18e-09   0.00e+00   
1.15478e+04  1.88e-18   4.36e-01   4.78e-01   3.50e-02   5.05e-02   8.66e-10   1.48e-04   3.30e-05   2.01e-05   6.27e-09   0.00e+00   
1.33352e+04  1.94e-18   4.11e-01   5.09e-01   2.99e-02   5.00e-02   8.46e-10   1.49e-04   3.23e-05   1.82e-05   5.36e-09   0.00e+00   
1.53993e+04  2.05e-18   3.89e-01   5.37e-01   2.48e-02   4.88e-02   7.81e-10   1.49e-04   3.12e-05   1.63e-05   4.46e-09   0.00e+00   
1.77828e+04  2.20e-18   3.74e-01   5.58e-01   2.04e-02   4.72e-02   6.90e-10   1.48e-04   3.01e-05   1.51e-05   3.67e-09   0.00e+00   
2.05353e+04  2.43e-18   3.61e-01   5.77e-01   1.67e-02   4.53e-02   5.85e-10   1.45e-04   2.88e-05   1.41e-05   2.99e-09   0.00e+00   
2.37137e+04  2.70e-18   3.49e-01   5.94e-01   1.37e-02   4.34e-02   4.86e-10   1.41e-04   2.77e-05   1.36e-05   2.46e-09   0.00e+00   
2.73842e+04  2.98e-18   3.39e-01   6.07e-01   1.16e-02   4.19e-02   4.03e-10   1.36e-04   2.69e-05   1.33e-05   2.09e-09   0.00e+00   
3.16228e+04  3.27e-18   3.31e-01   6.18e-01   1.02e-02   4.07e-02   3.34e-10   1.31e-04   2.61e-05   1.29e-05   1.83e-09   0.00e+00   
3.65174e+04  3.51e-18   3.22e-01   6.29e-01   9.20e-03   3.96e-02   2.78e-10   1.26e-04   2.54e-05   1.24e-05   1.65e-09   0.00e+00   
4.21697e+04  3.69e-18   3.15e-01   6.38e-01   8.57e-03   3.88e-02   2.31e-10   1.21e-04   2.47e-05   1.19e-05   1.54e-09   0.00e+00   
4.86968e+04  3.73e-18   3.13e-01   6.40e-01   8.25e-03   3.80e-02   1.93e-10   1.16e-04   2.42e-05   1.13e-05   1.48e-09   0.00e+00   
5.62341e+04  3.63e-18   3.17e-01   6.37e-01   8.16e-03   3.75e-02   1.63e-10   1.11e-04   2.36e-05   1.05e-05   1.46e-09   0.00e+00   
6.49382e+04  3.35e-18   3.28e-01   6.26e-01   8.29e-03   3.70e-02   1.38e-10   1.06e-04   2.28e-05   9.58e-06   1.49e-09   0.00e+00   
7.49894e+04  2.90e-18   3.48e-01   6.07e-01   8.75e-03   3.65e-02   1.20e-10   1.01e-04   2.20e-05   8.41e-06   1.57e-09   0.00e+00   
8.65964e+04  2.33e-18   3.81e-01   5.74e-01   9.56e-03   3.56e-02   1.07e-10   9.77e-05   2.08e-05   6.98e-06   1.72e-09   0.00e+00   
1.00000e+05  1.74e-18   4.28e-01   5.27e-01   1.08e-02   3.42e-02   9.89e-11   9.54e-05   1.92e-05   5.28e-06   1.93e-09   0.00e+00   
1.15478e+05  1.20e-18   4.91e-01   4.65e-01   1.23e-02   3.19e-02   9.49e-11   9.66e-05   1.71e-05   3.50e-06   2.22e-09   0.00e+00   
1.33352e+05  7.79e-19   5.66e-01   3.91e-01   1.42e-02   2.85e-02   9.62e-11   9.93e-05   1.44e-05   1.94e-06   2.57e-09   0.00e+00   
1.53993e+05  4.85e-19   6.45e-01   3.15e-01   1.61e-02   2.37e-02   1.04e-10   1.03e-04   1.08e-05   8.65e-07   2.90e-09   0.00e+00   
1.77828e+05  2.90e-19   7.17e-01   2.47e-01   1.78e-02   1.73e-02   1.23e-10   1.05e-04   6.76e-06   2.94e-07   3.21e-09   0.00e+00   
2.05353e+05  1.22e-19   7.89e-01   1.79e-01   2.36e-02   8.36e-03   2.07e-10   9.26e-05   2.25e-06   3.76e-08   4.25e-09   0.00e+00   
2.37137e+05  1.67e-20   8.33e-01   1.35e-01   2.95e-02   1.92e-03   8.63e-10   5.18e-05   2.27e-07   1.01e-09   5.30e-09   0.00e+00   
2.73842e+05  1.47e-20   8.30e-01   1.51e-01   1.70e-02   1.90e-03   1.01e-09   5.11e-05   2.21e-07   9.59e-10   3.06e-09   0.00e+00   
3.16228e+05  1.37e-20   8.11e-01   1.71e-01   1.58e-02   1.94e-03   1.18e-09   5.06e-05   2.23e-07   9.57e-10   2.84e-09   0.00e+00   
3.65174e+05  1.28e-20   7.89e-01   1.94e-01   1.52e-02   2.02e-03   1.38e-09   5.05e-05   2.30e-07   9.84e-10   2.74e-09   0.00e+00   
4.21697e+05  1.21e-20   7.64e-01   2.19e-01   1.47e-02   2.11e-03   1.59e-09   5.02e-05   2.40e-07   1.03e-09   2.64e-09   0.00e+00   
4.86968e+05  1.15e-20   7.38e-01   2.45e-01   1.40e-02   2.22e-03   1.81e-09   5.03e-05   2.52e-07   1.08e-09   2.52e-09   0.00e+00   
5.62341e+05  1.11e-20   7.12e-01   2.72e-01   1.34e-02   2.34e-03   2.01e-09   5.05e-05   2.68e-07   1.16e-09   2.41e-09   0.00e+00   
6.49382e+05  1.09e-20   6.88e-01   2.97e-01   1.28e-02   2.49e-03   2.16e-09   5.11e-05   2.89e-07   1.28e-09   2.30e-09   0.00e+00   
7.49894e+05  1.15e-20   6.71e-01   3.14e-01   1.23e-02   2.67e-03   2.20e-09   5.23e-05   3.18e-07   1.47e-09   2.21e-09   0.00e+00   
8.65964e+05  3.40e-19   6.13e-01   3.53e-01   9.45e-03   2.44e-02   1.65e-10   9.93e-05   1.18e-05   7.72e-07   1.70e-09   0.00e+00   
1.00000e+06  1.54e-19   7.71e-01   2.01e-01   1.73e-02   1.13e-02   1.82e-10   9.97e-05   3.55e-06   7.84e-08   3.11e-09   0.00e+00   
1.15478e+06  1.29e-20   7.84e-01   1.99e-01   1.51e-02   2.03e-03   1.42e-09   5.05e-05   2.33e-07   1.01e-09   2.71e-09   0.00e+00   
1.33352e+06  1.14e-20   7.16e-01   2.68e-01   1.34e-02   2.35e-03   1.97e-09   5.07e-05   2.70e-07   1.19e-09   2.42e-09   0.00e+00   
1.53993e+06  1.25e-20   6.77e-01   3.08e-01   1.22e-02   2.75e-03   2.06e-09   5.36e-05   3.38e-07   1.63e-09   2.20e-09   0.00e+00   
1.77828e+06  1.69e-20   8.06e-01   1.46e-01   4.62e-02   1.96e-03   9.60e-10   5.16e-05   2.29e-07   1.03e-09   8.30e-09   0.00e+00   
2.05353e+06  1.16e-20   7.26e-01   2.58e-01   1.36e-02   2.30e-03   1.89e-09   5.06e-05   2.63e-07   1.16e-09   2.45e-09   0.00e+00   
2.37137e+06  3.60e-19   6.31e-01   3.33e-01   1.15e-02   2.44e-02   1.44e-10   1.00e-04   1.17e-05   7.75e-07   2.07e-09   0.00e+00   
2.73842e+06  1.19e-20   7.45e-01   2.39e-01   1.41e-02   2.20e-03   1.74e-09   5.04e-05   2.51e-07   1.11e-09   2.54e-09   0.00e+00   
3.16228e+06  2.83e-19   7.01e-01   2.65e-01   1.43e-02   1.94e-02   1.35e-10   1.04e-04   8.14e-06   3.65e-07   2.58e-09   0.00e+00   
3.65174e+06  1.15e-20   6.92e-01   2.93e-01   1.28e-02   2.52e-03   2.10e-09   5.16e-05   2.95e-07   1.35e-09   2.30e-09   0.00e+00   
4.21697e+06  1.19e-20   7.43e-01   2.41e-01   1.40e-02   2.21e-03   1.76e-09   5.05e-05   2.53e-07   1.11e-09   2.53e-09   0.00e+00   
4.86968e+06  1.27e-20   7.76e-01   2.07e-01   1.49e-02   2.07e-03   1.49e-09   5.05e-05   2.37e-07   1.04e-09   2.67e-09   0.00e+00   
5.62341e+06  1.25e-20   7.69e-01   2.14e-01   1.47e-02   2.10e-03   1.55e-09   5.04e-05   2.40e-07   1.05e-09   2.65e-09   0.00e+00   
6.49382e+06  1.15e-20   7.19e-01   2.65e-01   1.34e-02   2.33e-03   1.94e-09   5.07e-05   2.69e-07   1.19e-09   2.43e-09   0.00e+00   
7.49894e+06  3.32e-19   6.17e-01   3.49e-01   9.15e-03   2.42e-02   1.68e-10   9.97e-05   1.16e-05   7.50e-07   1.65e-09   0.00e+00   
8.65964e+06  1.17e-20   7.33e-01   2.51e-01   1.38e-02   2.26e-03   1.83e-09   5.06e-05   2.59e-07   1.14e-09   2.49e-09   0.00e+00   
1.00000e+07  1.30e-20   7.85e-01   1.98e-01   1.52e-02   2.04e-03   1.42e-09   5.06e-05   2.33e-07   1.02e-09   2.72e-09   0.00e+00   
1.15478e+07  1.22e-20   7.54e-01   2.30e-01   1.43e-02   2.16e-03   1.67e-09   5.04e-05   2.47e-07   1.08e-09   2.58e-09   0.00e+00   
1.33352e+07  1.32e-20   6.81e-01   3.04e-01   1.21e-02   2.81e-03   1.97e-09   5.44e-05   3.51e-07   1.74e-09   2.17e-09   0.00e+00   
1.53993e+07  1.14e-20   6.99e-01   2.86e-01   1.29e-02   2.46e-03   2.07e-09   5.13e-05   2.87e-07   1.29e-09   2.33e-09   0.00e+00   
1.77828e+07  1.65e-19   6.68e-01   3.12e-01   3.01e-03   1.69e-02   2.50e-10   9.96e-05   6.62e-06   2.25e-07   5.41e-10   0.00e+00   
2.05353e+07  1.14e-20   7.03e-01   2.82e-01   1.31e-02   2.44e-03   2.05e-09   5.11e-05   2.82e-07   1.27e-09   2.35e-09   0.00e+00   
2.37137e+07  3.61e-19   6.26e-01   3.38e-01   1.12e-02   2.45e-02   1.45e-10   9.97e-05   1.18e-05   7.87e-07   2.02e-09   0.00e+00   
2.73842e+07  3.56e-19   6.19e-01   3.46e-01   1.04e-02   2.46e-02   1.54e-10   9.93e-05   1.19e-05   8.02e-07   1.88e-09   0.00e+00   
