! 0       *H + *HOCO -> HCOOH
! 1       OH + H2CO -> HCOOH + H
! 2       HCOOH2+ + e- -> HCOOH + H
! 3       *HCOOH + CRPhoton -> HCOOH
! 4       CH3CHCH2 + O2+ -> HCOOH + C2H4+
! 5       *OH + *HCO -> HCOOH
! 6       NH3 + HCOOH2+ -> HCOOH + NH4+
! 7       HCOOH2+ + GRAIN -> HCOOH + H + GRAIN
! 8       H2O + HCOOH2+ -> HCOOH + H3O+
! 9       CH3OH + HCOOH2+ -> HCOOH + CH3OH2+
!            tot_rate   0          1          2          3          4          5          6          7          8          9          
1.00000e+00  8.52e-22   9.82e-01   3.69e-04   1.22e-03   1.46e-05   2.72e-07   1.60e-02   2.19e-12   2.30e-09   3.79e-14   1.67e-13   
1.15478e+00  1.79e-21   9.86e-01   1.81e-04   6.22e-04   1.69e-05   1.92e-07   1.33e-02   1.02e-12   1.18e-09   1.94e-14   4.82e-14   
1.33352e+00  3.73e-21   9.89e-01   9.54e-05   3.21e-04   1.96e-05   1.36e-07   1.10e-02   4.66e-13   6.13e-10   1.01e-14   1.29e-14   
1.53993e+00  7.94e-21   9.91e-01   5.16e-05   1.64e-04   2.24e-05   9.29e-08   8.96e-03   2.08e-13   3.12e-10   5.15e-15   3.06e-15   
1.77828e+00  1.68e-20   9.93e-01   2.88e-05   8.38e-05   2.58e-05   6.36e-08   7.25e-03   9.15e-14   1.60e-10   2.66e-15   6.54e-16   
2.05353e+00  3.55e-20   9.94e-01   1.63e-05   4.31e-05   2.98e-05   4.31e-08   5.91e-03   3.94e-14   8.28e-11   1.38e-15   1.23e-16   
2.37137e+00  7.53e-20   9.95e-01   9.18e-06   2.22e-05   3.44e-05   2.88e-08   4.74e-03   1.65e-14   4.27e-11   7.19e-16   1.98e-17   
2.73842e+00  1.60e-19   9.96e-01   5.14e-06   1.13e-05   3.97e-05   1.91e-08   3.77e-03   6.70e-15   2.20e-11   3.73e-16   2.68e-18   
3.16228e+00  3.36e-19   9.97e-01   2.89e-06   5.86e-06   4.61e-05   1.25e-08   3.01e-03   2.65e-15   1.14e-11   1.96e-16   3.01e-19   
3.65174e+00  7.08e-19   9.98e-01   1.61e-06   3.01e-06   5.33e-05   8.12e-09   2.37e-03   1.01e-15   5.92e-12   1.03e-16   2.73e-20   
4.21697e+00  1.48e-18   9.98e-01   9.04e-07   1.56e-06   6.17e-05   5.21e-09   1.86e-03   3.68e-16   3.09e-12   5.44e-17   2.28e-21   
4.86968e+00  3.05e-18   9.98e-01   5.14e-07   8.22e-07   7.20e-05   3.34e-09   1.47e-03   1.31e-16   1.64e-12   2.94e-17   4.39e-22   
5.62341e+00  6.21e-18   9.99e-01   2.96e-07   4.40e-07   8.47e-05   2.14e-09   1.16e-03   4.48e-17   8.88e-13   1.63e-17   2.82e-22   
6.49382e+00  1.23e-17   9.99e-01   1.75e-07   2.44e-07   9.99e-05   1.39e-09   9.26e-04   1.52e-17   4.98e-13   9.26e-18   2.35e-22   
7.49894e+00  2.34e-17   9.99e-01   1.08e-07   1.43e-07   1.20e-04   9.22e-10   7.56e-04   5.29e-18   2.97e-13   5.68e-18   2.08e-22   
8.65964e+00  4.25e-17   9.99e-01   6.98e-08   9.17e-08   1.46e-04   6.30e-10   6.37e-04   2.05e-18   1.93e-13   3.79e-18   2.00e-22   
1.00000e+01  7.26e-17   9.99e-01   4.81e-08   6.63e-08   1.81e-04   4.53e-10   5.64e-04   1.01e-18   1.42e-13   2.89e-18   2.14e-22   
1.15478e+01  1.16e-16   9.99e-01   3.54e-08   5.51e-08   2.25e-04   3.44e-10   5.27e-04   7.08e-19   1.21e-13   2.55e-18   2.61e-22   
1.33352e+01  1.73e-16   9.99e-01   2.81e-08   5.28e-08   2.85e-04   2.77e-10   5.26e-04   7.28e-19   1.18e-13   2.62e-18   3.66e-22   
1.53993e+01  2.46e-16   9.99e-01   2.36e-08   5.65e-08   3.58e-04   2.34e-10   5.48e-04   9.67e-19   1.30e-13   3.01e-18   5.69e-22   
1.77828e+01  3.40e-16   9.99e-01   2.05e-08   6.41e-08   4.44e-04   2.02e-10   5.82e-04   1.48e-18   1.52e-13   3.73e-18   9.46e-22   
2.05353e+01  4.61e-16   9.99e-01   1.85e-08   7.60e-08   5.43e-04   1.81e-10   6.25e-04   2.43e-18   1.87e-13   4.91e-18   1.66e-21   
2.37137e+01  6.16e-16   9.99e-01   1.72e-08   9.27e-08   6.54e-04   1.64e-10   6.67e-04   4.22e-18   2.37e-13   6.72e-18   3.00e-21   
2.73842e+01  8.17e-16   9.99e-01   1.64e-08   1.15e-07   7.83e-04   1.54e-10   7.05e-04   7.46e-18   3.10e-13   9.51e-18   5.62e-21   
3.16228e+01  1.08e-15   9.98e-01   1.60e-08   1.44e-07   9.24e-04   1.47e-10   7.27e-04   1.33e-17   4.10e-13   1.39e-17   1.07e-20   
3.65174e+01  1.42e-15   9.98e-01   1.62e-08   1.84e-07   1.09e-03   1.45e-10   7.31e-04   2.41e-17   5.54e-13   2.09e-17   2.12e-20   
4.21697e+01  1.86e-15   9.98e-01   1.70e-08   2.38e-07   1.28e-03   1.46e-10   7.08e-04   4.38e-17   7.62e-13   3.28e-17   4.32e-20   
4.86968e+01  2.45e-15   9.98e-01   1.83e-08   3.10e-07   1.49e-03   1.53e-10   6.46e-04   7.97e-17   1.07e-12   5.32e-17   9.12e-20   
5.62341e+01  3.19e-15   9.98e-01   2.05e-08   4.11e-07   1.74e-03   1.67e-10   5.49e-04   1.47e-16   1.54e-12   9.04e-17   2.02e-19   
6.49382e+01  4.17e-15   9.98e-01   2.36e-08   5.54e-07   2.02e-03   1.87e-10   4.08e-04   2.71e-16   2.27e-12   1.60e-16   4.68e-19   
7.49894e+01  5.45e-15   9.97e-01   2.82e-08   7.55e-07   2.35e-03   2.18e-10   2.46e-04   5.08e-16   3.41e-12   2.97e-16   1.15e-18   
8.65964e+01  7.13e-15   9.97e-01   3.51e-08   1.05e-06   2.71e-03   2.66e-10   9.14e-05   9.78e-16   5.32e-12   5.85e-16   2.93e-18   
1.00000e+02  8.97e-15   9.97e-01   4.67e-08   1.56e-06   3.24e-03   3.51e-10   5.44e-06   2.02e-15   8.86e-12   1.27e-15   6.34e-18   
1.15478e+02  5.68e-17   4.10e-01   1.27e-05   3.56e-04   5.90e-01   9.64e-08   7.80e-12   6.62e-13   2.34e-09   4.36e-13   4.59e-17   
1.33352e+02  7.18e-17   5.33e-01   1.81e-05   3.68e-04   4.66e-01   1.38e-07   4.13e-12   1.01e-12   2.85e-09   7.21e-13   7.85e-17   
1.53993e+02  7.63e-17   5.59e-01   3.10e-05   4.68e-04   4.40e-01   2.46e-07   2.54e-12   1.99e-12   4.34e-09   1.55e-12   1.77e-16   
1.77828e+02  7.08e-17   5.23e-01   6.23e-05   7.05e-04   4.76e-01   5.17e-07   1.63e-12   4.93e-12   7.91e-09   4.11e-12   5.36e-16   
2.05353e+02  5.84e-17   4.21e-01   1.40e-04   1.23e-03   5.77e-01   1.26e-06   9.87e-13   1.58e-11   1.69e-08   1.33e-11   2.28e-15   
2.37137e+02  4.96e-17   3.16e-01   3.04e-04   2.12e-03   6.81e-01   3.00e-06   6.29e-13   5.80e-11   3.65e-08   4.43e-11   1.05e-14   
2.73842e+02  4.55e-17   2.53e-01   6.05e-04   3.45e-03   7.43e-01   6.77e-06   4.51e-13   2.06e-10   7.56e-08   1.43e-10   4.11e-14   
3.16228e+02  4.30e-17   2.07e-01   1.15e-03   5.51e-03   7.86e-01   1.48e-05   3.42e-13   6.84e-10   1.54e-07   4.58e-10   1.43e-13   
3.65174e+02  4.15e-17   1.72e-01   2.11e-03   8.63e-03   8.17e-01   3.11e-05   2.68e-13   2.10e-09   3.06e-07   1.44e-09   4.34e-13   
4.21697e+02  4.04e-17   1.44e-01   3.74e-03   1.35e-02   8.39e-01   6.16e-05   2.18e-13   6.04e-09   5.99e-07   4.38e-09   1.13e-12   
4.86968e+02  3.97e-17   1.20e-01   6.39e-03   2.09e-02   8.53e-01   1.12e-04   1.83e-13   1.63e-08   1.17e-06   1.28e-08   2.49e-12   
5.62341e+02  3.94e-17   9.84e-02   1.04e-02   3.17e-02   8.59e-01   1.86e-04   1.57e-13   4.11e-08   2.21e-06   3.47e-08   5.88e-12   
6.49382e+02  3.94e-17   7.64e-02   1.58e-02   4.70e-02   8.61e-01   2.79e-04   1.28e-13   9.44e-08   3.88e-06   8.48e-08   2.17e-11   
7.49894e+02  3.68e-17   5.31e-02   2.44e-02   7.05e-02   8.52e-01   4.24e-04   9.20e-14   2.08e-07   6.91e-06   1.93e-07   1.15e-10   
8.65964e+02  3.14e-17   1.71e-02   3.88e-02   1.07e-01   8.37e-01   6.71e-04   3.04e-14   4.33e-07   1.20e-05   4.13e-07   1.23e-09   
1.00000e+03  2.82e-17   9.74e-03   6.05e-02   1.46e-01   7.82e-01   9.95e-04   1.75e-14   7.75e-07   1.83e-05   7.44e-07   9.56e-09   
1.15478e+03  2.62e-17   1.32e-02   8.48e-02   1.90e-01   7.11e-01   1.43e-03   2.38e-14   1.31e-06   2.71e-05   1.26e-06   2.20e-08   
1.33352e+03  2.55e-17   1.75e-02   1.21e-01   2.47e-01   6.13e-01   2.04e-03   3.18e-14   2.31e-06   4.05e-05   2.22e-06   5.26e-08   
1.53993e+03  2.79e-17   2.09e-02   1.74e-01   3.29e-01   4.73e-01   2.87e-03   3.84e-14   4.88e-06   6.60e-05   4.62e-06   1.44e-07   
1.77828e+03  4.01e-17   1.93e-02   2.45e-01   4.52e-01   2.80e-01   3.79e-03   3.57e-14   1.46e-05   1.26e-04   1.33e-05   5.17e-07   
2.05353e+03  8.60e-17   1.19e-02   3.00e-01   5.72e-01   1.11e-01   4.56e-03   2.22e-14   5.94e-05   2.40e-04   4.74e-05   2.17e-06   
2.37137e+03  1.85e-16   7.28e-03   3.21e-01   6.20e-01   4.45e-02   6.63e-03   1.37e-14   1.90e-04   3.50e-04   1.18e-04   6.36e-06   
2.73842e+03  2.72e-16   6.55e-03   3.34e-01   6.18e-01   2.65e-02   1.36e-02   1.24e-14   3.63e-04   3.87e-04   1.61e-04   1.10e-05   
3.16228e+03  3.19e-16   7.15e-03   3.64e-01   5.86e-01   1.99e-02   2.19e-02   1.36e-14   5.20e-04   3.79e-04   1.61e-04   1.42e-05   
3.65174e+03  3.48e-16   8.09e-03   4.09e-01   5.41e-01   1.61e-02   2.51e-02   1.55e-14   6.42e-04   3.54e-04   1.47e-04   1.63e-05   
4.21697e+03  3.68e-16   9.11e-03   4.57e-01   4.95e-01   1.35e-02   2.46e-02   1.75e-14   7.04e-04   3.29e-04   1.29e-04   1.75e-05   
4.86968e+03  3.85e-16   1.00e-02   5.05e-01   4.50e-01   1.15e-02   2.29e-02   1.93e-14   7.07e-04   3.02e-04   1.12e-04   1.82e-05   
5.62341e+03  3.98e-16   1.08e-02   5.48e-01   4.09e-01   9.92e-03   2.11e-02   2.09e-14   6.71e-04   2.74e-04   9.57e-05   1.83e-05   
6.49382e+03  4.07e-16   1.14e-02   5.84e-01   3.75e-01   8.69e-03   1.94e-02   2.21e-14   6.06e-04   2.50e-04   8.17e-05   1.81e-05   
7.49894e+03  4.11e-16   1.19e-02   6.16e-01   3.46e-01   7.74e-03   1.79e-02   2.31e-14   5.31e-04   2.28e-04   7.01e-05   1.76e-05   
8.65964e+03  4.10e-16   1.21e-02   6.41e-01   3.22e-01   7.00e-03   1.67e-02   2.36e-14   4.54e-04   2.09e-04   6.00e-05   1.69e-05   
1.00000e+04  4.03e-16   1.21e-02   6.65e-01   3.00e-01   6.42e-03   1.59e-02   2.36e-14   3.84e-04   1.92e-04   5.13e-05   1.60e-05   
1.15478e+04  3.93e-16   1.18e-02   6.84e-01   2.82e-01   5.98e-03   1.53e-02   2.29e-14   3.26e-04   1.77e-04   4.43e-05   1.50e-05   
1.33352e+04  3.79e-16   1.12e-02   7.01e-01   2.66e-01   5.62e-03   1.51e-02   2.18e-14   2.79e-04   1.66e-04   3.85e-05   1.39e-05   
1.53993e+04  3.65e-16   1.03e-02   7.15e-01   2.54e-01   5.29e-03   1.53e-02   2.02e-14   2.46e-04   1.56e-04   3.40e-05   1.28e-05   
1.77828e+04  3.53e-16   9.31e-03   7.27e-01   2.42e-01   4.95e-03   1.58e-02   1.82e-14   2.23e-04   1.48e-04   3.06e-05   1.18e-05   
2.05353e+04  3.43e-16   8.31e-03   7.38e-01   2.32e-01   4.61e-03   1.66e-02   1.63e-14   2.09e-04   1.42e-04   2.79e-05   1.09e-05   
2.37137e+04  3.33e-16   7.42e-03   7.48e-01   2.23e-01   4.33e-03   1.75e-02   1.46e-14   2.00e-04   1.37e-04   2.57e-05   9.91e-06   
2.73842e+04  3.20e-16   6.71e-03   7.58e-01   2.12e-01   4.06e-03   1.83e-02   1.33e-14   1.92e-04   1.31e-04   2.36e-05   8.86e-06   
3.16228e+04  3.03e-16   6.21e-03   7.69e-01   2.01e-01   3.90e-03   1.90e-02   1.22e-14   1.83e-04   1.24e-04   2.13e-05   7.72e-06   
3.65174e+04  2.80e-16   5.83e-03   7.80e-01   1.90e-01   3.83e-03   1.97e-02   1.16e-14   1.70e-04   1.18e-04   1.89e-05   6.55e-06   
4.21697e+04  2.50e-16   5.59e-03   7.91e-01   1.79e-01   3.88e-03   2.04e-02   1.11e-14   1.55e-04   1.10e-04   1.63e-05   5.39e-06   
4.86968e+04  2.16e-16   5.42e-03   8.01e-01   1.68e-01   4.08e-03   2.12e-02   1.08e-14   1.40e-04   1.03e-04   1.38e-05   4.28e-06   
5.62341e+04  1.79e-16   5.37e-03   8.11e-01   1.57e-01   4.47e-03   2.21e-02   1.07e-14   1.22e-04   9.50e-05   1.15e-05   3.27e-06   
6.49382e+04  1.40e-16   5.43e-03   8.19e-01   1.47e-01   5.14e-03   2.36e-02   1.09e-14   1.05e-04   8.76e-05   9.33e-06   2.40e-06   
7.49894e+04  1.03e-16   5.71e-03   8.24e-01   1.38e-01   6.31e-03   2.59e-02   1.16e-14   8.73e-05   8.08e-05   7.39e-06   1.69e-06   
8.65964e+04  6.94e-17   6.27e-03   8.26e-01   1.30e-01   8.36e-03   2.95e-02   1.28e-14   6.90e-05   7.39e-05   5.68e-06   1.13e-06   
1.00000e+05  4.24e-17   7.34e-03   8.22e-01   1.23e-01   1.21e-02   3.54e-02   1.50e-14   5.10e-05   6.78e-05   4.20e-06   7.11e-07   
1.15478e+05  2.31e-17   9.29e-03   8.08e-01   1.18e-01   1.94e-02   4.45e-02   1.92e-14   3.44e-05   6.22e-05   2.98e-06   4.18e-07   
1.33352e+05  1.14e-17   1.28e-02   7.79e-01   1.16e-01   3.39e-02   5.86e-02   2.66e-14   2.05e-05   5.70e-05   2.01e-06   2.27e-07   
1.53993e+05  5.24e-18   1.89e-02   7.27e-01   1.13e-01   6.26e-02   7.84e-02   3.95e-14   1.07e-05   5.06e-05   1.27e-06   1.12e-07   
1.77828e+05  2.29e-18   2.99e-02   6.41e-01   1.08e-01   1.18e-01   1.03e-01   6.24e-14   4.71e-06   4.12e-05   7.07e-07   4.58e-08   
2.05353e+05  7.17e-19   6.05e-02   4.39e-01   8.51e-02   3.04e-01   1.11e-01   1.26e-13   9.86e-07   2.25e-05   2.02e-07   8.14e-09   
2.37137e+05  2.21e-19   9.47e-02   1.04e-01   3.18e-02   7.61e-01   8.20e-03   1.97e-13   4.33e-08   3.69e-06   1.35e-08   2.11e-10   
2.73842e+05  1.74e-19   1.13e-01   1.17e-01   3.67e-02   7.24e-01   8.91e-03   2.34e-13   4.82e-08   4.20e-06   1.44e-08   2.17e-10   
3.16228e+05  1.38e-19   1.42e-01   1.42e-01   4.48e-02   6.60e-01   1.07e-02   2.95e-13   5.76e-08   5.06e-06   1.67e-08   2.57e-10   
3.65174e+05  1.10e-19   1.81e-01   1.75e-01   5.55e-02   5.75e-01   1.35e-02   3.74e-13   7.05e-08   6.22e-06   1.98e-08   3.15e-10   
4.21697e+05  8.84e-20   2.25e-01   2.16e-01   6.85e-02   4.73e-01   1.70e-02   4.69e-13   8.65e-08   7.64e-06   2.35e-08   3.89e-10   
4.86968e+05  7.35e-20   2.73e-01   2.60e-01   8.23e-02   3.63e-01   2.11e-02   5.69e-13   1.04e-07   9.18e-06   2.76e-08   4.72e-10   
5.62341e+05  6.40e-20   3.17e-01   3.02e-01   9.55e-02   2.59e-01   2.59e-02   6.60e-13   1.23e-07   1.07e-05   3.16e-08   5.60e-10   
6.49382e+05  5.91e-20   3.48e-01   3.37e-01   1.06e-01   1.78e-01   3.11e-02   7.22e-13   1.41e-07   1.20e-05   3.50e-08   6.46e-10   
7.49894e+05  5.82e-20   3.59e-01   3.66e-01   1.14e-01   1.22e-01   3.82e-02   7.48e-13   1.63e-07   1.34e-05   3.90e-08   7.53e-10   
8.65964e+05  2.78e-18   2.14e-02   7.88e-01   1.14e-01   2.47e-03   7.38e-02   4.50e-14   9.07e-06   5.40e-05   1.01e-06   7.02e-08   
1.00000e+06  7.30e-19   6.04e-02   6.56e-01   1.22e-01   1.44e-02   1.47e-01   1.26e-13   2.18e-06   3.80e-05   4.07e-07   1.78e-08   
1.15478e+06  5.33e-20   3.74e-01   3.64e-01   1.15e-01   1.18e-01   2.87e-02   7.77e-13   1.48e-07   1.29e-05   4.07e-08   6.59e-10   
1.33352e+06  5.27e-20   3.87e-01   3.72e-01   1.17e-01   9.02e-02   3.27e-02   8.05e-13   1.54e-07   1.32e-05   3.91e-08   6.97e-10   
1.53993e+06  5.82e-20   3.64e-01   3.94e-01   1.21e-01   7.60e-02   4.50e-02   7.56e-13   1.86e-07   1.46e-05   4.33e-08   8.61e-10   
1.77828e+06  6.35e-20   3.48e-01   3.67e-01   1.09e-01   1.48e-01   2.88e-02   7.24e-13   1.49e-07   1.25e-05   4.42e-08   7.49e-10   
2.05353e+06  5.26e-20   3.88e-01   3.71e-01   1.17e-01   9.17e-02   3.21e-02   8.05e-13   1.54e-07   1.32e-05   3.92e-08   6.92e-10   
2.37137e+06  2.94e-18   2.16e-02   7.86e-01   1.14e-01   2.40e-03   7.69e-02   4.56e-14   9.08e-06   5.37e-05   1.04e-06   7.58e-08   
2.73842e+06  5.24e-20   3.86e-01   3.69e-01   1.17e-01   9.76e-02   3.09e-02   8.02e-13   1.52e-07   1.31e-05   3.95e-08   6.80e-10   
3.16228e+06  1.92e-18   3.05e-02   7.41e-01   1.19e-01   4.92e-03   1.05e-01   6.42e-14   5.69e-06   4.93e-05   8.19e-07   5.13e-08   
3.65174e+06  5.41e-20   3.82e-01   3.79e-01   1.19e-01   8.30e-02   3.70e-02   7.96e-13   1.65e-07   1.37e-05   4.01e-08   7.50e-10   
4.21697e+06  5.25e-20   3.86e-01   3.69e-01   1.17e-01   9.65e-02   3.10e-02   8.01e-13   1.52e-07   1.31e-05   3.94e-08   6.80e-10   
4.86968e+06  5.28e-20   3.79e-01   3.65e-01   1.16e-01   1.11e-01   2.93e-02   7.87e-13   1.50e-07   1.30e-05   4.05e-08   6.68e-10   
5.62341e+06  5.27e-20   3.81e-01   3.66e-01   1.16e-01   1.07e-01   2.96e-02   7.91e-13   1.50e-07   1.30e-05   4.02e-08   6.70e-10   
6.49382e+06  5.27e-20   3.87e-01   3.72e-01   1.18e-01   8.98e-02   3.30e-02   8.07e-13   1.55e-07   1.33e-05   3.93e-08   7.02e-10   
7.49894e+06  2.68e-18   2.17e-02   7.86e-01   1.15e-01   2.08e-03   7.49e-02   4.58e-14   8.98e-06   5.40e-05   9.99e-07   6.82e-08   
8.65964e+06  5.24e-20   3.87e-01   3.70e-01   1.17e-01   9.38e-02   3.18e-02   8.05e-13   1.53e-07   1.32e-05   3.95e-08   6.88e-10   
1.00000e+07  5.32e-20   3.74e-01   3.65e-01   1.16e-01   1.16e-01   2.90e-02   7.79e-13   1.50e-07   1.30e-05   4.10e-08   6.64e-10   
1.15478e+07  5.25e-20   3.85e-01   3.68e-01   1.17e-01   1.01e-01   3.05e-02   7.98e-13   1.51e-07   1.30e-05   3.98e-08   6.74e-10   
1.33352e+07  5.99e-20   3.56e-01   3.99e-01   1.22e-01   7.38e-02   4.85e-02   7.42e-13   1.97e-07   1.50e-05   4.53e-08   9.14e-10   
1.53993e+07  5.37e-20   3.85e-01   3.76e-01   1.18e-01   8.45e-02   3.56e-02   7.99e-13   1.61e-07   1.35e-05   3.95e-08   7.32e-10   
1.77828e+07  1.08e-18   3.36e-02   7.28e-01   1.36e-01   4.17e-03   9.83e-02   7.04e-14   4.63e-06   5.26e-05   6.65e-07   2.85e-08   
2.05353e+07  5.33e-20   3.86e-01   3.75e-01   1.18e-01   8.57e-02   3.49e-02   8.02e-13   1.60e-07   1.35e-05   3.96e-08   7.24e-10   
2.37137e+07  2.95e-18   2.15e-02   7.87e-01   1.14e-01   2.33e-03   7.59e-02   4.51e-14   9.22e-06   5.39e-05   1.05e-06   7.59e-08   
2.73842e+07  2.92e-18   2.12e-02   7.89e-01   1.14e-01   2.15e-03   7.44e-02   4.46e-14   9.33e-06   5.42e-05   1.04e-06   7.44e-08   
