! 0       *H + *CH3CO -> *CH3CHO
! 1       CH3CHO + GRAIN -> *CH3CHO + GRAIN
! 2       *CH3 + *HCO -> *CH3CHO
! 3       *CH3COCH3 + CRPhoton -> *CH3CHO + *CH2
! 4       *CH3COCH3 + ISPhoton -> *CH3CHO + *CH2
!            tot_rate   0          1          2          3          4          
1.00000e+00  6.51e-22   1.64e-11   1.70e-03   9.98e-01   1.06e-16   2.95e-26   
1.15478e+00  9.48e-22   2.26e-11   8.34e-04   9.99e-01   8.28e-17   2.30e-26   
1.33352e+00  1.36e-21   3.15e-11   3.76e-04   1.00e+00   6.34e-17   1.76e-26   
1.53993e+00  1.93e-21   4.62e-11   1.57e-04   1.00e+00   4.77e-17   1.33e-26   
1.77828e+00  2.72e-21   7.02e-11   6.25e-05   1.00e+00   3.53e-17   9.82e-27   
2.05353e+00  3.80e-21   1.13e-10   2.74e-05   1.00e+00   2.60e-17   7.21e-27   
2.37137e+00  5.27e-21   1.92e-10   1.72e-05   1.00e+00   1.92e-17   5.31e-27   
2.73842e+00  7.24e-21   3.44e-10   1.63e-05   1.00e+00   1.42e-17   3.96e-27   
3.16228e+00  9.87e-21   6.48e-10   1.85e-05   1.00e+00   1.09e-17   3.05e-27   
3.65174e+00  1.33e-20   1.27e-09   2.19e-05   1.00e+00   6.04e-17   1.68e-26   
4.21697e+00  1.78e-20   2.53e-09   2.56e-05   1.00e+00   4.66e-17   1.29e-26   
4.86968e+00  2.35e-20   5.15e-09   2.97e-05   1.00e+00   3.80e-17   1.06e-26   
5.62341e+00  3.07e-20   1.05e-08   3.39e-05   1.00e+00   3.49e-17   9.67e-27   
6.49382e+00  3.97e-20   2.16e-08   3.80e-05   1.00e+00   3.93e-17   1.09e-26   
7.49894e+00  5.09e-20   4.46e-08   4.20e-05   1.00e+00   5.89e-17   1.63e-26   
8.65964e+00  6.47e-20   9.12e-08   4.54e-05   1.00e+00   1.12e-16   3.12e-26   
1.00000e+01  8.16e-20   1.84e-07   4.83e-05   1.00e+00   2.45e-16   6.81e-26   
1.15478e+01  1.02e-19   3.64e-07   5.04e-05   1.00e+00   5.65e-16   1.57e-25   
1.33352e+01  1.26e-19   7.06e-07   5.19e-05   1.00e+00   1.32e-15   3.65e-25   
1.53993e+01  1.54e-19   1.35e-06   5.30e-05   1.00e+00   3.08e-15   8.57e-25   
1.77828e+01  1.88e-19   2.53e-06   5.32e-05   1.00e+00   7.18e-15   1.99e-24   
2.05353e+01  2.28e-19   4.69e-06   5.35e-05   1.00e+00   1.59e-14   4.43e-24   
2.37137e+01  2.77e-19   8.56e-06   5.31e-05   1.00e+00   3.43e-14   9.53e-24   
2.73842e+01  3.37e-19   1.55e-05   5.31e-05   1.00e+00   7.48e-14   2.08e-23   
3.16228e+01  4.13e-19   2.76e-05   5.33e-05   1.00e+00   1.63e-13   4.53e-23   
3.65174e+01  5.08e-19   4.88e-05   5.37e-05   1.00e+00   3.52e-13   9.76e-23   
4.21697e+01  6.33e-19   8.58e-05   5.47e-05   1.00e+00   7.57e-13   2.10e-22   
4.86968e+01  7.98e-19   1.50e-04   5.60e-05   1.00e+00   1.64e-12   4.56e-22   
5.62341e+01  1.02e-18   2.66e-04   5.79e-05   1.00e+00   3.64e-12   1.01e-21   
6.49382e+01  1.33e-18   4.81e-04   6.00e-05   9.99e-01   8.27e-12   2.31e-21   
7.49894e+01  1.71e-18   9.58e-04   6.43e-05   9.99e-01   2.08e-11   5.78e-21   
8.65964e+01  1.99e-18   2.55e-03   7.86e-05   9.97e-01   6.60e-11   1.83e-20   
1.00000e+02  1.01e-18   3.11e-02   2.21e-04   9.69e-01   5.99e-10   1.66e-19   
1.15478e+02  1.28e-16   1.00e+00   2.79e-05   3.74e-06   1.06e-10   2.95e-20   
1.33352e+02  1.76e-16   1.00e+00   4.26e-05   2.45e-06   2.26e-10   6.25e-20   
1.53993e+02  2.51e-16   1.00e+00   4.86e-05   1.44e-06   2.78e-10   7.73e-20   
1.77828e+02  3.91e-16   1.00e+00   4.48e-05   6.73e-07   2.56e-10   7.14e-20   
2.05353e+02  7.16e-16   1.00e+00   2.64e-05   2.14e-07   1.76e-10   4.90e-20   
2.37137e+02  1.26e-15   1.00e+00   9.52e-06   7.12e-08   1.14e-10   3.17e-20   
2.73842e+02  1.84e-15   1.00e+00   5.15e-06   3.36e-08   8.42e-11   2.34e-20   
3.16228e+02  2.35e-15   1.00e+00   4.72e-06   1.97e-08   6.94e-11   1.92e-20   
3.65174e+02  2.57e-15   1.00e+00   5.49e-06   1.40e-08   6.50e-11   1.81e-20   
4.21697e+02  2.22e-15   1.00e+00   8.06e-06   1.31e-08   7.61e-11   2.11e-20   
4.86968e+02  1.28e-15   1.00e+00   1.75e-05   1.89e-08   1.31e-10   3.65e-20   
5.62341e+02  3.87e-16   1.00e+00   7.23e-05   5.30e-08   4.31e-10   1.20e-19   
6.49382e+02  7.53e-17   1.00e+00   4.86e-04   2.19e-07   2.19e-09   6.08e-19   
7.49894e+02  5.50e-17   9.99e-01   8.92e-04   1.98e-07   2.94e-09   8.19e-19   
8.65964e+02  5.61e-17   9.99e-01   1.18e-03   5.35e-08   2.85e-09   7.92e-19   
1.00000e+03  5.62e-17   9.98e-01   1.63e-03   2.62e-08   2.79e-09   7.78e-19   
1.15478e+03  5.88e-17   9.98e-01   2.19e-03   3.03e-08   2.62e-09   7.29e-19   
1.33352e+03  6.34e-17   9.97e-01   3.04e-03   3.42e-08   2.40e-09   6.66e-19   
1.53993e+03  7.36e-17   9.96e-01   4.45e-03   3.60e-08   2.04e-09   5.66e-19   
1.77828e+03  9.96e-17   9.93e-01   7.14e-03   3.15e-08   1.56e-09   4.33e-19   
2.05353e+03  1.61e-16   9.87e-01   1.28e-02   2.07e-08   1.30e-09   3.61e-19   
2.37137e+03  2.43e-16   9.73e-01   2.73e-02   1.13e-08   2.32e-09   6.47e-19   
2.73842e+03  2.69e-16   9.32e-01   6.80e-02   7.80e-09   5.64e-09   1.57e-18   
3.16228e+03  2.48e-16   8.67e-01   1.33e-01   8.99e-09   1.11e-08   3.10e-18   
3.65174e+03  2.13e-16   8.11e-01   1.89e-01   1.27e-08   1.95e-08   5.44e-18   
4.21697e+03  1.80e-16   7.66e-01   2.34e-01   1.84e-08   3.19e-08   8.88e-18   
4.86968e+03  1.53e-16   7.26e-01   2.74e-01   2.59e-08   4.81e-08   1.34e-17   
5.62341e+03  1.32e-16   6.92e-01   3.08e-01   3.52e-08   6.78e-08   1.89e-17   
6.49382e+03  1.16e-16   6.64e-01   3.36e-01   4.62e-08   8.96e-08   2.51e-17   
7.49894e+03  1.04e-16   6.43e-01   3.57e-01   5.82e-08   1.13e-07   3.16e-17   
8.65964e+03  9.47e-17   6.26e-01   3.74e-01   7.07e-08   1.37e-07   3.83e-17   
1.00000e+04  8.77e-17   6.13e-01   3.87e-01   8.22e-08   1.60e-07   4.47e-17   
1.15478e+04  8.29e-17   6.03e-01   3.97e-01   9.07e-08   1.80e-07   5.01e-17   
1.33352e+04  8.05e-17   5.93e-01   4.07e-01   9.40e-08   1.94e-07   5.42e-17   
1.53993e+04  8.06e-17   5.82e-01   4.18e-01   9.14e-08   2.02e-07   5.66e-17   
1.77828e+04  8.33e-17   5.68e-01   4.32e-01   8.38e-08   2.08e-07   5.80e-17   
2.05353e+04  8.84e-17   5.52e-01   4.48e-01   7.36e-08   2.12e-07   5.92e-17   
2.37137e+04  9.51e-17   5.34e-01   4.66e-01   6.32e-08   2.19e-07   6.12e-17   
2.73842e+04  1.02e-16   5.16e-01   4.84e-01   5.40e-08   2.33e-07   6.50e-17   
3.16228e+04  1.09e-16   5.00e-01   5.00e-01   4.61e-08   2.51e-07   7.03e-17   
3.65174e+04  1.14e-16   4.84e-01   5.16e-01   3.92e-08   2.75e-07   7.66e-17   
4.21697e+04  1.17e-16   4.70e-01   5.30e-01   3.32e-08   2.99e-07   8.36e-17   
4.86968e+04  1.18e-16   4.56e-01   5.44e-01   2.79e-08   3.25e-07   9.05e-17   
5.62341e+04  1.16e-16   4.44e-01   5.56e-01   2.33e-08   3.51e-07   9.82e-17   
6.49382e+04  1.11e-16   4.31e-01   5.69e-01   1.92e-08   3.76e-07   1.05e-16   
7.49894e+04  1.02e-16   4.20e-01   5.80e-01   1.56e-08   4.01e-07   1.12e-16   
8.65964e+04  8.96e-17   4.11e-01   5.89e-01   1.27e-08   4.25e-07   1.18e-16   
1.00000e+05  7.51e-17   4.05e-01   5.95e-01   1.05e-08   4.46e-07   1.25e-16   
1.15478e+05  5.96e-17   4.04e-01   5.96e-01   8.76e-09   4.56e-07   1.28e-16   
1.33352e+05  4.46e-17   4.13e-01   5.87e-01   7.69e-09   4.48e-07   1.25e-16   
1.53993e+05  3.17e-17   4.32e-01   5.68e-01   7.29e-09   4.01e-07   1.12e-16   
1.77828e+05  2.10e-17   4.71e-01   5.29e-01   7.82e-09   3.14e-07   8.77e-17   
2.05353e+05  9.73e-18   5.60e-01   4.40e-01   1.18e-08   1.97e-07   5.52e-17   
2.37137e+05  1.40e-18   6.22e-01   3.78e-01   4.71e-08   3.12e-08   8.70e-18   
2.73842e+05  1.23e-18   6.28e-01   3.72e-01   5.54e-08   1.00e-08   2.80e-18   
3.16228e+05  1.12e-18   6.35e-01   3.65e-01   6.64e-08   9.74e-09   2.73e-18   
3.65174e+05  1.02e-18   6.45e-01   3.55e-01   7.93e-08   9.71e-09   2.71e-18   
4.21697e+05  9.32e-19   6.58e-01   3.42e-01   9.42e-08   9.62e-09   2.69e-18   
4.86968e+05  8.54e-19   6.74e-01   3.26e-01   1.11e-07   9.52e-09   2.66e-18   
5.62341e+05  7.94e-19   6.94e-01   3.06e-01   1.28e-07   9.36e-09   2.62e-18   
6.49382e+05  7.61e-19   7.16e-01   2.84e-01   1.43e-07   9.19e-09   2.58e-18   
7.49894e+05  7.78e-19   7.42e-01   2.58e-01   1.49e-07   9.18e-09   2.57e-18   
8.65964e+05  2.10e-17   4.42e-01   5.58e-01   1.22e-08   3.34e-07   9.34e-17   
1.00000e+06  1.21e-17   5.29e-01   4.71e-01   1.07e-08   1.85e-07   5.16e-17   
1.15478e+06  1.02e-18   6.48e-01   3.52e-01   8.23e-08   9.80e-09   2.75e-18   
1.33352e+06  8.23e-19   6.93e-01   3.07e-01   1.25e-07   9.54e-09   2.67e-18   
1.53993e+06  8.57e-19   7.46e-01   2.54e-01   1.38e-07   9.66e-09   2.71e-18   
1.77828e+06  1.38e-18   6.25e-01   3.75e-01   5.37e-08   1.01e-07   2.84e-17   
2.05353e+06  8.48e-19   6.85e-01   3.15e-01   1.19e-07   9.65e-09   2.70e-18   
2.37137e+06  2.30e-17   4.35e-01   5.65e-01   1.03e-08   3.69e-07   1.03e-16   
2.73842e+06  8.98e-19   6.71e-01   3.29e-01   1.06e-07   9.73e-09   2.73e-18   
3.16228e+06  2.00e-17   4.61e-01   5.39e-01   8.74e-09   3.13e-07   8.74e-17   
3.65174e+06  8.06e-19   7.17e-01   2.83e-01   1.38e-07   9.50e-09   2.66e-18   
4.21697e+06  8.92e-19   6.73e-01   3.27e-01   1.08e-07   9.75e-09   2.72e-18   
4.86968e+06  9.98e-19   6.52e-01   3.48e-01   8.71e-08   9.84e-09   2.76e-18   
5.62341e+06  9.72e-19   6.56e-01   3.44e-01   9.16e-08   9.83e-09   2.75e-18   
6.49382e+06  8.37e-19   6.91e-01   3.09e-01   1.23e-07   9.63e-09   2.69e-18   
7.49894e+06  2.07e-17   4.44e-01   5.56e-01   1.24e-08   3.23e-07   9.05e-17   
8.65964e+06  8.69e-19   6.79e-01   3.21e-01   1.14e-07   9.69e-09   2.70e-18   
1.00000e+07  1.03e-18   6.47e-01   3.53e-01   8.14e-08   9.86e-09   2.76e-18   
1.15478e+07  9.25e-19   6.65e-01   3.35e-01   1.01e-07   9.78e-09   2.74e-18   
1.33352e+07  9.12e-19   7.47e-01   2.53e-01   1.32e-07   9.92e-09   2.77e-18   
1.53993e+07  8.09e-19   7.10e-01   2.90e-01   1.35e-07   9.52e-09   2.66e-18   
1.77828e+07  1.11e-17   5.27e-01   4.73e-01   1.71e-08   4.31e-08   1.21e-17   
2.05353e+07  8.12e-19   7.06e-01   2.94e-01   1.32e-07   9.54e-09   2.67e-18   
2.37137e+07  2.29e-17   4.36e-01   5.64e-01   1.05e-08   3.68e-07   1.03e-16   
2.73842e+07  2.22e-17   4.37e-01   5.63e-01   1.13e-08   3.57e-07   1.00e-16   
