! 0       CH3OCH3 + H3+ -> H2 + CH3OCH4+
! 1       CH3OH + CH3+ -> CH3OCH4+
! 2       CH3OCH3 + HCO+ -> CO + CH3OCH4+
! 3       CH3OCH3 + H3O+ -> H2O + CH3OCH4+
! 4       CH3OH + CH3OH2+ -> H2O + CH3OCH4+
!            tot_rate   0          1          2          3          4          
1.00000e+00  6.68e-22   2.90e-06   1.00e+00   2.50e-09   4.34e-09   2.37e-10   
1.15478e+00  3.83e-22   3.60e-06   1.00e+00   3.32e-09   5.40e-09   1.32e-10   
1.33352e+00  2.01e-22   4.51e-06   1.00e+00   4.47e-09   6.82e-09   6.77e-11   
1.53993e+00  9.58e-23   5.73e-06   1.00e+00   6.11e-09   8.66e-09   3.13e-11   
1.77828e+00  4.06e-23   7.44e-06   1.00e+00   8.55e-09   1.13e-08   1.32e-11   
2.05353e+00  1.51e-23   9.87e-06   1.00e+00   1.22e-08   1.51e-08   5.01e-12   
2.37137e+00  4.81e-24   1.36e-05   1.00e+00   1.80e-08   2.08e-08   1.86e-12   
2.73842e+00  1.29e-24   1.98e-05   1.00e+00   2.81e-08   3.06e-08   8.22e-13   
3.16228e+00  2.85e-25   3.46e-05   1.00e+00   5.23e-08   5.37e-08   5.33e-13   
3.65174e+00  5.08e-26   1.09e-04   1.00e+00   1.75e-07   1.70e-07   4.78e-13   
4.21697e+00  8.28e-27   7.60e-04   9.99e-01   1.30e-06   1.20e-06   4.77e-13   
4.86968e+00  3.04e-27   3.28e-03   9.97e-01   5.92e-06   5.26e-06   4.87e-13   
5.62341e+00  3.69e-27   4.56e-03   9.95e-01   8.60e-06   7.38e-06   5.04e-13   
6.49382e+00  5.56e-27   5.11e-03   9.95e-01   1.01e-05   8.40e-06   5.24e-13   
7.49894e+00  8.42e-27   5.71e-03   9.94e-01   1.17e-05   9.57e-06   5.45e-13   
8.65964e+00  1.26e-26   6.50e-03   9.93e-01   1.37e-05   1.11e-05   5.75e-13   
1.00000e+01  1.86e-26   7.46e-03   9.93e-01   1.63e-05   1.31e-05   6.06e-13   
1.15478e+01  2.72e-26   8.74e-03   9.91e-01   1.96e-05   1.56e-05   6.50e-13   
1.33352e+01  3.96e-26   1.02e-02   9.90e-01   2.35e-05   1.89e-05   7.02e-13   
1.53993e+01  5.75e-26   1.20e-02   9.88e-01   2.82e-05   2.28e-05   7.67e-13   
1.77828e+01  8.36e-26   1.41e-02   9.86e-01   3.40e-05   2.79e-05   8.51e-13   
2.05353e+01  1.22e-25   1.66e-02   9.83e-01   4.12e-05   3.43e-05   9.59e-13   
2.37137e+01  1.80e-25   1.96e-02   9.80e-01   5.02e-05   4.25e-05   1.10e-12   
2.73842e+01  2.66e-25   2.33e-02   9.77e-01   6.16e-05   5.33e-05   1.28e-12   
3.16228e+01  4.00e-25   2.77e-02   9.72e-01   7.65e-05   6.75e-05   1.54e-12   
3.65174e+01  6.09e-25   3.35e-02   9.66e-01   9.61e-05   8.69e-05   1.89e-12   
4.21697e+01  9.41e-25   4.06e-02   9.59e-01   1.22e-04   1.14e-04   2.39e-12   
4.86968e+01  1.48e-24   4.98e-02   9.50e-01   1.59e-04   1.52e-04   3.14e-12   
5.62341e+01  2.41e-24   6.18e-02   9.38e-01   2.10e-04   2.07e-04   4.27e-12   
6.49382e+01  4.03e-24   7.87e-02   9.21e-01   2.85e-04   2.93e-04   6.06e-12   
7.49894e+01  7.00e-24   1.03e-01   8.96e-01   4.06e-04   4.32e-04   9.02e-12   
8.65964e+01  1.25e-23   1.42e-01   8.57e-01   6.10e-04   6.76e-04   1.39e-11   
1.00000e+02  1.82e-23   2.11e-01   7.87e-01   1.01e-03   1.16e-03   1.99e-11   
1.15478e+02  1.44e-22   9.86e-01   2.82e-03   5.28e-03   6.39e-03   7.08e-14   
1.33352e+02  2.69e-22   9.84e-01   2.19e-03   5.98e-03   7.58e-03   9.17e-14   
1.53993e+02  5.33e-22   9.82e-01   1.68e-03   6.97e-03   9.22e-03   1.25e-13   
1.77828e+02  1.18e-21   9.79e-01   1.26e-03   8.23e-03   1.14e-02   1.75e-13   
2.05353e+02  3.19e-21   9.75e-01   9.25e-04   9.81e-03   1.42e-02   2.56e-13   
2.37137e+02  8.67e-21   9.69e-01   7.22e-04   1.19e-02   1.80e-02   4.18e-13   
2.73842e+02  1.99e-20   9.62e-01   5.99e-04   1.45e-02   2.32e-02   7.45e-13   
3.16228e+02  4.01e-20   9.52e-01   5.13e-04   1.76e-02   2.97e-02   1.40e-12   
3.65174e+02  7.00e-20   9.40e-01   4.72e-04   2.14e-02   3.79e-02   2.77e-12   
4.21697e+02  9.70e-20   9.26e-01   4.84e-04   2.58e-02   4.81e-02   5.95e-12   
4.86968e+02  9.30e-20   9.09e-01   6.33e-04   3.08e-02   6.00e-02   1.56e-11   
5.62341e+02  5.12e-20   8.89e-01   1.61e-03   3.65e-02   7.31e-02   7.68e-11   
6.49382e+02  2.01e-20   8.62e-01   9.37e-03   4.30e-02   8.52e-02   8.33e-10   
7.49894e+02  1.83e-20   8.23e-01   3.30e-02   4.91e-02   9.48e-02   5.40e-09   
8.65964e+02  2.44e-20   7.01e-01   1.59e-01   4.96e-02   9.06e-02   6.52e-08   
1.00000e+03  4.27e-20   4.38e-01   4.63e-01   3.65e-02   6.23e-02   7.14e-07   
1.15478e+03  5.73e-20   3.66e-01   5.41e-01   3.61e-02   5.69e-02   1.55e-06   
1.33352e+03  8.22e-20   3.03e-01   6.08e-01   3.61e-02   5.23e-02   3.44e-06   
1.53993e+03  1.35e-19   2.52e-01   6.58e-01   3.84e-02   5.11e-02   8.29e-06   
1.77828e+03  2.87e-19   2.13e-01   6.82e-01   4.70e-02   5.78e-02   2.43e-05   
2.05353e+03  7.53e-19   2.01e-01   6.43e-01   7.32e-02   8.32e-02   1.03e-04   
2.37137e+03  1.42e-18   2.47e-01   4.79e-01   1.36e-01   1.38e-01   3.46e-04   
2.73842e+03  1.61e-18   3.33e-01   2.52e-01   2.17e-01   1.96e-01   8.51e-04   
3.16228e+03  1.63e-18   3.67e-01   1.70e-01   2.54e-01   2.07e-01   1.53e-03   
3.65174e+03  1.59e-18   3.67e-01   1.75e-01   2.60e-01   1.95e-01   2.38e-03   
4.21697e+03  1.51e-18   3.59e-01   2.01e-01   2.57e-01   1.79e-01   3.43e-03   
4.86968e+03  1.43e-18   3.48e-01   2.34e-01   2.50e-01   1.64e-01   4.64e-03   
5.62341e+03  1.37e-18   3.36e-01   2.69e-01   2.39e-01   1.49e-01   5.89e-03   
6.49382e+03  1.34e-18   3.25e-01   3.05e-01   2.28e-01   1.35e-01   7.04e-03   
7.49894e+03  1.33e-18   3.14e-01   3.41e-01   2.14e-01   1.23e-01   7.97e-03   
8.65964e+03  1.33e-18   3.05e-01   3.74e-01   2.02e-01   1.11e-01   8.58e-03   
1.00000e+04  1.34e-18   2.98e-01   4.03e-01   1.89e-01   1.01e-01   8.82e-03   
1.15478e+04  1.36e-18   2.96e-01   4.24e-01   1.79e-01   9.29e-02   8.62e-03   
1.33352e+04  1.39e-18   3.00e-01   4.35e-01   1.71e-01   8.66e-02   8.16e-03   
1.53993e+04  1.43e-18   3.11e-01   4.32e-01   1.67e-01   8.26e-02   7.49e-03   
1.77828e+04  1.49e-18   3.31e-01   4.15e-01   1.66e-01   8.05e-02   6.65e-03   
2.05353e+04  1.57e-18   3.60e-01   3.86e-01   1.67e-01   8.08e-02   5.76e-03   
2.37137e+04  1.68e-18   3.96e-01   3.49e-01   1.69e-01   8.12e-02   4.85e-03   
2.73842e+04  1.79e-18   4.36e-01   3.11e-01   1.68e-01   8.16e-02   3.95e-03   
3.16228e+04  1.90e-18   4.79e-01   2.74e-01   1.64e-01   8.05e-02   3.11e-03   
3.65174e+04  1.99e-18   5.22e-01   2.41e-01   1.57e-01   7.79e-02   2.37e-03   
4.21697e+04  2.05e-18   5.67e-01   2.12e-01   1.45e-01   7.38e-02   1.74e-03   
4.86968e+04  2.03e-18   6.09e-01   1.90e-01   1.31e-01   6.88e-02   1.24e-03   
5.62341e+04  1.95e-18   6.52e-01   1.72e-01   1.13e-01   6.26e-02   8.62e-04   
6.49382e+04  1.77e-18   6.90e-01   1.60e-01   9.39e-02   5.57e-02   5.88e-04   
7.49894e+04  1.50e-18   7.25e-01   1.53e-01   7.38e-02   4.83e-02   3.88e-04   
8.65964e+04  1.19e-18   7.53e-01   1.52e-01   5.50e-02   4.05e-02   2.49e-04   
1.00000e+05  8.49e-19   7.71e-01   1.58e-01   3.85e-02   3.29e-02   1.54e-04   
1.15478e+05  5.47e-19   7.79e-01   1.70e-01   2.56e-02   2.58e-02   9.14e-05   
1.33352e+05  3.17e-19   7.77e-01   1.87e-01   1.64e-02   1.99e-02   5.02e-05   
1.53993e+05  1.64e-19   7.69e-01   2.06e-01   1.03e-02   1.54e-02   2.51e-05   
1.77828e+05  7.20e-20   7.56e-01   2.25e-01   6.48e-03   1.25e-02   1.11e-05   
2.05353e+05  1.46e-20   7.26e-01   2.60e-01   3.40e-03   1.03e-02   2.96e-06   
2.37137e+05  4.58e-22   6.04e-01   3.84e-01   1.49e-03   1.01e-02   5.04e-07   
2.73842e+05  3.99e-22   5.88e-01   4.01e-01   1.39e-03   9.44e-03   4.56e-07   
3.16228e+05  3.80e-22   5.61e-01   4.29e-01   1.32e-03   8.71e-03   4.50e-07   
3.65174e+05  3.68e-22   5.32e-01   4.59e-01   1.25e-03   8.03e-03   4.56e-07   
4.21697e+05  3.62e-22   5.03e-01   4.89e-01   1.19e-03   7.37e-03   4.64e-07   
4.86968e+05  3.63e-22   4.77e-01   5.15e-01   1.12e-03   6.75e-03   4.71e-07   
5.62341e+05  3.71e-22   4.53e-01   5.40e-01   1.07e-03   6.23e-03   4.80e-07   
6.49382e+05  3.90e-22   4.36e-01   5.57e-01   1.03e-03   5.83e-03   4.93e-07   
7.49894e+05  4.37e-22   4.30e-01   5.63e-01   1.02e-03   5.54e-03   5.13e-07   
8.65964e+05  1.18e-19   8.00e-01   1.82e-01   6.86e-03   1.13e-02   1.27e-05   
1.00000e+06  2.49e-20   7.48e-01   2.37e-01   3.89e-03   1.02e-02   3.90e-06   
1.15478e+06  3.74e-22   5.26e-01   4.65e-01   1.24e-03   7.85e-03   4.59e-07   
1.33352e+06  3.81e-22   4.57e-01   5.36e-01   1.08e-03   6.28e-03   4.81e-07   
1.53993e+06  4.93e-22   4.42e-01   5.51e-01   1.05e-03   5.55e-03   5.25e-07   
1.77828e+06  4.72e-22   5.82e-01   4.07e-01   1.45e-03   9.51e-03   5.27e-07   
2.05353e+06  3.80e-22   4.66e-01   5.26e-01   1.10e-03   6.45e-03   4.76e-07   
2.37137e+06  1.25e-19   7.98e-01   1.83e-01   7.20e-03   1.18e-02   1.42e-05   
2.73842e+06  3.75e-22   4.83e-01   5.09e-01   1.15e-03   6.85e-03   4.69e-07   
3.16228e+06  7.83e-20   7.77e-01   2.06e-01   6.02e-03   1.14e-02   9.99e-06   
3.65174e+06  4.14e-22   4.42e-01   5.51e-01   1.05e-03   5.85e-03   4.98e-07   
4.21697e+06  3.76e-22   4.81e-01   5.11e-01   1.14e-03   6.81e-03   4.71e-07   
4.86968e+06  3.76e-22   5.16e-01   4.76e-01   1.22e-03   7.60e-03   4.60e-07   
5.62341e+06  3.76e-22   5.08e-01   4.84e-01   1.20e-03   7.39e-03   4.60e-07   
6.49382e+06  3.85e-22   4.60e-01   5.33e-01   1.09e-03   6.31e-03   4.81e-07   
7.49894e+06  1.15e-19   8.00e-01   1.82e-01   6.74e-03   1.12e-02   1.23e-05   
8.65964e+06  3.79e-22   4.72e-01   5.20e-01   1.12e-03   6.60e-03   4.72e-07   
1.00000e+07  3.78e-22   5.28e-01   4.62e-01   1.25e-03   7.87e-03   4.57e-07   
1.15478e+07  3.75e-22   4.93e-01   4.99e-01   1.17e-03   7.07e-03   4.67e-07   
1.33352e+07  5.32e-22   4.50e-01   5.44e-01   1.08e-03   5.61e-03   5.36e-07   
1.53993e+07  4.04e-22   4.46e-01   5.47e-01   1.05e-03   5.94e-03   4.90e-07   
1.77828e+07  3.99e-20   7.45e-01   2.42e-01   4.29e-03   8.85e-03   4.74e-06   
2.05353e+07  3.99e-22   4.49e-01   5.44e-01   1.06e-03   6.02e-03   4.86e-07   
2.37137e+07  1.26e-19   7.99e-01   1.82e-01   7.18e-03   1.18e-02   1.41e-05   
2.73842e+07  1.25e-19   8.00e-01   1.81e-01   7.08e-03   1.16e-02   1.37e-05   
