! 0       *H2 + *H2 -> *H2 + H2
! 1       H2 + GRAIN -> *H2 + GRAIN
! 2       *H + *H -> *H2
! 3       *H + *HCO -> *CO + *H2
! 4       *H + *H2CO -> *HCO + *H2
! 5       *H + *HNO -> *NO + *H2
! 6       *CH4 + CRPhoton -> *CH2 + *H2
! 7       *H + *CH3O -> *H2CO + *H2
! 8       *H + *HOCO -> *H2 + *CO2
! 9       *CH3CH3 + CRPhoton -> *C2H4 + *H2
!            tot_rate   0          1          2          3          4          5          6          7          8          9          
1.00000e+00  8.38e-08   5.00e-01   5.00e-01   2.35e-21   1.68e-10   1.24e-17   3.44e-15   4.65e-17   1.07e-13   9.99e-13   9.19e-20   
1.15478e+00  8.38e-08   5.00e-01   5.00e-01   2.43e-21   2.21e-10   1.66e-17   4.70e-15   6.59e-17   1.69e-13   2.10e-12   1.59e-19   
1.33352e+00  8.38e-08   5.00e-01   5.00e-01   2.47e-21   2.86e-10   2.21e-17   6.41e-15   9.34e-17   2.61e-13   4.40e-12   2.73e-19   
1.53993e+00  8.38e-08   5.00e-01   5.00e-01   2.61e-21   3.77e-10   3.00e-17   8.89e-15   1.32e-16   4.07e-13   9.39e-12   4.67e-19   
1.77828e+00  8.40e-08   5.00e-01   5.00e-01   2.71e-21   4.89e-10   4.01e-17   1.23e-14   1.88e-16   6.19e-13   1.99e-11   7.89e-19   
2.05353e+00  8.40e-08   5.00e-01   5.00e-01   2.82e-21   6.35e-10   5.37e-17   1.69e-14   2.69e-16   9.40e-13   4.20e-11   1.32e-18   
2.37137e+00  8.40e-08   5.00e-01   5.00e-01   2.95e-21   8.20e-10   7.18e-17   2.35e-14   3.86e-16   1.42e-12   8.92e-11   2.21e-18   
2.73842e+00  8.40e-08   5.00e-01   5.00e-01   3.11e-21   1.05e-09   9.57e-17   3.26e-14   5.54e-16   2.13e-12   1.89e-10   3.64e-18   
3.16228e+00  8.40e-08   5.00e-01   5.00e-01   3.26e-21   1.35e-09   1.27e-16   4.54e-14   8.00e-16   3.20e-12   3.99e-10   5.94e-18   
3.65174e+00  8.40e-08   5.00e-01   5.00e-01   3.45e-21   1.71e-09   1.69e-16   6.33e-14   1.16e-15   4.80e-12   8.40e-10   9.57e-18   
4.21697e+00  8.42e-08   5.00e-01   5.00e-01   3.67e-21   2.17e-09   2.23e-16   8.86e-14   1.69e-15   7.15e-12   1.76e-09   1.52e-17   
4.86968e+00  8.42e-08   5.00e-01   5.00e-01   3.93e-21   2.74e-09   2.96e-16   1.25e-13   2.49e-15   1.07e-11   3.62e-09   2.38e-17   
5.62341e+00  8.44e-08   5.00e-01   5.00e-01   4.22e-21   3.45e-09   3.89e-16   1.77e-13   3.68e-15   1.58e-11   7.35e-09   3.67e-17   
6.49382e+00  8.44e-08   5.00e-01   5.00e-01   4.59e-21   4.31e-09   5.11e-16   2.51e-13   5.53e-15   2.35e-11   1.46e-08   5.58e-17   
7.49894e+00  8.46e-08   5.00e-01   5.00e-01   4.98e-21   5.37e-09   6.68e-16   3.57e-13   8.37e-15   3.45e-11   2.77e-08   8.33e-17   
8.65964e+00  8.46e-08   5.00e-01   5.00e-01   5.40e-21   6.64e-09   8.70e-16   5.09e-13   1.29e-14   5.06e-11   5.02e-08   1.23e-16   
1.00000e+01  8.48e-08   5.00e-01   5.00e-01   5.79e-21   8.10e-09   1.12e-15   7.19e-13   1.99e-14   7.30e-11   8.55e-08   1.77e-16   
1.15478e+01  8.50e-08   5.00e-01   5.00e-01   6.14e-21   9.75e-09   1.42e-15   1.01e-12   3.13e-14   1.04e-10   1.36e-07   2.52e-16   
1.33352e+01  8.52e-08   5.00e-01   5.00e-01   6.47e-21   1.16e-08   1.81e-15   1.40e-12   4.94e-14   1.47e-10   2.03e-07   3.52e-16   
1.53993e+01  8.54e-08   5.00e-01   5.00e-01   6.79e-21   1.37e-08   2.28e-15   1.92e-12   7.86e-14   2.05e-10   2.88e-07   4.86e-16   
1.77828e+01  8.58e-08   5.00e-01   5.00e-01   7.17e-21   1.62e-08   2.88e-15   2.63e-12   1.25e-13   2.83e-10   3.96e-07   6.61e-16   
2.05353e+01  8.60e-08   5.00e-01   5.00e-01   7.65e-21   1.90e-08   3.65e-15   3.63e-12   2.00e-13   3.92e-10   5.35e-07   8.92e-16   
2.37137e+01  8.64e-08   5.00e-01   5.00e-01   8.24e-21   2.21e-08   4.64e-15   4.98e-12   3.21e-13   5.37e-10   7.12e-07   1.19e-15   
2.73842e+01  8.68e-08   5.00e-01   5.00e-01   8.99e-21   2.57e-08   5.97e-15   6.84e-12   5.18e-13   7.36e-10   9.40e-07   1.59e-15   
3.16228e+01  8.74e-08   5.00e-01   5.00e-01   9.97e-21   2.97e-08   7.72e-15   9.43e-12   8.42e-13   1.01e-09   1.24e-06   2.11e-15   
3.65174e+01  8.80e-08   5.00e-01   5.00e-01   1.13e-20   3.42e-08   1.02e-14   1.31e-11   1.39e-12   1.37e-09   1.61e-06   2.78e-15   
4.21697e+01  8.86e-08   5.00e-01   5.00e-01   1.32e-20   3.93e-08   1.37e-14   1.84e-11   2.31e-12   1.91e-09   2.10e-06   3.71e-15   
4.86968e+01  8.94e-08   5.00e-01   5.00e-01   1.62e-20   4.46e-08   1.88e-14   2.63e-11   3.97e-12   2.65e-09   2.73e-06   4.96e-15   
5.62341e+01  9.02e-08   5.00e-01   5.00e-01   2.11e-20   5.03e-08   2.68e-14   3.85e-11   7.04e-12   3.76e-09   3.53e-06   6.65e-15   
6.49382e+01  9.12e-08   5.00e-01   5.00e-01   3.04e-20   5.57e-08   4.06e-14   5.90e-11   1.30e-11   5.47e-09   4.56e-06   9.00e-15   
7.49894e+01  9.22e-08   5.00e-01   5.00e-01   5.23e-20   5.98e-08   6.71e-14   9.82e-11   2.61e-11   8.26e-09   5.90e-06   1.23e-14   
8.65964e+01  9.34e-08   5.00e-01   5.00e-01   1.32e-19   5.86e-08   1.34e-13   1.96e-10   5.88e-11   1.30e-08   7.61e-06   1.69e-14   
1.00000e+02  9.48e-08   5.00e-01   5.00e-01   1.34e-18   3.62e-08   5.22e-13   7.80e-10   1.62e-10   1.72e-08   9.43e-06   2.36e-14   
1.15478e+02  9.62e-08   5.00e-01   5.00e-01   1.37e-11   3.54e-09   1.73e-09   2.82e-06   1.46e-08   7.80e-11   2.42e-08   4.70e-11   
1.33352e+02  9.78e-08   5.00e-01   5.00e-01   2.59e-11   4.16e-09   2.36e-09   4.04e-06   5.17e-08   8.34e-11   3.92e-08   1.83e-10   
1.53993e+02  9.94e-08   5.00e-01   5.00e-01   5.23e-11   5.13e-09   3.36e-09   5.94e-06   1.09e-07   9.57e-11   4.30e-08   3.79e-10   
1.77828e+02  1.01e-07   5.00e-01   5.00e-01   1.28e-10   6.96e-09   5.24e-09   9.45e-06   1.91e-07   1.27e-10   3.66e-08   6.29e-10   
2.05353e+02  1.03e-07   5.00e-01   5.00e-01   4.43e-10   1.13e-08   9.66e-09   1.75e-05   3.04e-07   2.17e-10   2.38e-08   8.70e-10   
2.37137e+02  1.05e-07   5.00e-01   5.00e-01   1.50e-09   1.99e-08   1.77e-08   3.18e-05   4.49e-07   3.92e-10   1.50e-08   9.90e-10   
2.73842e+02  1.07e-07   5.00e-01   5.00e-01   3.86e-09   3.26e-08   2.84e-08   4.92e-05   6.20e-07   6.26e-10   1.07e-08   1.03e-09   
3.16228e+02  1.09e-07   5.00e-01   5.00e-01   8.89e-09   5.22e-08   4.36e-08   7.05e-05   8.23e-07   9.60e-10   8.15e-09   1.05e-09   
3.65174e+02  1.12e-07   5.00e-01   5.00e-01   1.99e-08   8.57e-08   6.84e-08   9.75e-05   1.06e-06   1.51e-09   6.38e-09   1.06e-09   
4.21697e+02  1.14e-07   5.00e-01   4.99e-01   4.43e-08   1.47e-07   1.15e-07   1.32e-04   1.31e-06   2.53e-09   5.07e-09   1.06e-09   
4.86968e+02  1.17e-07   5.00e-01   5.00e-01   1.00e-07   2.65e-07   2.12e-07   1.74e-04   1.61e-06   4.68e-09   4.07e-09   1.07e-09   
5.62341e+02  1.20e-07   5.00e-01   4.99e-01   2.35e-07   5.11e-07   4.34e-07   2.24e-04   1.92e-06   9.57e-09   3.23e-09   1.07e-09   
6.49382e+02  1.23e-07   5.00e-01   5.00e-01   6.35e-07   1.08e-06   9.72e-07   2.82e-04   2.26e-06   2.15e-08   2.44e-09   1.07e-09   
7.49894e+02  1.27e-07   5.00e-01   5.00e-01   2.55e-06   2.80e-06   2.63e-06   3.44e-04   2.62e-06   5.80e-08   1.54e-09   1.07e-09   
8.65964e+02  1.30e-07   5.00e-01   5.00e-01   5.86e-05   1.74e-05   1.68e-05   3.33e-04   3.00e-06   3.69e-07   4.12e-10   1.08e-09   
1.00000e+03  1.34e-07   5.00e-01   4.99e-01   3.91e-04   5.69e-05   5.50e-05   2.65e-06   3.43e-06   1.21e-06   2.05e-10   1.10e-09   
1.15478e+03  1.38e-07   5.00e-01   4.99e-01   4.41e-04   7.77e-05   7.48e-05   3.30e-06   3.88e-06   1.65e-06   2.51e-10   1.12e-09   
1.33352e+03  1.41e-07   5.00e-01   4.99e-01   4.85e-04   1.05e-04   1.01e-04   4.27e-06   4.38e-06   2.24e-06   3.16e-10   1.15e-09   
1.53993e+03  1.44e-07   5.00e-01   4.99e-01   5.20e-04   1.41e-04   1.37e-04   5.77e-06   4.89e-06   3.02e-06   4.05e-10   1.18e-09   
1.77828e+03  1.47e-07   5.00e-01   4.99e-01   5.44e-04   1.89e-04   1.83e-04   8.63e-06   5.40e-06   4.04e-06   5.25e-10   1.25e-09   
2.05353e+03  1.50e-07   5.00e-01   4.99e-01   5.52e-04   2.49e-04   2.41e-04   1.53e-05   5.83e-06   5.32e-06   6.82e-10   1.34e-09   
2.37137e+03  1.51e-07   5.00e-01   4.99e-01   5.40e-04   3.21e-04   3.11e-04   3.34e-05   6.03e-06   6.87e-06   8.92e-10   1.47e-09   
2.73842e+03  1.53e-07   5.00e-01   4.99e-01   4.99e-04   3.97e-04   3.85e-04   7.27e-05   5.94e-06   8.52e-06   1.17e-09   1.68e-09   
3.16228e+03  1.53e-07   5.00e-01   4.99e-01   4.59e-04   4.74e-04   4.59e-04   1.14e-04   5.74e-06   1.01e-05   1.49e-09   1.98e-09   
3.65174e+03  1.54e-07   5.00e-01   4.99e-01   4.34e-04   5.55e-04   5.38e-04   1.36e-04   5.53e-06   1.19e-05   1.83e-09   2.38e-09   
4.21697e+03  1.54e-07   5.00e-01   4.98e-01   4.24e-04   6.41e-04   6.22e-04   1.45e-04   5.36e-06   1.37e-05   2.17e-09   2.89e-09   
4.86968e+03  1.54e-07   5.00e-01   4.98e-01   4.24e-04   7.32e-04   7.06e-04   1.48e-04   5.24e-06   1.57e-05   2.49e-09   3.53e-09   
5.62341e+03  1.55e-07   5.00e-01   4.98e-01   4.35e-04   8.21e-04   7.95e-04   1.46e-04   5.17e-06   1.76e-05   2.78e-09   4.31e-09   
6.49382e+03  1.55e-07   5.00e-01   4.97e-01   4.56e-04   9.11e-04   8.85e-04   1.41e-04   5.19e-06   1.95e-05   3.01e-09   5.27e-09   
7.49894e+03  1.55e-07   5.00e-01   4.97e-01   4.90e-04   1.00e-03   9.68e-04   1.35e-04   5.32e-06   2.14e-05   3.16e-09   6.43e-09   
8.65964e+03  1.55e-07   5.00e-01   4.97e-01   5.39e-04   1.08e-03   1.05e-03   1.28e-04   5.60e-06   2.32e-05   3.21e-09   7.87e-09   
1.00000e+04  1.55e-07   5.00e-01   4.97e-01   6.07e-04   1.15e-03   1.12e-03   1.21e-04   6.07e-06   2.47e-05   3.15e-09   9.61e-09   
1.15478e+04  1.55e-07   5.00e-01   4.97e-01   6.96e-04   1.20e-03   1.17e-03   1.15e-04   6.77e-06   2.59e-05   2.98e-09   1.17e-08   
1.33352e+04  1.55e-07   5.00e-01   4.97e-01   8.18e-04   1.24e-03   1.20e-03   1.08e-04   7.79e-06   2.66e-05   2.73e-09   1.44e-08   
1.53993e+04  1.55e-07   5.00e-01   4.97e-01   9.73e-04   1.24e-03   1.21e-03   1.03e-04   9.21e-06   2.68e-05   2.43e-09   1.78e-08   
1.77828e+04  1.55e-07   5.00e-01   4.97e-01   1.16e-03   1.22e-03   1.20e-03   9.85e-05   1.09e-05   2.64e-05   2.12e-09   2.23e-08   
2.05353e+04  1.55e-07   5.00e-01   4.96e-01   1.36e-03   1.18e-03   1.15e-03   9.59e-05   1.32e-05   2.55e-05   1.83e-09   2.81e-08   
2.37137e+04  1.55e-07   5.00e-01   4.96e-01   1.57e-03   1.12e-03   1.09e-03   9.33e-05   1.58e-05   2.42e-05   1.59e-09   3.60e-08   
2.73842e+04  1.56e-07   5.00e-01   4.96e-01   1.77e-03   1.04e-03   1.02e-03   9.07e-05   1.88e-05   2.26e-05   1.38e-09   4.68e-08   
3.16228e+04  1.56e-07   5.00e-01   4.96e-01   1.98e-03   9.57e-04   9.38e-04   8.74e-05   2.20e-05   2.08e-05   1.21e-09   6.16e-08   
3.65174e+04  1.56e-07   5.00e-01   4.96e-01   2.18e-03   8.67e-04   8.48e-04   8.22e-05   2.54e-05   1.88e-05   1.05e-09   8.16e-08   
4.21697e+04  1.56e-07   5.00e-01   4.96e-01   2.39e-03   7.70e-04   7.51e-04   7.64e-05   2.87e-05   1.66e-05   8.98e-10   1.10e-07   
4.86968e+04  1.56e-07   5.00e-01   4.96e-01   2.60e-03   6.61e-04   6.48e-04   6.93e-05   3.18e-05   1.44e-05   7.50e-10   1.47e-07   
5.62341e+04  1.56e-07   5.00e-01   4.96e-01   2.83e-03   5.58e-04   5.47e-04   6.08e-05   3.45e-05   1.20e-05   6.15e-10   1.97e-07   
6.49382e+04  1.56e-07   5.00e-01   4.96e-01   3.05e-03   4.54e-04   4.46e-04   5.17e-05   3.66e-05   9.80e-06   4.89e-10   2.64e-07   
7.49894e+04  1.56e-07   5.00e-01   4.96e-01   3.30e-03   3.56e-04   3.49e-04   4.21e-05   3.81e-05   7.68e-06   3.76e-10   3.51e-07   
8.65964e+04  1.56e-07   5.00e-01   4.96e-01   3.53e-03   2.68e-04   2.63e-04   3.25e-05   3.88e-05   5.81e-06   2.78e-10   4.60e-07   
1.00000e+05  1.56e-07   5.00e-01   4.96e-01   3.75e-03   1.94e-04   1.90e-04   2.32e-05   3.88e-05   4.19e-06   1.99e-10   5.93e-07   
1.15478e+05  1.56e-07   5.00e-01   4.96e-01   3.96e-03   1.34e-04   1.33e-04   1.50e-05   3.83e-05   2.92e-06   1.38e-10   7.49e-07   
1.33352e+05  1.56e-07   5.00e-01   4.96e-01   4.13e-03   9.16e-05   8.96e-05   8.71e-06   3.76e-05   1.98e-06   9.35e-11   9.16e-07   
1.53993e+05  1.56e-07   5.00e-01   4.95e-01   4.27e-03   6.26e-05   6.14e-05   4.48e-06   3.74e-05   1.35e-06   6.37e-11   1.08e-06   
1.77828e+05  1.56e-07   5.00e-01   4.95e-01   4.38e-03   4.35e-05   4.26e-05   2.06e-06   3.81e-05   9.42e-07   4.39e-11   1.22e-06   
2.05353e+05  1.56e-07   5.00e-01   4.95e-01   4.48e-03   2.82e-05   2.76e-05   6.20e-07   4.13e-05   6.10e-07   2.78e-11   1.32e-06   
2.37137e+05  1.56e-07   5.00e-01   4.95e-01   4.59e-03   1.42e-05   1.39e-05   1.10e-07   4.96e-05   3.06e-07   1.34e-11   1.31e-06   
2.73842e+05  1.56e-07   5.00e-01   4.95e-01   4.59e-03   1.31e-05   1.29e-05   8.97e-08   5.58e-05   2.84e-07   1.26e-11   1.24e-06   
3.16228e+05  1.56e-07   5.00e-01   4.95e-01   4.58e-03   1.31e-05   1.28e-05   7.82e-08   6.11e-05   2.83e-07   1.26e-11   1.13e-06   
3.65174e+05  1.56e-07   5.00e-01   4.95e-01   4.57e-03   1.32e-05   1.29e-05   7.05e-08   6.60e-05   2.85e-07   1.27e-11   1.01e-06   
4.21697e+05  1.56e-07   5.00e-01   4.95e-01   4.56e-03   1.33e-05   1.30e-05   6.60e-08   7.18e-05   2.87e-07   1.28e-11   8.91e-07   
4.86968e+05  1.56e-07   5.00e-01   4.95e-01   4.56e-03   1.34e-05   1.31e-05   6.29e-08   7.69e-05   2.90e-07   1.29e-11   7.63e-07   
5.62341e+05  1.56e-07   5.00e-01   4.95e-01   4.54e-03   1.35e-05   1.33e-05   6.10e-08   8.14e-05   2.92e-07   1.30e-11   6.41e-07   
6.49382e+05  1.56e-07   5.00e-01   4.95e-01   4.54e-03   1.37e-05   1.34e-05   6.03e-08   8.65e-05   2.95e-07   1.32e-11   5.34e-07   
7.49894e+05  1.56e-07   5.00e-01   4.95e-01   4.53e-03   1.38e-05   1.35e-05   6.13e-08   9.04e-05   2.99e-07   1.34e-11   4.44e-07   
8.65964e+05  1.56e-07   5.00e-01   4.95e-01   4.34e-03   3.54e-05   3.46e-05   1.54e-06   7.65e-05   7.65e-07   3.82e-11   5.34e-07   
1.00000e+06  1.56e-07   5.00e-01   4.95e-01   4.47e-03   2.80e-05   2.75e-05   5.44e-07   4.74e-05   6.06e-07   2.83e-11   1.26e-06   
1.15478e+06  1.56e-07   5.00e-01   4.95e-01   4.57e-03   1.33e-05   1.30e-05   6.66e-08   6.79e-05   2.87e-07   1.28e-11   1.00e-06   
1.33352e+06  1.56e-07   5.00e-01   4.95e-01   4.54e-03   1.36e-05   1.33e-05   6.12e-08   8.20e-05   2.93e-07   1.31e-11   6.66e-07   
1.53993e+06  1.56e-07   5.00e-01   4.95e-01   4.52e-03   1.40e-05   1.37e-05   6.36e-08   9.16e-05   3.02e-07   1.36e-11   4.47e-07   
1.77828e+06  1.56e-07   5.00e-01   4.95e-01   4.58e-03   1.49e-05   1.47e-05   7.81e-08   5.25e-05   3.23e-07   1.42e-11   1.28e-06   
2.05353e+06  1.56e-07   5.00e-01   4.95e-01   4.54e-03   1.35e-05   1.33e-05   6.17e-08   8.07e-05   2.93e-07   1.31e-11   7.11e-07   
2.37137e+06  1.56e-07   5.00e-01   4.95e-01   4.33e-03   3.80e-05   3.72e-05   1.63e-06   6.49e-05   8.23e-07   4.08e-11   7.20e-07   
2.73842e+06  1.56e-07   5.00e-01   4.95e-01   4.55e-03   1.35e-05   1.32e-05   6.28e-08   7.69e-05   2.91e-07   1.29e-11   8.01e-07   
3.16228e+06  1.56e-07   5.00e-01   4.95e-01   4.39e-03   3.60e-05   3.53e-05   1.18e-06   5.03e-05   7.77e-07   3.76e-11   1.07e-06   
3.65174e+06  1.56e-07   5.00e-01   4.95e-01   4.54e-03   1.38e-05   1.35e-05   6.11e-08   8.72e-05   2.97e-07   1.33e-11   5.49e-07   
4.21697e+06  1.56e-07   5.00e-01   4.95e-01   4.55e-03   1.35e-05   1.32e-05   6.27e-08   7.75e-05   2.91e-07   1.30e-11   7.95e-07   
4.86968e+06  1.56e-07   5.00e-01   4.95e-01   4.56e-03   1.33e-05   1.31e-05   6.54e-08   7.05e-05   2.88e-07   1.28e-11   9.68e-07   
5.62341e+06  1.56e-07   5.00e-01   4.95e-01   4.56e-03   1.34e-05   1.31e-05   6.47e-08   7.18e-05   2.89e-07   1.29e-11   9.23e-07   
6.49382e+06  1.56e-07   5.00e-01   4.95e-01   4.54e-03   1.36e-05   1.33e-05   6.14e-08   8.20e-05   2.94e-07   1.31e-11   6.79e-07   
7.49894e+06  1.56e-07   5.00e-01   4.95e-01   4.35e-03   3.47e-05   3.40e-05   1.51e-06   7.78e-05   7.46e-07   3.74e-11   5.54e-07   
8.65964e+06  1.56e-07   5.00e-01   4.95e-01   4.55e-03   1.35e-05   1.33e-05   6.21e-08   7.88e-05   2.92e-07   1.30e-11   7.50e-07   
1.00000e+07  1.56e-07   5.00e-01   4.95e-01   4.56e-03   1.33e-05   1.30e-05   6.66e-08   6.86e-05   2.87e-07   1.28e-11   1.02e-06   
1.15478e+07  1.56e-07   5.00e-01   4.95e-01   4.56e-03   1.35e-05   1.31e-05   6.35e-08   7.50e-05   2.90e-07   1.29e-11   8.52e-07   
1.33352e+07  1.56e-07   5.00e-01   4.95e-01   4.52e-03   1.41e-05   1.38e-05   6.54e-08   9.23e-05   3.04e-07   1.37e-11   4.49e-07   
1.53993e+07  1.56e-07   5.00e-01   4.95e-01   4.54e-03   1.37e-05   1.34e-05   6.10e-08   8.59e-05   2.96e-07   1.33e-11   5.83e-07   
1.77828e+07  1.56e-07   5.00e-01   4.95e-01   4.45e-03   2.28e-05   2.23e-05   6.80e-07   9.18e-05   4.91e-07   2.33e-11   4.42e-07   
2.05353e+07  1.56e-07   5.00e-01   4.95e-01   4.54e-03   1.37e-05   1.34e-05   6.10e-08   8.52e-05   2.95e-07   1.32e-11   6.02e-07   
2.37137e+07  1.56e-07   5.00e-01   4.95e-01   4.33e-03   3.78e-05   3.70e-05   1.63e-06   6.68e-05   8.16e-07   4.07e-11   7.00e-07   
2.73842e+07  1.56e-07   5.00e-01   4.95e-01   4.33e-03   3.68e-05   3.60e-05   1.61e-06   7.13e-05   7.97e-07   3.96e-11   6.30e-07   
