! 0       *H + *OCN -> *HNCO
! 1       HNCO + GRAIN -> *HNCO + GRAIN
!            tot_rate   0          1          
1.00000e+00  7.51e-17   1.00e+00   5.50e-08   
1.15478e+00  1.02e-16   1.00e+00   6.25e-08   
1.33352e+00  1.37e-16   1.00e+00   7.19e-08   
1.53993e+00  1.87e-16   1.00e+00   8.13e-08   
1.77828e+00  2.55e-16   1.00e+00   9.25e-08   
2.05353e+00  3.47e-16   1.00e+00   1.05e-07   
2.37137e+00  4.72e-16   1.00e+00   1.21e-07   
2.73842e+00  6.44e-16   1.00e+00   1.37e-07   
3.16228e+00  8.78e-16   1.00e+00   1.56e-07   
3.65174e+00  1.20e-15   1.00e+00   1.77e-07   
4.21697e+00  1.64e-15   1.00e+00   2.02e-07   
4.86968e+00  2.26e-15   1.00e+00   2.27e-07   
5.62341e+00  3.11e-15   1.00e+00   2.57e-07   
6.49382e+00  4.29e-15   1.00e+00   2.91e-07   
7.49894e+00  5.94e-15   1.00e+00   3.27e-07   
8.65964e+00  8.21e-15   1.00e+00   3.69e-07   
1.00000e+01  1.13e-14   1.00e+00   4.19e-07   
1.15478e+01  1.54e-14   1.00e+00   4.77e-07   
1.33352e+01  2.08e-14   1.00e+00   5.43e-07   
1.53993e+01  2.79e-14   1.00e+00   6.20e-07   
1.77828e+01  3.72e-14   1.00e+00   7.04e-07   
2.05353e+01  4.91e-14   1.00e+00   7.98e-07   
2.37137e+01  6.44e-14   1.00e+00   8.96e-07   
2.73842e+01  8.38e-14   1.00e+00   9.99e-07   
3.16228e+01  1.08e-13   1.00e+00   1.10e-06   
3.65174e+01  1.39e-13   1.00e+00   1.21e-06   
4.21697e+01  1.76e-13   1.00e+00   1.31e-06   
4.86968e+01  2.22e-13   1.00e+00   1.41e-06   
5.62341e+01  2.78e-13   1.00e+00   1.51e-06   
6.49382e+01  3.46e-13   1.00e+00   1.62e-06   
7.49894e+01  4.25e-13   1.00e+00   1.74e-06   
8.65964e+01  5.19e-13   1.00e+00   1.88e-06   
1.00000e+02  6.18e-13   1.00e+00   2.09e-06   
1.15478e+02  1.39e-13   1.00e+00   7.48e-06   
1.33352e+02  1.29e-13   1.00e+00   5.58e-06   
1.53993e+02  1.06e-13   1.00e+00   5.43e-06   
1.77828e+02  6.75e-14   1.00e+00   7.05e-06   
2.05353e+02  2.84e-14   1.00e+00   1.27e-05   
2.37137e+02  1.10e-14   1.00e+00   2.47e-05   
2.73842e+02  5.36e-15   1.00e+00   4.63e-05   
3.16228e+02  2.84e-15   1.00e+00   9.72e-05   
3.65174e+02  1.54e-15   1.00e+00   2.28e-04   
4.21697e+02  8.33e-16   9.99e-01   5.76e-04   
4.86968e+02  4.48e-16   9.98e-01   1.54e-03   
5.62341e+02  2.33e-16   9.96e-01   4.38e-03   
6.49382e+02  1.11e-16   9.86e-01   1.37e-02   
7.49894e+02  4.47e-17   9.52e-01   4.80e-02   
8.65964e+02  2.00e-17   8.56e-01   1.44e-01   
1.00000e+03  2.04e-17   8.23e-01   1.77e-01   
1.15478e+03  2.15e-17   8.00e-01   2.00e-01   
1.33352e+03  2.29e-17   7.77e-01   2.23e-01   
1.53993e+03  2.61e-17   7.48e-01   2.52e-01   
1.77828e+03  3.46e-17   7.08e-01   2.92e-01   
2.05353e+03  5.69e-17   6.54e-01   3.46e-01   
2.37137e+03  9.52e-17   5.80e-01   4.20e-01   
2.73842e+03  1.19e-16   4.97e-01   5.03e-01   
3.16228e+03  1.18e-16   4.58e-01   5.42e-01   
3.65174e+03  1.15e-16   4.49e-01   5.51e-01   
4.21697e+03  1.11e-16   4.42e-01   5.58e-01   
4.86968e+03  1.04e-16   4.38e-01   5.63e-01   
5.62341e+03  9.52e-17   4.36e-01   5.64e-01   
6.49382e+03  8.61e-17   4.37e-01   5.63e-01   
7.49894e+03  7.74e-17   4.38e-01   5.62e-01   
8.65964e+03  6.94e-17   4.41e-01   5.59e-01   
1.00000e+04  6.24e-17   4.44e-01   5.56e-01   
1.15478e+04  5.65e-17   4.48e-01   5.52e-01   
1.33352e+04  5.19e-17   4.51e-01   5.49e-01   
1.53993e+04  4.86e-17   4.53e-01   5.47e-01   
1.77828e+04  4.67e-17   4.52e-01   5.48e-01   
2.05353e+04  4.63e-17   4.49e-01   5.51e-01   
2.37137e+04  4.69e-17   4.46e-01   5.54e-01   
2.73842e+04  4.79e-17   4.41e-01   5.59e-01   
3.16228e+04  4.86e-17   4.36e-01   5.64e-01   
3.65174e+04  4.86e-17   4.32e-01   5.68e-01   
4.21697e+04  4.75e-17   4.29e-01   5.71e-01   
4.86968e+04  4.49e-17   4.28e-01   5.72e-01   
5.62341e+04  4.09e-17   4.28e-01   5.72e-01   
6.49382e+04  3.52e-17   4.29e-01   5.71e-01   
7.49894e+04  2.85e-17   4.35e-01   5.65e-01   
8.65964e+04  2.13e-17   4.45e-01   5.55e-01   
1.00000e+05  1.43e-17   4.63e-01   5.37e-01   
1.15478e+05  8.52e-18   4.92e-01   5.08e-01   
1.33352e+05  4.41e-18   5.35e-01   4.65e-01   
1.53993e+05  1.98e-18   6.01e-01   3.99e-01   
1.77828e+05  7.64e-19   6.91e-01   3.09e-01   
2.05353e+05  1.76e-19   8.46e-01   1.54e-01   
2.37137e+05  2.47e-20   9.72e-01   2.83e-02   
2.73842e+05  2.23e-20   9.73e-01   2.72e-02   
3.16228e+05  2.11e-20   9.73e-01   2.66e-02   
3.65174e+05  2.03e-20   9.74e-01   2.64e-02   
4.21697e+05  1.99e-20   9.74e-01   2.63e-02   
4.86968e+05  1.96e-20   9.73e-01   2.65e-02   
5.62341e+05  1.96e-20   9.73e-01   2.69e-02   
6.49382e+05  2.00e-20   9.72e-01   2.77e-02   
7.49894e+05  2.07e-20   9.71e-01   2.95e-02   
8.65964e+05  8.01e-19   5.92e-01   4.08e-01   
1.00000e+06  1.91e-19   7.94e-01   2.06e-01   
1.15478e+06  1.99e-20   9.74e-01   2.64e-02   
1.33352e+06  1.98e-20   9.73e-01   2.71e-02   
1.53993e+06  2.16e-20   9.69e-01   3.12e-02   
1.77828e+06  2.16e-20   9.72e-01   2.78e-02   
2.05353e+06  1.98e-20   9.73e-01   2.69e-02   
2.37137e+06  8.41e-19   5.92e-01   4.08e-01   
2.73842e+06  1.97e-20   9.73e-01   2.68e-02   
3.16228e+06  5.24e-19   6.62e-01   3.38e-01   
3.65174e+06  2.03e-20   9.72e-01   2.85e-02   
4.21697e+06  1.97e-20   9.73e-01   2.68e-02   
4.86968e+06  1.98e-20   9.73e-01   2.66e-02   
5.62341e+06  1.98e-20   9.73e-01   2.65e-02   
6.49382e+06  1.98e-20   9.73e-01   2.72e-02   
7.49894e+06  7.76e-19   5.95e-01   4.05e-01   
8.65964e+06  1.97e-20   9.73e-01   2.70e-02   
1.00000e+07  1.99e-20   9.73e-01   2.65e-02   
1.15478e+07  1.97e-20   9.73e-01   2.67e-02   
1.33352e+07  2.21e-20   9.67e-01   3.26e-02   
1.53993e+07  2.02e-20   9.72e-01   2.79e-02   
1.77828e+07  2.84e-19   7.04e-01   2.96e-01   
2.05353e+07  2.01e-20   9.72e-01   2.78e-02   
2.37137e+07  8.46e-19   5.91e-01   4.09e-01   
2.73842e+07  8.39e-19   5.89e-01   4.11e-01   
