! 0       *H2O + CRPhoton -> *OH + *H
! 1       *H + *O -> *OH
! 2       *CH3OH + CRPhoton -> *OH + *CH3
! 3       *H + *H2O2 -> *H2O + *OH
! 4       OH + GRAIN -> *OH + GRAIN
! 5       *N + *HOCO -> *OH + *OCN
! 6       *H2O + CRPhoton -> *OH + *H
! 7       *CH3OH + CRPhoton -> *OH + *CH3
! 8       *HOCO + CRPhoton -> *OH + *CO
! 9       *O + *HNO -> *NO + *OH
!            tot_rate   0          1          2          3          4          5          6          7          8          9          
1.00000e+00  1.43e-13   1.30e-07   1.00e+00   2.64e-10   3.81e-20   1.70e-04   1.62e-05   7.62e-10   5.86e-12   6.52e-09   6.99e-08   
1.15478e+00  1.67e-13   1.75e-07   1.00e+00   2.32e-10   6.94e-20   1.56e-04   2.50e-05   1.02e-09   5.14e-12   1.16e-08   9.34e-08   
1.33352e+00  1.94e-13   2.37e-07   1.00e+00   2.06e-10   1.27e-19   1.42e-04   3.87e-05   1.39e-09   4.57e-12   2.07e-08   1.25e-07   
1.53993e+00  2.30e-13   3.15e-07   1.00e+00   1.82e-10   2.32e-19   1.27e-04   5.87e-05   1.85e-09   4.03e-12   3.62e-08   1.64e-07   
1.77828e+00  2.70e-13   4.26e-07   1.00e+00   1.66e-10   4.26e-19   1.14e-04   9.04e-05   2.48e-09   3.68e-12   6.41e-08   2.18e-07   
2.05353e+00  3.17e-13   5.71e-07   1.00e+00   1.58e-10   7.79e-19   1.01e-04   1.39e-04   3.34e-09   3.50e-12   1.13e-07   2.89e-07   
2.37137e+00  3.73e-13   7.72e-07   1.00e+00   1.59e-10   1.43e-18   8.95e-05   2.13e-04   4.53e-09   3.51e-12   1.99e-07   3.83e-07   
2.73842e+00  4.39e-13   1.04e-06   1.00e+00   1.71e-10   2.62e-18   7.86e-05   3.26e-04   6.10e-09   3.80e-12   3.51e-07   5.05e-07   
3.16228e+00  5.18e-13   1.40e-06   9.99e-01   1.99e-10   4.82e-18   6.87e-05   4.94e-04   8.22e-09   4.40e-12   6.12e-07   6.68e-07   
3.65174e+00  6.11e-13   1.90e-06   9.99e-01   2.47e-10   8.88e-18   6.00e-05   7.47e-04   1.11e-08   5.48e-12   1.06e-06   8.83e-07   
4.21697e+00  7.23e-13   2.55e-06   9.99e-01   3.24e-10   1.63e-17   5.22e-05   1.12e-03   1.49e-08   7.17e-12   1.81e-06   1.16e-06   
4.86968e+00  8.56e-13   3.43e-06   9.98e-01   4.39e-10   3.02e-17   4.52e-05   1.65e-03   2.01e-08   9.73e-12   3.06e-06   1.53e-06   
5.62341e+00  1.01e-12   4.62e-06   9.98e-01   6.10e-10   5.60e-17   3.94e-05   2.39e-03   2.71e-08   1.35e-11   5.08e-06   2.01e-06   
6.49382e+00  1.20e-12   6.19e-06   9.97e-01   8.55e-10   1.03e-16   3.41e-05   3.36e-03   3.63e-08   1.89e-11   8.11e-06   2.64e-06   
7.49894e+00  1.44e-12   8.21e-06   9.95e-01   1.19e-09   1.89e-16   2.97e-05   4.52e-03   4.82e-08   2.64e-11   1.25e-05   3.44e-06   
8.65964e+00  1.70e-12   1.10e-05   9.94e-01   1.68e-09   3.45e-16   2.61e-05   5.86e-03   6.47e-08   3.71e-11   1.83e-05   4.51e-06   
1.00000e+01  1.99e-12   1.47e-05   9.93e-01   2.36e-09   6.27e-16   2.32e-05   7.27e-03   8.62e-08   5.21e-11   2.56e-05   5.92e-06   
1.15478e+01  2.31e-12   1.98e-05   9.91e-01   3.34e-09   1.13e-15   2.10e-05   8.61e-03   1.16e-07   7.40e-11   3.42e-05   7.84e-06   
1.33352e+01  2.67e-12   2.66e-05   9.90e-01   4.69e-09   2.01e-15   1.92e-05   9.68e-03   1.56e-07   1.04e-10   4.31e-05   1.03e-05   
1.53993e+01  3.05e-12   3.57e-05   9.89e-01   6.58e-09   3.54e-15   1.79e-05   1.05e-02   2.10e-07   1.46e-10   5.24e-05   1.35e-05   
1.77828e+01  3.49e-12   4.81e-05   9.89e-01   9.23e-09   6.25e-15   1.67e-05   1.11e-02   2.82e-07   2.04e-10   6.13e-05   1.76e-05   
2.05353e+01  3.98e-12   6.46e-05   9.88e-01   1.29e-08   1.10e-14   1.59e-05   1.15e-02   3.80e-07   2.84e-10   7.04e-05   2.27e-05   
2.37137e+01  4.52e-12   8.71e-05   9.88e-01   1.79e-08   1.94e-14   1.53e-05   1.19e-02   5.11e-07   3.98e-10   7.98e-05   2.90e-05   
2.73842e+01  5.12e-12   1.17e-04   9.87e-01   2.52e-08   3.43e-14   1.49e-05   1.23e-02   6.87e-07   5.56e-10   8.92e-05   3.63e-05   
3.16228e+01  5.80e-12   1.58e-04   9.87e-01   3.50e-08   6.06e-14   1.47e-05   1.27e-02   9.25e-07   7.78e-10   9.87e-05   4.52e-05   
3.65174e+01  6.52e-12   2.13e-04   9.86e-01   4.94e-08   1.07e-13   1.48e-05   1.31e-02   1.25e-06   1.10e-09   1.08e-04   5.54e-05   
4.21697e+01  7.31e-12   2.86e-04   9.86e-01   6.99e-08   1.89e-13   1.52e-05   1.37e-02   1.68e-06   1.55e-09   1.16e-04   6.65e-05   
4.86968e+01  8.16e-12   3.86e-04   9.85e-01   9.99e-08   3.34e-13   1.58e-05   1.43e-02   2.25e-06   2.22e-09   1.23e-04   7.77e-05   
5.62341e+01  9.08e-12   5.18e-04   9.84e-01   1.44e-07   5.93e-13   1.70e-05   1.51e-02   3.04e-06   3.19e-09   1.25e-04   8.74e-05   
6.49382e+01  1.00e-11   6.97e-04   9.83e-01   2.11e-07   1.06e-12   1.84e-05   1.59e-02   4.08e-06   4.68e-09   1.23e-04   9.30e-05   
7.49894e+01  1.11e-11   9.28e-04   9.82e-01   3.14e-07   1.96e-12   2.06e-05   1.70e-02   5.46e-06   6.96e-09   1.10e-04   8.99e-05   
8.65964e+01  1.21e-11   1.25e-03   9.80e-01   4.78e-07   4.01e-12   2.37e-05   1.84e-02   7.33e-06   1.05e-08   8.24e-05   7.17e-05   
1.00000e+02  1.32e-11   1.68e-03   9.79e-01   7.09e-07   1.42e-11   2.81e-05   1.94e-02   9.86e-06   1.57e-08   2.97e-05   2.79e-05   
1.15478e+02  1.08e-11   2.81e-03   9.97e-01   9.60e-07   5.51e-08   4.50e-05   1.80e-05   1.64e-05   2.13e-08   2.93e-11   1.02e-08   
1.33352e+02  1.14e-11   3.46e-03   9.96e-01   9.09e-07   6.88e-08   5.78e-05   1.74e-05   2.03e-05   2.02e-08   3.30e-11   7.74e-09   
1.53993e+02  1.21e-11   4.23e-03   9.96e-01   8.63e-07   8.63e-08   7.65e-05   1.03e-05   2.48e-05   1.92e-08   2.43e-11   5.62e-09   
1.77828e+02  1.27e-11   5.13e-03   9.95e-01   8.29e-07   1.14e-07   1.04e-04   3.82e-06   3.01e-05   1.83e-08   1.26e-11   3.66e-09   
2.05353e+02  1.32e-11   6.23e-03   9.94e-01   7.96e-07   1.62e-07   1.46e-04   7.58e-07   3.65e-05   1.76e-08   4.32e-12   1.99e-09   
2.37137e+02  1.37e-11   7.51e-03   9.92e-01   7.66e-07   2.34e-07   2.08e-04   1.44e-07   4.40e-05   1.70e-08   1.43e-12   1.06e-09   
2.73842e+02  1.40e-11   9.05e-03   9.91e-01   7.55e-07   6.44e-07   3.01e-04   4.08e-08   5.32e-05   1.67e-08   6.29e-13   6.42e-10   
3.16228e+02  1.44e-11   1.09e-02   9.89e-01   7.45e-07   2.75e-06   4.33e-04   1.37e-08   6.38e-05   1.66e-08   3.11e-13   4.01e-10   
3.65174e+02  1.47e-11   1.30e-02   9.86e-01   7.48e-07   1.10e-05   6.11e-04   4.88e-09   7.62e-05   1.66e-08   1.61e-13   2.50e-10   
4.21697e+02  1.49e-11   1.55e-02   9.84e-01   7.76e-07   3.92e-05   8.43e-04   1.77e-09   9.03e-05   1.72e-08   8.50e-14   1.53e-10   
4.86968e+02  1.53e-11   1.82e-02   9.80e-01   8.37e-07   1.23e-04   1.12e-03   6.39e-10   1.07e-04   1.86e-08   4.50e-14   9.02e-11   
5.62341e+02  1.57e-11   2.13e-02   9.77e-01   1.01e-06   3.33e-04   1.44e-03   2.18e-10   1.25e-04   2.24e-08   2.30e-14   4.99e-11   
6.49382e+02  1.59e-11   2.50e-02   9.72e-01   1.47e-06   7.53e-04   1.77e-03   6.20e-11   1.47e-04   3.27e-08   1.05e-14   2.36e-11   
7.49894e+02  1.63e-11   2.91e-02   9.67e-01   2.82e-06   1.35e-03   2.09e-03   9.86e-12   1.71e-04   6.24e-08   3.29e-15   7.28e-12   
8.65964e+02  1.67e-11   3.38e-02   9.62e-01   9.32e-06   1.94e-03   2.39e-03   1.17e-13   1.98e-04   2.06e-07   1.82e-16   3.14e-13   
1.00000e+03  1.71e-11   3.94e-02   9.55e-01   5.77e-05   2.33e-03   2.68e-03   8.91e-15   2.31e-04   1.28e-06   3.48e-17   3.82e-16   
1.15478e+03  1.74e-11   4.57e-02   9.48e-01   1.41e-04   2.85e-03   3.01e-03   9.83e-15   2.68e-04   3.13e-06   3.99e-17   4.34e-16   
1.33352e+03  1.76e-11   5.34e-02   9.39e-01   2.73e-04   3.55e-03   3.46e-03   1.16e-14   3.13e-04   6.03e-06   4.79e-17   5.29e-16   
1.53993e+03  1.78e-11   6.19e-02   9.29e-01   4.78e-04   4.59e-03   4.10e-03   1.42e-14   3.64e-04   1.06e-05   5.91e-17   6.87e-16   
1.77828e+03  1.77e-11   7.28e-02   9.14e-01   8.07e-04   6.55e-03   5.24e-03   1.82e-14   4.28e-04   1.79e-05   7.62e-17   1.02e-15   
2.05353e+03  1.74e-11   8.70e-02   8.93e-01   1.34e-03   1.09e-02   7.20e-03   2.43e-14   5.09e-04   2.96e-05   1.01e-16   1.84e-15   
2.37137e+03  1.67e-11   1.04e-01   8.62e-01   2.20e-03   2.07e-02   1.02e-02   3.30e-14   6.11e-04   4.86e-05   1.39e-16   4.18e-15   
2.73842e+03  1.59e-11   1.26e-01   8.17e-01   3.53e-03   3.93e-02   1.37e-02   4.52e-14   7.35e-04   7.79e-05   2.00e-16   9.80e-15   
3.16228e+03  1.54e-11   1.48e-01   7.67e-01   5.39e-03   6.18e-02   1.64e-02   5.60e-14   8.71e-04   1.20e-04   2.76e-16   1.61e-14   
3.65174e+03  1.50e-11   1.73e-01   7.19e-01   7.85e-03   8.05e-02   1.87e-02   6.09e-14   1.01e-03   1.75e-04   3.57e-16   1.96e-14   
4.21697e+03  1.49e-11   1.98e-01   6.77e-01   1.11e-02   9.19e-02   2.05e-02   5.98e-14   1.16e-03   2.45e-04   4.33e-16   2.06e-14   
4.86968e+03  1.49e-11   2.24e-01   6.40e-01   1.50e-02   9.74e-02   2.19e-02   5.54e-14   1.31e-03   3.33e-04   4.98e-16   2.02e-14   
5.62341e+03  1.50e-11   2.51e-01   6.07e-01   1.98e-02   9.79e-02   2.28e-02   4.97e-14   1.47e-03   4.39e-04   5.44e-16   1.87e-14   
6.49382e+03  1.53e-11   2.78e-01   5.77e-01   2.54e-02   9.42e-02   2.31e-02   4.41e-14   1.63e-03   5.62e-04   5.65e-16   1.65e-14   
7.49894e+03  1.57e-11   3.06e-01   5.50e-01   3.16e-02   8.68e-02   2.29e-02   3.88e-14   1.79e-03   7.02e-04   5.58e-16   1.41e-14   
8.65964e+03  1.61e-11   3.33e-01   5.25e-01   3.84e-02   7.87e-02   2.22e-02   3.36e-14   1.95e-03   8.49e-04   5.25e-16   1.16e-14   
1.00000e+04  1.67e-11   3.61e-01   4.99e-01   4.54e-02   6.93e-02   2.13e-02   2.79e-14   2.11e-03   1.00e-03   4.68e-16   9.38e-15   
1.15478e+04  1.74e-11   3.89e-01   4.75e-01   5.24e-02   5.97e-02   2.04e-02   2.21e-14   2.28e-03   1.16e-03   3.98e-16   7.30e-15   
1.33352e+04  1.82e-11   4.18e-01   4.49e-01   5.89e-02   5.15e-02   1.94e-02   1.64e-14   2.45e-03   1.30e-03   3.21e-16   5.61e-15   
1.53993e+04  1.90e-11   4.46e-01   4.23e-01   6.41e-02   4.41e-02   1.84e-02   1.17e-14   2.61e-03   1.42e-03   2.51e-16   4.25e-15   
1.77828e+04  2.00e-11   4.74e-01   3.98e-01   6.76e-02   3.79e-02   1.77e-02   8.06e-15   2.78e-03   1.50e-03   1.91e-16   3.24e-15   
2.05353e+04  2.10e-11   5.01e-01   3.75e-01   6.92e-02   3.29e-02   1.70e-02   5.49e-15   2.95e-03   1.54e-03   1.46e-16   2.54e-15   
2.37137e+04  2.21e-11   5.30e-01   3.52e-01   6.88e-02   2.85e-02   1.65e-02   3.72e-15   3.11e-03   1.52e-03   1.11e-16   2.02e-15   
2.73842e+04  2.32e-11   5.56e-01   3.32e-01   6.60e-02   2.46e-02   1.61e-02   2.58e-15   3.27e-03   1.46e-03   8.71e-17   1.66e-15   
3.16228e+04  2.45e-11   5.84e-01   3.13e-01   6.09e-02   2.07e-02   1.56e-02   1.80e-15   3.42e-03   1.35e-03   6.83e-17   1.36e-15   
3.65174e+04  2.56e-11   6.08e-01   3.00e-01   5.50e-02   1.71e-02   1.51e-02   1.27e-15   3.57e-03   1.22e-03   5.38e-17   1.13e-15   
4.21697e+04  2.69e-11   6.32e-01   2.87e-01   4.83e-02   1.37e-02   1.45e-02   8.85e-16   3.70e-03   1.07e-03   4.20e-17   9.26e-16   
4.86968e+04  2.82e-11   6.54e-01   2.76e-01   4.08e-02   1.06e-02   1.39e-02   6.11e-16   3.84e-03   9.06e-04   3.21e-17   7.53e-16   
5.62341e+04  2.93e-11   6.72e-01   2.69e-01   3.36e-02   7.95e-03   1.31e-02   4.16e-16   3.92e-03   7.44e-04   2.43e-17   6.07e-16   
6.49382e+04  3.04e-11   6.88e-01   2.63e-01   2.68e-02   5.76e-03   1.22e-02   2.76e-16   4.05e-03   5.92e-04   1.79e-17   4.77e-16   
7.49894e+04  3.15e-11   7.03e-01   2.57e-01   2.05e-02   3.94e-03   1.11e-02   1.78e-16   4.10e-03   4.55e-04   1.28e-17   3.66e-16   
8.65964e+04  3.22e-11   7.14e-01   2.54e-01   1.52e-02   2.58e-03   9.87e-03   1.14e-16   4.19e-03   3.35e-04   8.94e-18   2.70e-16   
1.00000e+05  3.30e-11   7.24e-01   2.51e-01   1.07e-02   1.57e-03   8.42e-03   7.03e-17   4.24e-03   2.37e-04   6.06e-18   1.87e-16   
1.15478e+05  3.35e-11   7.31e-01   2.49e-01   7.28e-03   8.86e-04   6.86e-03   4.27e-17   4.30e-03   1.61e-04   4.03e-18   1.19e-16   
1.33352e+05  3.39e-11   7.37e-01   2.48e-01   4.80e-03   4.69e-04   5.31e-03   2.52e-17   4.30e-03   1.06e-04   2.63e-18   6.81e-17   
1.53993e+05  3.42e-11   7.40e-01   2.48e-01   3.13e-03   2.40e-04   3.95e-03   1.48e-17   4.33e-03   6.97e-05   1.75e-18   3.48e-17   
1.77828e+05  3.43e-11   7.43e-01   2.48e-01   2.10e-03   1.21e-04   2.80e-03   8.65e-18   4.34e-03   4.66e-05   1.19e-18   1.59e-17   
2.05353e+05  3.44e-11   7.43e-01   2.49e-01   1.39e-03   4.56e-05   1.63e-03   4.65e-18   4.36e-03   3.08e-05   7.40e-19   4.68e-18   
2.37137e+05  3.45e-11   7.44e-01   2.50e-01   6.60e-04   9.27e-06   8.08e-04   1.88e-18   4.37e-03   1.47e-05   3.50e-19   7.91e-19   
2.73842e+05  3.45e-11   7.45e-01   2.50e-01   5.53e-04   8.11e-06   7.65e-04   1.54e-18   4.37e-03   1.23e-05   3.30e-19   6.55e-19   
3.16228e+05  3.46e-11   7.45e-01   2.49e-01   5.43e-04   7.57e-06   7.28e-04   1.39e-18   4.36e-03   1.21e-05   3.29e-19   5.66e-19   
3.65174e+05  3.46e-11   7.45e-01   2.49e-01   5.49e-04   7.25e-06   7.02e-04   1.32e-18   4.36e-03   1.21e-05   3.32e-19   5.14e-19   
4.21697e+05  3.46e-11   7.45e-01   2.49e-01   5.52e-04   6.99e-06   6.79e-04   1.28e-18   4.36e-03   1.22e-05   3.35e-19   4.80e-19   
4.86968e+05  3.46e-11   7.45e-01   2.49e-01   5.58e-04   6.79e-06   6.56e-04   1.27e-18   4.36e-03   1.23e-05   3.38e-19   4.59e-19   
5.62341e+05  3.46e-11   7.45e-01   2.49e-01   5.60e-04   6.67e-06   6.38e-04   1.27e-18   4.36e-03   1.25e-05   3.44e-19   4.45e-19   
6.49382e+05  3.46e-11   7.45e-01   2.49e-01   5.66e-04   6.62e-06   6.27e-04   1.29e-18   4.36e-03   1.26e-05   3.47e-19   4.42e-19   
7.49894e+05  3.46e-11   7.45e-01   2.49e-01   5.75e-04   6.76e-06   6.21e-04   1.31e-18   4.36e-03   1.27e-05   3.52e-19   4.51e-19   
8.65964e+05  3.44e-11   7.47e-01   2.45e-01   1.34e-03   1.06e-04   3.08e-03   3.51e-18   4.36e-03   2.96e-05   1.03e-18   1.27e-17   
1.00000e+06  3.45e-11   7.45e-01   2.47e-01   1.23e-03   5.33e-05   1.88e-03   2.78e-18   4.35e-03   2.73e-05   7.54e-19   4.20e-18   
1.15478e+06  3.46e-11   7.45e-01   2.49e-01   5.52e-04   7.19e-06   6.96e-04   1.24e-18   4.36e-03   1.22e-05   3.35e-19   4.82e-19   
1.33352e+06  3.46e-11   7.45e-01   2.49e-01   5.63e-04   6.70e-06   6.41e-04   1.27e-18   4.36e-03   1.25e-05   3.44e-19   4.48e-19   
1.53993e+06  3.46e-11   7.45e-01   2.49e-01   5.81e-04   7.02e-06   6.27e-04   1.33e-18   4.36e-03   1.29e-05   3.58e-19   4.68e-19   
1.77828e+06  3.45e-11   7.44e-01   2.50e-01   7.53e-04   8.92e-06   7.82e-04   1.38e-18   4.37e-03   1.67e-05   3.71e-19   5.65e-19   
2.05353e+06  3.46e-11   7.45e-01   2.49e-01   5.63e-04   6.73e-06   6.47e-04   1.27e-18   4.36e-03   1.25e-05   3.44e-19   4.51e-19   
2.37137e+06  3.43e-11   7.46e-01   2.45e-01   1.55e-03   1.17e-04   3.20e-03   3.79e-18   4.37e-03   3.44e-05   1.11e-18   1.34e-17   
2.73842e+06  3.46e-11   7.45e-01   2.49e-01   5.60e-04   6.85e-06   6.59e-04   1.26e-18   4.36e-03   1.24e-05   3.41e-19   4.56e-19   
3.16228e+06  3.44e-11   7.45e-01   2.46e-01   1.53e-03   9.72e-05   2.76e-03   3.64e-18   4.37e-03   3.40e-05   1.01e-18   9.40e-18   
3.65174e+06  3.46e-11   7.45e-01   2.49e-01   5.72e-04   6.70e-06   6.27e-04   1.30e-18   4.36e-03   1.27e-05   3.50e-19   4.48e-19   
4.21697e+06  3.46e-11   7.45e-01   2.49e-01   5.60e-04   6.82e-06   6.59e-04   1.27e-18   4.36e-03   1.24e-05   3.41e-19   4.56e-19   
4.86968e+06  3.46e-11   7.45e-01   2.49e-01   5.55e-04   7.08e-06   6.85e-04   1.25e-18   4.36e-03   1.23e-05   3.35e-19   4.77e-19   
5.62341e+06  3.46e-11   7.45e-01   2.49e-01   5.55e-04   7.02e-06   6.79e-04   1.25e-18   4.36e-03   1.23e-05   3.38e-19   4.71e-19   
6.49382e+06  3.46e-11   7.45e-01   2.49e-01   5.63e-04   6.70e-06   6.41e-04   1.28e-18   4.36e-03   1.25e-05   3.44e-19   4.48e-19   
7.49894e+06  3.44e-11   7.47e-01   2.45e-01   1.30e-03   1.03e-04   3.02e-03   3.46e-18   4.36e-03   2.87e-05   1.01e-18   1.24e-17   
8.65964e+06  3.46e-11   7.45e-01   2.49e-01   5.60e-04   6.76e-06   6.50e-04   1.27e-18   4.36e-03   1.25e-05   3.41e-19   4.54e-19   
1.00000e+07  3.46e-11   7.45e-01   2.49e-01   5.52e-04   7.19e-06   6.96e-04   1.24e-18   4.36e-03   1.22e-05   3.35e-19   4.85e-19   
1.15478e+07  3.46e-11   7.45e-01   2.49e-01   5.58e-04   6.90e-06   6.67e-04   1.26e-18   4.36e-03   1.24e-05   3.38e-19   4.62e-19   
1.33352e+07  3.46e-11   7.45e-01   2.49e-01   5.84e-04   7.19e-06   6.33e-04   1.34e-18   4.36e-03   1.29e-05   3.61e-19   4.82e-19   
1.53993e+07  3.46e-11   7.45e-01   2.49e-01   5.69e-04   6.67e-06   6.30e-04   1.29e-18   4.36e-03   1.26e-05   3.50e-19   4.48e-19   
1.77828e+07  3.44e-11   7.47e-01   2.46e-01   6.71e-04   5.55e-05   1.98e-03   2.22e-18   4.39e-03   1.49e-05   6.22e-19   5.29e-18   
2.05353e+07  3.46e-11   7.45e-01   2.49e-01   5.69e-04   6.67e-06   6.33e-04   1.29e-18   4.36e-03   1.26e-05   3.47e-19   4.48e-19   
2.37137e+07  3.43e-11   7.46e-01   2.45e-01   1.53e-03   1.16e-04   3.20e-03   3.79e-18   4.37e-03   3.38e-05   1.10e-18   1.35e-17   
2.73842e+07  3.44e-11   7.46e-01   2.45e-01   1.45e-03   1.12e-04   3.17e-03   3.66e-18   4.36e-03   3.19e-05   1.07e-18   1.33e-17   
