! 0       H2 + H2+ -> H + H3+
! 1       H2 + HeH+ -> He + H3+
! 2       H2 + O2H+ -> O2 + H3+
! 3       H2 + NH+ -> N + H3+
! 4       HCO + H2+ -> CO + H3+
!            tot_rate   0          1          2          3          4          
1.00000e+00  2.75e-10   9.89e-01   1.09e-02   5.35e-12   2.82e-05   1.09e-09   
1.15478e+00  2.75e-10   9.89e-01   1.09e-02   6.58e-12   2.99e-05   1.29e-09   
1.33352e+00  2.75e-10   9.89e-01   1.09e-02   8.07e-12   3.19e-05   1.53e-09   
1.53993e+00  2.75e-10   9.89e-01   1.09e-02   9.89e-12   3.40e-05   1.82e-09   
1.77828e+00  2.75e-10   9.89e-01   1.10e-02   1.20e-11   3.64e-05   2.17e-09   
2.05353e+00  2.75e-10   9.89e-01   1.10e-02   1.45e-11   3.93e-05   2.56e-09   
2.37137e+00  2.75e-10   9.89e-01   1.10e-02   1.73e-11   4.22e-05   3.01e-09   
2.73842e+00  2.75e-10   9.89e-01   1.10e-02   2.06e-11   4.54e-05   3.51e-09   
3.16228e+00  2.75e-10   9.89e-01   1.10e-02   2.43e-11   4.94e-05   4.04e-09   
3.65174e+00  2.75e-10   9.89e-01   1.10e-02   2.84e-11   5.38e-05   4.58e-09   
4.21697e+00  2.76e-10   9.89e-01   1.10e-02   3.27e-11   5.83e-05   5.14e-09   
4.86968e+00  2.76e-10   9.89e-01   1.10e-02   3.77e-11   6.38e-05   5.69e-09   
5.62341e+00  2.76e-10   9.89e-01   1.10e-02   4.31e-11   6.99e-05   6.23e-09   
6.49382e+00  2.76e-10   9.89e-01   1.10e-02   4.89e-11   7.79e-05   6.74e-09   
7.49894e+00  2.77e-10   9.89e-01   1.10e-02   5.49e-11   8.70e-05   7.18e-09   
8.65964e+00  2.77e-10   9.89e-01   1.10e-02   6.17e-11   9.93e-05   7.62e-09   
1.00000e+01  2.77e-10   9.89e-01   1.10e-02   6.89e-11   1.15e-04   8.01e-09   
1.15478e+01  2.78e-10   9.89e-01   1.10e-02   7.70e-11   1.36e-04   8.34e-09   
1.33352e+01  2.78e-10   9.89e-01   1.10e-02   8.63e-11   1.65e-04   8.70e-09   
1.53993e+01  2.79e-10   9.89e-01   1.10e-02   9.64e-11   2.05e-04   9.03e-09   
1.77828e+01  2.79e-10   9.89e-01   1.10e-02   1.09e-10   2.58e-04   9.39e-09   
2.05353e+01  2.80e-10   9.89e-01   1.10e-02   1.23e-10   3.27e-04   9.71e-09   
2.37137e+01  2.81e-10   9.89e-01   1.10e-02   1.42e-10   4.16e-04   1.01e-08   
2.73842e+01  2.81e-10   9.88e-01   1.11e-02   1.66e-10   5.26e-04   1.06e-08   
3.16228e+01  2.82e-10   9.88e-01   1.11e-02   1.96e-10   6.52e-04   1.11e-08   
3.65174e+01  2.83e-10   9.88e-01   1.10e-02   2.36e-10   7.98e-04   1.16e-08   
4.21697e+01  2.83e-10   9.88e-01   1.10e-02   2.92e-10   9.53e-04   1.22e-08   
4.86968e+01  2.84e-10   9.88e-01   1.10e-02   3.66e-10   1.11e-03   1.28e-08   
5.62341e+01  2.85e-10   9.88e-01   1.11e-02   4.75e-10   1.26e-03   1.35e-08   
6.49382e+01  2.85e-10   9.88e-01   1.11e-02   6.26e-10   1.40e-03   1.41e-08   
7.49894e+01  2.85e-10   9.87e-01   1.11e-02   8.50e-10   1.51e-03   1.48e-08   
8.65964e+01  2.85e-10   9.87e-01   1.11e-02   1.19e-09   1.59e-03   1.53e-08   
1.00000e+02  2.84e-10   9.87e-01   1.11e-02   1.73e-09   1.64e-03   1.58e-08   
1.15478e+02  2.84e-10   9.87e-01   1.11e-02   2.58e-09   1.65e-03   1.59e-08   
1.33352e+02  2.83e-10   9.87e-01   1.11e-02   4.00e-09   1.65e-03   1.58e-08   
1.53993e+02  2.83e-10   9.87e-01   1.11e-02   6.51e-09   1.61e-03   1.52e-08   
1.77828e+02  2.83e-10   9.87e-01   1.11e-02   1.10e-08   1.57e-03   1.42e-08   
2.05353e+02  2.82e-10   9.87e-01   1.11e-02   1.95e-08   1.52e-03   1.28e-08   
2.37137e+02  2.82e-10   9.87e-01   1.11e-02   3.59e-08   1.45e-03   1.11e-08   
2.73842e+02  2.82e-10   9.88e-01   1.11e-02   6.89e-08   1.38e-03   9.41e-09   
3.16228e+02  2.80e-10   9.88e-01   1.11e-02   1.39e-07   1.31e-03   7.91e-09   
3.65174e+02  2.80e-10   9.88e-01   1.11e-02   2.88e-07   1.25e-03   6.63e-09   
4.21697e+02  2.80e-10   9.88e-01   1.11e-02   6.10e-07   1.20e-03   5.63e-09   
4.86968e+02  2.80e-10   9.88e-01   1.11e-02   1.31e-06   1.17e-03   4.85e-09   
5.62341e+02  2.79e-10   9.88e-01   1.11e-02   2.75e-06   1.15e-03   4.22e-09   
6.49382e+02  2.79e-10   9.88e-01   1.11e-02   5.55e-06   1.13e-03   3.61e-09   
7.49894e+02  2.79e-10   9.88e-01   1.11e-02   1.05e-05   1.11e-03   3.10e-09   
8.65964e+02  2.78e-10   9.88e-01   1.11e-02   1.87e-05   1.09e-03   2.67e-09   
1.00000e+03  2.78e-10   9.88e-01   1.11e-02   3.15e-05   1.06e-03   2.44e-09   
1.15478e+03  2.78e-10   9.88e-01   1.11e-02   5.10e-05   1.03e-03   2.10e-09   
1.33352e+03  2.78e-10   9.88e-01   1.11e-02   8.33e-05   1.01e-03   1.88e-09   
1.53993e+03  2.77e-10   9.88e-01   1.11e-02   1.43e-04   9.95e-04   1.78e-09   
1.77828e+03  2.77e-10   9.88e-01   1.11e-02   2.76e-04   9.80e-04   1.90e-09   
2.05353e+03  2.78e-10   9.87e-01   1.11e-02   6.13e-04   9.77e-04   2.45e-09   
2.37137e+03  2.78e-10   9.86e-01   1.11e-02   1.39e-03   1.03e-03   2.98e-09   
2.73842e+03  2.77e-10   9.85e-01   1.11e-02   2.91e-03   1.24e-03   2.76e-09   
3.16228e+03  2.78e-10   9.83e-01   1.10e-02   4.82e-03   1.52e-03   2.70e-09   
3.65174e+03  2.78e-10   9.81e-01   1.10e-02   6.47e-03   1.76e-03   2.73e-09   
4.21697e+03  2.79e-10   9.79e-01   1.10e-02   7.68e-03   1.95e-03   2.71e-09   
4.86968e+03  2.79e-10   9.79e-01   1.10e-02   8.39e-03   2.07e-03   2.66e-09   
5.62341e+03  2.79e-10   9.78e-01   1.10e-02   8.74e-03   2.14e-03   2.59e-09   
6.49382e+03  2.79e-10   9.78e-01   1.10e-02   8.74e-03   2.16e-03   2.52e-09   
7.49894e+03  2.79e-10   9.78e-01   1.10e-02   8.46e-03   2.15e-03   2.43e-09   
8.65964e+03  2.79e-10   9.79e-01   1.10e-02   8.00e-03   2.13e-03   2.35e-09   
1.00000e+04  2.78e-10   9.79e-01   1.10e-02   7.49e-03   2.10e-03   2.28e-09   
1.15478e+04  2.78e-10   9.80e-01   1.10e-02   6.92e-03   2.05e-03   2.19e-09   
1.33352e+04  2.77e-10   9.81e-01   1.10e-02   6.38e-03   1.99e-03   2.11e-09   
1.53993e+04  2.77e-10   9.81e-01   1.10e-02   5.92e-03   1.93e-03   2.02e-09   
1.77828e+04  2.77e-10   9.82e-01   1.10e-02   5.56e-03   1.88e-03   1.93e-09   
2.05353e+04  2.77e-10   9.82e-01   1.10e-02   5.31e-03   1.82e-03   1.84e-09   
2.37137e+04  2.77e-10   9.82e-01   1.10e-02   5.16e-03   1.77e-03   1.75e-09   
2.73842e+04  2.77e-10   9.82e-01   1.11e-02   4.98e-03   1.73e-03   1.66e-09   
3.16228e+04  2.77e-10   9.83e-01   1.11e-02   4.77e-03   1.68e-03   1.57e-09   
3.65174e+04  2.77e-10   9.83e-01   1.11e-02   4.44e-03   1.62e-03   1.46e-09   
4.21697e+04  2.77e-10   9.83e-01   1.11e-02   4.05e-03   1.57e-03   1.33e-09   
4.86968e+04  2.76e-10   9.84e-01   1.11e-02   3.57e-03   1.52e-03   1.18e-09   
5.62341e+04  2.76e-10   9.84e-01   1.11e-02   3.05e-03   1.46e-03   1.01e-09   
6.49382e+04  2.77e-10   9.85e-01   1.11e-02   2.49e-03   1.40e-03   8.19e-10   
7.49894e+04  2.77e-10   9.86e-01   1.11e-02   1.94e-03   1.34e-03   6.35e-10   
8.65964e+04  2.77e-10   9.86e-01   1.11e-02   1.41e-03   1.27e-03   4.62e-10   
1.00000e+05  2.77e-10   9.87e-01   1.11e-02   9.43e-04   1.18e-03   3.15e-10   
1.15478e+05  2.78e-10   9.87e-01   1.11e-02   5.62e-04   1.04e-03   2.02e-10   
1.33352e+05  2.77e-10   9.88e-01   1.11e-02   3.03e-04   8.80e-04   1.25e-10   
1.53993e+05  2.78e-10   9.88e-01   1.11e-02   1.48e-04   6.93e-04   7.72e-11   
1.77828e+05  2.79e-10   9.88e-01   1.11e-02   6.59e-05   5.19e-04   4.87e-11   
2.05353e+05  2.80e-10   9.88e-01   1.11e-02   1.69e-05   3.60e-04   2.82e-11   
2.37137e+05  2.82e-10   9.89e-01   1.11e-02   1.48e-06   2.71e-04   1.25e-11   
2.73842e+05  2.82e-10   9.89e-01   1.11e-02   1.28e-06   2.51e-04   1.16e-11   
3.16228e+05  2.82e-10   9.89e-01   1.11e-02   1.18e-06   2.35e-04   1.16e-11   
3.65174e+05  2.82e-10   9.89e-01   1.11e-02   1.12e-06   2.24e-04   1.17e-11   
4.21697e+05  2.82e-10   9.89e-01   1.11e-02   1.07e-06   2.16e-04   1.18e-11   
4.86968e+05  2.82e-10   9.89e-01   1.11e-02   1.03e-06   2.11e-04   1.19e-11   
5.62341e+05  2.82e-10   9.89e-01   1.11e-02   1.02e-06   2.07e-04   1.20e-11   
6.49382e+05  2.82e-10   9.89e-01   1.11e-02   1.02e-06   2.04e-04   1.22e-11   
7.49894e+05  2.82e-10   9.89e-01   1.11e-02   1.07e-06   2.02e-04   1.24e-11   
8.65964e+05  2.78e-10   9.88e-01   1.11e-02   7.30e-05   3.34e-04   4.53e-11   
1.00000e+06  2.80e-10   9.89e-01   1.11e-02   2.37e-05   2.68e-04   2.92e-11   
1.15478e+06  2.82e-10   9.89e-01   1.11e-02   1.11e-06   2.17e-04   1.18e-11   
1.33352e+06  2.82e-10   9.89e-01   1.11e-02   1.03e-06   2.07e-04   1.21e-11   
1.53993e+06  2.82e-10   9.89e-01   1.11e-02   1.15e-06   2.02e-04   1.26e-11   
1.77828e+06  2.82e-10   9.89e-01   1.11e-02   1.41e-06   2.23e-04   1.32e-11   
2.05353e+06  2.82e-10   9.89e-01   1.11e-02   1.03e-06   2.09e-04   1.21e-11   
2.37137e+06  2.78e-10   9.88e-01   1.11e-02   7.98e-05   3.38e-04   4.82e-11   
2.73842e+06  2.82e-10   9.89e-01   1.11e-02   1.05e-06   2.11e-04   1.20e-11   
3.16228e+06  2.79e-10   9.89e-01   1.11e-02   5.80e-05   3.16e-04   4.19e-11   
3.65174e+06  2.82e-10   9.89e-01   1.11e-02   1.05e-06   2.05e-04   1.23e-11   
4.21697e+06  2.82e-10   9.89e-01   1.11e-02   1.05e-06   2.11e-04   1.20e-11   
4.86968e+06  2.82e-10   9.89e-01   1.11e-02   1.09e-06   2.16e-04   1.18e-11   
5.62341e+06  2.82e-10   9.89e-01   1.11e-02   1.08e-06   2.14e-04   1.19e-11   
6.49382e+06  2.82e-10   9.89e-01   1.11e-02   1.03e-06   2.08e-04   1.21e-11   
7.49894e+06  2.78e-10   9.88e-01   1.11e-02   7.08e-05   3.33e-04   4.42e-11   
8.65964e+06  2.82e-10   9.89e-01   1.11e-02   1.04e-06   2.10e-04   1.20e-11   
1.00000e+07  2.82e-10   9.89e-01   1.11e-02   1.11e-06   2.17e-04   1.18e-11   
1.15478e+07  2.82e-10   9.89e-01   1.11e-02   1.06e-06   2.13e-04   1.19e-11   
1.33352e+07  2.82e-10   9.89e-01   1.11e-02   1.20e-06   2.02e-04   1.28e-11   
1.53993e+07  2.82e-10   9.89e-01   1.11e-02   1.04e-06   2.06e-04   1.23e-11   
1.77828e+07  2.79e-10   9.89e-01   1.11e-02   3.06e-05   2.50e-04   2.80e-11   
2.05353e+07  2.82e-10   9.89e-01   1.11e-02   1.03e-06   2.06e-04   1.22e-11   
2.37137e+07  2.78e-10   9.88e-01   1.11e-02   7.94e-05   3.39e-04   4.78e-11   
2.73842e+07  2.78e-10   9.88e-01   1.11e-02   7.73e-05   3.38e-04   4.71e-11   
