! 0       CH3OH + HCO+ -> CO + CH3OH2+
! 1       CH3OH + H3+ -> H2 + CH3OH2+
! 2       CH3OH + H3O+ -> H2O + CH3OH2+
! 3       H2O + CH3+ -> CH3OH2+
! 4       CH3OH + H3CO+ -> H2CO + CH3OH2+
! 5       CH3OH + H2CO+ -> HCO + CH3OH2+
! 6       CH3OH + C4H3+ -> HC4H + CH3OH2+
! 7       CH3OH + HC3NH+ -> HC3N + CH3OH2+
! 8       CH3OH + CH4+ -> CH3 + CH3OH2+
! 9       CH3OH + NCCNH+ -> NCCN + CH3OH2+
! 10      CH3OH + CH+ -> C + CH3OH2+
!            tot_rate   0          1          2          3          4          5          6          7          8          9          10         
1.00000e+00  5.67e-20   2.52e-03   9.57e-01   3.15e-03   1.78e-03   1.05e-06   7.21e-06   2.63e-08   2.01e-10   4.18e-10   3.21e-16   3.56e-02   
1.15478e+00  3.21e-20   2.69e-03   9.52e-01   3.14e-03   3.20e-03   5.88e-07   7.28e-06   3.86e-08   2.59e-10   4.92e-10   4.11e-16   3.89e-02   
1.33352e+00  1.67e-20   2.87e-03   9.45e-01   3.14e-03   6.28e-03   3.00e-07   7.36e-06   5.62e-08   3.29e-10   5.83e-10   5.24e-16   4.24e-02   
1.53993e+00  7.92e-21   3.04e-03   9.35e-01   3.11e-03   1.36e-02   1.38e-07   7.50e-06   8.03e-08   4.13e-10   6.87e-10   6.57e-16   4.55e-02   
1.77828e+00  3.37e-21   3.20e-03   9.13e-01   3.05e-03   3.26e-02   5.60e-08   7.59e-06   1.13e-07   5.10e-10   8.03e-10   8.15e-16   4.80e-02   
2.05353e+00  1.32e-21   3.23e-03   8.59e-01   2.87e-03   8.67e-02   1.92e-08   7.39e-06   1.50e-07   5.98e-10   8.97e-10   9.66e-16   4.81e-02   
2.37137e+00  4.95e-22   2.89e-03   7.16e-01   2.43e-03   2.36e-01   5.17e-09   6.43e-06   1.76e-07   6.21e-10   8.91e-10   1.03e-15   4.26e-02   
2.73842e+00  2.20e-22   1.84e-03   4.25e-01   1.44e-03   5.45e-01   9.45e-10   3.98e-06   1.44e-07   4.53e-10   6.27e-10   7.81e-16   2.67e-02   
3.16228e+00  1.46e-22   6.48e-04   1.40e-01   4.78e-04   8.50e-01   1.23e-10   1.36e-06   6.46e-08   1.81e-10   2.44e-10   3.31e-16   9.12e-03   
3.65174e+00  1.32e-22   1.34e-04   2.72e-02   9.40e-05   9.71e-01   1.77e-11   2.78e-07   1.69e-08   4.25e-11   5.58e-11   8.42e-17   1.84e-03   
4.21697e+00  1.33e-22   2.28e-05   4.37e-03   1.52e-05   9.95e-01   3.07e-12   4.66e-08   3.58e-09   8.14e-12   1.05e-11   1.78e-17   3.04e-04   
4.86968e+00  1.37e-22   8.53e-06   1.54e-03   5.43e-06   9.98e-01   1.26e-12   1.71e-08   1.63e-09   3.36e-12   4.27e-12   8.31e-18   1.09e-04   
5.62341e+00  1.42e-22   1.03e-05   1.79e-03   6.39e-06   9.98e-01   1.73e-12   2.09e-08   2.42e-09   4.54e-12   5.71e-12   1.29e-17   1.27e-04   
6.49382e+00  1.48e-22   1.56e-05   2.57e-03   9.37e-06   9.97e-01   2.92e-12   3.15e-08   4.35e-09   7.55e-12   9.43e-12   2.49e-17   1.84e-04   
7.49894e+00  1.56e-22   2.33e-05   3.71e-03   1.37e-05   9.96e-01   4.93e-12   4.76e-08   7.65e-09   1.23e-11   1.55e-11   4.85e-17   2.64e-04   
8.65964e+00  1.63e-22   3.45e-05   5.31e-03   2.00e-05   9.94e-01   8.22e-12   7.12e-08   1.32e-08   1.98e-11   2.52e-11   9.33e-17   3.74e-04   
1.00000e+01  1.72e-22   4.97e-05   7.43e-03   2.87e-05   9.92e-01   1.33e-11   1.05e-07   2.19e-08   3.09e-11   3.99e-11   1.78e-16   5.16e-04   
1.15478e+01  1.83e-22   7.05e-05   1.03e-02   4.06e-05   9.89e-01   2.13e-11   1.53e-07   3.52e-08   4.72e-11   6.23e-11   3.34e-16   6.99e-04   
1.33352e+01  1.97e-22   9.80e-05   1.40e-02   5.69e-05   9.85e-01   3.36e-11   2.18e-07   5.48e-08   7.01e-11   9.49e-11   6.19e-16   9.24e-04   
1.53993e+01  2.13e-22   1.35e-04   1.88e-02   7.92e-05   9.80e-01   5.25e-11   3.09e-07   8.39e-08   1.04e-10   1.45e-10   1.15e-15   1.20e-03   
1.77828e+01  2.35e-22   1.84e-04   2.49e-02   1.09e-04   9.73e-01   8.12e-11   4.33e-07   1.26e-07   1.51e-10   2.17e-10   2.14e-15   1.54e-03   
2.05353e+01  2.61e-22   2.52e-04   3.31e-02   1.51e-04   9.65e-01   1.26e-10   6.09e-07   1.88e-07   2.20e-10   3.27e-10   4.02e-15   1.96e-03   
2.37137e+01  2.96e-22   3.41e-04   4.36e-02   2.08e-04   9.53e-01   1.95e-10   8.45e-07   2.76e-07   3.18e-10   4.90e-10   7.61e-15   2.45e-03   
2.73842e+01  3.41e-22   4.58e-04   5.67e-02   2.86e-04   9.40e-01   2.99e-10   1.18e-06   4.05e-07   4.61e-10   7.28e-10   1.44e-14   3.02e-03   
3.16228e+01  4.01e-22   6.16e-04   7.30e-02   3.91e-04   9.22e-01   4.64e-10   1.64e-06   5.88e-07   6.68e-10   1.08e-09   2.72e-14   3.64e-03   
3.65174e+01  4.83e-22   8.24e-04   9.38e-02   5.38e-04   9.01e-01   7.14e-10   2.28e-06   8.53e-07   9.69e-10   1.60e-09   5.15e-14   4.35e-03   
4.21697e+01  5.97e-22   1.10e-03   1.19e-01   7.38e-04   8.74e-01   1.11e-09   3.16e-06   1.23e-06   1.41e-09   2.36e-09   9.67e-14   5.11e-03   
4.86968e+01  7.61e-22   1.47e-03   1.51e-01   1.02e-03   8.41e-01   1.72e-09   4.39e-06   1.79e-06   2.06e-09   3.47e-09   1.80e-13   5.86e-03   
5.62341e+01  1.00e-21   1.96e-03   1.89e-01   1.41e-03   8.01e-01   2.71e-09   6.14e-06   2.56e-06   3.05e-09   5.08e-09   3.33e-13   6.62e-03   
6.49382e+01  1.37e-21   2.64e-03   2.37e-01   1.95e-03   7.51e-01   4.32e-09   8.60e-06   3.69e-06   4.55e-09   7.36e-09   6.13e-13   7.36e-03   
7.49894e+01  1.97e-21   3.55e-03   2.94e-01   2.72e-03   6.92e-01   6.92e-09   1.21e-05   5.24e-06   6.82e-09   1.06e-08   1.12e-12   7.88e-03   
8.65964e+01  2.95e-21   4.68e-03   3.56e-01   3.73e-03   6.27e-01   1.05e-08   1.65e-05   7.22e-06   1.00e-08   1.48e-08   2.03e-12   8.07e-03   
1.00000e+02  4.15e-21   5.33e-03   3.64e-01   4.41e-03   6.19e-01   1.10e-08   1.94e-05   8.36e-06   1.28e-08   1.73e-08   3.18e-12   6.82e-03   
1.15478e+02  3.66e-21   2.10e-04   1.28e-02   1.83e-04   9.87e-01   2.58e-10   7.79e-07   3.28e-07   5.63e-10   8.25e-10   1.77e-13   1.92e-04   
1.33352e+02  5.34e-21   2.66e-04   1.43e-02   2.42e-04   9.85e-01   4.42e-10   9.81e-07   3.95e-07   7.73e-10   1.32e-09   3.18e-13   1.64e-04   
1.53993e+02  8.03e-21   3.56e-04   1.64e-02   3.39e-04   9.83e-01   8.00e-10   1.27e-06   4.75e-07   1.12e-09   2.13e-09   6.15e-13   1.39e-04   
1.77828e+02  1.24e-20   5.33e-04   2.08e-02   5.31e-04   9.78e-01   1.61e-09   1.77e-06   6.00e-07   1.79e-09   3.90e-09   1.34e-12   1.24e-04   
2.05353e+02  1.97e-20   9.52e-04   3.08e-02   9.92e-04   9.67e-01   3.81e-09   2.84e-06   8.41e-07   3.36e-09   8.71e-09   3.51e-12   1.25e-04   
2.37137e+02  3.26e-20   1.81e-03   4.82e-02   1.97e-03   9.48e-01   9.48e-09   4.69e-06   1.18e-06   6.63e-09   2.02e-08   9.76e-12   1.30e-04   
2.73842e+02  5.50e-20   3.00e-03   6.50e-02   3.45e-03   9.28e-01   2.03e-08   6.72e-06   1.38e-06   1.14e-08   4.00e-08   2.36e-11   1.20e-04   
3.16228e+02  9.51e-20   4.39e-03   7.73e-02   5.31e-03   9.13e-01   3.87e-08   8.55e-06   1.39e-06   1.71e-08   6.89e-08   4.97e-11   1.02e-04   
3.65174e+02  1.68e-19   5.56e-03   8.00e-02   7.10e-03   9.07e-01   6.45e-08   9.73e-06   1.21e-06   2.28e-08   1.02e-07   9.19e-11   8.06e-05   
4.21697e+02  2.95e-19   5.97e-03   6.99e-02   8.01e-03   9.16e-01   9.13e-08   9.77e-06   9.06e-07   2.61e-08   1.27e-07   1.46e-10   5.80e-05   
4.86968e+02  5.17e-19   5.40e-03   5.19e-02   7.57e-03   9.35e-01   1.10e-07   8.60e-06   5.81e-07   2.56e-08   1.31e-07   1.99e-10   3.76e-05   
5.62341e+02  8.89e-19   5.34e-03   4.24e-02   7.67e-03   9.45e-01   1.43e-07   8.55e-06   4.17e-07   2.78e-08   1.44e-07   3.04e-10   2.78e-05   
6.49382e+02  1.50e-18   8.68e-03   5.70e-02   1.24e-02   9.22e-01   2.95e-07   1.41e-05   5.12e-07   4.94e-08   2.59e-07   7.48e-10   3.44e-05   
7.49894e+02  2.47e-18   2.02e-02   1.10e-01   2.81e-02   8.41e-01   8.45e-07   3.30e-05   9.50e-07   1.26e-07   6.43e-07   2.49e-09   6.19e-05   
8.65964e+02  5.55e-18   6.90e-02   3.17e-01   9.08e-02   5.23e-01   3.55e-06   1.12e-04   2.74e-06   4.63e-07   2.14e-06   1.13e-08   1.65e-04   
1.00000e+03  1.83e-17   1.29e-01   5.05e-01   1.59e-01   2.07e-01   9.00e-06   2.10e-04   4.60e-06   9.28e-07   3.82e-06   2.59e-08   2.42e-04   
1.15478e+03  2.97e-17   1.54e-01   5.09e-01   1.75e-01   1.62e-01   1.24e-05   2.41e-04   5.09e-06   1.19e-06   4.18e-06   3.54e-08   2.23e-04   
1.33352e+03  5.03e-17   1.83e-01   5.01e-01   1.90e-01   1.25e-01   1.77e-05   2.78e-04   5.74e-06   1.61e-06   4.35e-06   4.85e-08   1.97e-04   
1.53993e+03  9.51e-17   2.20e-01   4.70e-01   2.10e-01   9.93e-02   2.81e-05   3.37e-04   6.90e-06   2.53e-06   4.29e-06   7.45e-08   1.62e-04   
1.77828e+03  2.24e-16   2.72e-01   4.03e-01   2.42e-01   8.22e-02   5.63e-05   4.55e-04   9.56e-06   5.45e-06   4.09e-06   1.53e-07   1.17e-04   
2.05353e+03  6.59e-16   3.45e-01   3.07e-01   2.82e-01   6.54e-02   1.51e-04   6.44e-04   1.75e-05   1.65e-05   4.16e-06   4.58e-07   6.66e-05   
2.37137e+03  1.64e-15   4.15e-01   2.45e-01   3.04e-01   3.42e-02   3.36e-04   6.15e-04   3.73e-05   4.06e-05   4.15e-06   1.36e-06   2.72e-05   
2.73842e+03  2.78e-15   4.60e-01   2.30e-01   2.99e-01   1.02e-02   4.49e-04   3.81e-04   7.37e-05   5.50e-05   3.88e-06   2.29e-06   8.05e-06   
3.16228e+03  3.81e-15   4.84e-01   2.28e-01   2.84e-01   4.13e-03   5.20e-04   3.05e-04   1.14e-04   5.47e-05   3.92e-06   2.36e-06   3.52e-06   
3.65174e+03  4.73e-15   4.99e-01   2.28e-01   2.69e-01   2.73e-03   5.92e-04   3.02e-04   1.33e-04   4.89e-05   3.96e-06   2.20e-06   2.73e-06   
4.21697e+03  5.58e-15   5.09e-01   2.31e-01   2.56e-01   2.10e-03   6.58e-04   3.14e-04   1.36e-04   4.14e-05   3.89e-06   2.17e-06   2.49e-06   
4.86968e+03  6.38e-15   5.17e-01   2.35e-01   2.45e-01   1.72e-03   7.16e-04   3.31e-04   1.33e-04   3.46e-05   3.76e-06   2.19e-06   2.40e-06   
5.62341e+03  7.09e-15   5.23e-01   2.40e-01   2.34e-01   1.47e-03   7.72e-04   3.54e-04   1.29e-04   2.96e-05   3.65e-06   2.26e-06   2.38e-06   
6.49382e+03  7.71e-15   5.27e-01   2.45e-01   2.26e-01   1.31e-03   8.18e-04   3.80e-04   1.24e-04   2.61e-05   3.59e-06   2.31e-06   2.45e-06   
7.49894e+03  8.19e-15   5.29e-01   2.51e-01   2.17e-01   1.20e-03   8.58e-04   4.08e-04   1.19e-04   2.39e-05   3.59e-06   2.36e-06   2.58e-06   
8.65964e+03  8.54e-15   5.28e-01   2.60e-01   2.10e-01   1.13e-03   8.85e-04   4.37e-04   1.15e-04   2.26e-05   3.68e-06   2.39e-06   2.75e-06   
1.00000e+04  8.74e-15   5.25e-01   2.70e-01   2.02e-01   1.09e-03   9.01e-04   4.63e-04   1.12e-04   2.20e-05   3.84e-06   2.45e-06   2.97e-06   
1.15478e+04  8.76e-15   5.22e-01   2.81e-01   1.95e-01   1.07e-03   9.10e-04   4.87e-04   1.12e-04   2.21e-05   4.15e-06   2.52e-06   3.25e-06   
1.33352e+04  8.64e-15   5.16e-01   2.94e-01   1.87e-01   1.07e-03   9.11e-04   5.06e-04   1.16e-04   2.31e-05   4.62e-06   2.65e-06   3.54e-06   
1.53993e+04  8.41e-15   5.09e-01   3.08e-01   1.81e-01   1.08e-03   9.07e-04   5.15e-04   1.24e-04   2.54e-05   5.24e-06   2.86e-06   3.83e-06   
1.77828e+04  8.10e-15   4.99e-01   3.23e-01   1.75e-01   1.10e-03   9.05e-04   5.15e-04   1.37e-04   2.94e-05   6.07e-06   3.20e-06   4.06e-06   
2.05353e+04  7.74e-15   4.87e-01   3.41e-01   1.69e-01   1.13e-03   9.06e-04   5.05e-04   1.58e-04   3.55e-05   7.12e-06   3.72e-06   4.25e-06   
2.37137e+04  7.32e-15   4.73e-01   3.61e-01   1.64e-01   1.17e-03   9.06e-04   4.89e-04   1.84e-04   4.41e-05   8.43e-06   4.47e-06   4.40e-06   
2.73842e+04  6.83e-15   4.55e-01   3.84e-01   1.58e-01   1.23e-03   9.00e-04   4.69e-04   2.15e-04   5.55e-05   9.96e-06   5.43e-06   4.54e-06   
3.16228e+04  6.25e-15   4.33e-01   4.11e-01   1.53e-01   1.31e-03   8.83e-04   4.45e-04   2.49e-04   6.96e-05   1.17e-05   6.60e-06   4.75e-06   
3.65174e+04  5.59e-15   4.08e-01   4.43e-01   1.46e-01   1.43e-03   8.53e-04   4.18e-04   2.84e-04   8.67e-05   1.37e-05   7.96e-06   5.02e-06   
4.21697e+04  4.87e-15   3.78e-01   4.80e-01   1.39e-01   1.59e-03   8.07e-04   3.90e-04   3.20e-04   1.07e-04   1.60e-05   9.40e-06   5.40e-06   
4.86968e+04  4.14e-15   3.43e-01   5.24e-01   1.30e-01   1.80e-03   7.41e-04   3.57e-04   3.52e-04   1.29e-04   1.84e-05   1.07e-05   5.87e-06   
5.62341e+04  3.40e-15   3.03e-01   5.73e-01   1.21e-01   2.10e-03   6.61e-04   3.23e-04   3.88e-04   1.51e-04   2.12e-05   1.17e-05   6.49e-06   
6.49382e+04  2.70e-15   2.60e-01   6.25e-01   1.11e-01   2.51e-03   5.66e-04   2.86e-04   4.14e-04   1.69e-04   2.41e-05   1.20e-05   7.25e-06   
7.49894e+04  2.07e-15   2.13e-01   6.82e-01   1.00e-01   3.10e-03   4.59e-04   2.47e-04   4.33e-04   1.78e-04   2.70e-05   1.12e-05   8.23e-06   
8.65964e+04  1.50e-15   1.66e-01   7.41e-01   8.81e-02   3.95e-03   3.50e-04   2.08e-04   4.38e-04   1.72e-04   2.94e-05   9.41e-06   9.54e-06   
1.00000e+05  1.03e-15   1.22e-01   7.97e-01   7.49e-02   5.18e-03   2.44e-04   1.68e-04   4.17e-04   1.48e-04   3.06e-05   6.81e-06   1.13e-05   
1.15478e+05  6.56e-16   8.51e-02   8.45e-01   6.19e-02   7.05e-03   1.54e-04   1.31e-04   3.72e-04   1.11e-04   3.01e-05   4.13e-06   1.36e-05   
1.33352e+05  3.82e-16   5.69e-02   8.83e-01   4.98e-02   9.85e-03   8.80e-05   9.88e-05   3.04e-04   6.94e-05   2.75e-05   2.00e-06   1.67e-05   
1.53993e+05  2.00e-16   3.73e-02   9.08e-01   4.03e-02   1.41e-02   4.54e-05   7.23e-05   2.27e-04   3.53e-05   2.38e-05   7.53e-07   2.11e-05   
1.77828e+05  9.03e-17   2.43e-02   9.21e-01   3.36e-02   2.05e-02   2.07e-05   5.17e-05   1.54e-04   1.42e-05   2.02e-05   2.10e-07   2.72e-05   
2.05353e+05  2.16e-17   1.33e-02   9.25e-01   2.91e-02   3.22e-02   5.27e-06   3.06e-05   7.31e-05   2.78e-06   1.88e-05   2.31e-08   3.98e-05   
2.37137e+05  1.64e-18   6.90e-03   9.10e-01   3.36e-02   4.91e-02   5.76e-07   1.10e-05   4.39e-06   5.56e-08   3.37e-05   6.02e-10   4.84e-05   
2.73842e+05  1.45e-18   6.61e-03   9.08e-01   3.23e-02   5.28e-02   5.31e-07   1.05e-05   4.43e-06   5.03e-08   3.78e-05   5.26e-10   5.03e-05   
3.16228e+05  1.42e-18   6.54e-03   9.09e-01   3.11e-02   5.37e-02   5.29e-07   1.06e-05   4.79e-06   4.91e-08   4.12e-05   4.79e-10   5.31e-05   
3.65174e+05  1.40e-18   6.57e-03   9.08e-01   3.03e-02   5.48e-02   5.41e-07   1.09e-05   5.34e-06   5.08e-08   4.48e-05   4.57e-10   5.66e-05   
4.21697e+05  1.40e-18   6.57e-03   9.09e-01   2.94e-02   5.54e-02   5.52e-07   1.12e-05   5.99e-06   5.39e-08   4.81e-05   4.45e-10   5.97e-05   
4.86968e+05  1.41e-18   6.58e-03   9.09e-01   2.85e-02   5.60e-02   5.65e-07   1.16e-05   6.79e-06   5.88e-08   5.10e-05   4.44e-10   6.27e-05   
5.62341e+05  1.44e-18   6.56e-03   9.09e-01   2.76e-02   5.64e-02   5.80e-07   1.19e-05   7.77e-06   6.58e-08   5.35e-05   4.53e-10   6.53e-05   
6.49382e+05  1.49e-18   6.57e-03   9.10e-01   2.67e-02   5.68e-02   6.03e-07   1.22e-05   9.23e-06   7.63e-08   5.57e-05   4.76e-10   6.82e-05   
7.49894e+05  1.61e-18   6.57e-03   9.11e-01   2.56e-02   5.70e-02   6.38e-07   1.28e-05   1.15e-05   9.60e-08   5.67e-05   5.31e-10   7.00e-05   
8.65964e+05  1.22e-16   2.44e-02   9.26e-01   2.89e-02   1.99e-02   3.60e-05   5.54e-05   2.83e-04   2.47e-05   4.41e-05   2.55e-07   2.16e-05   
1.00000e+06  3.23e-17   1.47e-02   9.26e-01   2.79e-02   3.13e-02   8.02e-06   3.44e-05   1.01e-04   3.56e-06   2.12e-05   2.66e-08   3.53e-05   
1.15478e+06  1.42e-18   6.57e-03   9.09e-01   2.99e-02   5.47e-02   5.45e-07   1.11e-05   5.67e-06   5.10e-08   4.56e-05   4.37e-10   5.74e-05   
1.33352e+06  1.46e-18   6.58e-03   9.10e-01   2.75e-02   5.63e-02   5.85e-07   1.19e-05   8.07e-06   6.81e-08   5.35e-05   4.57e-10   6.55e-05   
1.53993e+06  1.72e-18   6.67e-03   9.10e-01   2.54e-02   5.73e-02   6.79e-07   1.33e-05   1.34e-05   1.14e-07   5.64e-05   5.92e-10   7.13e-05   
1.77828e+06  1.70e-18   7.00e-03   9.12e-01   3.29e-02   4.77e-02   6.06e-07   1.15e-05   4.91e-06   4.70e-08   3.54e-05   4.63e-10   5.13e-05   
2.05353e+06  1.45e-18   6.59e-03   9.09e-01   2.78e-02   5.63e-02   5.82e-07   1.18e-05   7.78e-06   6.60e-08   5.28e-05   4.53e-10   6.48e-05   
2.37137e+06  1.33e-16   2.55e-02   9.25e-01   3.01e-02   1.86e-02   3.62e-05   5.62e-05   2.79e-04   2.43e-05   3.89e-05   2.55e-07   2.12e-05   
2.73842e+06  1.43e-18   6.60e-03   9.09e-01   2.85e-02   5.59e-02   5.70e-07   1.16e-05   7.06e-06   6.06e-08   5.08e-05   4.45e-10   6.28e-05   
3.16228e+06  8.95e-17   2.20e-02   9.26e-01   2.99e-02   2.19e-02   2.21e-05   4.87e-05   1.91e-04   1.24e-05   2.70e-05   1.21e-07   2.56e-05   
3.65174e+06  1.54e-18   6.63e-03   9.10e-01   2.65e-02   5.70e-02   6.21e-07   1.25e-05   1.01e-05   8.45e-08   5.59e-05   4.97e-10   6.89e-05   
4.21697e+06  1.43e-18   6.61e-03   9.09e-01   2.85e-02   5.61e-02   5.73e-07   1.17e-05   7.13e-06   6.14e-08   5.12e-05   4.46e-10   6.31e-05   
4.86968e+06  1.42e-18   6.59e-03   9.09e-01   2.95e-02   5.51e-02   5.53e-07   1.12e-05   6.03e-06   5.36e-08   4.71e-05   4.38e-10   5.90e-05   
5.62341e+06  1.42e-18   6.60e-03   9.09e-01   2.93e-02   5.54e-02   5.57e-07   1.13e-05   6.25e-06   5.52e-08   4.80e-05   4.39e-10   5.99e-05   
6.49382e+06  1.46e-18   6.60e-03   9.09e-01   2.76e-02   5.65e-02   5.89e-07   1.20e-05   8.14e-06   6.90e-08   5.35e-05   4.59e-10   6.57e-05   
7.49894e+06  1.19e-16   2.38e-02   9.27e-01   2.86e-02   2.02e-02   3.47e-05   5.46e-05   2.76e-04   2.38e-05   4.40e-05   2.44e-07   2.17e-05   
8.65964e+06  1.44e-18   6.61e-03   9.09e-01   2.81e-02   5.63e-02   5.79e-07   1.18e-05   7.49e-06   6.40e-08   5.21e-05   4.50e-10   6.42e-05   
1.00000e+07  1.42e-18   6.59e-03   9.08e-01   2.99e-02   5.49e-02   5.49e-07   1.11e-05   5.75e-06   5.18e-08   4.58e-05   4.38e-10   5.77e-05   
1.15478e+07  1.43e-18   6.58e-03   9.09e-01   2.87e-02   5.55e-02   5.64e-07   1.15e-05   6.71e-06   5.82e-08   4.97e-05   4.40e-10   6.15e-05   
1.33352e+07  1.81e-18   6.68e-03   9.11e-01   2.51e-02   5.69e-02   7.01e-07   1.35e-05   1.45e-05   1.26e-07   5.58e-05   6.30e-10   7.12e-05   
1.53993e+07  1.52e-18   6.59e-03   9.10e-01   2.67e-02   5.67e-02   6.09e-07   1.23e-05   9.43e-06   7.91e-08   5.52e-05   4.81e-10   6.79e-05   
1.77828e+07  4.43e-17   1.62e-02   9.21e-01   2.42e-02   3.84e-02   1.55e-05   4.13e-05   1.56e-04   7.67e-06   3.84e-05   5.85e-08   3.32e-05   
2.05353e+07  1.51e-18   6.58e-03   9.10e-01   2.68e-02   5.66e-02   6.02e-07   1.22e-05   9.10e-06   7.64e-08   5.48e-05   4.74e-10   6.71e-05   
2.37137e+07  1.33e-16   2.55e-02   9.25e-01   3.01e-02   1.86e-02   3.66e-05   5.63e-05   2.83e-04   2.48e-05   3.98e-05   2.60e-07   2.11e-05   
2.73842e+07  1.31e-16   2.50e-02   9.26e-01   2.94e-02   1.89e-02   3.67e-05   5.59e-05   2.85e-04   2.51e-05   4.20e-05   2.63e-07   2.11e-05   
