! 0       *H + *C2O -> HC2O
! 1       CH2CO + OH -> HC2O + H2O
! 2       *HC2O + CRPhoton -> HC2O
! 3       *HC2O + ISPhoton -> HC2O
! 4       *HC2O + GRAIN -> HC2O + GRAIN
! 5       *HC2O + CRP -> HC2O
!            tot_rate   0          1          2          3          4          5          
1.00000e+00  2.78e-21   1.00e+00   1.92e-05   1.55e-05   2.78e-12   6.51e-67   0.00e+00   
1.15478e+00  5.38e-21   1.00e+00   1.42e-05   1.83e-05   3.27e-12   7.68e-67   0.00e+00   
1.33352e+00  1.02e-20   1.00e+00   1.05e-05   2.17e-05   3.87e-12   9.10e-67   0.00e+00   
1.53993e+00  1.91e-20   1.00e+00   7.70e-06   2.55e-05   4.55e-12   1.07e-66   0.00e+00   
1.77828e+00  3.49e-20   1.00e+00   5.62e-06   3.01e-05   5.39e-12   1.27e-66   0.00e+00   
2.05353e+00  6.18e-20   1.00e+00   4.17e-06   3.59e-05   6.42e-12   1.51e-66   0.00e+00   
2.37137e+00  1.06e-19   1.00e+00   3.12e-06   4.32e-05   7.71e-12   1.81e-66   0.00e+00   
2.73842e+00  1.77e-19   1.00e+00   2.36e-06   5.17e-05   9.27e-12   2.18e-66   0.00e+00   
3.16228e+00  2.87e-19   1.00e+00   1.81e-06   6.20e-05   1.11e-11   2.61e-66   0.00e+00   
3.65174e+00  4.53e-19   1.00e+00   1.40e-06   7.44e-05   1.33e-11   3.13e-66   0.00e+00   
4.21697e+00  6.98e-19   1.00e+00   1.10e-06   8.92e-05   1.59e-11   3.75e-66   0.00e+00   
4.86968e+00  1.06e-18   1.00e+00   8.73e-07   1.06e-04   1.90e-11   4.46e-66   0.00e+00   
5.62341e+00  1.57e-18   1.00e+00   7.07e-07   1.26e-04   2.25e-11   5.32e-66   0.00e+00   
6.49382e+00  2.30e-18   1.00e+00   5.74e-07   1.50e-04   2.67e-11   6.30e-66   0.00e+00   
7.49894e+00  3.31e-18   1.00e+00   4.74e-07   1.77e-04   3.17e-11   7.46e-66   0.00e+00   
8.65964e+00  4.68e-18   1.00e+00   3.99e-07   2.09e-04   3.74e-11   8.82e-66   0.00e+00   
1.00000e+01  6.47e-18   1.00e+00   3.43e-07   2.47e-04   4.43e-11   1.05e-65   0.00e+00   
1.15478e+01  8.74e-18   1.00e+00   3.03e-07   2.95e-04   5.26e-11   1.25e-65   0.00e+00   
1.33352e+01  1.16e-17   1.00e+00   2.73e-07   3.48e-04   6.22e-11   1.47e-65   0.00e+00   
1.53993e+01  1.50e-17   1.00e+00   2.55e-07   4.14e-04   7.40e-11   1.75e-65   0.00e+00   
1.77828e+01  1.91e-17   1.00e+00   2.43e-07   4.88e-04   8.74e-11   2.07e-65   0.00e+00   
2.05353e+01  2.41e-17   9.99e-01   2.38e-07   5.68e-04   1.02e-10   2.42e-65   0.00e+00   
2.37137e+01  2.98e-17   9.99e-01   2.42e-07   6.61e-04   1.18e-10   2.82e-65   0.00e+00   
2.73842e+01  3.63e-17   9.99e-01   2.55e-07   7.65e-04   1.37e-10   3.28e-65   0.00e+00   
3.16228e+01  4.37e-17   9.99e-01   2.79e-07   8.73e-04   1.56e-10   3.75e-65   0.00e+00   
3.65174e+01  5.19e-17   9.99e-01   3.18e-07   9.87e-04   1.76e-10   4.26e-65   0.00e+00   
4.21697e+01  6.06e-17   9.99e-01   3.80e-07   1.10e-03   1.96e-10   4.76e-65   0.00e+00   
4.86968e+01  6.99e-17   9.99e-01   4.74e-07   1.19e-03   2.13e-10   5.19e-65   0.00e+00   
5.62341e+01  7.95e-17   9.99e-01   6.19e-07   1.26e-03   2.24e-10   5.50e-65   0.00e+00   
6.49382e+01  8.92e-17   9.99e-01   8.49e-07   1.26e-03   2.24e-10   5.54e-65   0.00e+00   
7.49894e+01  9.85e-17   9.99e-01   1.23e-06   1.15e-03   2.06e-10   5.12e-65   0.00e+00   
8.65964e+01  1.06e-16   9.99e-01   1.88e-06   8.76e-04   1.56e-10   3.93e-65   0.00e+00   
1.00000e+02  1.03e-16   1.00e+00   3.29e-06   3.38e-04   6.04e-11   1.53e-65   0.00e+00   
1.15478e+02  3.34e-20   9.82e-01   1.78e-02   6.38e-08   1.14e-14   2.93e-69   0.00e+00   
1.33352e+02  4.11e-20   9.74e-01   2.63e-02   4.55e-08   8.13e-15   2.12e-69   0.00e+00   
1.53993e+02  4.99e-20   9.60e-01   4.01e-02   3.13e-08   5.59e-15   1.48e-69   0.00e+00   
1.77828e+02  5.96e-20   9.37e-01   6.26e-02   1.93e-08   3.45e-15   9.32e-70   0.00e+00   
2.05353e+02  6.94e-20   9.00e-01   9.97e-02   9.91e-09   1.77e-15   4.88e-70   0.00e+00   
2.37137e+02  7.92e-20   8.41e-01   1.59e-01   4.99e-09   8.91e-16   2.51e-70   0.00e+00   
2.73842e+02  9.06e-20   7.54e-01   2.46e-01   2.76e-09   4.92e-16   1.42e-70   0.00e+00   
3.16228e+02  1.07e-19   6.39e-01   3.61e-01   1.52e-09   2.72e-16   8.11e-71   0.00e+00   
3.65174e+02  1.31e-19   5.13e-01   4.87e-01   8.11e-10   1.45e-16   4.45e-71   0.00e+00   
4.21697e+02  1.67e-19   3.94e-01   6.06e-01   4.12e-10   7.38e-17   2.36e-71   0.00e+00   
4.86968e+02  2.17e-19   2.98e-01   7.02e-01   2.05e-10   3.67e-17   1.23e-71   0.00e+00   
5.62341e+02  2.76e-19   2.29e-01   7.71e-01   1.01e-10   1.81e-17   6.41e-72   0.00e+00   
6.49382e+02  3.39e-19   1.80e-01   8.20e-01   4.78e-11   8.55e-18   3.24e-72   0.00e+00   
7.49894e+02  3.97e-19   1.47e-01   8.53e-01   1.77e-11   3.17e-18   1.31e-72   0.00e+00   
8.65964e+02  4.48e-19   1.23e-01   8.77e-01   2.57e-12   4.60e-19   2.09e-73   0.00e+00   
1.00000e+03  4.91e-19   1.11e-01   8.89e-01   7.46e-13   1.33e-19   6.83e-74   0.00e+00   
1.15478e+03  5.35e-19   9.53e-02   9.05e-01   4.99e-13   8.93e-20   5.25e-74   0.00e+00   
1.33352e+03  6.07e-19   8.01e-02   9.20e-01   3.35e-13   5.97e-20   4.10e-74   0.00e+00   
1.53993e+03  7.67e-19   6.33e-02   9.37e-01   2.13e-13   3.81e-20   3.12e-74   0.00e+00   
1.77828e+03  1.20e-18   4.41e-02   9.56e-01   1.22e-13   2.19e-20   2.19e-74   0.00e+00   
2.05353e+03  2.38e-18   2.66e-02   9.73e-01   6.21e-14   1.11e-20   1.36e-74   0.00e+00   
2.37137e+03  4.47e-18   1.16e-02   9.88e-01   2.35e-14   4.20e-21   6.33e-75   0.00e+00   
2.73842e+03  5.82e-18   4.50e-03   9.95e-01   8.25e-15   1.48e-21   2.63e-75   0.00e+00   
3.16228e+03  5.59e-18   3.77e-03   9.96e-01   6.35e-15   1.14e-21   2.29e-75   0.00e+00   
3.65174e+03  4.84e-18   4.56e-03   9.95e-01   6.96e-15   1.25e-21   2.77e-75   0.00e+00   
4.21697e+03  4.07e-18   5.84e-03   9.94e-01   7.98e-15   1.43e-21   3.44e-75   0.00e+00   
4.86968e+03  3.43e-18   7.42e-03   9.93e-01   8.99e-15   1.61e-21   4.12e-75   0.00e+00   
5.62341e+03  2.92e-18   9.12e-03   9.91e-01   9.74e-15   1.75e-21   4.70e-75   0.00e+00   
6.49382e+03  2.51e-18   1.09e-02   9.89e-01   1.02e-14   1.82e-21   5.07e-75   0.00e+00   
7.49894e+03  2.19e-18   1.27e-02   9.87e-01   1.02e-14   1.82e-21   5.21e-75   0.00e+00   
8.65964e+03  1.93e-18   1.44e-02   9.86e-01   9.91e-15   1.77e-21   5.16e-75   0.00e+00   
1.00000e+04  1.73e-18   1.62e-02   9.84e-01   9.37e-15   1.68e-21   4.98e-75   0.00e+00   
1.15478e+04  1.58e-18   1.80e-02   9.82e-01   8.74e-15   1.56e-21   4.71e-75   0.00e+00   
1.33352e+04  1.49e-18   1.97e-02   9.80e-01   7.92e-15   1.42e-21   4.34e-75   0.00e+00   
1.53993e+04  1.45e-18   2.12e-02   9.79e-01   7.10e-15   1.27e-21   3.94e-75   0.00e+00   
1.77828e+04  1.46e-18   2.26e-02   9.77e-01   6.23e-15   1.12e-21   3.54e-75   0.00e+00   
2.05353e+04  1.52e-18   2.38e-02   9.76e-01   5.51e-15   9.89e-22   3.20e-75   0.00e+00   
2.37137e+04  1.59e-18   2.53e-02   9.75e-01   4.96e-15   8.93e-22   2.95e-75   0.00e+00   
2.73842e+04  1.68e-18   2.70e-02   9.73e-01   4.54e-15   8.18e-22   2.78e-75   0.00e+00   
3.16228e+04  1.73e-18   2.94e-02   9.71e-01   4.28e-15   7.68e-22   2.73e-75   0.00e+00   
3.65174e+04  1.76e-18   3.22e-02   9.68e-01   4.12e-15   7.40e-22   2.75e-75   0.00e+00   
4.21697e+04  1.73e-18   3.59e-02   9.64e-01   4.06e-15   7.27e-22   2.86e-75   0.00e+00   
4.86968e+04  1.65e-18   4.07e-02   9.59e-01   4.11e-15   7.41e-22   3.10e-75   0.00e+00   
5.62341e+04  1.51e-18   4.66e-02   9.53e-01   4.24e-15   7.61e-22   3.48e-75   0.00e+00   
6.49382e+04  1.32e-18   5.41e-02   9.46e-01   4.49e-15   8.10e-22   4.05e-75   0.00e+00   
7.49894e+04  1.08e-18   6.46e-02   9.35e-01   4.91e-15   8.82e-22   4.97e-75   0.00e+00   
8.65964e+04  8.27e-19   7.77e-02   9.22e-01   5.48e-15   9.84e-22   6.36e-75   0.00e+00   
1.00000e+05  5.85e-19   9.50e-02   9.05e-01   6.26e-15   1.13e-21   8.52e-75   0.00e+00   
1.15478e+05  3.80e-19   1.17e-01   8.83e-01   7.32e-15   1.32e-21   1.17e-74   0.00e+00   
1.33352e+05  2.29e-19   1.45e-01   8.55e-01   8.64e-15   1.56e-21   1.60e-74   0.00e+00   
1.53993e+05  1.31e-19   1.76e-01   8.24e-01   1.02e-14   1.82e-21   2.10e-74   0.00e+00   
1.77828e+05  7.14e-20   2.07e-01   7.93e-01   1.17e-14   2.10e-21   2.56e-74   0.00e+00   
2.05353e+05  2.54e-20   2.60e-01   7.40e-01   1.42e-14   2.57e-21   3.09e-74   0.00e+00   
2.37137e+05  2.30e-21   3.07e-01   6.93e-01   1.63e-14   2.94e-21   3.21e-74   0.00e+00   
2.73842e+05  2.00e-21   3.39e-01   6.61e-01   1.79e-14   3.21e-21   3.62e-74   0.00e+00   
3.16228e+05  1.85e-21   3.82e-01   6.18e-01   2.00e-14   3.60e-21   4.06e-74   0.00e+00   
3.65174e+05  1.76e-21   4.25e-01   5.75e-01   2.21e-14   3.97e-21   4.47e-74   0.00e+00   
4.21697e+05  1.68e-21   4.71e-01   5.29e-01   2.44e-14   4.38e-21   4.92e-74   0.00e+00   
4.86968e+05  1.64e-21   5.15e-01   4.85e-01   2.65e-14   4.76e-21   5.35e-74   0.00e+00   
5.62341e+05  1.63e-21   5.55e-01   4.45e-01   2.84e-14   5.11e-21   5.75e-74   0.00e+00   
6.49382e+05  1.67e-21   5.88e-01   4.12e-01   3.00e-14   5.40e-21   6.09e-74   0.00e+00   
7.49894e+05  1.82e-21   6.10e-01   3.90e-01   3.10e-14   5.60e-21   6.32e-74   0.00e+00   
8.65964e+05  7.21e-20   3.02e-01   6.98e-01   1.61e-14   2.90e-21   4.62e-74   0.00e+00   
1.00000e+06  3.35e-20   2.71e-01   7.29e-01   1.46e-14   2.63e-21   3.47e-74   0.00e+00   
1.15478e+06  1.77e-21   4.37e-01   5.63e-01   2.26e-14   4.07e-21   4.58e-74   0.00e+00   
1.33352e+06  1.68e-21   5.50e-01   4.50e-01   2.82e-14   5.07e-21   5.70e-74   0.00e+00   
1.53993e+06  2.01e-21   6.03e-01   3.97e-01   3.06e-14   5.53e-21   6.28e-74   0.00e+00   
1.77828e+06  2.28e-21   3.39e-01   6.61e-01   1.79e-14   3.21e-21   3.50e-74   0.00e+00   
2.05353e+06  1.68e-21   5.37e-01   4.63e-01   2.75e-14   4.95e-21   5.56e-74   0.00e+00   
2.37137e+06  7.99e-20   2.83e-01   7.17e-01   1.53e-14   2.74e-21   4.26e-74   0.00e+00   
2.73842e+06  1.70e-21   5.06e-01   4.94e-01   2.60e-14   4.68e-21   5.26e-74   0.00e+00   
3.16228e+06  6.55e-20   2.58e-01   7.42e-01   1.41e-14   2.53e-21   3.65e-74   0.00e+00   
3.65174e+06  1.76e-21   5.84e-01   4.16e-01   2.98e-14   5.37e-21   6.07e-74   0.00e+00   
4.21697e+06  1.69e-21   5.10e-01   4.90e-01   2.62e-14   4.71e-21   5.30e-74   0.00e+00   
4.86968e+06  1.76e-21   4.53e-01   5.47e-01   2.34e-14   4.21e-21   4.73e-74   0.00e+00   
5.62341e+06  1.74e-21   4.66e-01   5.34e-01   2.41e-14   4.32e-21   4.86e-74   0.00e+00   
6.49382e+06  1.69e-21   5.47e-01   4.53e-01   2.80e-14   5.03e-21   5.66e-74   0.00e+00   
7.49894e+06  7.05e-20   3.04e-01   6.96e-01   1.60e-14   2.89e-21   4.62e-74   0.00e+00   
8.65964e+06  1.69e-21   5.25e-01   4.75e-01   2.69e-14   4.84e-21   5.45e-74   0.00e+00   
1.00000e+07  1.79e-21   4.35e-01   5.65e-01   2.25e-14   4.05e-21   4.56e-74   0.00e+00   
1.15478e+07  1.71e-21   4.91e-01   5.09e-01   2.53e-14   4.55e-21   5.11e-74   0.00e+00   
1.33352e+07  2.14e-21   5.98e-01   4.02e-01   3.03e-14   5.47e-21   6.22e-74   0.00e+00   
1.53993e+07  1.73e-21   5.76e-01   4.24e-01   2.94e-14   5.28e-21   5.94e-74   0.00e+00   
1.77828e+07  3.38e-20   3.55e-01   6.45e-01   1.82e-14   3.28e-21   4.47e-74   0.00e+00   
2.05353e+07  1.72e-21   5.70e-01   4.30e-01   2.91e-14   5.23e-21   5.87e-74   0.00e+00   
2.37137e+07  7.95e-20   2.84e-01   7.16e-01   1.53e-14   2.77e-21   4.30e-74   0.00e+00   
2.73842e+07  7.69e-20   2.93e-01   7.07e-01   1.57e-14   2.82e-21   4.45e-74   0.00e+00   
