! 0       H2O + HCO+ -> HCOOH2+
! 1       CH4 + O2+ -> H + HCOOH2+
! 2       HCOOH + HCO+ -> CO + HCOOH2+
! 3       HCOOH + H3CO+ -> H2CO + HCOOH2+
! 4       HCOOH + CH3OH2+ -> CH3OH + HCOOH2+
!            tot_rate   0          1          2          3          4          
1.00000e+00  7.95e-24   9.98e-01   1.86e-03   3.71e-07   2.45e-10   1.16e-15   
1.15478e+00  8.54e-24   9.98e-01   2.11e-03   9.00e-07   3.10e-10   1.49e-15   
1.33352e+00  9.21e-24   9.98e-01   2.37e-03   2.18e-06   3.59e-10   1.75e-15   
1.53993e+00  9.98e-24   9.97e-01   2.65e-03   5.27e-06   3.77e-10   1.85e-15   
1.77828e+00  1.08e-23   9.97e-01   2.94e-03   1.27e-05   3.52e-10   1.78e-15   
2.05353e+00  1.17e-23   9.97e-01   3.26e-03   3.10e-05   2.90e-10   1.56e-15   
2.37137e+00  1.27e-23   9.96e-01   3.59e-03   7.53e-05   2.13e-10   1.33e-15   
2.73842e+00  1.39e-23   9.96e-01   3.93e-03   1.83e-04   1.47e-10   1.34e-15   
3.16228e+00  1.51e-23   9.95e-01   4.27e-03   4.41e-04   1.33e-10   2.00e-15   
3.65174e+00  1.64e-23   9.94e-01   4.59e-03   1.06e-03   2.21e-10   4.09e-15   
4.21697e+00  1.77e-23   9.93e-01   4.94e-03   2.54e-03   5.37e-10   9.30e-15   
4.86968e+00  1.92e-23   9.89e-01   5.26e-03   6.04e-03   1.41e-09   2.15e-14   
5.62341e+00  2.09e-23   9.80e-01   5.55e-03   1.40e-02   3.68e-09   4.97e-14   
6.49382e+00  2.30e-23   9.63e-01   5.71e-03   3.15e-02   9.37e-09   1.12e-13   
7.49894e+00  2.57e-23   9.27e-01   5.76e-03   6.77e-02   2.27e-08   2.41e-13   
8.65964e+00  2.99e-23   8.59e-01   5.58e-03   1.35e-01   5.08e-08   4.88e-13   
1.00000e+01  3.69e-23   7.53e-01   5.07e-03   2.42e-01   1.02e-07   8.94e-13   
1.15478e+01  4.90e-23   6.14e-01   4.26e-03   3.82e-01   1.82e-07   1.46e-12   
1.33352e+01  7.01e-23   4.69e-01   3.34e-03   5.28e-01   2.85e-07   2.12e-12   
1.53993e+01  1.06e-22   3.41e-01   2.48e-03   6.57e-01   4.01e-07   2.79e-12   
1.77828e+01  1.67e-22   2.42e-01   1.79e-03   7.56e-01   5.27e-07   3.45e-12   
2.05353e+01  2.68e-22   1.70e-01   1.27e-03   8.29e-01   6.57e-07   4.07e-12   
2.37137e+01  4.38e-22   1.19e-01   9.05e-04   8.80e-01   7.95e-07   4.73e-12   
2.73842e+01  7.20e-22   8.47e-02   6.47e-04   9.15e-01   9.45e-07   5.48e-12   
3.16228e+01  1.19e-21   6.10e-02   4.68e-04   9.39e-01   1.11e-06   6.40e-12   
3.65174e+01  2.01e-21   4.42e-02   3.40e-04   9.55e-01   1.30e-06   7.46e-12   
4.21697e+01  3.39e-21   3.27e-02   2.53e-04   9.67e-01   1.53e-06   8.93e-12   
4.86968e+01  5.80e-21   2.46e-02   1.90e-04   9.75e-01   1.81e-06   1.09e-11   
5.62341e+01  1.01e-20   1.89e-02   1.46e-04   9.81e-01   2.14e-06   1.36e-11   
6.49382e+01  1.77e-20   1.48e-02   1.14e-04   9.85e-01   2.54e-06   1.75e-11   
7.49894e+01  3.16e-20   1.18e-02   9.06e-05   9.88e-01   3.03e-06   2.33e-11   
8.65964e+01  5.76e-20   9.68e-03   7.40e-05   9.90e-01   3.51e-06   3.21e-11   
1.00000e+02  1.07e-19   8.16e-03   6.20e-05   9.92e-01   3.24e-06   4.14e-11   
1.15478e+02  1.55e-19   9.01e-03   9.72e-05   9.91e-01   1.92e-06   3.28e-11   
1.33352e+02  2.02e-19   1.20e-02   1.99e-04   9.88e-01   2.59e-06   4.26e-11   
1.53993e+02  2.74e-19   1.64e-02   4.02e-04   9.83e-01   3.49e-06   5.56e-11   
1.77828e+02  3.82e-19   2.32e-02   8.29e-04   9.76e-01   4.66e-06   7.35e-11   
2.05353e+02  5.49e-19   3.37e-02   1.74e-03   9.65e-01   6.10e-06   9.86e-11   
2.37137e+02  8.08e-19   4.99e-02   3.69e-03   9.46e-01   7.83e-06   1.35e-10   
2.73842e+02  1.21e-18   7.44e-02   7.75e-03   9.18e-01   9.84e-06   1.86e-10   
3.16228e+02  1.81e-18   1.12e-01   1.62e-02   8.72e-01   1.22e-05   2.62e-10   
3.65174e+02  2.74e-18   1.62e-01   3.23e-02   8.06e-01   1.47e-05   3.68e-10   
4.21697e+02  4.17e-18   2.25e-01   6.00e-02   7.15e-01   1.73e-05   5.01e-10   
4.86968e+02  6.36e-18   2.96e-01   1.01e-01   6.04e-01   1.93e-05   6.56e-10   
5.62341e+02  9.61e-18   3.63e-01   1.51e-01   4.86e-01   2.05e-05   8.14e-10   
6.49382e+02  1.42e-17   4.19e-01   2.05e-01   3.76e-01   2.02e-05   9.53e-10   
7.49894e+02  1.99e-17   4.63e-01   2.51e-01   2.86e-01   1.89e-05   1.09e-09   
8.65964e+02  2.58e-17   5.11e-01   2.70e-01   2.19e-01   1.79e-05   1.69e-09   
1.00000e+03  3.16e-17   5.57e-01   2.75e-01   1.68e-01   1.84e-05   3.86e-09   
1.15478e+03  3.81e-17   6.09e-01   2.68e-01   1.24e-01   1.57e-05   4.17e-09   
1.33352e+03  4.83e-17   6.65e-01   2.49e-01   8.60e-02   1.31e-05   4.41e-09   
1.53993e+03  7.04e-17   7.32e-01   2.15e-01   5.38e-02   1.09e-05   4.65e-09   
1.77828e+03  1.39e-16   8.08e-01   1.62e-01   2.95e-02   9.67e-06   5.27e-09   
2.05353e+03  3.77e-16   8.73e-01   1.10e-01   1.76e-02   1.22e-05   8.12e-09   
2.37137e+03  8.82e-16   8.92e-01   8.90e-02   1.88e-02   2.40e-05   1.92e-08   
2.73842e+03  1.28e-15   8.72e-01   1.02e-01   2.59e-02   3.99e-05   4.04e-08   
3.16228e+03  1.43e-15   8.46e-01   1.21e-01   3.25e-02   5.51e-05   6.53e-08   
3.65174e+03  1.44e-15   8.34e-01   1.28e-01   3.77e-02   7.09e-05   9.11e-08   
4.21697e+03  1.39e-15   8.32e-01   1.26e-01   4.23e-02   8.61e-05   1.17e-07   
4.86968e+03  1.33e-15   8.35e-01   1.18e-01   4.67e-02   1.02e-04   1.44e-07   
5.62341e+03  1.25e-15   8.39e-01   1.09e-01   5.12e-02   1.19e-04   1.73e-07   
6.49382e+03  1.17e-15   8.44e-01   1.01e-01   5.53e-02   1.36e-04   2.00e-07   
7.49894e+03  1.09e-15   8.47e-01   9.34e-02   5.90e-02   1.51e-04   2.25e-07   
8.65964e+03  1.01e-15   8.49e-01   8.84e-02   6.20e-02   1.65e-04   2.45e-07   
1.00000e+04  9.27e-16   8.50e-01   8.56e-02   6.43e-02   1.75e-04   2.58e-07   
1.15478e+04  8.48e-16   8.49e-01   8.51e-02   6.58e-02   1.82e-04   2.65e-07   
1.33352e+04  7.75e-16   8.47e-01   8.67e-02   6.63e-02   1.85e-04   2.66e-07   
1.53993e+04  7.10e-16   8.43e-01   9.03e-02   6.62e-02   1.87e-04   2.60e-07   
1.77828e+04  6.56e-16   8.40e-01   9.49e-02   6.52e-02   1.87e-04   2.51e-07   
2.05353e+04  6.10e-16   8.35e-01   1.01e-01   6.37e-02   1.87e-04   2.41e-07   
2.37137e+04  5.68e-16   8.32e-01   1.07e-01   6.17e-02   1.87e-04   2.29e-07   
2.73842e+04  5.21e-16   8.28e-01   1.12e-01   5.91e-02   1.84e-04   2.13e-07   
3.16228e+04  4.68e-16   8.27e-01   1.17e-01   5.60e-02   1.80e-04   1.95e-07   
3.65174e+04  4.08e-16   8.26e-01   1.21e-01   5.25e-02   1.73e-04   1.74e-07   
4.21697e+04  3.43e-16   8.28e-01   1.23e-01   4.84e-02   1.63e-04   1.51e-07   
4.86968e+04  2.78e-16   8.32e-01   1.25e-01   4.36e-02   1.49e-04   1.26e-07   
5.62341e+04  2.15e-16   8.37e-01   1.25e-01   3.81e-02   1.31e-04   1.02e-07   
6.49382e+04  1.58e-16   8.42e-01   1.25e-01   3.22e-02   1.11e-04   7.85e-08   
7.49894e+04  1.09e-16   8.48e-01   1.26e-01   2.61e-02   8.88e-05   5.81e-08   
8.65964e+04  6.90e-17   8.51e-01   1.29e-01   2.00e-02   6.65e-05   4.04e-08   
1.00000e+05  4.00e-17   8.50e-01   1.35e-01   1.45e-02   4.57e-05   2.62e-08   
1.15478e+05  2.10e-17   8.44e-01   1.46e-01   1.00e-02   2.86e-05   1.58e-08   
1.33352e+05  1.01e-17   8.30e-01   1.63e-01   6.57e-03   1.60e-05   8.61e-09   
1.53993e+05  4.54e-18   8.05e-01   1.91e-01   4.30e-03   8.27e-06   4.30e-09   
1.77828e+05  1.90e-18   7.60e-01   2.37e-01   2.88e-03   3.89e-06   1.91e-09   
2.05353e+05  4.68e-19   6.54e-01   3.44e-01   1.98e-03   1.24e-06   5.41e-10   
2.37137e+05  5.37e-20   5.82e-01   4.15e-01   2.72e-03   3.57e-07   9.95e-11   
2.73842e+05  4.90e-20   5.67e-01   4.31e-01   2.24e-03   2.86e-07   7.61e-11   
3.16228e+05  4.74e-20   5.51e-01   4.47e-01   1.83e-03   2.34e-07   6.06e-11   
3.65174e+05  4.67e-20   5.36e-01   4.63e-01   1.47e-03   1.92e-07   4.84e-11   
4.21697e+05  4.64e-20   5.22e-01   4.77e-01   1.20e-03   1.59e-07   3.93e-11   
4.86968e+05  4.63e-20   5.07e-01   4.92e-01   9.95e-04   1.35e-07   3.30e-11   
5.62341e+05  4.69e-20   4.94e-01   5.05e-01   8.56e-04   1.20e-07   2.90e-11   
6.49382e+05  4.80e-20   4.81e-01   5.18e-01   7.72e-04   1.12e-07   2.73e-11   
7.49894e+05  5.08e-20   4.68e-01   5.31e-01   7.22e-04   1.11e-07   2.73e-11   
8.65964e+05  2.43e-18   7.24e-01   2.73e-01   2.70e-03   6.29e-06   2.56e-09   
1.00000e+06  6.82e-19   6.72e-01   3.27e-01   1.54e-03   1.32e-06   5.72e-10   
1.15478e+06  4.70e-20   5.32e-01   4.68e-01   7.12e-04   9.36e-08   2.36e-11   
1.33352e+06  4.74e-20   4.93e-01   5.06e-01   6.98e-04   9.82e-08   2.38e-11   
1.53993e+06  5.39e-20   4.64e-01   5.36e-01   6.84e-04   1.10e-07   2.78e-11   
1.77828e+06  5.29e-20   5.78e-01   4.21e-01   8.03e-04   1.10e-07   3.00e-11   
2.05353e+06  4.72e-20   4.98e-01   5.02e-01   7.01e-04   9.76e-08   2.39e-11   
2.37137e+06  2.56e-18   7.47e-01   2.50e-01   2.86e-03   6.42e-06   2.79e-09   
2.73842e+06  4.69e-20   5.07e-01   4.92e-01   7.03e-04   9.61e-08   2.37e-11   
3.16228e+06  1.75e-18   7.44e-01   2.54e-01   2.35e-03   3.74e-06   1.73e-09   
3.65174e+06  4.93e-20   4.78e-01   5.21e-01   6.93e-04   1.03e-07   2.51e-11   
4.21697e+06  4.69e-20   5.07e-01   4.92e-01   7.03e-04   9.63e-08   2.37e-11   
4.86968e+06  4.69e-20   5.26e-01   4.73e-01   7.10e-04   9.42e-08   2.34e-11   
5.62341e+06  4.68e-20   5.21e-01   4.78e-01   7.09e-04   9.46e-08   2.35e-11   
6.49382e+06  4.75e-20   4.94e-01   5.05e-01   6.98e-04   9.85e-08   2.40e-11   
7.49894e+06  2.36e-18   7.19e-01   2.78e-01   2.64e-03   6.09e-06   2.45e-09   
8.65964e+06  4.71e-20   5.01e-01   4.99e-01   7.02e-04   9.70e-08   2.38e-11   
1.00000e+07  4.70e-20   5.32e-01   4.68e-01   7.12e-04   9.38e-08   2.36e-11   
1.15478e+07  4.68e-20   5.12e-01   4.87e-01   7.07e-04   9.54e-08   2.35e-11   
1.33352e+07  5.61e-20   4.61e-01   5.38e-01   6.82e-04   1.13e-07   2.89e-11   
1.53993e+07  4.86e-20   4.83e-01   5.16e-01   6.95e-04   1.01e-07   2.47e-11   
1.77828e+07  1.13e-18   6.20e-01   3.79e-01   1.45e-03   2.18e-06   7.03e-10   
2.05353e+07  4.83e-20   4.84e-01   5.15e-01   6.97e-04   1.01e-07   2.46e-11   
2.37137e+07  2.57e-18   7.46e-01   2.51e-01   2.85e-03   6.45e-06   2.80e-09   
2.73842e+07  2.54e-18   7.37e-01   2.60e-01   2.81e-03   6.50e-06   2.74e-09   
