! 0       *H + *CH3O -> *CH3OH
! 1       *H + *CH2OH -> *CH3OH
! 2       *OH + *CH3 -> *CH3OH
! 3       CH3OH + GRAIN -> *CH3OH + GRAIN
! 4       *CH3OCH3 + CRPhoton -> *CH3OH + *CH2
! 5       *HCOOCH3 + CRPhoton -> *CH3OH + *CO
! 6       *CH3OCH3 + ISPhoton -> *CH3OH + *CH2
!            tot_rate   0          1          2          3          4          5          6          
1.00000e+00  1.22e-19   7.27e-02   1.59e-01   2.20e-01   5.48e-01   1.16e-11   4.40e-13   4.90e-20   
1.15478e+00  1.23e-19   1.14e-01   2.47e-01   3.32e-01   3.07e-01   2.44e-11   1.04e-12   1.03e-19   
1.33352e+00  1.49e-19   1.46e-01   3.14e-01   4.10e-01   1.30e-01   4.13e-11   2.01e-12   1.74e-19   
1.53993e+00  2.07e-19   1.63e-01   3.54e-01   4.39e-01   4.36e-02   5.93e-11   3.31e-12   2.51e-19   
1.77828e+00  3.04e-19   1.69e-01   3.75e-01   4.44e-01   1.23e-02   7.99e-11   5.06e-12   3.35e-19   
2.05353e+00  4.59e-19   1.71e-01   3.88e-01   4.38e-01   2.99e-03   1.03e-10   7.46e-12   4.34e-19   
2.37137e+00  6.92e-19   1.70e-01   3.99e-01   4.30e-01   6.17e-04   1.31e-10   1.08e-11   5.53e-19   
2.73842e+00  1.04e-18   1.70e-01   4.08e-01   4.21e-01   1.07e-04   1.66e-10   1.55e-11   7.00e-19   
3.16228e+00  1.57e-18   1.70e-01   4.18e-01   4.12e-01   1.55e-05   2.10e-10   2.20e-11   8.85e-19   
3.65174e+00  2.35e-18   1.70e-01   4.26e-01   4.04e-01   1.82e-06   2.64e-10   3.11e-11   1.12e-18   
4.21697e+00  3.50e-18   1.70e-01   4.38e-01   3.92e-01   1.95e-07   3.35e-10   4.38e-11   1.41e-18   
4.86968e+00  5.19e-18   1.71e-01   4.47e-01   3.82e-01   4.76e-08   4.20e-10   6.07e-11   1.78e-18   
5.62341e+00  7.62e-18   1.73e-01   4.57e-01   3.70e-01   3.86e-08   5.34e-10   8.43e-11   2.26e-18   
6.49382e+00  1.11e-17   1.76e-01   4.66e-01   3.58e-01   3.93e-08   6.83e-10   1.16e-10   2.88e-18   
7.49894e+00  1.61e-17   1.80e-01   4.74e-01   3.46e-01   4.06e-08   8.78e-10   1.61e-10   3.71e-18   
8.65964e+00  2.29e-17   1.85e-01   4.80e-01   3.35e-01   4.21e-08   1.15e-09   2.21e-10   4.85e-18   
1.00000e+01  3.23e-17   1.90e-01   4.86e-01   3.25e-01   4.33e-08   1.52e-09   3.03e-10   6.40e-18   
1.15478e+01  4.50e-17   1.95e-01   4.87e-01   3.18e-01   4.49e-08   2.03e-09   4.18e-10   8.56e-18   
1.33352e+01  6.20e-17   2.00e-01   4.85e-01   3.15e-01   4.66e-08   2.74e-09   5.71e-10   1.15e-17   
1.53993e+01  8.49e-17   2.04e-01   4.84e-01   3.12e-01   4.85e-08   3.70e-09   7.76e-10   1.55e-17   
1.77828e+01  1.16e-16   2.07e-01   4.82e-01   3.11e-01   5.05e-08   4.97e-09   1.04e-09   2.10e-17   
2.05353e+01  1.59e-16   2.10e-01   4.80e-01   3.10e-01   5.28e-08   6.68e-09   1.37e-09   2.83e-17   
2.37137e+01  2.17e-16   2.12e-01   4.79e-01   3.09e-01   5.53e-08   9.03e-09   1.79e-09   3.80e-17   
2.73842e+01  2.97e-16   2.13e-01   4.78e-01   3.09e-01   5.86e-08   1.22e-08   2.29e-09   5.12e-17   
3.16228e+01  4.07e-16   2.14e-01   4.77e-01   3.10e-01   6.24e-08   1.64e-08   2.85e-09   6.90e-17   
3.65174e+01  5.59e-16   2.15e-01   4.74e-01   3.11e-01   6.69e-08   2.22e-08   3.51e-09   9.36e-17   
4.21697e+01  7.75e-16   2.15e-01   4.71e-01   3.14e-01   7.21e-08   3.01e-08   4.17e-09   1.27e-16   
4.86968e+01  1.08e-15   2.17e-01   4.66e-01   3.17e-01   7.84e-08   4.07e-08   4.78e-09   1.72e-16   
5.62341e+01  1.53e-15   2.19e-01   4.58e-01   3.23e-01   8.60e-08   5.55e-08   5.25e-09   2.34e-16   
6.49382e+01  2.21e-15   2.24e-01   4.47e-01   3.29e-01   9.55e-08   7.61e-08   5.43e-09   3.21e-16   
7.49894e+01  3.23e-15   2.34e-01   4.31e-01   3.35e-01   1.08e-07   1.07e-07   5.18e-09   4.53e-16   
8.65964e+01  4.70e-15   2.55e-01   4.09e-01   3.36e-01   1.23e-07   1.57e-07   4.51e-09   6.64e-16   
1.00000e+02  5.07e-15   3.20e-01   3.79e-01   3.02e-01   1.50e-07   3.16e-07   4.54e-09   1.33e-15   
1.15478e+02  4.36e-17   1.70e-01   6.67e-01   1.63e-01   4.88e-07   4.56e-04   5.27e-07   1.92e-12   
1.33352e+02  4.29e-17   1.88e-01   6.76e-01   1.34e-01   7.16e-07   1.55e-03   5.36e-07   6.55e-12   
1.53993e+02  4.06e-17   2.32e-01   6.63e-01   1.02e-01   1.15e-06   3.50e-03   5.67e-07   1.47e-11   
1.77828e+02  3.71e-17   3.42e-01   5.88e-01   6.25e-02   2.12e-06   7.31e-03   6.17e-07   3.07e-11   
2.05353e+02  3.75e-17   5.92e-01   3.71e-01   2.29e-02   4.24e-06   1.40e-02   6.08e-07   5.90e-11   
2.37137e+02  5.04e-17   8.10e-01   1.63e-01   5.80e-03   6.91e-06   2.11e-02   4.53e-07   8.92e-11   
2.73842e+02  7.39e-17   8.98e-01   7.25e-02   1.68e-03   9.12e-06   2.77e-02   3.08e-07   1.17e-10   
3.16228e+02  1.11e-16   9.35e-01   3.24e-02   5.21e-04   1.06e-05   3.23e-02   2.05e-07   1.36e-10   
3.65174e+02  1.75e-16   9.54e-01   1.36e-02   1.57e-04   1.05e-05   3.24e-02   1.31e-07   1.37e-10   
4.21697e+02  2.96e-16   9.68e-01   5.04e-03   4.36e-05   8.39e-06   2.72e-02   7.85e-08   1.15e-10   
4.86968e+02  5.53e-16   9.80e-01   1.59e-03   1.08e-05   5.23e-06   1.81e-02   4.29e-08   7.61e-11   
5.62341e+02  1.15e-15   9.90e-01   4.08e-04   2.27e-06   3.24e-06   9.47e-03   2.08e-08   4.01e-11   
6.49382e+02  2.64e-15   9.96e-01   8.03e-05   3.75e-07   3.03e-06   4.20e-03   9.09e-09   1.78e-11   
7.49894e+02  7.29e-15   9.98e-01   1.07e-05   3.44e-08   3.43e-06   1.52e-03   3.26e-09   6.45e-12   
8.65964e+02  4.78e-14   1.00e+00   6.21e-06   2.30e-10   3.35e-06   2.32e-04   4.96e-10   9.81e-13   
1.00000e+03  1.61e-13   1.00e+00   2.96e-05   1.02e-11   5.30e-06   6.89e-05   1.46e-10   2.91e-13   
1.15478e+03  2.25e-13   1.00e+00   5.69e-05   6.44e-12   6.31e-06   4.93e-05   1.04e-10   2.08e-13   
1.33352e+03  3.13e-13   1.00e+00   8.47e-05   4.12e-12   7.60e-06   3.55e-05   7.44e-11   1.50e-13   
1.53993e+03  4.32e-13   1.00e+00   1.14e-04   2.66e-12   9.67e-06   2.59e-05   5.42e-11   1.09e-13   
1.77828e+03  5.88e-13   1.00e+00   1.45e-04   1.70e-12   1.36e-05   1.92e-05   4.05e-11   8.09e-14   
2.05353e+03  7.87e-13   1.00e+00   1.79e-04   9.88e-13   2.13e-05   1.47e-05   3.24e-11   6.22e-14   
2.37137e+03  1.03e-12   1.00e+00   2.15e-04   4.58e-13   3.13e-05   1.20e-05   3.06e-11   5.08e-14   
2.73842e+03  1.28e-12   1.00e+00   2.55e-04   2.16e-13   3.93e-05   1.06e-05   3.44e-11   4.49e-14   
3.16228e+03  1.54e-12   1.00e+00   3.01e-04   1.53e-13   4.39e-05   9.74e-06   3.91e-11   4.11e-14   
3.65174e+03  1.81e-12   1.00e+00   3.57e-04   1.33e-13   4.66e-05   8.95e-06   4.15e-11   3.79e-14   
4.21697e+03  2.10e-12   1.00e+00   4.24e-04   1.19e-13   4.76e-05   8.23e-06   4.15e-11   3.48e-14   
4.86968e+03  2.39e-12   9.99e-01   5.06e-04   1.09e-13   4.85e-05   7.57e-06   3.99e-11   3.20e-14   
5.62341e+03  2.69e-12   9.99e-01   6.06e-04   1.02e-13   4.87e-05   6.95e-06   3.75e-11   2.94e-14   
6.49382e+03  2.99e-12   9.99e-01   7.29e-04   9.69e-14   4.81e-05   6.38e-06   3.44e-11   2.70e-14   
7.49894e+03  3.29e-12   9.99e-01   8.75e-04   9.32e-14   4.74e-05   5.86e-06   3.13e-11   2.48e-14   
8.65964e+03  3.56e-12   9.99e-01   1.06e-03   9.06e-14   4.63e-05   5.39e-06   2.83e-11   2.29e-14   
1.00000e+04  3.80e-12   9.99e-01   1.30e-03   8.91e-14   4.53e-05   5.01e-06   2.56e-11   2.13e-14   
1.15478e+04  3.99e-12   9.98e-01   1.60e-03   8.78e-14   4.44e-05   4.69e-06   2.30e-11   1.99e-14   
1.33352e+04  4.10e-12   9.98e-01   1.97e-03   8.74e-14   4.34e-05   4.47e-06   2.08e-11   1.89e-14   
1.53993e+04  4.13e-12   9.98e-01   2.45e-03   8.79e-14   4.26e-05   4.31e-06   1.88e-11   1.83e-14   
1.77828e+04  4.07e-12   9.97e-01   3.00e-03   9.01e-14   4.22e-05   4.27e-06   1.71e-11   1.81e-14   
2.05353e+04  3.93e-12   9.96e-01   3.61e-03   9.46e-14   4.22e-05   4.37e-06   1.58e-11   1.86e-14   
2.37137e+04  3.74e-12   9.96e-01   4.23e-03   1.02e-13   4.26e-05   4.66e-06   1.46e-11   1.97e-14   
2.73842e+04  3.49e-12   9.95e-01   4.88e-03   1.13e-13   4.27e-05   5.13e-06   1.38e-11   2.17e-14   
3.16228e+04  3.22e-12   9.95e-01   5.44e-03   1.27e-13   4.29e-05   5.81e-06   1.31e-11   2.46e-14   
3.65174e+04  2.91e-12   9.94e-01   5.98e-03   1.46e-13   4.33e-05   6.78e-06   1.26e-11   2.88e-14   
4.21697e+04  2.58e-12   9.93e-01   6.48e-03   1.70e-13   4.35e-05   8.07e-06   1.21e-11   3.42e-14   
4.86968e+04  2.24e-12   9.93e-01   6.93e-03   2.01e-13   4.35e-05   9.71e-06   1.15e-11   4.12e-14   
5.62341e+04  1.87e-12   9.93e-01   7.42e-03   2.42e-13   4.40e-05   1.18e-05   1.10e-11   5.02e-14   
6.49382e+04  1.53e-12   9.92e-01   7.77e-03   2.96e-13   4.42e-05   1.44e-05   1.02e-11   6.10e-14   
7.49894e+04  1.20e-12   9.92e-01   8.18e-03   3.74e-13   4.47e-05   1.76e-05   9.25e-12   7.47e-14   
8.65964e+04  9.07e-13   9.91e-01   8.50e-03   4.84e-13   4.49e-05   2.13e-05   8.14e-12   9.04e-14   
1.00000e+05  6.55e-13   9.91e-01   8.77e-03   6.54e-13   4.47e-05   2.57e-05   6.86e-12   1.09e-13   
1.15478e+05  4.55e-13   9.91e-01   8.94e-03   9.14e-13   4.35e-05   3.01e-05   5.49e-12   1.28e-13   
1.33352e+05  3.10e-13   9.91e-01   8.94e-03   1.31e-12   4.03e-05   3.39e-05   4.13e-12   1.44e-13   
1.53993e+05  2.11e-13   9.91e-01   8.82e-03   1.92e-12   3.47e-05   3.56e-05   2.91e-12   1.51e-13   
1.77828e+05  1.46e-13   9.91e-01   8.61e-03   2.83e-12   2.65e-05   3.45e-05   1.95e-12   1.46e-13   
2.05353e+05  9.51e-14   9.91e-01   8.91e-03   4.74e-12   1.41e-05   3.00e-05   1.19e-12   1.27e-13   
2.37137e+05  4.77e-14   9.91e-01   8.59e-03   1.08e-11   4.63e-06   1.04e-05   2.28e-13   4.42e-14   
2.73842e+05  4.41e-14   9.92e-01   7.77e-03   1.30e-11   4.53e-06   5.78e-06   7.34e-14   2.45e-14   
3.16228e+05  4.40e-14   9.92e-01   7.68e-03   1.43e-11   4.47e-06   5.04e-06   5.99e-14   2.14e-14   
3.65174e+05  4.43e-14   9.92e-01   7.67e-03   1.53e-11   4.44e-06   4.56e-06   5.35e-14   1.93e-14   
4.21697e+05  4.47e-14   9.92e-01   7.64e-03   1.63e-11   4.43e-06   4.09e-06   4.78e-14   1.74e-14   
4.86968e+05  4.50e-14   9.92e-01   7.66e-03   1.74e-11   4.44e-06   3.73e-06   4.35e-14   1.58e-14   
5.62341e+05  4.54e-14   9.92e-01   7.64e-03   1.83e-11   4.49e-06   3.41e-06   4.00e-14   1.45e-14   
6.49382e+05  4.59e-14   9.92e-01   7.63e-03   1.92e-11   4.56e-06   3.23e-06   3.84e-14   1.37e-14   
7.49894e+05  4.66e-14   9.92e-01   7.63e-03   1.99e-11   4.73e-06   3.20e-06   3.93e-14   1.36e-14   
8.65964e+05  1.19e-13   9.93e-01   6.78e-03   6.77e-12   3.82e-05   2.80e-05   1.08e-12   1.20e-13   
1.00000e+06  9.43e-14   9.92e-01   7.98e-03   5.39e-12   1.84e-05   2.85e-05   9.76e-13   1.21e-13   
1.15478e+06  4.46e-14   9.92e-01   7.66e-03   1.57e-11   4.46e-06   4.50e-06   5.29e-14   1.92e-14   
1.33352e+06  4.56e-14   9.92e-01   7.65e-03   1.83e-11   4.51e-06   3.53e-06   4.16e-14   1.50e-14   
1.53993e+06  4.71e-14   9.92e-01   7.61e-03   1.99e-11   4.89e-06   3.46e-06   4.36e-14   1.47e-14   
1.77828e+06  5.05e-14   9.91e-01   9.23e-03   1.08e-11   4.58e-06   1.57e-05   3.71e-13   6.68e-14   
2.05353e+06  4.55e-14   9.92e-01   7.64e-03   1.80e-11   4.50e-06   3.64e-06   4.30e-14   1.55e-14   
2.37137e+06  1.27e-13   9.93e-01   7.30e-03   5.43e-12   3.88e-05   3.33e-05   1.35e-12   1.42e-13   
2.73842e+06  4.52e-14   9.92e-01   7.65e-03   1.73e-11   4.46e-06   3.89e-06   4.57e-14   1.66e-14   
3.16228e+06  1.21e-13   9.92e-01   7.64e-03   4.44e-12   3.04e-05   3.37e-05   1.36e-12   1.43e-13   
3.65174e+06  4.63e-14   9.92e-01   7.63e-03   1.93e-11   4.63e-06   3.37e-06   4.04e-14   1.43e-14   
4.21697e+06  4.53e-14   9.92e-01   7.63e-03   1.74e-11   4.48e-06   3.86e-06   4.52e-14   1.64e-14   
4.86968e+06  4.48e-14   9.92e-01   7.65e-03   1.61e-11   4.46e-06   4.39e-06   5.15e-14   1.86e-14   
5.62341e+06  4.49e-14   9.92e-01   7.65e-03   1.64e-11   4.45e-06   4.25e-06   4.98e-14   1.81e-14   
6.49382e+06  4.56e-14   9.92e-01   7.65e-03   1.83e-11   4.51e-06   3.59e-06   4.23e-14   1.52e-14   
7.49894e+06  1.16e-13   9.93e-01   6.72e-03   7.05e-12   3.82e-05   2.74e-05   1.04e-12   1.16e-13   
8.65964e+06  4.54e-14   9.92e-01   7.64e-03   1.78e-11   4.49e-06   3.74e-06   4.40e-14   1.59e-14   
1.00000e+07  4.47e-14   9.92e-01   7.67e-03   1.57e-11   4.45e-06   4.56e-06   5.34e-14   1.94e-14   
1.15478e+07  4.51e-14   9.92e-01   7.64e-03   1.70e-11   4.45e-06   4.03e-06   4.72e-14   1.71e-14   
1.33352e+07  4.74e-14   9.92e-01   7.60e-03   1.99e-11   5.00e-06   3.61e-06   4.62e-14   1.53e-14   
1.53993e+07  4.61e-14   9.92e-01   7.64e-03   1.91e-11   4.58e-06   3.41e-06   4.08e-14   1.45e-14   
1.77828e+07  7.62e-14   9.95e-01   5.37e-03   1.21e-11   2.53e-05   6.90e-06   1.75e-13   2.94e-14   
2.05353e+07  4.60e-14   9.92e-01   7.64e-03   1.89e-11   4.57e-06   3.44e-06   4.09e-14   1.46e-14   
2.37137e+07  1.27e-13   9.93e-01   7.21e-03   5.55e-12   3.88e-05   3.27e-05   1.32e-12   1.39e-13   
2.73842e+07  1.23e-13   9.93e-01   7.06e-03   6.13e-12   3.91e-05   3.11e-05   1.22e-12   1.32e-13   
