! 0       HNCOH+ + e- -> HNCO + H
! 1       H2NCO+ + e- -> HNCO + H
! 2       *H + *OCN -> HNCO
! 3       *HNCO + CRPhoton -> HNCO
! 4       CH2 + NO -> HNCO + H
! 5       H2NCO+ + GRAIN -> HNCO + H + GRAIN
! 6       HNCO+ + GRAIN -> HNCO + GRAIN
! 7       *HNCO + ISPhoton -> HNCO
! 8       C2H5CN + OH -> C2H5 + HNCO
! 9       *HNCO + GRAIN -> HNCO + GRAIN
!            tot_rate   0          1          2          3          4          5          6          7          8          9          
1.00000e+00  9.67e-19   1.22e-01   9.13e-02   7.84e-01   2.28e-05   2.73e-03   3.39e-07   5.17e-08   4.06e-12   4.51e-49   5.74e-78   
1.15478e+00  1.30e-18   1.16e-01   8.78e-02   7.93e-01   2.65e-05   2.54e-03   3.26e-07   4.95e-08   4.74e-12   5.04e-49   6.69e-78   
1.33352e+00  1.73e-18   1.13e-01   8.51e-02   7.99e-01   3.11e-05   2.36e-03   3.17e-07   4.81e-08   5.57e-12   5.63e-49   7.87e-78   
1.53993e+00  2.34e-18   1.08e-01   8.13e-02   8.08e-01   3.61e-05   2.13e-03   3.05e-07   4.58e-08   6.46e-12   6.16e-49   9.11e-78   
1.77828e+00  3.15e-18   1.04e-01   7.81e-02   8.16e-01   4.19e-05   1.92e-03   2.93e-07   4.41e-08   7.49e-12   6.70e-49   1.06e-77   
2.05353e+00  4.25e-18   9.94e-02   7.49e-02   8.24e-01   4.87e-05   1.71e-03   2.83e-07   4.21e-08   8.71e-12   7.23e-49   1.23e-77   
2.37137e+00  5.73e-18   9.44e-02   7.12e-02   8.33e-01   5.67e-05   1.50e-03   2.69e-07   4.02e-08   1.01e-11   7.77e-49   1.43e-77   
2.73842e+00  7.72e-18   8.91e-02   6.72e-02   8.42e-01   6.62e-05   1.31e-03   2.55e-07   3.78e-08   1.18e-11   8.34e-49   1.67e-77   
3.16228e+00  1.04e-17   8.30e-02   6.28e-02   8.53e-01   7.72e-05   1.13e-03   2.40e-07   3.53e-08   1.38e-11   8.96e-49   1.95e-77   
3.65174e+00  1.40e-17   7.64e-02   5.80e-02   8.64e-01   9.00e-05   9.65e-04   2.24e-07   3.27e-08   1.61e-11   9.65e-49   2.28e-77   
4.21697e+00  1.89e-17   6.92e-02   5.28e-02   8.77e-01   1.05e-04   8.14e-04   2.04e-07   2.96e-08   1.88e-11   1.04e-48   2.66e-77   
4.86968e+00  2.56e-17   6.17e-02   4.76e-02   8.90e-01   1.23e-04   6.75e-04   1.86e-07   2.67e-08   2.19e-11   1.14e-48   3.10e-77   
5.62341e+00  3.48e-17   5.46e-02   4.25e-02   9.02e-01   1.43e-04   5.60e-04   1.68e-07   2.38e-08   2.55e-11   1.25e-48   3.62e-77   
6.49382e+00  4.75e-17   4.78e-02   3.79e-02   9.14e-01   1.66e-04   4.57e-04   1.52e-07   2.13e-08   2.97e-11   1.39e-48   4.21e-77   
7.49894e+00  6.50e-17   4.22e-02   3.42e-02   9.23e-01   1.92e-04   3.71e-04   1.38e-07   1.91e-08   3.45e-11   1.58e-48   4.89e-77   
8.65964e+00  8.92e-17   3.77e-02   3.16e-02   9.30e-01   2.24e-04   2.99e-04   1.30e-07   1.76e-08   4.00e-11   1.85e-48   5.68e-77   
1.00000e+01  1.22e-16   3.47e-02   3.05e-02   9.34e-01   2.61e-04   2.43e-04   1.27e-07   1.69e-08   4.66e-11   2.25e-48   6.62e-77   
1.15478e+01  1.67e-16   3.35e-02   3.08e-02   9.35e-01   3.03e-04   1.97e-04   1.31e-07   1.70e-08   5.42e-11   2.83e-48   7.73e-77   
1.33352e+01  2.25e-16   3.42e-02   3.29e-02   9.32e-01   3.55e-04   1.62e-04   1.43e-07   1.81e-08   6.35e-11   3.79e-48   9.01e-77   
1.53993e+01  3.04e-16   3.65e-02   3.65e-02   9.27e-01   4.14e-04   1.35e-04   1.63e-07   2.00e-08   7.36e-11   5.36e-48   1.05e-76   
1.77828e+01  4.09e-16   4.04e-02   4.18e-02   9.17e-01   4.79e-04   1.14e-04   1.92e-07   2.29e-08   8.56e-11   8.12e-48   1.23e-76   
2.05353e+01  5.48e-16   4.60e-02   4.87e-02   9.05e-01   5.54e-04   9.74e-05   2.32e-07   2.64e-08   9.90e-11   1.32e-47   1.42e-76   
2.37137e+01  7.32e-16   5.27e-02   5.70e-02   8.90e-01   6.38e-04   8.49e-05   2.81e-07   3.09e-08   1.14e-10   2.36e-47   1.64e-76   
2.73842e+01  9.70e-16   6.09e-02   6.64e-02   8.72e-01   7.36e-04   7.55e-05   3.43e-07   3.60e-08   1.32e-10   4.64e-47   1.90e-76   
3.16228e+01  1.28e-15   6.98e-02   7.67e-02   8.53e-01   8.45e-04   6.86e-05   4.16e-07   4.13e-08   1.52e-10   1.02e-46   2.19e-76   
3.65174e+01  1.68e-15   7.86e-02   8.69e-02   8.33e-01   9.70e-04   6.31e-05   4.97e-07   4.65e-08   1.74e-10   2.51e-46   2.52e-76   
4.21697e+01  2.18e-15   8.74e-02   9.66e-02   8.15e-01   1.12e-03   5.95e-05   5.86e-07   5.13e-08   2.00e-10   7.10e-46   2.92e-76   
4.86968e+01  2.82e-15   9.54e-02   1.05e-01   7.98e-01   1.28e-03   5.71e-05   6.85e-07   5.57e-08   2.30e-10   2.30e-45   3.37e-76   
5.62341e+01  3.59e-15   1.03e-01   1.13e-01   7.83e-01   1.49e-03   5.55e-05   7.92e-07   5.91e-08   2.66e-10   8.67e-45   3.93e-76   
6.49382e+01  4.52e-15   1.08e-01   1.18e-01   7.72e-01   1.73e-03   5.49e-05   9.03e-07   6.13e-08   3.08e-10   3.83e-44   4.60e-76   
7.49894e+01  5.63e-15   1.12e-01   1.22e-01   7.64e-01   2.01e-03   5.45e-05   1.02e-06   6.25e-08   3.59e-10   1.97e-43   5.40e-76   
8.65964e+01  6.91e-15   1.15e-01   1.24e-01   7.59e-01   2.36e-03   5.50e-05   1.15e-06   6.27e-08   4.21e-10   1.19e-42   6.40e-76   
1.00000e+02  8.28e-15   1.17e-01   1.27e-01   7.53e-01   2.80e-03   5.64e-05   1.32e-06   6.24e-08   5.01e-10   8.40e-42   7.72e-76   
1.15478e+02  3.00e-15   2.54e-01   2.69e-01   4.67e-01   9.24e-03   1.86e-04   3.19e-06   1.31e-07   1.65e-09   2.19e-40   2.58e-75   
1.33352e+02  2.39e-15   2.19e-01   2.24e-01   5.44e-01   1.25e-02   3.03e-04   3.09e-06   1.08e-07   2.24e-09   2.89e-39   3.55e-75   
1.53993e+02  1.93e-15   2.14e-01   2.13e-01   5.56e-01   1.67e-02   4.89e-04   3.47e-06   1.01e-07   2.98e-09   4.11e-38   4.81e-75   
1.77828e+02  1.40e-15   2.50e-01   2.39e-01   4.86e-01   2.41e-02   8.69e-04   4.68e-06   1.10e-07   4.31e-09   6.88e-37   7.11e-75   
2.05353e+02  9.07e-16   3.37e-01   3.06e-01   3.16e-01   3.85e-02   1.72e-03   7.26e-06   1.38e-07   6.88e-09   1.34e-35   1.16e-74   
2.37137e+02  6.90e-16   4.23e-01   3.62e-01   1.61e-01   5.11e-02   2.88e-03   1.06e-05   1.58e-07   9.16e-09   2.27e-34   1.58e-74   
2.73842e+02  6.72e-16   4.72e-01   3.91e-01   8.05e-02   5.28e-02   3.75e-03   1.43e-05   1.68e-07   9.43e-09   3.04e-33   1.68e-74   
3.16228e+02  7.51e-16   5.02e-01   4.09e-01   3.82e-02   4.72e-02   4.27e-03   1.88e-05   1.70e-07   8.44e-09   3.61e-32   1.56e-74   
3.65174e+02  9.08e-16   5.21e-01   4.18e-01   1.71e-02   3.90e-02   4.53e-03   2.41e-05   1.68e-07   6.97e-09   4.11e-31   1.33e-74   
4.21697e+02  1.15e-15   5.33e-01   4.24e-01   7.31e-03   3.07e-02   4.61e-03   3.01e-05   1.63e-07   5.48e-09   4.77e-30   1.10e-74   
4.86968e+02  1.49e-15   5.41e-01   4.28e-01   3.02e-03   2.35e-02   4.56e-03   3.77e-05   1.59e-07   4.20e-09   5.83e-29   8.85e-75   
5.62341e+02  1.94e-15   5.47e-01   4.30e-01   1.21e-03   1.80e-02   4.41e-03   4.59e-05   1.53e-07   3.21e-09   7.58e-28   7.22e-75   
6.49382e+02  2.45e-15   5.52e-01   4.29e-01   4.50e-04   1.41e-02   4.25e-03   5.36e-05   1.45e-07   2.53e-09   1.03e-26   6.13e-75   
7.49894e+02  2.92e-15   5.54e-01   4.31e-01   1.47e-04   1.08e-02   4.14e-03   6.19e-05   1.38e-07   1.93e-09   1.43e-25   5.16e-75   
8.65964e+02  3.27e-15   5.57e-01   4.31e-01   5.26e-05   8.04e-03   4.13e-03   6.97e-05   1.32e-07   1.44e-09   1.88e-24   4.28e-75   
1.00000e+03  3.44e-15   5.59e-01   4.31e-01   4.95e-05   6.34e-03   4.02e-03   7.57e-05   1.25e-07   1.14e-09   2.27e-23   3.87e-75   
1.15478e+03  3.47e-15   5.61e-01   4.29e-01   5.01e-05   5.21e-03   4.15e-03   8.35e-05   1.19e-07   9.33e-10   2.43e-22   3.69e-75   
1.33352e+03  3.55e-15   5.63e-01   4.28e-01   5.07e-05   4.22e-03   4.31e-03   9.38e-05   1.13e-07   7.58e-10   2.29e-21   3.58e-75   
1.53993e+03  3.96e-15   5.66e-01   4.27e-01   4.97e-05   3.16e-03   4.24e-03   1.11e-04   1.06e-07   5.63e-10   1.97e-20   3.26e-75   
1.77828e+03  5.30e-15   5.70e-01   4.24e-01   4.68e-05   1.96e-03   3.79e-03   1.49e-04   9.58e-08   3.49e-10   1.84e-19   2.53e-75   
2.05353e+03  8.81e-15   5.73e-01   4.22e-01   4.27e-05   9.81e-04   2.86e-03   2.18e-04   7.99e-08   1.76e-10   2.29e-18   1.60e-75   
2.37137e+03  1.45e-14   5.78e-01   4.19e-01   3.83e-05   4.99e-04   1.91e-03   2.85e-04   6.64e-08   8.95e-11   1.91e-17   1.03e-75   
2.73842e+03  1.77e-14   5.82e-01   4.16e-01   3.37e-05   3.46e-04   1.38e-03   3.07e-04   5.82e-08   6.22e-11   4.66e-17   8.59e-76   
3.16228e+03  1.73e-14   5.84e-01   4.14e-01   3.16e-05   3.00e-04   1.33e-03   3.13e-04   5.47e-08   5.37e-11   5.12e-17   8.55e-76   
3.65174e+03  1.67e-14   5.83e-01   4.15e-01   3.14e-05   2.63e-04   1.31e-03   3.16e-04   5.35e-08   4.71e-11   4.13e-17   8.39e-76   
4.21697e+03  1.60e-14   5.83e-01   4.15e-01   3.11e-05   2.31e-04   1.22e-03   3.18e-04   5.30e-08   4.14e-11   3.27e-17   8.14e-76   
4.86968e+03  1.49e-14   5.83e-01   4.15e-01   3.08e-05   2.07e-04   1.13e-03   3.19e-04   5.30e-08   3.72e-11   3.01e-17   7.78e-76   
5.62341e+03  1.37e-14   5.83e-01   4.15e-01   3.05e-05   1.88e-04   1.06e-03   3.18e-04   5.31e-08   3.37e-11   3.23e-17   7.43e-76   
6.49382e+03  1.25e-14   5.83e-01   4.15e-01   3.04e-05   1.70e-04   1.01e-03   3.16e-04   5.36e-08   3.04e-11   3.75e-17   7.00e-76   
7.49894e+03  1.14e-14   5.83e-01   4.15e-01   3.01e-05   1.53e-04   9.83e-04   3.12e-04   5.42e-08   2.73e-11   4.47e-17   6.46e-76   
8.65964e+03  1.04e-14   5.84e-01   4.15e-01   2.98e-05   1.35e-04   9.63e-04   3.08e-04   5.49e-08   2.42e-11   5.38e-17   5.85e-76   
1.00000e+04  9.52e-15   5.84e-01   4.15e-01   2.94e-05   1.17e-04   9.59e-04   3.03e-04   5.57e-08   2.10e-11   6.47e-17   5.17e-76   
1.15478e+04  8.82e-15   5.84e-01   4.15e-01   2.90e-05   9.87e-05   9.60e-04   2.99e-04   5.64e-08   1.77e-11   7.75e-17   4.44e-76   
1.33352e+04  8.31e-15   5.84e-01   4.15e-01   2.84e-05   8.03e-05   9.59e-04   2.95e-04   5.72e-08   1.44e-11   9.25e-17   3.68e-76   
1.53993e+04  8.03e-15   5.84e-01   4.15e-01   2.76e-05   6.23e-05   9.46e-04   2.91e-04   5.77e-08   1.12e-11   1.10e-16   2.91e-76   
1.77828e+04  8.00e-15   5.84e-01   4.15e-01   2.66e-05   4.57e-05   9.19e-04   2.90e-04   5.80e-08   8.21e-12   1.30e-16   2.17e-76   
2.05353e+04  8.26e-15   5.84e-01   4.15e-01   2.54e-05   3.15e-05   8.73e-04   2.89e-04   5.79e-08   5.67e-12   1.53e-16   1.54e-76   
2.37137e+04  8.75e-15   5.84e-01   4.15e-01   2.41e-05   2.06e-05   8.18e-04   2.90e-04   5.76e-08   3.70e-12   1.82e-16   1.04e-76   
2.73842e+04  9.39e-15   5.84e-01   4.15e-01   2.27e-05   1.29e-05   7.60e-04   2.91e-04   5.74e-08   2.32e-12   2.18e-16   6.73e-77   
3.16228e+04  1.01e-14   5.83e-01   4.16e-01   2.12e-05   7.93e-06   7.04e-04   2.91e-04   5.71e-08   1.43e-12   2.68e-16   4.31e-77   
3.65174e+04  1.07e-14   5.83e-01   4.16e-01   1.99e-05   4.88e-06   6.57e-04   2.90e-04   5.71e-08   8.76e-13   3.41e-16   2.79e-77   
4.21697e+04  1.11e-14   5.84e-01   4.15e-01   1.86e-05   3.07e-06   6.15e-04   2.88e-04   5.72e-08   5.52e-13   4.49e-16   1.87e-77   
4.86968e+04  1.11e-14   5.83e-01   4.16e-01   1.74e-05   2.04e-06   5.82e-04   2.86e-04   5.75e-08   3.67e-13   6.15e-16   1.35e-77   
5.62341e+04  1.08e-14   5.83e-01   4.16e-01   1.63e-05   1.48e-06   5.60e-04   2.81e-04   5.81e-08   2.66e-13   8.79e-16   1.07e-77   
6.49382e+04  9.93e-15   5.83e-01   4.16e-01   1.54e-05   1.17e-06   5.47e-04   2.76e-04   5.89e-08   2.10e-13   1.31e-15   9.40e-78   
7.49894e+04  8.56e-15   5.83e-01   4.16e-01   1.46e-05   1.00e-06   5.48e-04   2.69e-04   6.02e-08   1.80e-13   2.05e-15   9.22e-78   
8.65964e+04  6.78e-15   5.83e-01   4.16e-01   1.41e-05   9.18e-07   5.65e-04   2.60e-04   6.18e-08   1.65e-13   3.29e-15   9.83e-78   
1.00000e+05  4.80e-15   5.83e-01   4.16e-01   1.40e-05   8.78e-07   6.04e-04   2.48e-04   6.43e-08   1.58e-13   5.41e-15   1.12e-77   
1.15478e+05  2.96e-15   5.84e-01   4.15e-01   1.43e-05   8.74e-07   6.72e-04   2.36e-04   6.85e-08   1.57e-13   8.61e-15   1.34e-77   
1.33352e+05  1.55e-15   5.82e-01   4.17e-01   1.53e-05   8.95e-07   7.86e-04   2.20e-04   7.41e-08   1.61e-13   1.23e-14   1.62e-77   
1.53993e+05  6.82e-16   5.81e-01   4.18e-01   1.76e-05   9.40e-07   9.69e-04   1.98e-04   8.07e-08   1.69e-13   1.41e-14   1.94e-77   
1.77828e+05  2.42e-16   5.78e-01   4.21e-01   2.20e-05   1.04e-06   1.30e-03   1.71e-04   8.95e-08   1.86e-13   1.15e-14   2.29e-77   
2.05353e+05  4.11e-17   5.69e-01   4.28e-01   3.67e-05   1.84e-06   2.25e-03   1.19e-04   1.04e-07   3.31e-13   3.80e-15   3.99e-77   
2.37137e+05  2.54e-18   5.63e-01   4.33e-01   9.53e-05   3.56e-06   3.98e-03   5.35e-05   1.18e-07   6.42e-13   1.26e-16   6.89e-77   
2.73842e+05  2.23e-18   5.64e-01   4.32e-01   9.80e-05   1.94e-06   3.81e-03   5.28e-05   1.18e-07   3.48e-13   1.33e-16   3.89e-77   
3.16228e+05  2.08e-18   5.64e-01   4.33e-01   9.97e-05   1.87e-06   3.74e-03   5.20e-05   1.18e-07   3.36e-13   1.39e-16   3.76e-77   
3.65174e+05  1.99e-18   5.64e-01   4.32e-01   1.01e-04   1.86e-06   3.72e-03   5.19e-05   1.19e-07   3.34e-13   1.46e-16   3.73e-77   
4.21697e+05  1.93e-18   5.64e-01   4.32e-01   1.01e-04   1.85e-06   3.74e-03   5.16e-05   1.19e-07   3.33e-13   1.53e-16   3.71e-77   
4.86968e+05  1.91e-18   5.65e-01   4.31e-01   1.01e-04   1.84e-06   3.78e-03   5.14e-05   1.19e-07   3.31e-13   1.64e-16   3.68e-77   
5.62341e+05  1.91e-18   5.64e-01   4.32e-01   1.01e-04   1.82e-06   3.84e-03   5.18e-05   1.19e-07   3.28e-13   1.79e-16   3.65e-77   
6.49382e+05  1.96e-18   5.65e-01   4.31e-01   9.97e-05   1.79e-06   3.87e-03   5.24e-05   1.19e-07   3.21e-13   2.00e-16   3.58e-77   
7.49894e+05  2.09e-18   5.64e-01   4.31e-01   9.71e-05   1.73e-06   3.90e-03   5.41e-05   1.19e-07   3.10e-13   2.40e-16   3.48e-77   
8.65964e+05  2.75e-16   5.81e-01   4.18e-01   1.74e-05   4.21e-07   9.01e-04   2.07e-04   7.99e-08   7.56e-14   3.92e-14   1.25e-77   
1.00000e+06  5.10e-17   5.73e-01   4.26e-01   3.02e-05   9.00e-07   1.66e-03   1.40e-04   9.94e-08   1.62e-13   7.88e-15   2.16e-77   
1.15478e+06  1.95e-18   5.65e-01   4.32e-01   1.01e-04   1.84e-06   3.63e-03   5.18e-05   1.19e-07   3.32e-13   1.49e-16   3.70e-77   
1.33352e+06  1.93e-18   5.63e-01   4.33e-01   1.01e-04   1.81e-06   3.84e-03   5.22e-05   1.19e-07   3.26e-13   1.83e-16   3.63e-77   
1.53993e+06  2.24e-18   5.63e-01   4.32e-01   9.44e-05   1.67e-06   3.89e-03   5.59e-05   1.19e-07   3.01e-13   2.75e-16   3.39e-77   
1.77828e+06  2.19e-18   5.65e-01   4.31e-01   9.66e-05   4.74e-06   3.44e-03   5.29e-05   1.18e-07   8.48e-13   1.29e-16   9.12e-77   
2.05353e+06  1.93e-18   5.64e-01   4.32e-01   1.01e-04   1.82e-06   3.81e-03   5.22e-05   1.19e-07   3.26e-13   1.78e-16   3.64e-77   
2.37137e+06  2.89e-16   5.81e-01   4.18e-01   1.74e-05   5.15e-07   8.85e-04   2.07e-04   7.98e-08   9.26e-14   3.53e-14   1.49e-77   
2.73842e+06  1.93e-18   5.65e-01   4.31e-01   1.00e-04   1.82e-06   3.76e-03   5.17e-05   1.19e-07   3.28e-13   1.67e-16   3.65e-77   
3.16228e+06  1.71e-16   5.79e-01   4.20e-01   2.05e-05   6.43e-07   1.07e-03   1.83e-04   8.65e-08   1.16e-13   2.13e-14   1.71e-77   
3.65174e+06  2.02e-18   5.64e-01   4.32e-01   9.85e-05   1.76e-06   3.88e-03   5.29e-05   1.19e-07   3.17e-13   2.14e-16   3.54e-77   
4.21697e+06  1.93e-18   5.65e-01   4.31e-01   1.00e-04   1.82e-06   3.77e-03   5.17e-05   1.19e-07   3.28e-13   1.68e-16   3.65e-77   
4.86968e+06  1.95e-18   5.65e-01   4.31e-01   1.00e-04   1.83e-06   3.66e-03   5.19e-05   1.18e-07   3.30e-13   1.53e-16   3.68e-77   
5.62341e+06  1.93e-18   5.64e-01   4.32e-01   1.01e-04   1.84e-06   3.70e-03   5.17e-05   1.19e-07   3.30e-13   1.57e-16   3.68e-77   
6.49382e+06  1.95e-18   5.65e-01   4.31e-01   1.00e-04   1.80e-06   3.82e-03   5.19e-05   1.19e-07   3.24e-13   1.83e-16   3.61e-77   
7.49894e+06  2.66e-16   5.82e-01   4.17e-01   1.75e-05   4.02e-07   9.12e-04   2.06e-04   8.00e-08   7.21e-14   3.91e-14   1.19e-77   
8.65964e+06  1.93e-18   5.64e-01   4.32e-01   1.00e-04   1.82e-06   3.79e-03   5.18e-05   1.19e-07   3.27e-13   1.74e-16   3.64e-77   
1.00000e+07  1.95e-18   5.64e-01   4.33e-01   1.00e-04   1.84e-06   3.64e-03   5.18e-05   1.19e-07   3.31e-13   1.50e-16   3.69e-77   
1.15478e+07  1.93e-18   5.65e-01   4.31e-01   1.00e-04   1.83e-06   3.73e-03   5.17e-05   1.19e-07   3.29e-13   1.63e-16   3.66e-77   
1.33352e+07  2.34e-18   5.64e-01   4.32e-01   9.23e-05   1.63e-06   3.87e-03   5.69e-05   1.18e-07   2.93e-13   3.00e-16   3.32e-77   
1.53993e+07  1.99e-18   5.63e-01   4.33e-01   9.91e-05   1.78e-06   3.88e-03   5.28e-05   1.19e-07   3.20e-13   2.04e-16   3.57e-77   
1.77828e+07  8.90e-17   5.77e-01   4.21e-01   2.27e-05   1.15e-07   1.42e-03   1.72e-04   9.05e-08   2.06e-14   1.79e-14   2.85e-78   
2.05353e+07  1.98e-18   5.65e-01   4.31e-01   9.94e-05   1.78e-06   3.85e-03   5.25e-05   1.19e-07   3.20e-13   1.98e-16   3.57e-77   
2.37137e+07  2.91e-16   5.80e-01   4.19e-01   1.73e-05   5.05e-07   8.82e-04   2.08e-04   7.96e-08   9.06e-14   3.60e-14   1.46e-77   
2.73842e+07  2.89e-16   5.81e-01   4.18e-01   1.72e-05   4.63e-07   8.85e-04   2.08e-04   7.95e-08   8.36e-14   3.80e-14   1.37e-77   
