! 0       *H + *C2H4 -> C2H5
! 1       CH3CHCH2 + OH -> H2CO + C2H5
! 2       CH3CH3+ + e- -> C2H5 + H
! 3       CH3CH3 + C4H -> HC4H + C2H5
! 4       CH3CHCH2 + S+ -> C2H5 + HCS+
! 5       CN + CH3CH3 -> C2H5 + HCN
! 6       C2H7+ + e- -> C2H5 + H2
! 7       CH3CHCH2 + C3H6+ -> C2H5 + C4H7+
! 8       H2O + CH3CH3+ -> C2H5 + H3O+
! 9       C2H5+ + GRAIN -> C2H5 + GRAIN
!            tot_rate   0          1          2          3          4          5          6          7          8          9          
1.00000e+00  8.12e-20   3.42e-09   4.44e-08   2.34e-01   1.55e-06   7.66e-01   1.43e-04   1.02e-06   1.37e-08   1.95e-09   1.17e-04   
1.15478e+00  1.20e-19   4.09e-09   4.78e-08   2.35e-01   2.48e-06   7.65e-01   1.86e-04   1.07e-06   2.03e-08   1.95e-09   1.18e-04   
1.33352e+00  1.76e-19   4.88e-09   5.11e-08   2.36e-01   3.92e-06   7.63e-01   2.41e-04   1.13e-06   2.97e-08   1.97e-09   1.18e-04   
1.53993e+00  2.55e-19   5.97e-09   5.46e-08   2.38e-01   6.12e-06   7.62e-01   3.12e-04   1.19e-06   4.32e-08   1.99e-09   1.19e-04   
1.77828e+00  3.66e-19   7.30e-09   5.79e-08   2.40e-01   9.37e-06   7.60e-01   4.02e-04   1.26e-06   6.23e-08   2.03e-09   1.19e-04   
2.05353e+00  5.21e-19   8.96e-09   6.10e-08   2.42e-01   1.41e-05   7.58e-01   5.14e-04   1.33e-06   8.88e-08   2.05e-09   1.20e-04   
2.37137e+00  7.32e-19   1.11e-08   6.42e-08   2.43e-01   2.09e-05   7.56e-01   6.59e-04   1.42e-06   1.25e-07   2.10e-09   1.21e-04   
2.73842e+00  1.01e-18   1.40e-08   6.75e-08   2.45e-01   3.04e-05   7.54e-01   8.39e-04   1.51e-06   1.75e-07   2.15e-09   1.22e-04   
3.16228e+00  1.38e-18   1.76e-08   7.09e-08   2.47e-01   4.35e-05   7.52e-01   1.06e-03   1.61e-06   2.39e-07   2.20e-09   1.23e-04   
3.65174e+00  1.86e-18   2.25e-08   7.43e-08   2.50e-01   6.08e-05   7.48e-01   1.35e-03   1.72e-06   3.23e-07   2.27e-09   1.25e-04   
4.21697e+00  2.46e-18   2.89e-08   7.86e-08   2.53e-01   8.39e-05   7.45e-01   1.69e-03   1.82e-06   4.27e-07   2.34e-09   1.26e-04   
4.86968e+00  3.18e-18   3.77e-08   8.29e-08   2.57e-01   1.13e-04   7.41e-01   2.11e-03   1.94e-06   5.59e-07   2.44e-09   1.28e-04   
5.62341e+00  4.05e-18   4.96e-08   8.84e-08   2.59e-01   1.49e-04   7.38e-01   2.64e-03   2.07e-06   7.18e-07   2.54e-09   1.30e-04   
6.49382e+00  5.07e-18   6.55e-08   9.45e-08   2.64e-01   1.92e-04   7.32e-01   3.26e-03   2.19e-06   9.00e-07   2.66e-09   1.31e-04   
7.49894e+00  6.19e-18   8.76e-08   1.02e-07   2.68e-01   2.44e-04   7.27e-01   4.02e-03   2.33e-06   1.11e-06   2.81e-09   1.34e-04   
8.65964e+00  7.41e-18   1.17e-07   1.12e-07   2.73e-01   3.02e-04   7.22e-01   4.95e-03   2.48e-06   1.35e-06   3.00e-09   1.36e-04   
1.00000e+01  8.71e-18   1.57e-07   1.25e-07   2.78e-01   3.70e-04   7.15e-01   6.06e-03   2.64e-06   1.61e-06   3.20e-09   1.39e-04   
1.15478e+01  1.01e-17   2.09e-07   1.41e-07   2.83e-01   4.44e-04   7.09e-01   7.38e-03   2.81e-06   1.89e-06   3.46e-09   1.41e-04   
1.33352e+01  1.15e-17   2.76e-07   1.61e-07   2.89e-01   5.26e-04   7.02e-01   8.90e-03   3.00e-06   2.18e-06   3.77e-09   1.44e-04   
1.53993e+01  1.29e-17   3.63e-07   1.89e-07   2.94e-01   6.19e-04   6.94e-01   1.08e-02   3.23e-06   2.51e-06   4.15e-09   1.47e-04   
1.77828e+01  1.44e-17   4.75e-07   2.26e-07   3.01e-01   7.24e-04   6.86e-01   1.29e-02   3.49e-06   2.86e-06   4.61e-09   1.50e-04   
2.05353e+01  1.60e-17   6.21e-07   2.76e-07   3.07e-01   8.40e-04   6.77e-01   1.54e-02   3.79e-06   3.27e-06   5.20e-09   1.54e-04   
2.37137e+01  1.77e-17   8.08e-07   3.48e-07   3.14e-01   9.89e-04   6.67e-01   1.81e-02   4.15e-06   3.74e-06   5.93e-09   1.58e-04   
2.73842e+01  1.98e-17   1.05e-06   4.48e-07   3.19e-01   1.16e-03   6.58e-01   2.13e-02   4.59e-06   4.28e-06   6.88e-09   1.62e-04   
3.16228e+01  2.21e-17   1.36e-06   5.97e-07   3.27e-01   1.38e-03   6.46e-01   2.48e-02   5.11e-06   4.97e-06   8.18e-09   1.67e-04   
3.65174e+01  2.49e-17   1.78e-06   8.26e-07   3.36e-01   1.66e-03   6.34e-01   2.88e-02   5.81e-06   5.77e-06   9.91e-09   1.72e-04   
4.21697e+01  2.85e-17   2.34e-06   1.18e-06   3.43e-01   2.02e-03   6.22e-01   3.31e-02   6.64e-06   6.81e-06   1.22e-08   1.77e-04   
4.86968e+01  3.27e-17   3.15e-06   1.74e-06   3.51e-01   2.49e-03   6.08e-01   3.79e-02   7.73e-06   8.10e-06   1.55e-08   1.83e-04   
5.62341e+01  3.81e-17   4.33e-06   2.68e-06   3.62e-01   3.10e-03   5.91e-01   4.31e-02   9.09e-06   9.67e-06   2.02e-08   1.89e-04   
6.49382e+01  4.46e-17   6.30e-06   4.31e-06   3.72e-01   3.93e-03   5.74e-01   4.89e-02   1.09e-05   1.16e-05   2.71e-08   1.96e-04   
7.49894e+01  5.25e-17   1.01e-05   7.18e-06   3.83e-01   5.01e-03   5.56e-01   5.54e-02   1.34e-05   1.41e-05   3.79e-08   2.04e-04   
8.65964e+01  6.23e-17   1.97e-05   1.24e-05   3.95e-01   6.40e-03   5.36e-01   6.26e-02   1.67e-05   1.70e-05   5.46e-08   2.10e-04   
1.00000e+02  7.40e-17   7.94e-05   2.23e-05   4.07e-01   8.22e-03   5.14e-01   7.06e-02   2.14e-05   2.04e-05   8.19e-08   2.18e-04   
1.15478e+02  1.24e-15   9.29e-01   2.93e-06   3.00e-02   7.46e-04   3.46e-02   5.67e-03   1.99e-06   1.72e-06   9.05e-09   1.66e-05   
1.33352e+02  1.64e-15   9.37e-01   4.98e-06   2.77e-02   8.33e-04   2.89e-02   5.66e-03   2.40e-06   1.78e-06   1.31e-08   1.56e-05   
1.53993e+02  2.01e-15   9.40e-01   9.25e-06   2.74e-02   9.65e-04   2.55e-02   5.97e-03   3.19e-06   1.90e-06   2.16e-08   1.56e-05   
1.77828e+02  2.10e-15   9.35e-01   2.00e-05   3.11e-02   1.23e-03   2.54e-02   7.16e-03   5.06e-06   2.23e-06   4.28e-08   1.79e-05   
2.05353e+02  1.51e-15   9.01e-01   6.14e-05   4.95e-02   2.09e-03   3.51e-02   1.17e-02   1.15e-05   3.52e-06   1.25e-07   2.86e-05   
2.37137e+02  6.24e-16   7.48e-01   3.17e-04   1.33e-01   5.69e-03   8.09e-02   3.14e-02   4.57e-05   8.91e-06   6.41e-07   7.69e-05   
2.73842e+02  4.03e-16   5.96e-01   1.01e-03   2.26e-01   9.34e-03   1.15e-01   5.19e-02   1.15e-04   1.36e-05   2.12e-06   1.32e-04   
3.16228e+02  3.42e-16   5.12e-01   2.37e-03   2.88e-01   1.12e-02   1.22e-01   6.35e-02   2.21e-04   1.52e-05   5.36e-06   1.72e-04   
3.65174e+02  3.14e-16   4.56e-01   5.00e-03   3.38e-01   1.22e-02   1.17e-01   7.10e-02   3.89e-04   1.56e-05   1.24e-05   2.05e-04   
4.21697e+02  3.02e-16   4.14e-01   9.72e-03   3.78e-01   1.26e-02   1.06e-01   7.69e-02   6.40e-04   1.54e-05   2.66e-05   2.32e-04   
4.86968e+02  2.97e-16   3.88e-01   1.76e-02   4.05e-01   1.26e-02   9.20e-02   8.29e-02   1.00e-03   1.49e-05   5.29e-05   2.64e-04   
5.62341e+02  2.99e-16   3.72e-01   2.97e-02   4.18e-01   1.23e-02   7.63e-02   8.84e-02   1.48e-03   1.45e-05   9.57e-05   2.95e-04   
6.49382e+02  3.04e-16   3.59e-01   4.77e-02   4.22e-01   1.20e-02   6.22e-02   9.35e-02   2.05e-03   1.46e-05   1.56e-04   3.29e-04   
7.49894e+02  3.13e-16   3.51e-01   7.28e-02   4.12e-01   1.17e-02   5.14e-02   9.61e-02   2.69e-03   1.56e-05   2.26e-04   3.77e-04   
8.65964e+02  3.28e-16   3.41e-01   1.07e-01   3.96e-01   1.15e-02   4.30e-02   9.54e-02   3.35e-03   1.75e-05   2.98e-04   4.24e-04   
1.00000e+03  3.48e-16   3.27e-01   1.51e-01   3.76e-01   1.16e-02   3.73e-02   9.04e-02   4.02e-03   2.05e-05   3.65e-04   4.56e-04   
1.15478e+03  3.78e-16   3.10e-01   2.06e-01   3.49e-01   1.20e-02   3.31e-02   8.25e-02   4.76e-03   2.52e-05   4.29e-04   4.95e-04   
1.33352e+03  4.27e-16   2.84e-01   2.74e-01   3.19e-01   1.29e-02   2.88e-02   7.36e-02   5.72e-03   3.30e-05   5.18e-04   5.34e-04   
1.53993e+03  5.21e-16   2.46e-01   3.59e-01   2.82e-01   1.47e-02   2.31e-02   6.47e-02   7.30e-03   5.03e-05   7.01e-04   6.01e-04   
1.77828e+03  7.33e-16   1.92e-01   4.64e-01   2.37e-01   1.95e-02   1.54e-02   5.73e-02   1.07e-02   1.04e-04   1.20e-03   7.71e-04   
2.05353e+03  1.29e-15   1.28e-01   5.89e-01   1.74e-01   2.92e-02   8.40e-03   4.88e-02   1.67e-02   2.97e-04   2.40e-03   1.01e-03   
2.37137e+03  2.71e-15   7.31e-02   7.31e-01   1.02e-01   3.25e-02   5.80e-03   3.15e-02   1.84e-02   6.24e-04   3.15e-03   7.65e-04   
2.73842e+03  5.55e-15   4.33e-02   8.49e-01   5.25e-02   2.00e-02   5.66e-03   1.28e-02   1.25e-02   6.60e-04   2.18e-03   3.59e-04   
3.16228e+03  8.16e-15   3.53e-02   8.97e-01   3.28e-02   1.24e-02   5.29e-03   5.91e-03   8.53e-03   5.76e-04   1.43e-03   2.49e-04   
3.65174e+03  9.07e-15   3.65e-02   9.11e-01   2.58e-02   9.16e-03   4.78e-03   4.11e-03   6.98e-03   5.10e-04   1.10e-03   2.18e-04   
4.21697e+03  9.10e-15   4.08e-02   9.13e-01   2.27e-02   7.41e-03   4.42e-03   3.41e-03   6.26e-03   4.61e-04   9.26e-04   2.02e-04   
4.86968e+03  8.90e-15   4.63e-02   9.12e-01   2.09e-02   6.27e-03   4.17e-03   3.03e-03   5.82e-03   4.27e-04   8.07e-04   1.90e-04   
5.62341e+03  8.67e-15   5.29e-02   9.08e-01   1.98e-02   5.48e-03   4.04e-03   2.83e-03   5.51e-03   4.04e-04   7.16e-04   1.80e-04   
6.49382e+03  8.43e-15   6.08e-02   9.02e-01   1.90e-02   4.95e-03   4.01e-03   2.74e-03   5.30e-03   3.92e-04   6.43e-04   1.72e-04   
7.49894e+03  8.19e-15   7.01e-02   8.94e-01   1.86e-02   4.58e-03   4.08e-03   2.73e-03   5.15e-03   3.87e-04   5.82e-04   1.67e-04   
8.65964e+03  8.01e-15   8.07e-02   8.83e-01   1.82e-02   4.33e-03   4.19e-03   2.80e-03   5.03e-03   3.89e-04   5.28e-04   1.63e-04   
1.00000e+04  7.94e-15   9.27e-02   8.72e-01   1.81e-02   4.18e-03   4.33e-03   2.90e-03   4.91e-03   3.96e-04   4.80e-04   1.60e-04   
1.15478e+04  8.00e-15   1.06e-01   8.58e-01   1.81e-02   4.14e-03   4.49e-03   3.05e-03   4.81e-03   4.11e-04   4.39e-04   1.57e-04   
1.33352e+04  8.28e-15   1.19e-01   8.45e-01   1.81e-02   4.21e-03   4.60e-03   3.21e-03   4.68e-03   4.35e-04   4.04e-04   1.57e-04   
1.53993e+04  8.83e-15   1.31e-01   8.32e-01   1.82e-02   4.43e-03   4.66e-03   3.41e-03   4.56e-03   4.72e-04   3.77e-04   1.56e-04   
1.77828e+04  9.74e-15   1.43e-01   8.20e-01   1.85e-02   4.77e-03   4.63e-03   3.58e-03   4.40e-03   5.22e-04   3.57e-04   1.56e-04   
2.05353e+04  1.10e-14   1.54e-01   8.08e-01   1.87e-02   5.22e-03   4.49e-03   3.76e-03   4.22e-03   5.83e-04   3.45e-04   1.56e-04   
2.37137e+04  1.27e-14   1.66e-01   7.96e-01   1.91e-02   5.73e-03   4.26e-03   3.92e-03   4.00e-03   6.48e-04   3.39e-04   1.57e-04   
2.73842e+04  1.46e-14   1.82e-01   7.79e-01   1.97e-02   6.25e-03   4.01e-03   4.09e-03   3.76e-03   7.11e-04   3.37e-04   1.59e-04   
3.16228e+04  1.69e-14   2.01e-01   7.59e-01   2.06e-02   6.70e-03   3.76e-03   4.23e-03   3.48e-03   7.65e-04   3.34e-04   1.59e-04   
3.65174e+04  1.94e-14   2.25e-01   7.33e-01   2.18e-02   7.13e-03   3.52e-03   4.36e-03   3.17e-03   8.11e-04   3.31e-04   1.60e-04   
4.21697e+04  2.20e-14   2.56e-01   7.00e-01   2.36e-02   7.46e-03   3.33e-03   4.48e-03   2.87e-03   8.46e-04   3.27e-04   1.61e-04   
4.86968e+04  2.48e-14   2.95e-01   6.60e-01   2.56e-02   7.69e-03   3.16e-03   4.55e-03   2.53e-03   8.66e-04   3.21e-04   1.61e-04   
5.62341e+04  2.79e-14   3.41e-01   6.12e-01   2.81e-02   7.77e-03   3.01e-03   4.48e-03   2.17e-03   8.74e-04   3.11e-04   1.62e-04   
6.49382e+04  3.11e-14   3.95e-01   5.56e-01   3.08e-02   7.71e-03   2.89e-03   4.31e-03   1.81e-03   8.61e-04   2.95e-04   1.61e-04   
7.49894e+04  3.45e-14   4.60e-01   4.89e-01   3.36e-02   7.41e-03   2.79e-03   3.99e-03   1.44e-03   8.25e-04   2.70e-04   1.57e-04   
8.65964e+04  3.79e-14   5.33e-01   4.15e-01   3.64e-02   6.89e-03   2.75e-03   3.54e-03   1.09e-03   7.74e-04   2.36e-04   1.51e-04   
1.00000e+05  4.13e-14   6.14e-01   3.34e-01   3.82e-02   6.07e-03   2.71e-03   2.93e-03   7.76e-04   6.92e-04   1.92e-04   1.40e-04   
1.15478e+05  4.46e-14   6.97e-01   2.53e-01   3.85e-02   5.00e-03   2.76e-03   2.24e-03   5.13e-04   5.85e-04   1.42e-04   1.25e-04   
1.33352e+05  4.79e-14   7.76e-01   1.78e-01   3.67e-02   3.76e-03   2.82e-03   1.54e-03   3.11e-04   4.49e-04   9.29e-05   1.03e-04   
1.53993e+05  5.09e-14   8.45e-01   1.16e-01   3.24e-02   2.52e-03   2.91e-03   9.32e-04   1.70e-04   3.03e-04   5.25e-05   7.61e-05   
1.77828e+05  5.30e-14   9.01e-01   6.81e-02   2.56e-02   1.42e-03   3.03e-03   4.81e-04   8.03e-05   1.62e-04   2.43e-05   4.75e-05   
2.05353e+05  5.28e-14   9.57e-01   2.50e-02   1.43e-02   4.05e-04   3.20e-03   1.43e-04   2.01e-05   3.41e-05   4.93e-06   1.67e-05   
2.37137e+05  4.93e-14   9.95e-01   1.02e-03   3.69e-03   4.61e-06   4.91e-04   1.27e-05   1.63e-06   5.52e-08   2.27e-07   2.29e-06   
2.73842e+05  4.63e-14   9.95e-01   9.99e-04   3.60e-03   4.58e-06   5.24e-04   1.20e-05   1.63e-06   5.57e-08   2.05e-07   2.24e-06   
3.16228e+05  4.24e-14   9.95e-01   1.07e-03   3.54e-03   5.02e-06   6.06e-04   1.18e-05   1.69e-06   6.53e-08   1.91e-07   2.25e-06   
3.65174e+05  3.80e-14   9.95e-01   1.20e-03   3.53e-03   5.68e-06   7.29e-04   1.20e-05   1.77e-06   8.18e-08   1.82e-07   2.28e-06   
4.21697e+05  3.32e-14   9.94e-01   1.42e-03   3.55e-03   6.63e-06   9.13e-04   1.24e-05   1.87e-06   1.09e-07   1.77e-07   2.35e-06   
4.86968e+05  2.85e-14   9.93e-01   1.73e-03   3.58e-03   7.93e-06   1.18e-03   1.32e-05   2.02e-06   1.52e-07   1.75e-07   2.44e-06   
5.62341e+05  2.41e-14   9.93e-01   2.18e-03   3.68e-03   9.80e-06   1.58e-03   1.43e-05   2.22e-06   2.26e-07   1.77e-07   2.58e-06   
6.49382e+05  2.01e-14   9.91e-01   2.90e-03   3.87e-03   1.28e-05   2.19e-03   1.61e-05   2.53e-06   3.62e-07   1.86e-07   2.80e-06   
7.49894e+05  1.68e-14   9.88e-01   4.13e-03   4.21e-03   1.89e-05   3.18e-03   1.94e-05   3.08e-06   6.67e-07   2.09e-07   3.19e-06   
8.65964e+05  2.82e-14   7.81e-01   1.70e-01   3.80e-02   4.12e-03   5.39e-03   7.17e-04   2.58e-04   7.10e-04   4.75e-05   1.27e-04   
1.00000e+06  5.12e-14   9.41e-01   3.73e-02   1.85e-02   7.09e-04   2.34e-03   1.61e-04   3.49e-05   7.40e-05   8.84e-06   2.64e-05   
1.15478e+06  3.75e-14   9.95e-01   1.27e-03   3.55e-03   6.19e-06   5.73e-04   1.20e-05   1.81e-06   9.23e-08   1.82e-07   2.31e-06   
1.33352e+06  2.49e-14   9.93e-01   2.19e-03   3.71e-03   1.02e-05   1.27e-03   1.45e-05   2.25e-06   2.36e-07   1.80e-07   2.60e-06   
1.53993e+06  1.69e-14   9.88e-01   4.74e-03   4.46e-03   2.39e-05   3.07e-03   2.15e-05   3.44e-06   9.17e-07   2.32e-07   3.44e-06   
1.77828e+06  4.84e-14   9.95e-01   1.07e-03   3.65e-03   5.22e-06   3.28e-04   1.14e-05   1.66e-06   6.40e-08   2.17e-07   2.31e-06   
2.05353e+06  2.66e-14   9.93e-01   2.01e-03   3.67e-03   9.63e-06   1.08e-03   1.41e-05   2.18e-06   2.08e-07   1.79e-07   2.55e-06   
2.37137e+06  3.59e-14   8.16e-01   1.39e-01   3.65e-02   3.54e-03   3.17e-03   6.21e-04   2.12e-04   5.54e-04   4.76e-05   1.07e-04   
2.73842e+06  3.01e-14   9.94e-01   1.70e-03   3.62e-03   8.24e-06   8.38e-04   1.32e-05   2.04e-06   1.56e-07   1.77e-07   2.46e-06   
3.16228e+06  4.75e-14   8.85e-01   8.15e-02   2.91e-02   1.91e-03   2.17e-03   3.71e-04   1.05e-04   2.55e-04   2.84e-05   6.23e-05   
3.65174e+06  2.07e-14   9.91e-01   3.04e-03   3.94e-03   1.45e-05   1.80e-03   1.68e-05   2.65e-06   4.20e-07   1.93e-07   2.88e-06   
4.21697e+06  2.98e-14   9.94e-01   1.72e-03   3.59e-03   8.39e-06   8.56e-04   1.33e-05   2.05e-06   1.61e-07   1.77e-07   2.46e-06   
4.86968e+06  3.61e-14   9.95e-01   1.34e-03   3.55e-03   6.65e-06   5.82e-04   1.22e-05   1.86e-06   1.04e-07   1.80e-07   2.35e-06   
5.62341e+06  3.47e-14   9.94e-01   1.41e-03   3.55e-03   6.98e-06   6.31e-04   1.24e-05   1.90e-06   1.14e-07   1.79e-07   2.36e-06   
6.49382e+06  2.55e-14   9.93e-01   2.15e-03   3.71e-03   1.03e-05   1.17e-03   1.44e-05   2.25e-06   2.34e-07   1.80e-07   2.60e-06   
7.49894e+06  2.88e-14   7.89e-01   1.63e-01   3.72e-02   4.00e-03   4.48e-03   6.95e-04   2.49e-04   6.81e-04   4.62e-05   1.23e-04   
8.65964e+06  2.80e-14   9.93e-01   1.88e-03   3.65e-03   9.08e-06   9.65e-04   1.37e-05   2.12e-06   1.86e-07   1.78e-07   2.51e-06   
1.00000e+07  3.80e-14   9.95e-01   1.26e-03   3.55e-03   6.26e-06   5.24e-04   1.20e-05   1.82e-06   9.29e-08   1.83e-07   2.32e-06   
1.15478e+07  3.19e-14   9.94e-01   1.57e-03   3.57e-03   7.71e-06   7.46e-04   1.29e-05   1.98e-06   1.37e-07   1.77e-07   2.41e-06   
1.33352e+07  1.70e-14   9.87e-01   5.15e-03   4.63e-03   2.75e-05   3.16e-03   2.29e-05   3.69e-06   1.10e-06   2.48e-07   3.62e-06   
1.53993e+07  2.19e-14   9.92e-01   2.75e-03   3.87e-03   1.30e-05   1.60e-03   1.60e-05   2.52e-06   3.53e-07   1.88e-07   2.79e-06   
1.77828e+07  2.08e-14   8.45e-01   1.15e-01   2.87e-02   2.58e-03   7.73e-03   4.56e-04   1.51e-04   4.20e-04   2.00e-05   8.49e-05   
2.05353e+07  2.26e-14   9.92e-01   2.60e-03   3.83e-03   1.24e-05   1.49e-03   1.56e-05   2.45e-06   3.22e-07   1.86e-07   2.75e-06   
2.37137e+07  3.50e-14   8.11e-01   1.43e-01   3.68e-02   3.63e-03   3.28e-03   6.34e-04   2.20e-04   5.74e-04   4.83e-05   1.10e-04   
2.73842e+07  3.22e-14   7.99e-01   1.54e-01   3.73e-02   3.89e-03   3.73e-03   6.72e-04   2.38e-04   6.34e-04   4.85e-05   1.18e-04   
