! 0       *H + *HCO -> *H2CO
! 1       *H + *CH3O -> *H2CO + *H2
! 2       *CH3OH + CRPhoton -> *H2CO + *H2
! 3       *CH3OH + CRPhoton -> *H2CO + *H + *H
! 4       *H + *CH2OH -> *H2CO + *H2
! 5       H2CO + GRAIN -> *H2CO + GRAIN
! 6       *O + *CH2 -> *H2CO
! 7       *CH3OCH3 + CRPhoton -> *H2CO + *CH4
! 8       *CH2 + *O2 -> *H2CO + *O
! 9       *CH3OCH2 + CRPhoton -> *H2CO + *CH3
!            tot_rate   0          1          2          3          4          5          6          7          8          9          
1.00000e+00  8.72e-16   1.59e-02   1.03e-05   4.34e-08   6.87e-09   2.25e-05   2.34e-05   9.84e-01   4.97e-15   9.39e-09   3.85e-14   
1.15478e+00  9.93e-16   1.84e-02   1.43e-05   3.90e-08   6.18e-09   3.07e-05   1.99e-05   9.82e-01   9.21e-15   1.18e-08   7.10e-14   
1.33352e+00  1.12e-15   2.12e-02   1.95e-05   3.56e-08   5.63e-09   4.20e-05   1.82e-05   9.79e-01   1.67e-14   1.48e-08   1.29e-13   
1.53993e+00  1.28e-15   2.44e-02   2.66e-05   3.26e-08   5.17e-09   5.79e-05   1.74e-05   9.75e-01   2.94e-14   1.83e-08   2.29e-13   
1.77828e+00  1.44e-15   2.82e-02   3.61e-05   3.11e-08   4.93e-09   8.05e-05   1.74e-05   9.72e-01   5.16e-14   2.28e-08   4.05e-13   
2.05353e+00  1.61e-15   3.27e-02   4.90e-05   3.11e-08   4.92e-09   1.12e-04   1.77e-05   9.67e-01   8.93e-14   2.83e-08   7.13e-13   
2.37137e+00  1.81e-15   3.77e-02   6.58e-05   3.27e-08   5.19e-09   1.54e-04   1.82e-05   9.62e-01   1.54e-13   3.49e-08   1.24e-12   
2.73842e+00  2.01e-15   4.36e-02   8.91e-05   3.74e-08   5.93e-09   2.14e-04   1.88e-05   9.56e-01   2.64e-13   4.30e-08   2.15e-12   
3.16228e+00  2.21e-15   5.06e-02   1.22e-04   4.65e-08   7.37e-09   2.99e-04   1.96e-05   9.49e-01   4.56e-13   5.29e-08   3.73e-12   
3.65174e+00  2.43e-15   5.87e-02   1.66e-04   6.20e-08   9.82e-09   4.15e-04   2.04e-05   9.41e-01   7.80e-13   6.41e-08   6.45e-12   
4.21697e+00  2.64e-15   6.85e-02   2.28e-04   8.85e-08   1.40e-08   5.86e-04   2.15e-05   9.31e-01   1.35e-12   7.83e-08   1.12e-11   
4.86968e+00  2.86e-15   8.00e-02   3.13e-04   1.31e-07   2.08e-08   8.18e-04   2.27e-05   9.19e-01   2.34e-12   9.50e-08   1.93e-11   
5.62341e+00  3.07e-15   9.37e-02   4.33e-04   2.01e-07   3.19e-08   1.14e-03   2.41e-05   9.05e-01   4.07e-12   1.15e-07   3.35e-11   
6.49382e+00  3.29e-15   1.10e-01   6.02e-04   3.13e-07   4.96e-08   1.59e-03   2.56e-05   8.88e-01   7.09e-12   1.37e-07   5.75e-11   
7.49894e+00  3.49e-15   1.29e-01   8.37e-04   4.90e-07   7.76e-08   2.20e-03   2.74e-05   8.68e-01   1.24e-11   1.65e-07   9.85e-11   
8.65964e+00  3.70e-15   1.50e-01   1.16e-03   7.70e-07   1.22e-07   3.00e-03   2.92e-05   8.46e-01   2.18e-11   1.97e-07   1.68e-10   
1.00000e+01  3.91e-15   1.74e-01   1.58e-03   1.20e-06   1.91e-07   4.04e-03   3.12e-05   8.21e-01   3.83e-11   2.34e-07   2.84e-10   
1.15478e+01  4.13e-15   1.99e-01   2.14e-03   1.87e-06   2.95e-07   5.35e-03   3.34e-05   7.94e-01   6.78e-11   2.78e-07   4.72e-10   
1.33352e+01  4.35e-15   2.25e-01   2.87e-03   2.87e-06   4.55e-07   6.98e-03   3.58e-05   7.65e-01   1.19e-10   3.33e-07   7.72e-10   
1.53993e+01  4.60e-15   2.52e-01   3.81e-03   4.37e-06   6.94e-07   9.02e-03   3.83e-05   7.35e-01   2.09e-10   3.96e-07   1.24e-09   
1.77828e+01  4.87e-15   2.81e-01   4.99e-03   6.61e-06   1.05e-06   1.16e-02   4.06e-05   7.02e-01   3.63e-10   4.70e-07   1.97e-09   
2.05353e+01  5.19e-15   3.10e-01   6.49e-03   9.86e-06   1.56e-06   1.48e-02   4.35e-05   6.68e-01   6.28e-10   5.57e-07   3.04e-09   
2.37137e+01  5.55e-15   3.40e-01   8.36e-03   1.46e-05   2.32e-06   1.89e-02   4.67e-05   6.32e-01   1.08e-09   6.61e-07   4.67e-09   
2.73842e+01  5.99e-15   3.69e-01   1.07e-02   2.15e-05   3.41e-06   2.39e-02   5.01e-05   5.96e-01   1.85e-09   7.83e-07   6.96e-09   
3.16228e+01  6.49e-15   3.96e-01   1.35e-02   3.13e-05   4.96e-06   3.02e-02   5.42e-05   5.60e-01   3.14e-09   9.28e-07   1.03e-08   
3.65174e+01  7.10e-15   4.20e-01   1.70e-02   4.54e-05   7.18e-06   3.77e-02   5.90e-05   5.25e-01   5.35e-09   1.10e-06   1.48e-08   
4.21697e+01  7.82e-15   4.40e-01   2.16e-02   6.54e-05   1.04e-05   4.72e-02   6.50e-05   4.91e-01   9.11e-09   1.32e-06   2.10e-08   
4.86968e+01  8.68e-15   4.55e-01   2.73e-02   9.39e-05   1.49e-05   5.88e-02   7.22e-05   4.59e-01   1.56e-08   1.58e-06   2.93e-08   
5.62341e+01  9.68e-15   4.64e-01   3.50e-02   1.35e-04   2.14e-05   7.34e-02   8.14e-05   4.28e-01   2.70e-08   1.93e-06   4.02e-08   
6.49382e+01  1.08e-14   4.64e-01   4.61e-02   1.96e-04   3.10e-05   9.21e-02   9.33e-05   3.97e-01   4.76e-08   2.41e-06   5.37e-08   
7.49894e+01  1.20e-14   4.53e-01   6.33e-02   2.90e-04   4.59e-05   1.17e-01   1.09e-04   3.66e-01   8.80e-08   3.17e-06   6.95e-08   
8.65964e+01  1.27e-14   4.24e-01   9.49e-02   4.55e-04   7.20e-05   1.52e-01   1.36e-04   3.28e-01   1.78e-07   4.68e-06   8.24e-08   
1.00000e+02  9.32e-15   3.65e-01   1.75e-01   1.00e-03   1.59e-04   2.08e-01   2.51e-04   2.51e-01   5.27e-07   1.00e-05   6.03e-08   
1.15478e+02  4.53e-16   7.45e-01   1.65e-02   2.29e-02   3.64e-03   6.48e-02   7.01e-03   1.40e-01   1.34e-04   1.22e-05   1.27e-08   
1.33352e+02  5.19e-16   7.76e-01   1.57e-02   2.00e-02   3.18e-03   5.64e-02   8.38e-03   1.19e-01   3.93e-04   2.12e-05   1.10e-08   
1.53993e+02  6.17e-16   8.19e-01   1.54e-02   1.69e-02   2.69e-03   4.41e-02   9.63e-03   9.16e-02   7.04e-04   3.86e-05   9.19e-09   
1.77828e+02  7.98e-16   8.73e-01   1.62e-02   1.32e-02   2.08e-03   2.77e-02   1.01e-02   5.65e-02   1.04e-03   7.43e-05   7.02e-09   
2.05353e+02  1.25e-15   9.28e-01   1.79e-02   8.40e-03   1.33e-03   1.13e-02   8.56e-03   2.27e-02   1.29e-03   1.43e-04   4.37e-09   
2.37137e+02  2.17e-15   9.56e-01   1.90e-02   4.85e-03   7.71e-04   3.83e-03   6.42e-03   7.71e-03   1.51e-03   2.51e-04   2.39e-09   
2.73842e+02  3.57e-15   9.66e-01   1.88e-02   2.97e-03   4.70e-04   1.51e-03   5.01e-03   3.02e-03   1.76e-03   4.06e-04   1.31e-09   
3.16228e+02  5.83e-15   9.72e-01   1.80e-02   1.84e-03   2.92e-04   6.25e-04   3.95e-03   1.25e-03   1.89e-03   6.14e-04   6.66e-10   
3.65174e+02  9.72e-15   9.75e-01   1.74e-02   1.13e-03   1.79e-04   2.47e-04   3.04e-03   4.92e-04   1.79e-03   8.44e-04   2.89e-10   
4.21697e+02  1.70e-14   9.77e-01   1.70e-02   6.83e-04   1.08e-04   8.89e-05   2.27e-03   1.77e-04   1.45e-03   1.00e-03   9.48e-11   
4.86968e+02  3.14e-14   9.78e-01   1.75e-02   4.08e-04   6.50e-05   2.83e-05   1.62e-03   5.61e-05   9.75e-04   9.56e-04   1.95e-11   
5.62341e+02  6.21e-14   9.79e-01   1.85e-02   2.54e-04   4.04e-05   7.65e-06   1.07e-03   1.50e-05   5.39e-04   6.79e-04   1.92e-12   
6.49382e+02  1.35e-13   9.79e-01   1.97e-02   1.74e-04   2.76e-05   1.59e-06   6.46e-04   3.04e-06   2.53e-04   3.06e-04   1.03e-13   
7.49894e+02  3.59e-13   9.79e-01   2.05e-02   1.28e-04   2.03e-05   2.19e-07   3.12e-04   3.21e-07   9.51e-05   5.83e-05   1.39e-14   
8.65964e+02  2.30e-12   9.79e-01   2.10e-02   6.79e-05   1.07e-05   1.31e-07   6.18e-05   2.29e-09   1.48e-05   6.00e-07   4.57e-16   
1.00000e+03  7.72e-12   9.79e-01   2.11e-02   1.28e-04   2.02e-05   6.24e-07   2.45e-05   1.01e-10   4.40e-06   3.20e-08   5.18e-17   
1.15478e+03  1.07e-11   9.79e-01   2.12e-02   2.28e-04   3.63e-05   1.20e-06   2.18e-05   6.30e-11   3.17e-06   2.48e-08   3.63e-17   
1.33352e+03  1.50e-11   9.79e-01   2.10e-02   3.20e-04   5.06e-05   1.78e-06   2.02e-05   3.95e-11   2.27e-06   1.94e-08   2.63e-17   
1.53993e+03  2.06e-11   9.78e-01   2.11e-02   4.12e-04   6.54e-05   2.41e-06   2.12e-05   2.52e-11   1.66e-06   1.63e-08   2.12e-17   
1.77828e+03  2.81e-11   9.78e-01   2.11e-02   5.09e-04   8.04e-05   3.07e-06   2.71e-05   1.57e-11   1.23e-06   1.48e-08   2.04e-17   
2.05353e+03  3.77e-11   9.78e-01   2.11e-02   6.15e-04   9.76e-05   3.76e-06   4.27e-05   8.80e-12   9.41e-07   1.41e-08   2.43e-17   
2.37137e+03  4.93e-11   9.78e-01   2.11e-02   7.45e-04   1.18e-04   4.54e-06   5.97e-05   3.90e-12   7.69e-07   1.22e-08   2.80e-17   
2.73842e+03  6.14e-11   9.78e-01   2.12e-02   9.14e-04   1.45e-04   5.39e-06   6.00e-05   1.68e-12   6.79e-07   1.05e-08   2.59e-17   
3.16228e+03  7.36e-11   9.78e-01   2.11e-02   1.13e-03   1.78e-04   6.38e-06   5.72e-05   1.08e-12   6.23e-07   1.14e-08   2.08e-17   
3.65174e+03  8.66e-11   9.77e-01   2.11e-02   1.36e-03   2.17e-04   7.54e-06   5.51e-05   8.41e-13   5.74e-07   1.22e-08   1.56e-17   
4.21697e+03  1.00e-10   9.77e-01   2.12e-02   1.65e-03   2.60e-04   8.97e-06   5.31e-05   6.81e-13   5.29e-07   1.21e-08   1.15e-17   
4.86968e+03  1.15e-10   9.77e-01   2.11e-02   1.95e-03   3.10e-04   1.06e-05   5.08e-05   5.59e-13   4.84e-07   1.11e-08   8.45e-18   
5.62341e+03  1.29e-10   9.76e-01   2.11e-02   2.31e-03   3.65e-04   1.28e-05   4.90e-05   4.67e-13   4.44e-07   9.84e-09   6.40e-18   
6.49382e+03  1.43e-10   9.76e-01   2.10e-02   2.70e-03   4.28e-04   1.53e-05   4.70e-05   3.97e-13   4.08e-07   8.43e-09   4.96e-18   
7.49894e+03  1.57e-10   9.75e-01   2.12e-02   3.15e-03   5.00e-04   1.85e-05   4.54e-05   3.45e-13   3.76e-07   7.14e-09   3.91e-18   
8.65964e+03  1.70e-10   9.75e-01   2.11e-02   3.64e-03   5.77e-04   2.25e-05   4.35e-05   3.02e-13   3.46e-07   5.93e-09   3.13e-18   
1.00000e+04  1.82e-10   9.74e-01   2.11e-02   4.18e-03   6.60e-04   2.75e-05   4.19e-05   2.70e-13   3.21e-07   4.88e-09   2.55e-18   
1.15478e+04  1.90e-10   9.73e-01   2.11e-02   4.80e-03   7.63e-04   3.38e-05   4.06e-05   2.46e-13   3.01e-07   4.07e-09   2.15e-18   
1.33352e+04  1.95e-10   9.72e-01   2.11e-02   5.48e-03   8.65e-04   4.18e-05   3.95e-05   2.29e-13   2.87e-07   3.42e-09   1.87e-18   
1.53993e+04  1.97e-10   9.72e-01   2.12e-02   6.21e-03   9.82e-04   5.19e-05   3.89e-05   2.18e-13   2.78e-07   2.96e-09   1.71e-18   
1.77828e+04  1.94e-10   9.71e-01   2.12e-02   6.97e-03   1.10e-03   6.35e-05   3.88e-05   2.13e-13   2.76e-07   2.65e-09   1.65e-18   
2.05353e+04  1.88e-10   9.70e-01   2.11e-02   7.73e-03   1.23e-03   7.62e-05   3.91e-05   2.16e-13   2.81e-07   2.48e-09   1.66e-18   
2.37137e+04  1.78e-10   9.69e-01   2.12e-02   8.56e-03   1.35e-03   9.01e-05   4.00e-05   2.29e-13   3.00e-07   2.42e-09   1.76e-18   
2.73842e+04  1.66e-10   9.68e-01   2.11e-02   9.20e-03   1.46e-03   1.03e-04   4.10e-05   2.49e-13   3.29e-07   2.41e-09   1.90e-18   
3.16228e+04  1.53e-10   9.67e-01   2.11e-02   9.74e-03   1.54e-03   1.16e-04   4.22e-05   2.78e-13   3.74e-07   2.40e-09   2.08e-18   
3.65174e+04  1.39e-10   9.67e-01   2.11e-02   1.02e-02   1.62e-03   1.27e-04   4.34e-05   3.18e-13   4.36e-07   2.37e-09   2.29e-18   
4.21697e+04  1.22e-10   9.66e-01   2.12e-02   1.06e-02   1.68e-03   1.38e-04   4.50e-05   3.73e-13   5.22e-07   2.33e-09   2.55e-18   
4.86968e+04  1.06e-10   9.66e-01   2.12e-02   1.09e-02   1.72e-03   1.49e-04   4.63e-05   4.42e-13   6.29e-07   2.22e-09   2.85e-18   
5.62341e+04  8.91e-11   9.66e-01   2.11e-02   1.11e-02   1.75e-03   1.57e-04   4.76e-05   5.33e-13   7.62e-07   2.06e-09   3.19e-18   
6.49382e+04  7.27e-11   9.66e-01   2.10e-02   1.12e-02   1.77e-03   1.65e-04   4.88e-05   6.56e-13   9.29e-07   1.87e-09   3.58e-18   
7.49894e+04  5.71e-11   9.66e-01   2.10e-02   1.13e-02   1.79e-03   1.74e-04   4.99e-05   8.29e-13   1.13e-06   1.67e-09   4.03e-18   
8.65964e+04  4.30e-11   9.65e-01   2.11e-02   1.14e-02   1.80e-03   1.81e-04   5.05e-05   1.08e-12   1.38e-06   1.44e-09   4.56e-18   
1.00000e+05  3.11e-11   9.65e-01   2.11e-02   1.14e-02   1.80e-03   1.87e-04   5.02e-05   1.46e-12   1.65e-06   1.19e-09   5.12e-18   
1.15478e+05  2.15e-11   9.65e-01   2.12e-02   1.13e-02   1.80e-03   1.91e-04   4.83e-05   2.06e-12   1.95e-06   9.52e-10   5.71e-18   
1.33352e+05  1.47e-11   9.66e-01   2.11e-02   1.11e-02   1.75e-03   1.90e-04   4.41e-05   2.95e-12   2.18e-06   7.28e-10   6.12e-18   
1.53993e+05  1.00e-11   9.66e-01   2.11e-02   1.07e-02   1.70e-03   1.88e-04   3.80e-05   4.33e-12   2.30e-06   5.47e-10   6.29e-18   
1.77828e+05  6.95e-12   9.67e-01   2.11e-02   1.04e-02   1.64e-03   1.84e-04   2.99e-05   6.42e-12   2.23e-06   4.11e-10   5.93e-18   
2.05353e+05  4.50e-12   9.66e-01   2.11e-02   1.06e-02   1.68e-03   1.90e-04   1.69e-05   1.10e-11   1.94e-06   2.62e-10   4.20e-18   
2.37137e+05  2.26e-12   9.67e-01   2.11e-02   1.01e-02   1.60e-03   1.83e-04   4.86e-06   2.53e-11   6.71e-07   1.22e-10   1.18e-18   
2.73842e+05  2.10e-12   9.68e-01   2.11e-02   9.11e-03   1.45e-03   1.65e-04   4.91e-06   3.04e-11   3.72e-07   1.29e-10   1.13e-18   
3.16228e+05  2.09e-12   9.68e-01   2.12e-02   9.01e-03   1.43e-03   1.63e-04   4.98e-06   3.34e-11   3.26e-07   1.33e-10   1.03e-18   
3.65174e+05  2.11e-12   9.68e-01   2.11e-02   9.02e-03   1.42e-03   1.63e-04   5.03e-06   3.58e-11   2.93e-07   1.36e-10   9.30e-19   
4.21697e+05  2.13e-12   9.68e-01   2.11e-02   8.98e-03   1.42e-03   1.63e-04   5.12e-06   3.82e-11   2.64e-07   1.40e-10   8.41e-19   
4.86968e+05  2.14e-12   9.68e-01   2.11e-02   9.03e-03   1.43e-03   1.63e-04   5.24e-06   4.07e-11   2.40e-07   1.45e-10   7.67e-19   
5.62341e+05  2.16e-12   9.68e-01   2.11e-02   8.99e-03   1.43e-03   1.63e-04   5.42e-06   4.29e-11   2.20e-07   1.50e-10   7.09e-19   
6.49382e+05  2.18e-12   9.68e-01   2.11e-02   8.99e-03   1.43e-03   1.62e-04   5.64e-06   4.49e-11   2.08e-07   1.56e-10   6.75e-19   
7.49894e+05  2.21e-12   9.68e-01   2.11e-02   9.00e-03   1.43e-03   1.62e-04   6.02e-06   4.66e-11   2.07e-07   1.65e-10   6.79e-19   
8.65964e+05  5.62e-12   9.69e-01   2.12e-02   8.22e-03   1.30e-03   1.45e-04   5.25e-05   1.53e-11   1.81e-06   8.71e-10   7.36e-18   
1.00000e+06  4.47e-12   9.68e-01   2.11e-02   9.50e-03   1.50e-03   1.70e-04   2.28e-05   1.23e-11   1.84e-06   3.46e-10   5.23e-18   
1.15478e+06  2.12e-12   9.68e-01   2.12e-02   9.02e-03   1.43e-03   1.63e-04   5.10e-06   3.67e-11   2.91e-07   1.38e-10   9.26e-19   
1.33352e+06  2.17e-12   9.68e-01   2.11e-02   8.99e-03   1.42e-03   1.62e-04   5.44e-06   4.29e-11   2.27e-07   1.51e-10   7.29e-19   
1.53993e+06  2.23e-12   9.68e-01   2.12e-02   9.01e-03   1.43e-03   1.62e-04   6.32e-06   4.66e-11   2.23e-07   1.72e-10   7.40e-19   
1.77828e+06  2.39e-12   9.66e-01   2.11e-02   1.09e-02   1.72e-03   1.97e-04   4.77e-06   2.54e-11   1.02e-06   1.18e-10   1.10e-18   
2.05353e+06  2.16e-12   9.68e-01   2.12e-02   9.03e-03   1.43e-03   1.63e-04   5.42e-06   4.23e-11   2.35e-07   1.50e-10   7.55e-19   
2.37137e+06  6.05e-12   9.68e-01   2.12e-02   8.79e-03   1.39e-03   1.55e-04   4.92e-05   1.22e-11   2.13e-06   7.59e-10   7.50e-18   
2.73842e+06  2.15e-12   9.68e-01   2.11e-02   9.03e-03   1.43e-03   1.63e-04   5.26e-06   4.06e-11   2.51e-07   1.46e-10   8.05e-19   
3.16228e+06  5.73e-12   9.68e-01   2.11e-02   9.19e-03   1.46e-03   1.63e-04   3.66e-05   1.01e-11   2.18e-06   5.20e-10   6.85e-18   
3.65174e+06  2.19e-12   9.68e-01   2.11e-02   9.04e-03   1.43e-03   1.63e-04   5.75e-06   4.54e-11   2.18e-07   1.59e-10   7.08e-19   
4.21697e+06  2.15e-12   9.68e-01   2.11e-02   9.03e-03   1.43e-03   1.63e-04   5.31e-06   4.09e-11   2.50e-07   1.46e-10   8.01e-19   
4.86968e+06  2.13e-12   9.68e-01   2.12e-02   9.02e-03   1.43e-03   1.63e-04   5.12e-06   3.77e-11   2.83e-07   1.40e-10   9.02e-19   
5.62341e+06  2.14e-12   9.68e-01   2.11e-02   8.98e-03   1.43e-03   1.63e-04   5.15e-06   3.83e-11   2.74e-07   1.41e-10   8.75e-19   
6.49382e+06  2.17e-12   9.68e-01   2.11e-02   8.99e-03   1.42e-03   1.62e-04   5.44e-06   4.29e-11   2.31e-07   1.51e-10   7.42e-19   
7.49894e+06  5.52e-12   9.69e-01   2.10e-02   8.08e-03   1.28e-03   1.42e-04   5.22e-05   1.59e-11   1.76e-06   8.75e-10   7.39e-18   
8.65964e+06  2.16e-12   9.68e-01   2.11e-02   8.99e-03   1.43e-03   1.63e-04   5.33e-06   4.17e-11   2.41e-07   1.48e-10   7.74e-19   
1.00000e+07  2.13e-12   9.68e-01   2.11e-02   8.98e-03   1.42e-03   1.63e-04   5.08e-06   3.66e-11   2.94e-07   1.38e-10   9.31e-19   
1.15478e+07  2.15e-12   9.68e-01   2.11e-02   8.99e-03   1.42e-03   1.62e-04   5.21e-06   3.97e-11   2.59e-07   1.44e-10   8.29e-19   
1.33352e+07  2.25e-12   9.68e-01   2.11e-02   8.97e-03   1.42e-03   1.62e-04   6.53e-06   4.66e-11   2.32e-07   1.76e-10   7.82e-19   
1.53993e+07  2.19e-12   9.68e-01   2.11e-02   9.00e-03   1.43e-03   1.62e-04   5.66e-06   4.46e-11   2.20e-07   1.56e-10   7.13e-19   
1.77828e+07  3.62e-12   9.71e-01   2.11e-02   6.37e-03   1.01e-03   1.14e-04   4.42e-05   2.76e-11   4.44e-07   8.11e-10   5.96e-18   
2.05353e+07  2.18e-12   9.68e-01   2.12e-02   9.04e-03   1.43e-03   1.63e-04   5.60e-06   4.43e-11   2.22e-07   1.56e-10   7.16e-19   
2.37137e+07  6.01e-12   9.69e-01   2.11e-02   8.74e-03   1.38e-03   1.54e-04   4.99e-05   1.26e-11   2.11e-06   7.77e-10   7.52e-18   
2.73842e+07  5.85e-12   9.69e-01   2.12e-02   8.53e-03   1.35e-03   1.50e-04   5.14e-05   1.38e-11   2.00e-06   8.27e-10   7.48e-18   
