! 0       *H + *CO -> *HCO
! 1       *H + *H2CO -> *HCO + *H2
! 2       *O + *CH -> *HCO
! 3       *CH + *O2 -> *HCO + *O
! 4       *H2CO + CRPhoton -> *HCO + *H
! 5       *HCOOH + CRPhoton -> *HCO + *OH
! 6       HCO + GRAIN -> *HCO + GRAIN
! 7       *CH3CHO + CRPhoton -> *HCO + *CH3
! 8       *HCOOH + ISPhoton -> *HCO + *OH
! 9       *CH3CHO + CRPhoton -> *HCO + *CH3
!            tot_rate   0          1          2          3          4          5          6          7          8          9          
1.00000e+00  3.01e-15   1.63e-10   3.46e-10   9.98e-01   8.08e-09   8.55e-07   3.56e-11   2.07e-03   3.89e-12   8.95e-17   1.73e-12   
1.15478e+00  3.32e-15   2.00e-10   4.19e-10   9.98e-01   1.01e-08   1.02e-06   7.84e-11   2.23e-03   6.15e-12   1.97e-16   2.72e-12   
1.33352e+00  3.65e-15   2.45e-10   5.07e-10   9.98e-01   1.27e-08   1.23e-06   1.73e-10   2.41e-03   9.54e-12   4.36e-16   4.22e-12   
1.53993e+00  3.99e-15   3.08e-10   6.29e-10   9.97e-01   1.59e-08   1.48e-06   3.86e-10   2.63e-03   1.47e-11   9.67e-16   6.49e-12   
1.77828e+00  4.33e-15   3.85e-10   7.78e-10   9.97e-01   1.98e-08   1.79e-06   8.66e-10   2.89e-03   2.24e-11   2.17e-15   9.95e-12   
2.05353e+00  4.66e-15   4.89e-10   9.67e-10   9.97e-01   2.47e-08   2.19e-06   1.96e-09   3.15e-03   3.41e-11   4.93e-15   1.52e-11   
2.37137e+00  5.00e-15   6.20e-10   1.21e-09   9.97e-01   3.06e-08   2.66e-06   4.48e-09   3.46e-03   5.20e-11   1.12e-14   2.30e-11   
2.73842e+00  5.31e-15   7.93e-10   1.51e-09   9.96e-01   3.80e-08   3.26e-06   1.03e-08   3.80e-03   7.89e-11   2.58e-14   3.50e-11   
3.16228e+00  5.61e-15   1.02e-09   1.91e-09   9.96e-01   4.69e-08   4.01e-06   2.37e-08   4.13e-03   1.19e-10   5.97e-14   5.29e-11   
3.65174e+00  5.89e-15   1.31e-09   2.41e-09   9.96e-01   5.78e-08   4.93e-06   5.52e-08   4.48e-03   1.80e-10   1.39e-13   8.00e-11   
4.21697e+00  6.13e-15   1.68e-09   3.07e-09   9.95e-01   7.10e-08   6.09e-06   1.29e-07   4.85e-03   2.72e-10   3.23e-13   1.21e-10   
4.86968e+00  6.34e-15   2.14e-09   3.93e-09   9.95e-01   8.70e-08   7.50e-06   3.00e-07   5.20e-03   4.08e-10   7.52e-13   1.81e-10   
5.62341e+00  6.54e-15   2.69e-09   5.02e-09   9.94e-01   1.07e-07   9.26e-06   6.95e-07   5.54e-03   6.07e-10   1.74e-12   2.69e-10   
6.49382e+00  6.71e-15   3.28e-09   6.42e-09   9.94e-01   1.30e-07   1.14e-05   1.58e-06   5.84e-03   8.99e-10   3.98e-12   3.99e-10   
7.49894e+00  6.87e-15   3.84e-09   8.22e-09   9.94e-01   1.60e-07   1.40e-05   3.54e-06   6.13e-03   1.32e-09   8.86e-12   5.85e-10   
8.65964e+00  7.01e-15   4.25e-09   1.05e-08   9.94e-01   1.95e-07   1.71e-05   7.64e-06   6.37e-03   1.92e-09   1.91e-11   8.51e-10   
1.00000e+01  7.15e-15   4.39e-09   1.33e-08   9.93e-01   2.41e-07   2.08e-05   1.58e-05   6.59e-03   2.77e-09   3.96e-11   1.23e-09   
1.15478e+01  7.28e-15   4.20e-09   1.66e-08   9.93e-01   2.97e-07   2.54e-05   3.09e-05   6.79e-03   3.96e-09   7.76e-11   1.76e-09   
1.33352e+01  7.42e-15   3.80e-09   2.07e-08   9.93e-01   3.65e-07   3.09e-05   5.73e-05   6.95e-03   5.58e-09   1.44e-10   2.48e-09   
1.53993e+01  7.56e-15   3.36e-09   2.58e-08   9.93e-01   4.52e-07   3.73e-05   1.01e-04   7.12e-03   7.79e-09   2.52e-10   3.45e-09   
1.77828e+01  7.73e-15   2.96e-09   3.20e-08   9.93e-01   5.62e-07   4.48e-05   1.68e-04   7.29e-03   1.07e-08   4.23e-10   4.75e-09   
2.05353e+01  7.89e-15   2.65e-09   3.98e-08   9.92e-01   7.01e-07   5.40e-05   2.74e-04   7.48e-03   1.46e-08   6.86e-10   6.45e-09   
2.37137e+01  8.07e-15   2.41e-09   4.97e-08   9.92e-01   8.78e-07   6.50e-05   4.31e-04   7.69e-03   1.96e-08   1.08e-09   8.68e-09   
2.73842e+01  8.26e-15   2.23e-09   6.27e-08   9.91e-01   1.10e-06   7.81e-05   6.68e-04   7.93e-03   2.60e-08   1.67e-09   1.15e-08   
3.16228e+01  8.45e-15   2.09e-09   7.99e-08   9.91e-01   1.38e-06   9.43e-05   1.02e-03   8.21e-03   3.43e-08   2.57e-09   1.51e-08   
3.65174e+01  8.64e-15   2.04e-09   1.04e-07   9.90e-01   1.76e-06   1.14e-04   1.55e-03   8.54e-03   4.48e-08   3.89e-09   1.99e-08   
4.21697e+01  8.79e-15   2.07e-09   1.38e-07   9.89e-01   2.24e-06   1.40e-04   2.34e-03   8.96e-03   5.84e-08   5.87e-09   2.59e-08   
4.86968e+01  8.89e-15   2.22e-09   1.89e-07   9.87e-01   2.88e-06   1.73e-04   3.54e-03   9.51e-03   7.57e-08   8.88e-09   3.35e-08   
5.62341e+01  8.85e-15   2.59e-09   2.73e-07   9.84e-01   3.76e-06   2.18e-04   5.41e-03   1.02e-02   9.81e-08   1.36e-08   4.35e-08   
6.49382e+01  8.57e-15   3.45e-09   4.32e-07   9.80e-01   5.04e-06   2.85e-04   8.48e-03   1.14e-02   1.27e-07   2.12e-08   5.65e-08   
7.49894e+01  7.84e-15   5.88e-09   7.90e-07   9.72e-01   7.13e-06   3.96e-04   1.40e-02   1.34e-02   1.63e-07   3.52e-08   7.27e-08   
8.65964e+01  6.22e-15   1.69e-08   2.01e-06   9.55e-01   1.15e-05   6.32e-04   2.68e-02   1.80e-02   1.99e-07   6.72e-08   8.85e-08   
1.00000e+02  2.77e-15   3.34e-07   1.78e-05   8.65e-01   2.93e-05   1.74e-03   9.05e-02   4.25e-02   1.38e-07   2.27e-07   6.09e-08   
1.15478e+02  6.82e-16   4.98e-02   2.43e-01   9.41e-02   6.93e-06   7.40e-03   4.24e-01   1.82e-01   9.53e-09   1.06e-06   4.22e-09   
1.33352e+02  8.13e-16   1.20e-01   2.84e-01   7.76e-02   1.17e-05   6.24e-03   3.56e-01   1.56e-01   7.96e-09   8.93e-07   3.53e-09   
1.53993e+02  1.02e-15   2.01e-01   3.27e-01   5.67e-02   2.03e-05   4.99e-03   2.84e-01   1.26e-01   6.29e-09   7.13e-07   2.79e-09   
1.77828e+02  1.41e-15   2.92e-01   3.76e-01   3.32e-02   3.69e-05   3.63e-03   2.07e-01   8.81e-02   4.50e-09   5.18e-07   2.00e-09   
2.05353e+02  2.34e-15   3.85e-01   4.26e-01   1.29e-02   6.92e-05   2.19e-03   1.24e-01   4.99e-02   2.64e-09   3.12e-07   1.17e-09   
2.37137e+02  4.19e-15   4.56e-01   4.44e-01   4.46e-03   1.24e-04   1.23e-03   6.97e-02   2.53e-02   1.40e-09   1.74e-07   6.20e-10   
2.73842e+02  6.98e-15   5.06e-01   4.36e-01   1.88e-03   2.12e-04   7.45e-04   4.19e-02   1.36e-02   7.58e-10   1.05e-07   3.37e-10   
3.16228e+02  1.14e-14   5.48e-01   4.17e-01   8.45e-04   3.52e-04   4.65e-04   2.55e-02   7.29e-03   3.84e-10   6.41e-08   1.71e-10   
3.65174e+02  1.91e-14   5.80e-01   4.00e-01   3.81e-04   5.54e-04   2.95e-04   1.53e-02   3.87e-03   1.66e-10   3.83e-08   7.37e-11   
4.21697e+02  3.35e-14   5.97e-01   3.91e-01   1.66e-04   7.97e-04   1.91e-04   8.72e-03   1.99e-03   5.43e-11   2.19e-08   2.41e-11   
4.86968e+02  6.20e-14   5.93e-01   4.00e-01   6.92e-05   1.00e-03   1.29e-04   4.71e-03   9.87e-04   1.12e-11   1.18e-08   4.95e-12   
5.62341e+02  1.23e-13   5.72e-01   4.24e-01   2.74e-05   1.05e-03   8.79e-05   2.38e-03   4.62e-04   1.09e-12   5.97e-09   4.85e-13   
6.49382e+02  2.67e-13   5.48e-01   4.50e-01   1.01e-05   8.63e-04   5.59e-05   1.10e-03   1.98e-04   5.89e-14   2.75e-09   2.61e-14   
7.49894e+02  7.09e-13   5.29e-01   4.70e-01   3.08e-06   4.73e-04   2.88e-05   4.12e-04   6.89e-05   7.97e-15   1.04e-09   3.54e-15   
8.65964e+02  4.54e-12   5.18e-01   4.82e-01   4.65e-07   1.03e-04   6.06e-06   6.43e-05   1.01e-05   2.60e-16   1.61e-10   1.16e-16   
1.00000e+03  1.53e-11   5.17e-01   4.83e-01   4.73e-07   1.27e-04   2.32e-06   1.91e-05   2.97e-06   2.96e-17   4.80e-11   1.32e-17   
1.15478e+03  2.13e-11   5.16e-01   4.84e-01   2.89e-07   9.58e-05   2.16e-06   1.37e-05   2.01e-06   2.07e-17   3.44e-11   9.15e-18   
1.33352e+03  2.96e-11   5.17e-01   4.83e-01   1.77e-07   7.36e-05   2.03e-06   9.83e-06   1.42e-06   1.51e-17   2.47e-11   6.69e-18   
1.53993e+03  4.09e-11   5.16e-01   4.84e-01   1.08e-07   5.92e-05   1.94e-06   7.11e-06   1.06e-06   1.21e-17   1.78e-11   5.38e-18   
1.77828e+03  5.56e-11   5.16e-01   4.84e-01   6.35e-08   5.05e-05   1.89e-06   5.22e-06   9.17e-07   1.17e-17   1.31e-11   5.18e-18   
2.05353e+03  7.44e-11   5.16e-01   4.84e-01   3.16e-08   4.26e-05   1.85e-06   3.90e-06   9.66e-07   1.38e-17   9.77e-12   6.17e-18   
2.37137e+03  9.73e-11   5.16e-01   4.84e-01   9.98e-09   2.64e-05   1.86e-06   2.97e-06   9.76e-07   1.60e-17   7.46e-12   7.13e-18   
2.73842e+03  1.21e-10   5.16e-01   4.84e-01   1.93e-09   1.02e-05   1.93e-06   2.38e-06   7.66e-07   1.48e-17   5.98e-12   6.57e-18   
3.16228e+03  1.45e-10   5.15e-01   4.85e-01   5.96e-10   5.31e-06   2.01e-06   1.98e-06   6.52e-07   1.19e-17   4.99e-12   5.27e-18   
3.65174e+03  1.71e-10   5.15e-01   4.85e-01   3.60e-10   4.43e-06   2.06e-06   1.69e-06   5.78e-07   8.90e-18   4.24e-12   3.96e-18   
4.21697e+03  1.98e-10   5.15e-01   4.85e-01   2.72e-10   4.08e-06   2.08e-06   1.46e-06   5.05e-07   6.57e-18   3.66e-12   2.91e-18   
4.86968e+03  2.25e-10   5.16e-01   4.84e-01   2.28e-10   3.84e-06   2.08e-06   1.28e-06   4.44e-07   4.89e-18   3.22e-12   2.16e-18   
5.62341e+03  2.54e-10   5.16e-01   4.84e-01   2.03e-10   3.62e-06   2.06e-06   1.14e-06   3.89e-07   3.68e-18   2.86e-12   1.63e-18   
6.49382e+03  2.82e-10   5.14e-01   4.86e-01   1.90e-10   3.42e-06   2.01e-06   1.03e-06   3.42e-07   2.85e-18   2.59e-12   1.27e-18   
7.49894e+03  3.09e-10   5.15e-01   4.85e-01   1.83e-10   3.20e-06   1.94e-06   9.42e-07   3.04e-07   2.25e-18   2.37e-12   9.97e-19   
8.65964e+03  3.35e-10   5.13e-01   4.87e-01   1.79e-10   2.95e-06   1.84e-06   8.75e-07   2.72e-07   1.80e-18   2.20e-12   7.97e-19   
1.00000e+04  3.57e-10   5.13e-01   4.87e-01   1.75e-10   2.68e-06   1.74e-06   8.26e-07   2.47e-07   1.47e-18   2.08e-12   6.53e-19   
1.15478e+04  3.74e-10   5.13e-01   4.87e-01   1.71e-10   2.39e-06   1.62e-06   7.94e-07   2.27e-07   1.24e-18   2.00e-12   5.48e-19   
1.33352e+04  3.84e-10   5.13e-01   4.87e-01   1.66e-10   2.10e-06   1.49e-06   7.79e-07   2.13e-07   1.08e-18   1.96e-12   4.79e-19   
1.53993e+04  3.86e-10   5.13e-01   4.87e-01   1.58e-10   1.82e-06   1.37e-06   7.77e-07   2.04e-07   9.87e-19   1.96e-12   4.38e-19   
1.77828e+04  3.81e-10   5.12e-01   4.88e-01   1.49e-10   1.57e-06   1.26e-06   7.90e-07   1.98e-07   9.48e-19   1.99e-12   4.20e-19   
2.05353e+04  3.67e-10   5.12e-01   4.88e-01   1.41e-10   1.37e-06   1.16e-06   8.20e-07   1.97e-07   9.62e-19   2.07e-12   4.28e-19   
2.37137e+04  3.48e-10   5.11e-01   4.89e-01   1.34e-10   1.20e-06   1.09e-06   8.62e-07   1.99e-07   1.01e-18   2.18e-12   4.51e-19   
2.73842e+04  3.25e-10   5.11e-01   4.89e-01   1.30e-10   1.06e-06   1.02e-06   9.17e-07   2.03e-07   1.10e-18   2.31e-12   4.86e-19   
3.16228e+04  2.98e-10   5.10e-01   4.90e-01   1.29e-10   9.40e-07   9.70e-07   9.90e-07   2.11e-07   1.21e-18   2.50e-12   5.37e-19   
3.65174e+04  2.70e-10   5.11e-01   4.89e-01   1.31e-10   8.26e-07   9.19e-07   1.07e-06   2.19e-07   1.33e-18   2.71e-12   5.89e-19   
4.21697e+04  2.39e-10   5.10e-01   4.90e-01   1.37e-10   7.24e-07   8.79e-07   1.19e-06   2.27e-07   1.48e-18   3.00e-12   6.57e-19   
4.86968e+04  2.06e-10   5.10e-01   4.90e-01   1.49e-10   6.31e-07   8.45e-07   1.34e-06   2.37e-07   1.66e-18   3.38e-12   7.33e-19   
5.62341e+04  1.74e-10   5.09e-01   4.91e-01   1.67e-10   5.45e-07   8.10e-07   1.53e-06   2.43e-07   1.84e-18   3.87e-12   8.16e-19   
6.49382e+04  1.42e-10   5.09e-01   4.91e-01   1.95e-10   4.72e-07   7.76e-07   1.80e-06   2.49e-07   2.07e-18   4.53e-12   9.17e-19   
7.49894e+04  1.11e-10   5.09e-01   4.91e-01   2.42e-10   4.11e-07   7.48e-07   2.16e-06   2.51e-07   2.34e-18   5.45e-12   1.03e-18   
8.65964e+04  8.38e-11   5.10e-01   4.90e-01   3.20e-10   3.58e-07   7.23e-07   2.67e-06   2.48e-07   2.65e-18   6.74e-12   1.17e-18   
1.00000e+05  6.05e-11   5.09e-01   4.91e-01   4.55e-10   3.12e-07   7.01e-07   3.39e-06   2.41e-07   2.98e-18   8.56e-12   1.32e-18   
1.15478e+05  4.21e-11   5.08e-01   4.92e-01   6.98e-10   2.73e-07   6.82e-07   4.39e-06   2.29e-07   3.30e-18   1.11e-11   1.46e-18   
1.33352e+05  2.86e-11   5.10e-01   4.90e-01   1.15e-09   2.38e-07   6.68e-07   5.70e-06   2.14e-07   3.57e-18   1.44e-11   1.58e-18   
1.53993e+05  1.95e-11   5.09e-01   4.91e-01   1.96e-09   2.09e-07   6.55e-07   7.17e-06   1.98e-07   3.64e-18   1.81e-11   1.61e-18   
1.77828e+05  1.36e-11   5.10e-01   4.90e-01   3.43e-09   1.86e-07   6.48e-07   8.70e-06   1.81e-07   3.43e-18   2.20e-11   1.53e-18   
2.05353e+05  8.79e-12   5.10e-01   4.90e-01   7.37e-09   1.49e-07   6.42e-07   1.09e-05   1.60e-07   2.42e-18   2.76e-11   1.08e-18   
2.37137e+05  4.42e-12   5.09e-01   4.91e-01   1.72e-08   7.01e-08   6.33e-07   1.71e-05   1.38e-07   6.88e-19   4.32e-11   3.05e-19   
2.73842e+05  4.10e-12   5.10e-01   4.90e-01   1.93e-08   6.90e-08   6.32e-07   1.40e-05   1.39e-07   6.49e-19   3.51e-11   2.88e-19   
3.16228e+05  4.09e-12   5.11e-01   4.89e-01   2.05e-08   6.87e-08   6.33e-07   1.02e-05   1.39e-07   5.94e-19   2.57e-11   2.64e-19   
3.65174e+05  4.12e-12   5.10e-01   4.90e-01   2.15e-08   6.92e-08   6.33e-07   7.04e-06   1.39e-07   5.39e-19   1.78e-11   2.39e-19   
4.21697e+05  4.15e-12   5.11e-01   4.89e-01   2.25e-08   6.99e-08   6.34e-07   4.65e-06   1.40e-07   4.87e-19   1.18e-11   2.16e-19   
4.86968e+05  4.19e-12   5.11e-01   4.89e-01   2.34e-08   7.06e-08   6.35e-07   2.96e-06   1.39e-07   4.44e-19   7.47e-12   1.97e-19   
5.62341e+05  4.22e-12   5.09e-01   4.91e-01   2.44e-08   7.20e-08   6.35e-07   1.84e-06   1.40e-07   4.10e-19   4.64e-12   1.82e-19   
6.49382e+05  4.27e-12   5.11e-01   4.89e-01   2.51e-08   7.35e-08   6.35e-07   1.15e-06   1.40e-07   3.89e-19   2.93e-12   1.72e-19   
7.49894e+05  4.32e-12   5.12e-01   4.88e-01   2.57e-08   7.71e-08   6.37e-07   7.78e-07   1.41e-07   3.94e-19   1.97e-12   1.74e-19   
8.65964e+05  1.10e-11   5.11e-01   4.89e-01   3.30e-09   1.58e-07   6.51e-07   2.87e-07   2.17e-07   4.26e-18   7.25e-13   1.89e-18   
1.00000e+06  8.74e-12   5.10e-01   4.90e-01   6.66e-09   1.58e-07   6.42e-07   5.40e-07   1.70e-07   3.03e-18   1.36e-12   1.34e-18   
1.15478e+06  4.15e-12   5.11e-01   4.89e-01   2.18e-08   6.94e-08   6.34e-07   7.01e-07   1.39e-07   5.35e-19   1.77e-12   2.37e-19   
1.33352e+06  4.23e-12   5.11e-01   4.89e-01   2.43e-08   7.23e-08   6.36e-07   5.25e-07   1.40e-07   4.23e-19   1.33e-12   1.88e-19   
1.53993e+06  4.37e-12   5.10e-01   4.90e-01   2.56e-08   7.96e-08   6.36e-07   4.78e-07   1.42e-07   4.28e-19   1.21e-12   1.90e-19   
1.77828e+06  4.67e-12   5.10e-01   4.90e-01   1.73e-08   6.81e-08   6.34e-07   9.10e-07   1.37e-07   6.38e-19   2.29e-12   2.83e-19   
2.05353e+06  4.23e-12   5.11e-01   4.89e-01   2.41e-08   7.19e-08   6.36e-07   5.32e-07   1.40e-07   4.37e-19   1.35e-12   1.94e-19   
2.37137e+06  1.18e-11   5.11e-01   4.89e-01   3.10e-09   1.63e-07   6.52e-07   2.71e-07   2.14e-07   4.34e-18   6.86e-13   1.93e-18   
2.73842e+06  4.21e-12   5.11e-01   4.89e-01   2.34e-08   7.08e-08   6.34e-07   5.65e-07   1.40e-07   4.63e-19   1.43e-12   2.06e-19   
3.16228e+06  1.12e-11   5.10e-01   4.90e-01   3.90e-09   1.69e-07   6.48e-07   3.76e-07   1.94e-07   3.97e-18   9.55e-13   1.76e-18   
3.65174e+06  4.29e-12   5.10e-01   4.90e-01   2.52e-08   7.51e-08   6.36e-07   4.94e-07   1.41e-07   4.10e-19   1.25e-12   1.82e-19   
4.21697e+06  4.21e-12   5.11e-01   4.89e-01   2.35e-08   7.10e-08   6.34e-07   5.63e-07   1.40e-07   4.61e-19   1.42e-12   2.05e-19   
4.86968e+06  4.17e-12   5.11e-01   4.89e-01   2.22e-08   6.98e-08   6.33e-07   6.50e-07   1.39e-07   5.20e-19   1.64e-12   2.31e-19   
5.62341e+06  4.17e-12   5.11e-01   4.89e-01   2.26e-08   7.00e-08   6.35e-07   6.28e-07   1.40e-07   5.06e-19   1.59e-12   2.25e-19   
6.49382e+06  4.25e-12   5.11e-01   4.89e-01   2.42e-08   7.22e-08   6.33e-07   5.22e-07   1.40e-07   4.28e-19   1.32e-12   1.90e-19   
7.49894e+06  1.08e-11   5.11e-01   4.89e-01   3.38e-09   1.57e-07   6.50e-07   2.39e-07   2.18e-07   4.27e-18   6.04e-13   1.90e-18   
8.65964e+06  4.22e-12   5.09e-01   4.91e-01   2.39e-08   7.16e-08   6.35e-07   5.45e-07   1.40e-07   4.48e-19   1.38e-12   1.99e-19   
1.00000e+07  4.15e-12   5.11e-01   4.89e-01   2.19e-08   6.96e-08   6.34e-07   6.87e-07   1.40e-07   5.42e-19   1.73e-12   2.40e-19   
1.15478e+07  4.19e-12   5.11e-01   4.89e-01   2.31e-08   7.06e-08   6.35e-07   5.87e-07   1.40e-07   4.80e-19   1.48e-12   2.13e-19   
1.33352e+07  4.39e-12   5.10e-01   4.90e-01   2.55e-08   8.15e-08   6.38e-07   4.76e-07   1.43e-07   4.53e-19   1.21e-12   2.01e-19   
1.53993e+07  4.27e-12   5.11e-01   4.89e-01   2.51e-08   7.42e-08   6.37e-07   5.01e-07   1.41e-07   4.12e-19   1.26e-12   1.83e-19   
1.77828e+07  7.11e-12   5.12e-01   4.88e-01   7.55e-09   1.87e-07   6.40e-07   3.00e-07   2.03e-07   3.43e-18   7.57e-13   1.52e-18   
2.05353e+07  4.27e-12   5.11e-01   4.89e-01   2.48e-08   7.35e-08   6.35e-07   5.04e-07   1.41e-07   4.15e-19   1.27e-12   1.84e-19   
2.37137e+07  1.18e-11   5.11e-01   4.89e-01   3.10e-09   1.62e-07   6.52e-07   2.66e-07   2.15e-07   4.34e-18   6.71e-13   1.93e-18   
2.73842e+07  1.15e-11   5.11e-01   4.89e-01   3.16e-09   1.60e-07   6.52e-07   2.51e-07   2.17e-07   4.33e-18   6.33e-13   1.92e-18   
