! 0       *H + *HOCO -> *HCOOH
! 1       *OH + *HCO -> *HCOOH
! 2       HCOOH + GRAIN -> *HCOOH + GRAIN
! 3       *O + *CH2OH -> *HCOOH + *H
!            tot_rate   0          1          2          3          
1.00000e+00  8.43e-20   9.84e-01   1.60e-02   2.05e-08   1.01e-07   
1.15478e+00  1.77e-19   9.87e-01   1.33e-02   2.36e-08   8.51e-08   
1.33352e+00  3.69e-19   9.89e-01   1.11e-02   2.74e-08   7.23e-08   
1.53993e+00  7.86e-19   9.91e-01   8.97e-03   3.14e-08   5.99e-08   
1.77828e+00  1.66e-18   9.93e-01   7.28e-03   3.62e-08   4.98e-08   
2.05353e+00  3.52e-18   9.94e-01   5.88e-03   4.18e-08   4.12e-08   
2.37137e+00  7.45e-18   9.95e-01   4.74e-03   4.81e-08   3.40e-08   
2.73842e+00  1.58e-17   9.96e-01   3.78e-03   5.56e-08   2.78e-08   
3.16228e+00  3.33e-17   9.97e-01   3.00e-03   6.43e-08   2.27e-08   
3.65174e+00  7.01e-17   9.98e-01   2.37e-03   7.45e-08   1.84e-08   
4.21697e+00  1.46e-16   9.98e-01   1.87e-03   8.68e-08   1.49e-08   
4.86968e+00  3.02e-16   9.99e-01   1.47e-03   1.01e-07   1.21e-08   
5.62341e+00  6.15e-16   9.99e-01   1.16e-03   1.19e-07   9.84e-09   
6.49382e+00  1.22e-15   9.99e-01   9.25e-04   1.40e-07   8.07e-09   
7.49894e+00  2.32e-15   9.99e-01   7.54e-04   1.69e-07   6.81e-09   
8.65964e+00  4.21e-15   9.99e-01   6.36e-04   2.06e-07   5.91e-09   
1.00000e+01  7.18e-15   9.99e-01   5.64e-04   2.55e-07   5.36e-09   
1.15478e+01  1.14e-14   9.99e-01   5.31e-04   3.21e-07   5.15e-09   
1.33352e+01  1.71e-14   9.99e-01   5.27e-04   4.04e-07   5.16e-09   
1.53993e+01  2.44e-14   9.99e-01   5.49e-04   5.08e-07   5.37e-09   
1.77828e+01  3.36e-14   9.99e-01   5.83e-04   6.34e-07   5.71e-09   
2.05353e+01  4.55e-14   9.99e-01   6.26e-04   7.80e-07   6.13e-09   
2.37137e+01  6.09e-14   9.99e-01   6.68e-04   9.44e-07   6.56e-09   
2.73842e+01  8.09e-14   9.99e-01   7.06e-04   1.13e-06   6.98e-09   
3.16228e+01  1.07e-13   9.99e-01   7.28e-04   1.34e-06   7.29e-09   
3.65174e+01  1.40e-13   9.99e-01   7.35e-04   1.61e-06   7.49e-09   
4.21697e+01  1.84e-13   9.99e-01   7.06e-04   1.90e-06   7.49e-09   
4.86968e+01  2.41e-13   9.99e-01   6.47e-04   2.23e-06   7.17e-09   
5.62341e+01  3.15e-13   9.99e-01   5.49e-04   2.63e-06   6.47e-09   
6.49382e+01  4.12e-13   1.00e+00   4.10e-04   3.08e-06   5.29e-09   
7.49894e+01  5.38e-13   1.00e+00   2.45e-04   3.62e-06   3.62e-09   
8.65964e+01  7.04e-13   1.00e+00   9.16e-05   4.25e-06   1.65e-09   
1.00000e+02  8.85e-13   1.00e+00   5.46e-06   5.16e-06   1.38e-10   
1.15478e+02  2.32e-15   9.98e-01   1.89e-11   2.30e-03   6.48e-17   
1.33352e+02  3.80e-15   9.99e-01   7.75e-12   1.43e-03   2.17e-17   
1.53993e+02  4.24e-15   9.99e-01   4.53e-12   1.30e-03   9.26e-18   
1.77828e+02  3.67e-15   9.98e-01   3.11e-12   1.52e-03   3.66e-18   
2.05353e+02  2.45e-15   9.98e-01   2.33e-12   2.30e-03   1.05e-18   
2.37137e+02  1.57e-15   9.96e-01   1.97e-12   3.62e-03   2.90e-19   
2.73842e+02  1.15e-15   9.95e-01   1.77e-12   4.93e-03   1.02e-19   
3.16228e+02  8.90e-16   9.94e-01   1.64e-12   6.29e-03   3.86e-20   
3.65174e+02  7.11e-16   9.92e-01   1.55e-12   7.70e-03   1.43e-20   
4.21697e+02  5.79e-16   9.91e-01   1.50e-12   9.11e-03   5.01e-21   
4.86968e+02  4.76e-16   9.90e-01   1.51e-12   1.05e-02   1.61e-21   
5.62341e+02  3.89e-16   9.88e-01   1.57e-12   1.18e-02   4.50e-22   
6.49382e+02  3.02e-16   9.86e-01   1.65e-12   1.36e-02   9.76e-23   
7.49894e+02  1.97e-16   9.82e-01   1.70e-12   1.81e-02   1.39e-23   
8.65964e+02  5.63e-17   9.47e-01   1.68e-12   5.29e-02   8.19e-24   
1.00000e+03  2.96e-17   9.19e-01   1.65e-12   8.08e-02   3.82e-23   
1.15478e+03  3.61e-17   9.49e-01   1.71e-12   5.07e-02   7.61e-23   
1.33352e+03  4.55e-17   9.70e-01   1.76e-12   2.97e-02   1.17e-22   
1.53993e+03  5.88e-17   9.84e-01   1.80e-12   1.62e-02   1.61e-22   
1.77828e+03  7.72e-17   9.91e-01   1.83e-12   8.75e-03   2.07e-22   
2.05353e+03  1.02e-16   9.94e-01   1.86e-12   6.08e-03   2.56e-22   
2.37137e+03  1.35e-16   9.93e-01   1.87e-12   7.33e-03   3.02e-22   
2.73842e+03  1.78e-16   9.91e-01   1.88e-12   9.29e-03   3.44e-22   
3.16228e+03  2.28e-16   9.91e-01   1.89e-12   9.42e-03   3.87e-22   
3.65174e+03  2.81e-16   9.91e-01   1.90e-12   8.67e-03   4.33e-22   
4.21697e+03  3.34e-16   9.92e-01   1.91e-12   7.85e-03   4.92e-22   
4.86968e+03  3.84e-16   9.93e-01   1.92e-12   7.14e-03   5.58e-22   
5.62341e+03  4.28e-16   9.93e-01   1.92e-12   6.64e-03   6.38e-22   
6.49382e+03  4.64e-16   9.94e-01   1.92e-12   6.25e-03   7.31e-22   
7.49894e+03  4.87e-16   9.94e-01   1.93e-12   5.98e-03   8.44e-22   
8.65964e+03  4.95e-16   9.94e-01   1.93e-12   5.84e-03   9.80e-22   
1.00000e+04  4.86e-16   9.94e-01   1.94e-12   5.80e-03   1.14e-21   
1.15478e+04  4.61e-16   9.94e-01   1.94e-12   5.88e-03   1.34e-21   
1.33352e+04  4.23e-16   9.94e-01   1.94e-12   6.11e-03   1.57e-21   
1.53993e+04  3.75e-16   9.94e-01   1.94e-12   6.50e-03   1.84e-21   
1.77828e+04  3.27e-16   9.93e-01   1.95e-12   7.00e-03   2.13e-21   
2.05353e+04  2.84e-16   9.92e-01   1.95e-12   7.57e-03   2.41e-21   
2.37137e+04  2.47e-16   9.92e-01   1.95e-12   8.14e-03   2.68e-21   
2.73842e+04  2.15e-16   9.91e-01   1.95e-12   8.66e-03   2.92e-21   
3.16228e+04  1.88e-16   9.91e-01   1.96e-12   8.95e-03   3.12e-21   
3.65174e+04  1.62e-16   9.91e-01   1.97e-12   9.11e-03   3.29e-21   
4.21697e+04  1.39e-16   9.91e-01   1.97e-12   9.05e-03   3.43e-21   
4.86968e+04  1.17e-16   9.91e-01   1.97e-12   8.89e-03   3.57e-21   
5.62341e+04  9.58e-17   9.91e-01   1.98e-12   8.57e-03   3.72e-21   
6.49382e+04  7.61e-17   9.92e-01   2.00e-12   8.08e-03   3.88e-21   
7.49894e+04  5.85e-17   9.93e-01   2.00e-12   7.40e-03   4.03e-21   
8.65964e+04  4.34e-17   9.93e-01   2.02e-12   6.55e-03   4.20e-21   
1.00000e+05  3.10e-17   9.95e-01   2.03e-12   5.49e-03   4.36e-21   
1.15478e+05  2.14e-17   9.96e-01   2.06e-12   4.38e-03   4.49e-21   
1.33352e+05  1.45e-17   9.97e-01   2.06e-12   3.30e-03   4.52e-21   
1.53993e+05  9.85e-18   9.98e-01   2.08e-12   2.44e-03   4.50e-21   
1.77828e+05  6.79e-18   9.98e-01   2.09e-12   1.78e-03   4.43e-21   
2.05353e+05  4.30e-18   9.99e-01   2.09e-12   1.27e-03   4.61e-21   
2.37137e+05  2.07e-18   9.98e-01   2.08e-12   1.73e-03   4.41e-21   
2.73842e+05  1.94e-18   9.99e-01   2.07e-12   1.48e-03   3.97e-21   
3.16228e+05  1.94e-18   9.99e-01   2.07e-12   1.19e-03   3.92e-21   
3.65174e+05  1.96e-18   9.99e-01   2.07e-12   9.43e-04   3.91e-21   
4.21697e+05  1.97e-18   9.99e-01   2.08e-12   7.61e-04   3.93e-21   
4.86968e+05  1.99e-18   9.99e-01   2.08e-12   6.28e-04   3.92e-21   
5.62341e+05  2.01e-18   9.99e-01   2.08e-12   5.42e-04   3.92e-21   
6.49382e+05  2.04e-18   1.00e+00   2.07e-12   4.87e-04   3.90e-21   
7.49894e+05  2.07e-18   1.00e+00   2.08e-12   4.61e-04   3.91e-21   
8.65964e+05  5.89e-18   9.98e-01   2.10e-12   2.14e-03   3.51e-21   
1.00000e+06  4.37e-18   9.99e-01   2.09e-12   1.09e-03   4.11e-21   
1.15478e+06  1.97e-18   1.00e+00   2.08e-12   4.56e-04   3.92e-21   
1.33352e+06  2.02e-18   1.00e+00   2.08e-12   4.40e-04   3.91e-21   
1.53993e+06  2.10e-18   1.00e+00   2.08e-12   4.43e-04   3.90e-21   
1.77828e+06  2.19e-18   1.00e+00   2.08e-12   4.75e-04   4.75e-21   
2.05353e+06  2.02e-18   1.00e+00   2.07e-12   4.40e-04   3.90e-21   
2.37137e+06  6.30e-18   9.98e-01   2.09e-12   2.11e-03   3.76e-21   
2.73842e+06  2.00e-18   1.00e+00   2.08e-12   4.44e-04   3.92e-21   
3.16228e+06  5.80e-18   9.98e-01   2.10e-12   1.67e-03   3.95e-21   
3.65174e+06  2.05e-18   1.00e+00   2.08e-12   4.39e-04   3.92e-21   
4.21697e+06  2.00e-18   1.00e+00   2.08e-12   4.44e-04   3.92e-21   
4.86968e+06  1.98e-18   1.00e+00   2.07e-12   4.51e-04   3.92e-21   
5.62341e+06  1.99e-18   1.00e+00   2.07e-12   4.48e-04   3.91e-21   
6.49382e+06  2.02e-18   1.00e+00   2.08e-12   4.40e-04   3.92e-21   
7.49894e+06  5.78e-18   9.98e-01   2.11e-12   2.11e-03   3.46e-21   
8.65964e+06  2.01e-18   1.00e+00   2.08e-12   4.42e-04   3.92e-21   
1.00000e+07  1.97e-18   1.00e+00   2.08e-12   4.55e-04   3.93e-21   
1.15478e+07  2.00e-18   1.00e+00   2.07e-12   4.44e-04   3.91e-21   
1.33352e+07  2.11e-18   1.00e+00   2.08e-12   4.46e-04   3.90e-21   
1.53993e+07  2.04e-18   1.00e+00   2.08e-12   4.40e-04   3.91e-21   
1.77828e+07  3.61e-18   9.98e-01   2.08e-12   1.54e-03   2.73e-21   
2.05353e+07  2.04e-18   1.00e+00   2.08e-12   4.39e-04   3.91e-21   
2.37137e+07  6.27e-18   9.98e-01   2.10e-12   2.14e-03   3.75e-21   
2.73842e+07  6.12e-18   9.98e-01   2.11e-12   2.16e-03   3.64e-21   
