! 0       *H + *CH3O -> CH3OH
! 1       CH3CHO + H3+ -> CH3OH + CH3+
! 2       *CH3OH + CRPhoton -> CH3OH
! 3       CH3OH2+ + e- -> CH3OH + H
! 4       *H + *CH2OH -> CH3OH
! 5       *OH + *CH3 -> CH3OH
! 6       CH3OCH3+ + e- -> CH3OH + CH2
! 7       COOCH4+ + e- -> CH3OH + CO
! 8       CH3OH2+ + GRAIN -> CH3OH + H + GRAIN
! 9       CH3OCH4+ + e- -> CH3OH + CH3
!            tot_rate   0          1          2          3          4          5          6          7          8          9          
1.00000e+00  2.70e-21   3.32e-02   6.78e-04   2.53e-04   6.34e-01   7.26e-02   1.00e-01   3.58e-02   3.45e-08   1.13e-05   1.21e-01   
1.15478e+00  2.09e-21   6.78e-02   6.21e-04   3.34e-04   4.64e-01   1.46e-01   1.96e-01   3.26e-02   9.65e-08   8.26e-06   8.98e-02   
1.33352e+00  1.97e-21   1.11e-01   4.30e-04   3.66e-04   2.57e-01   2.40e-01   3.14e-01   2.28e-02   2.16e-07   4.58e-06   5.02e-02   
1.53993e+00  2.33e-21   1.47e-01   2.16e-04   3.24e-04   1.03e-01   3.19e-01   3.96e-01   1.16e-02   3.74e-07   1.84e-06   2.02e-02   
1.77828e+00  3.20e-21   1.63e-01   8.85e-05   2.53e-04   3.19e-02   3.63e-01   4.28e-01   4.60e-03   5.41e-07   5.72e-07   6.22e-03   
2.05353e+00  4.69e-21   1.69e-01   3.71e-05   1.93e-04   8.43e-03   3.84e-01   4.33e-01   1.54e-03   7.19e-07   1.52e-07   1.58e-03   
2.37137e+00  7.01e-21   1.70e-01   2.17e-05   1.53e-04   2.12e-03   3.96e-01   4.29e-01   4.46e-04   9.18e-07   3.85e-08   3.36e-04   
2.73842e+00  1.06e-20   1.69e-01   1.88e-05   1.29e-04   6.29e-04   4.07e-01   4.21e-01   1.15e-04   1.15e-06   1.15e-08   5.99e-05   
3.16228e+00  1.59e-20   1.69e-01   1.95e-05   1.17e-04   2.77e-04   4.17e-01   4.12e-01   2.90e-05   1.41e-06   5.07e-09   8.82e-06   
3.65174e+00  2.37e-20   1.70e-01   2.09e-05   1.15e-04   1.68e-04   4.26e-01   4.03e-01   1.07e-05   1.72e-06   3.08e-09   1.05e-06   
4.21697e+00  3.54e-20   1.70e-01   2.21e-05   1.19e-04   1.13e-04   4.37e-01   3.92e-01   7.98e-06   2.06e-06   2.10e-09   1.15e-07   
4.86968e+00  5.24e-20   1.71e-01   2.31e-05   1.29e-04   7.90e-05   4.47e-01   3.82e-01   8.40e-06   2.48e-06   1.48e-09   2.84e-08   
5.62341e+00  7.69e-20   1.73e-01   2.37e-05   1.44e-04   5.58e-05   4.56e-01   3.70e-01   9.41e-06   2.94e-06   1.05e-09   2.35e-08   
6.49382e+00  1.12e-19   1.76e-01   2.39e-05   1.65e-04   3.98e-05   4.65e-01   3.58e-01   1.06e-05   3.47e-06   7.60e-10   2.42e-08   
7.49894e+00  1.62e-19   1.80e-01   2.36e-05   1.90e-04   2.88e-05   4.74e-01   3.46e-01   1.21e-05   4.07e-06   5.58e-10   2.54e-08   
8.65964e+00  2.31e-19   1.85e-01   2.31e-05   2.22e-04   2.12e-05   4.80e-01   3.35e-01   1.40e-05   4.80e-06   4.17e-10   2.67e-08   
1.00000e+01  3.26e-19   1.90e-01   2.24e-05   2.60e-04   1.59e-05   4.85e-01   3.25e-01   1.63e-05   5.58e-06   3.19e-10   2.80e-08   
1.15478e+01  4.55e-19   1.95e-01   2.13e-05   3.06e-04   1.21e-05   4.86e-01   3.19e-01   1.90e-05   6.49e-06   2.49e-10   2.95e-08   
1.33352e+01  6.26e-19   2.00e-01   2.01e-05   3.61e-04   9.47e-06   4.85e-01   3.15e-01   2.24e-05   7.50e-06   1.98e-10   3.10e-08   
1.53993e+01  8.58e-19   2.04e-01   1.88e-05   4.23e-04   7.50e-06   4.83e-01   3.12e-01   2.63e-05   8.61e-06   1.61e-10   3.28e-08   
1.77828e+01  1.17e-18   2.07e-01   1.73e-05   4.94e-04   6.02e-06   4.82e-01   3.11e-01   3.08e-05   9.70e-06   1.33e-10   3.49e-08   
2.05353e+01  1.61e-18   2.10e-01   1.58e-05   5.75e-04   4.90e-06   4.80e-01   3.10e-01   3.61e-05   1.08e-05   1.12e-10   3.73e-08   
2.37137e+01  2.19e-18   2.12e-01   1.45e-05   6.66e-04   4.06e-06   4.79e-01   3.09e-01   4.23e-05   1.19e-05   9.66e-11   4.02e-08   
2.73842e+01  3.00e-18   2.13e-01   1.34e-05   7.74e-04   3.43e-06   4.77e-01   3.09e-01   5.00e-05   1.29e-05   8.50e-11   4.37e-08   
3.16228e+01  4.11e-18   2.14e-01   1.25e-05   8.92e-04   2.94e-06   4.77e-01   3.09e-01   5.88e-05   1.37e-05   7.68e-11   4.77e-08   
3.65174e+01  5.66e-18   2.14e-01   1.18e-05   1.03e-03   2.56e-06   4.74e-01   3.11e-01   6.98e-05   1.44e-05   7.11e-11   5.27e-08   
4.21697e+01  7.85e-18   2.15e-01   1.14e-05   1.17e-03   2.29e-06   4.70e-01   3.13e-01   8.32e-05   1.46e-05   6.74e-11   5.87e-08   
4.86968e+01  1.10e-17   2.16e-01   1.11e-05   1.34e-03   2.09e-06   4.65e-01   3.17e-01   1.00e-04   1.45e-05   6.59e-11   6.64e-08   
5.62341e+01  1.55e-17   2.18e-01   1.11e-05   1.52e-03   1.95e-06   4.58e-01   3.22e-01   1.22e-04   1.40e-05   6.63e-11   7.60e-08   
6.49382e+01  2.24e-17   2.23e-01   1.11e-05   1.71e-03   1.85e-06   4.46e-01   3.28e-01   1.51e-04   1.31e-05   6.89e-11   8.81e-08   
7.49894e+01  3.28e-17   2.32e-01   1.13e-05   1.92e-03   1.81e-06   4.30e-01   3.35e-01   1.92e-04   1.19e-05   7.38e-11   1.05e-07   
8.65964e+01  4.76e-17   2.54e-01   1.19e-05   2.21e-03   1.86e-06   4.07e-01   3.36e-01   2.63e-04   1.08e-05   8.40e-11   1.28e-07   
1.00000e+02  5.14e-17   3.17e-01   1.75e-05   3.27e-03   2.43e-06   3.77e-01   3.02e-01   4.13e-04   1.05e-05   1.23e-10   1.73e-07   
1.15478e+02  1.28e-18   5.87e-02   1.24e-02   1.47e-01   8.61e-05   2.30e-01   5.62e-02   4.71e-01   2.35e-02   5.03e-09   5.54e-05   
1.33352e+02  1.54e-18   5.31e-02   2.46e-02   1.22e-01   1.05e-04   1.91e-01   3.80e-02   5.39e-01   3.13e-02   7.10e-09   8.60e-05   
1.53993e+02  1.92e-18   4.96e-02   3.63e-02   9.80e-02   1.26e-04   1.42e-01   2.17e-02   6.10e-01   4.18e-02   1.02e-08   1.36e-04   
1.77828e+02  2.63e-18   4.91e-02   4.42e-02   7.19e-02   1.42e-04   8.41e-02   8.95e-03   6.85e-01   5.60e-02   1.38e-08   2.22e-04   
2.05353e+02  4.26e-18   5.26e-02   3.43e-02   4.44e-02   1.40e-04   3.31e-02   2.04e-03   7.58e-01   7.51e-02   1.65e-08   3.66e-04   
2.37137e+02  7.21e-18   5.72e-02   1.51e-02   2.64e-02   1.36e-04   1.15e-02   4.09e-04   7.92e-01   9.62e-02   1.98e-08   5.90e-04   
2.73842e+02  1.07e-17   6.29e-02   9.56e-03   1.79e-02   1.56e-04   5.07e-03   1.18e-04   7.87e-01   1.16e-01   2.86e-08   9.14e-04   
3.16228e+02  1.42e-17   7.40e-02   9.87e-03   1.36e-02   2.02e-04   2.57e-03   4.13e-05   7.61e-01   1.37e-01   4.69e-08   1.39e-03   
3.65174e+02  1.66e-17   1.02e-01   1.24e-02   1.19e-02   3.02e-04   1.44e-03   1.67e-05   7.15e-01   1.55e-01   8.83e-08   2.06e-03   
4.21697e+02  1.69e-17   1.71e-01   1.78e-02   1.24e-02   5.26e-04   8.94e-04   7.75e-06   6.33e-01   1.60e-01   1.91e-07   2.82e-03   
4.86968e+02  1.50e-17   3.66e-01   2.81e-02   1.55e-02   1.04e-03   5.94e-04   4.03e-06   4.55e-01   1.30e-01   4.70e-07   3.05e-03   
5.62341e+02  1.58e-17   7.30e-01   3.63e-02   1.81e-02   1.70e-03   3.01e-04   1.68e-06   1.64e-01   4.78e-02   9.39e-07   1.59e-03   
6.49382e+02  2.88e-17   9.25e-01   2.74e-02   1.47e-02   1.56e-03   7.44e-05   3.48e-07   2.52e-02   5.49e-03   1.02e-06   3.43e-04   
7.49894e+02  7.61e-17   9.67e-01   1.43e-02   1.01e-02   9.79e-04   1.03e-05   3.34e-08   6.46e-03   1.22e-03   7.38e-07   1.18e-04   
8.65964e+02  4.86e-16   9.91e-01   3.04e-03   4.48e-03   3.43e-04   6.17e-06   2.30e-10   9.38e-04   1.99e-04   2.94e-07   2.45e-05   
1.00000e+03  1.64e-15   9.91e-01   1.22e-03   7.05e-03   3.36e-04   2.93e-05   1.01e-11   2.57e-04   5.86e-05   3.14e-07   1.27e-05   
1.15478e+03  2.30e-15   9.88e-01   1.21e-03   1.06e-02   3.88e-04   5.61e-05   6.35e-12   1.77e-04   4.32e-05   4.07e-07   1.22e-05   
1.33352e+03  3.21e-15   9.85e-01   1.28e-03   1.25e-02   4.71e-04   8.36e-05   4.05e-12   1.24e-04   3.21e-05   5.58e-07   1.26e-05   
1.53993e+03  4.43e-15   9.84e-01   1.60e-03   1.36e-02   6.45e-04   1.12e-04   2.62e-12   9.16e-05   2.53e-05   9.18e-07   1.49e-05   
1.77828e+03  6.05e-15   9.82e-01   2.68e-03   1.42e-02   1.11e-03   1.42e-04   1.67e-12   7.32e-05   2.17e-05   2.15e-06   2.33e-05   
2.05353e+03  8.14e-15   9.76e-01   6.17e-03   1.46e-02   2.43e-03   1.74e-04   9.64e-13   6.41e-05   1.99e-05   6.96e-06   4.53e-05   
2.37137e+03  1.08e-14   9.64e-01   1.55e-02   1.51e-02   4.58e-03   2.08e-04   4.42e-13   5.70e-05   1.72e-05   1.74e-05   6.44e-05   
2.73842e+03  1.38e-14   9.44e-01   3.41e-02   1.58e-02   6.08e-03   2.40e-04   2.02e-13   4.72e-05   1.30e-05   2.53e-05   5.73e-05   
3.16228e+03  1.68e-14   9.25e-01   5.08e-02   1.69e-02   6.86e-03   2.80e-04   1.43e-13   3.65e-05   8.65e-06   2.91e-05   4.76e-05   
3.65174e+03  1.99e-14   9.21e-01   5.29e-02   1.80e-02   7.15e-03   3.29e-04   1.22e-13   2.74e-05   5.39e-06   3.09e-05   3.92e-05   
4.21697e+03  2.29e-14   9.25e-01   4.76e-02   1.93e-02   7.33e-03   3.92e-04   1.10e-13   2.09e-05   3.34e-06   3.18e-05   3.22e-05   
4.86968e+03  2.60e-14   9.30e-01   4.19e-02   2.05e-02   7.38e-03   4.69e-04   1.01e-13   1.65e-05   2.16e-06   3.21e-05   2.69e-05   
5.62341e+03  2.91e-14   9.34e-01   3.67e-02   2.17e-02   7.31e-03   5.66e-04   9.51e-14   1.37e-05   1.48e-06   3.18e-05   2.31e-05   
6.49382e+03  3.22e-14   9.37e-01   3.20e-02   2.28e-02   7.20e-03   6.83e-04   9.09e-14   1.19e-05   1.08e-06   3.10e-05   2.05e-05   
7.49894e+03  3.53e-14   9.40e-01   2.82e-02   2.38e-02   6.99e-03   8.24e-04   8.78e-14   1.06e-05   8.21e-07   3.00e-05   1.85e-05   
8.65964e+03  3.81e-14   9.42e-01   2.52e-02   2.48e-02   6.74e-03   1.01e-03   8.56e-14   9.84e-06   6.56e-07   2.86e-05   1.71e-05   
1.00000e+04  4.06e-14   9.44e-01   2.30e-02   2.56e-02   6.48e-03   1.23e-03   8.43e-14   9.41e-06   5.40e-07   2.69e-05   1.62e-05   
1.15478e+04  4.26e-14   9.44e-01   2.17e-02   2.63e-02   6.20e-03   1.51e-03   8.31e-14   9.30e-06   4.60e-07   2.54e-05   1.56e-05   
1.33352e+04  4.38e-14   9.44e-01   2.16e-02   2.70e-02   5.94e-03   1.86e-03   8.27e-14   9.53e-06   4.04e-07   2.40e-05   1.55e-05   
1.53993e+04  4.42e-14   9.42e-01   2.26e-02   2.76e-02   5.73e-03   2.31e-03   8.31e-14   1.00e-05   3.67e-07   2.29e-05   1.58e-05   
1.77828e+04  4.37e-14   9.38e-01   2.54e-02   2.79e-02   5.58e-03   2.81e-03   8.47e-14   1.09e-05   3.41e-07   2.22e-05   1.67e-05   
2.05353e+04  4.24e-14   9.33e-01   2.99e-02   2.80e-02   5.49e-03   3.37e-03   8.86e-14   1.22e-05   3.23e-07   2.18e-05   1.81e-05   
2.37137e+04  4.06e-14   9.26e-01   3.67e-02   2.78e-02   5.44e-03   3.94e-03   9.48e-14   1.37e-05   3.08e-07   2.16e-05   2.02e-05   
2.73842e+04  3.83e-14   9.17e-01   4.57e-02   2.72e-02   5.38e-03   4.49e-03   1.04e-13   1.55e-05   2.95e-07   2.14e-05   2.29e-05   
3.16228e+04  3.56e-14   9.06e-01   5.72e-02   2.61e-02   5.28e-03   4.97e-03   1.16e-13   1.76e-05   2.77e-07   2.11e-05   2.61e-05   
3.65174e+04  3.27e-14   8.93e-01   7.16e-02   2.48e-02   5.14e-03   5.38e-03   1.31e-13   1.99e-05   2.57e-07   2.05e-05   2.98e-05   
4.21697e+04  2.95e-14   8.77e-01   8.90e-02   2.33e-02   4.98e-03   5.72e-03   1.50e-13   2.23e-05   2.35e-07   1.97e-05   3.39e-05   
4.86968e+04  2.61e-14   8.57e-01   1.11e-01   2.18e-02   4.78e-03   6.00e-03   1.73e-13   2.47e-05   2.10e-07   1.87e-05   3.81e-05   
5.62341e+04  2.26e-14   8.32e-01   1.36e-01   2.04e-02   4.56e-03   6.20e-03   2.03e-13   2.70e-05   1.85e-07   1.76e-05   4.23e-05   
6.49382e+04  1.90e-14   8.03e-01   1.67e-01   1.89e-02   4.28e-03   6.30e-03   2.41e-13   2.87e-05   1.59e-07   1.63e-05   4.56e-05   
7.49894e+04  1.56e-14   7.71e-01   2.01e-01   1.74e-02   4.00e-03   6.37e-03   2.91e-13   2.99e-05   1.34e-07   1.48e-05   4.75e-05   
8.65964e+04  1.23e-14   7.37e-01   2.37e-01   1.60e-02   3.68e-03   6.31e-03   3.60e-13   3.04e-05   1.11e-07   1.32e-05   4.72e-05   
1.00000e+05  9.31e-15   7.04e-01   2.72e-01   1.48e-02   3.33e-03   6.23e-03   4.64e-13   3.06e-05   9.37e-08   1.15e-05   4.47e-05   
1.15478e+05  6.72e-15   6.78e-01   2.99e-01   1.37e-02   2.93e-03   6.11e-03   6.25e-13   3.11e-05   8.08e-08   9.64e-06   3.99e-05   
1.33352e+05  4.63e-15   6.70e-01   3.09e-01   1.30e-02   2.48e-03   6.05e-03   8.88e-13   3.24e-05   7.41e-08   7.60e-06   3.35e-05   
1.53993e+05  3.08e-15   6.86e-01   2.93e-01   1.27e-02   1.96e-03   6.11e-03   1.33e-12   3.51e-05   7.41e-08   5.40e-06   2.61e-05   
1.77828e+05  1.99e-15   7.37e-01   2.42e-01   1.29e-02   1.36e-03   6.42e-03   2.10e-12   3.83e-05   8.03e-08   3.22e-06   1.77e-05   
2.05353e+05  1.11e-15   8.60e-01   1.17e-01   1.53e-02   5.88e-04   7.73e-03   4.12e-12   3.75e-05   8.90e-08   9.57e-07   6.47e-06   
2.37137e+05  4.97e-16   9.61e-01   1.46e-02   1.59e-02   9.93e-05   8.32e-03   1.05e-11   1.43e-05   3.56e-08   7.16e-08   4.52e-07   
2.73842e+05  4.59e-16   9.65e-01   1.33e-02   1.43e-02   9.56e-05   7.54e-03   1.27e-11   1.37e-05   3.22e-08   6.77e-08   4.25e-07   
3.16228e+05  4.57e-16   9.67e-01   1.17e-02   1.40e-02   9.32e-05   7.46e-03   1.39e-11   1.28e-05   2.91e-08   6.54e-08   4.07e-07   
3.65174e+05  4.60e-16   9.68e-01   1.03e-02   1.40e-02   9.18e-05   7.46e-03   1.49e-11   1.20e-05   2.65e-08   6.40e-08   3.94e-07   
4.21697e+05  4.62e-16   9.70e-01   8.94e-03   1.39e-02   9.13e-05   7.49e-03   1.60e-11   1.13e-05   2.42e-08   6.32e-08   3.85e-07   
4.86968e+05  4.66e-16   9.71e-01   7.73e-03   1.39e-02   9.13e-05   7.47e-03   1.70e-11   1.06e-05   2.21e-08   6.31e-08   3.82e-07   
5.62341e+05  4.69e-16   9.72e-01   6.71e-03   1.38e-02   9.23e-05   7.48e-03   1.79e-11   1.01e-05   2.04e-08   6.44e-08   3.86e-07   
6.49382e+05  4.73e-16   9.73e-01   5.96e-03   1.37e-02   9.49e-05   7.49e-03   1.88e-11   9.94e-06   1.93e-08   6.70e-08   4.04e-07   
7.49894e+05  4.79e-16   9.73e-01   5.64e-03   1.37e-02   1.01e-04   7.48e-03   1.95e-11   1.02e-05   1.94e-08   7.35e-08   4.47e-07   
8.65964e+05  1.81e-15   6.58e-01   3.26e-01   8.63e-03   2.04e-03   4.50e-03   4.49e-12   3.84e-05   4.37e-08   5.92e-06   3.21e-05   
1.00000e+06  1.17e-15   8.10e-01   1.70e-01   1.27e-02   8.33e-04   6.52e-03   4.40e-12   4.11e-05   8.18e-08   1.60e-06   1.05e-05   
1.15478e+06  4.63e-16   9.68e-01   1.01e-02   1.39e-02   9.21e-05   7.48e-03   1.53e-11   1.20e-05   2.64e-08   6.42e-08   3.98e-07   
1.33352e+06  4.70e-16   9.72e-01   7.02e-03   1.38e-02   9.33e-05   7.48e-03   1.80e-11   1.04e-05   2.10e-08   6.53e-08   3.98e-07   
1.53993e+06  4.85e-16   9.73e-01   6.20e-03   1.36e-02   1.07e-04   7.46e-03   1.95e-11   1.10e-05   2.10e-08   8.02e-08   4.97e-07   
1.77828e+06  5.26e-16   9.61e-01   1.33e-02   1.70e-02   9.72e-05   8.96e-03   1.05e-11   1.38e-05   3.33e-08   6.94e-08   4.39e-07   
2.05353e+06  4.71e-16   9.71e-01   7.40e-03   1.38e-02   9.29e-05   7.48e-03   1.76e-11   1.06e-05   2.17e-08   6.48e-08   3.95e-07   
2.37137e+06  1.97e-15   6.51e-01   3.33e-01   9.26e-03   2.03e-03   4.76e-03   3.54e-12   3.78e-05   4.66e-08   5.90e-06   3.13e-05   
2.73842e+06  4.68e-16   9.70e-01   8.21e-03   1.38e-02   9.21e-05   7.48e-03   1.69e-11   1.10e-05   2.31e-08   6.41e-08   3.93e-07   
3.16228e+06  1.73e-15   6.98e-01   2.84e-01   1.06e-02   1.56e-03   5.39e-03   3.13e-12   3.99e-05   6.23e-08   3.96e-06   2.21e-05   
3.65174e+06  4.76e-16   9.72e-01   6.32e-03   1.37e-02   9.77e-05   7.48e-03   1.89e-11   1.04e-05   2.03e-08   6.97e-08   4.26e-07   
4.21697e+06  4.68e-16   9.70e-01   8.12e-03   1.38e-02   9.23e-05   7.48e-03   1.70e-11   1.09e-05   2.29e-08   6.43e-08   3.93e-07   
4.86968e+06  4.64e-16   9.69e-01   9.73e-03   1.39e-02   9.19e-05   7.47e-03   1.57e-11   1.18e-05   2.56e-08   6.42e-08   3.96e-07   
5.62341e+06  4.65e-16   9.69e-01   9.35e-03   1.39e-02   9.20e-05   7.48e-03   1.60e-11   1.16e-05   2.49e-08   6.40e-08   3.95e-07   
6.49382e+06  4.71e-16   9.71e-01   7.17e-03   1.38e-02   9.35e-05   7.47e-03   1.79e-11   1.05e-05   2.14e-08   6.55e-08   3.99e-07   
7.49894e+06  1.76e-15   6.58e-01   3.27e-01   8.51e-03   2.02e-03   4.45e-03   4.67e-12   3.89e-05   4.43e-08   5.84e-06   3.19e-05   
8.65964e+06  4.70e-16   9.71e-01   7.71e-03   1.38e-02   9.26e-05   7.47e-03   1.74e-11   1.08e-05   2.21e-08   6.45e-08   3.94e-07   
1.00000e+07  4.63e-16   9.68e-01   1.03e-02   1.39e-02   9.23e-05   7.48e-03   1.53e-11   1.21e-05   2.68e-08   6.44e-08   4.00e-07   
1.15478e+07  4.67e-16   9.70e-01   8.63e-03   1.38e-02   9.21e-05   7.47e-03   1.66e-11   1.12e-05   2.38e-08   6.40e-08   3.94e-07   
1.33352e+07  4.89e-16   9.72e-01   6.63e-03   1.36e-02   1.12e-04   7.45e-03   1.95e-11   1.15e-05   2.21e-08   8.51e-08   5.32e-07   
1.53993e+07  4.75e-16   9.72e-01   6.50e-03   1.37e-02   9.60e-05   7.47e-03   1.86e-11   1.04e-05   2.04e-08   6.80e-08   4.17e-07   
1.77828e+07  1.00e-15   7.63e-01   2.24e-01   7.58e-03   1.33e-03   4.12e-03   9.26e-12   4.13e-05   5.79e-08   3.15e-06   1.95e-05   
2.05353e+07  4.74e-16   9.72e-01   6.62e-03   1.37e-02   9.53e-05   7.49e-03   1.85e-11   1.04e-05   2.05e-08   6.75e-08   4.11e-07   
2.37137e+07  1.95e-15   6.50e-01   3.34e-01   9.21e-03   2.05e-03   4.73e-03   3.64e-12   3.79e-05   4.61e-08   5.94e-06   3.17e-05   
2.73842e+07  1.90e-15   6.52e-01   3.33e-01   8.88e-03   2.06e-03   4.61e-03   4.00e-12   3.80e-05   4.46e-08   5.99e-06   3.22e-05   
