! 0       CH3CHO + OH -> CH3CO + H2O
! 1       *H + *CH2CO -> CH3CO
! 2       CH3CHO + H -> CH3CO + H2
! 3       CH3CHO + O -> CH3CO + OH
! 4       *CH3CO + CRPhoton -> CH3CO
! 5       CH3COCH3 + OH -> CH3CO + CH2 + H2O
! 6       CH3CHO + CH3 -> CH4 + CH3CO
! 7       CH3COCH3 + H -> CH3CO + CH2 + H2
! 8       *CH3CO + ISPhoton -> CH3CO
! 9       CH3COCH3 + O -> CH3CO + CH2 + OH
!            tot_rate   0          1          2          3          4          5          6          7          8          9          
1.00000e+00  1.69e-27   1.00e+00   1.79e-05   2.11e-52   9.53e-35   3.43e-10   8.82e-43   1.16e-51   0.00e+00   6.15e-17   0.00e+00   
1.15478e+00  1.28e-27   1.00e+00   4.05e-05   2.41e-52   9.14e-35   8.91e-10   9.61e-43   1.28e-51   0.00e+00   1.59e-16   0.00e+00   
1.33352e+00  8.84e-28   1.00e+00   1.02e-04   2.79e-52   8.92e-35   2.56e-09   1.04e-42   1.41e-51   0.00e+00   4.57e-16   0.00e+00   
1.53993e+00  5.54e-28   1.00e+00   3.00e-04   3.28e-52   8.81e-35   8.26e-09   1.12e-42   1.59e-51   0.00e+00   1.48e-15   0.00e+00   
1.77828e+00  3.26e-28   9.99e-01   9.75e-04   3.92e-52   8.83e-35   2.95e-08   1.18e-42   1.81e-51   0.00e+00   5.27e-15   0.00e+00   
2.05353e+00  2.09e-28   9.97e-01   3.08e-03   4.78e-52   8.96e-35   1.01e-07   1.17e-42   2.08e-51   0.00e+00   1.81e-14   0.00e+00   
2.37137e+00  1.90e-28   9.93e-01   7.14e-03   5.88e-52   9.19e-35   2.55e-07   1.10e-42   2.42e-51   0.00e+00   4.55e-14   0.00e+00   
2.73842e+00  2.58e-28   9.88e-01   1.16e-02   7.48e-52   9.61e-35   4.53e-07   1.11e-42   2.86e-51   0.00e+00   8.10e-14   0.00e+00   
3.16228e+00  4.13e-28   9.84e-01   1.63e-02   9.74e-52   1.03e-34   7.10e-07   1.22e-42   3.44e-51   0.00e+00   1.27e-13   0.00e+00   
3.65174e+00  6.78e-28   9.78e-01   2.24e-02   1.30e-51   1.12e-34   1.11e-06   1.39e-42   4.22e-51   0.00e+00   1.98e-13   0.00e+00   
4.21697e+00  1.10e-27   9.69e-01   3.11e-02   1.77e-51   1.23e-34   1.76e-06   1.60e-42   5.23e-51   0.00e+00   3.14e-13   0.00e+00   
4.86968e+00  1.75e-27   9.56e-01   4.40e-02   2.49e-51   1.40e-34   2.88e-06   1.89e-42   6.64e-51   0.00e+00   5.15e-13   0.00e+00   
5.62341e+00  2.73e-27   9.37e-01   6.26e-02   3.60e-51   1.62e-34   4.76e-06   2.27e-42   8.57e-51   0.00e+00   8.50e-13   0.00e+00   
6.49382e+00  4.22e-27   9.11e-01   8.92e-02   5.36e-51   1.91e-34   7.87e-06   2.75e-42   1.12e-50   0.00e+00   1.40e-12   0.00e+00   
7.49894e+00  6.42e-27   8.72e-01   1.28e-01   8.27e-51   2.31e-34   1.31e-05   3.41e-42   1.49e-50   0.00e+00   2.34e-12   0.00e+00   
8.65964e+00  9.73e-27   8.20e-01   1.80e-01   1.32e-50   2.83e-34   2.16e-05   4.31e-42   2.01e-50   0.00e+00   3.84e-12   0.00e+00   
1.00000e+01  1.48e-26   7.51e-01   2.48e-01   2.18e-50   3.54e-34   3.48e-05   5.54e-42   2.76e-50   0.00e+00   6.22e-12   0.00e+00   
1.15478e+01  2.26e-26   6.69e-01   3.31e-01   3.75e-50   4.56e-34   5.45e-05   7.26e-42   3.84e-50   0.00e+00   9.74e-12   0.00e+00   
1.33352e+01  3.50e-26   5.77e-01   4.23e-01   6.74e-50   5.97e-34   8.23e-05   9.77e-42   5.46e-50   0.00e+00   1.47e-11   0.00e+00   
1.53993e+01  5.54e-26   4.82e-01   5.18e-01   1.28e-49   8.07e-34   1.18e-04   1.35e-41   7.94e-50   0.00e+00   2.11e-11   0.00e+00   
1.77828e+01  8.93e-26   3.90e-01   6.10e-01   2.60e-49   1.14e-33   1.62e-04   1.96e-41   1.21e-49   0.00e+00   2.91e-11   0.00e+00   
2.05353e+01  1.47e-25   3.08e-01   6.92e-01   5.76e-49   1.71e-33   2.14e-04   3.00e-41   1.93e-49   0.00e+00   3.83e-11   0.00e+00   
2.37137e+01  2.49e-25   2.39e-01   7.60e-01   1.42e-48   2.75e-33   2.72e-04   4.95e-41   3.33e-49   0.00e+00   4.87e-11   0.00e+00   
2.73842e+01  4.25e-25   1.86e-01   8.14e-01   4.00e-48   4.87e-33   3.34e-04   8.96e-41   6.37e-49   0.00e+00   5.95e-11   0.00e+00   
3.16228e+01  7.37e-25   1.45e-01   8.54e-01   1.32e-47   9.71e-33   3.97e-04   1.83e-40   1.37e-48   0.00e+00   7.09e-11   0.00e+00   
3.65174e+01  1.29e-24   1.16e-01   8.84e-01   5.21e-47   2.22e-32   4.63e-04   4.27e-40   3.40e-48   0.00e+00   8.30e-11   0.00e+00   
4.21697e+01  2.29e-24   9.28e-02   9.07e-01   2.48e-46   5.80e-32   5.23e-04   1.15e-39   9.76e-48   0.00e+00   9.37e-11   0.00e+00   
4.86968e+01  4.14e-24   7.61e-02   9.23e-01   1.45e-45   1.78e-31   5.78e-04   3.63e-39   3.31e-47   0.00e+00   1.03e-10   0.00e+00   
5.62341e+01  7.62e-24   6.35e-02   9.36e-01   1.04e-44   6.37e-31   6.20e-04   1.33e-38   1.31e-46   0.00e+00   1.11e-10   0.00e+00   
6.49382e+01  1.46e-23   5.29e-02   9.46e-01   9.12e-44   2.62e-30   6.33e-04   5.65e-38   6.10e-46   0.00e+00   1.13e-10   0.00e+00   
7.49894e+01  3.03e-23   4.22e-02   9.57e-01   9.27e-43   1.19e-29   5.91e-04   2.66e-37   3.12e-45   0.00e+00   1.06e-10   0.00e+00   
8.65964e+01  7.44e-23   2.97e-02   9.70e-01   9.94e-42   5.39e-29   4.67e-04   1.27e-36   1.61e-44   0.00e+00   8.34e-11   0.00e+00   
1.00000e+02  3.59e-22   1.11e-02   9.89e-01   6.60e-41   1.45e-28   1.87e-04   3.68e-36   4.96e-44   0.00e+00   3.34e-11   0.00e+00   
1.15478e+02  1.30e-18   6.18e-05   1.00e+00   7.53e-42   6.45e-30   6.50e-08   1.72e-37   2.52e-45   0.00e+00   1.16e-14   0.00e+00   
1.33352e+02  1.80e-18   1.23e-04   1.00e+00   3.32e-40   1.08e-28   4.67e-08   3.18e-36   4.77e-44   0.00e+00   8.33e-15   0.00e+00   
1.53993e+02  2.56e-18   1.87e-04   1.00e+00   1.18e-38   1.43e-27   3.26e-08   4.76e-35   7.11e-43   0.00e+00   5.82e-15   0.00e+00   
1.77828e+02  3.99e-18   2.38e-04   1.00e+00   3.51e-37   1.57e-26   2.06e-08   6.14e-34   8.64e-42   0.00e+00   3.68e-15   0.00e+00   
2.05353e+02  7.30e-18   1.97e-04   1.00e+00   6.77e-36   1.11e-25   1.10e-08   5.30e-33   6.63e-41   1.49e-79   1.97e-15   0.00e+00   
2.37137e+02  1.29e-17   9.92e-05   1.00e+00   7.75e-35   4.74e-25   5.91e-09   2.82e-32   2.98e-40   8.45e-77   1.05e-15   0.00e+00   
2.73842e+02  1.88e-17   7.66e-05   1.00e+00   1.35e-33   3.05e-24   3.66e-09   2.27e-31   2.01e-39   7.13e-74   6.54e-16   0.00e+00   
3.16228e+02  2.40e-17   9.83e-05   1.00e+00   4.02e-32   3.35e-23   2.38e-09   3.19e-30   2.31e-38   1.09e-70   4.25e-16   3.05e-79   
3.65174e+02  2.62e-17   1.57e-04   1.00e+00   1.59e-30   4.81e-22   1.58e-09   5.92e-29   3.56e-37   2.43e-67   2.82e-16   2.11e-75   
4.21697e+02  2.26e-17   3.08e-04   1.00e+00   8.63e-29   9.20e-21   1.05e-09   1.47e-27   7.61e-36   8.36e-64   1.87e-16   2.30e-71   
4.86968e+02  1.31e-17   8.47e-04   9.99e-01   7.47e-27   2.73e-19   6.87e-10   5.51e-26   2.63e-34   5.13e-60   1.23e-16   4.58e-67   
5.62341e+02  3.97e-18   4.29e-03   9.96e-01   1.35e-24   1.64e-17   4.41e-10   3.96e-24   1.93e-32   7.18e-56   7.86e-17   2.11e-62   
6.49382e+02  7.94e-19   3.26e-02   9.67e-01   4.07e-22   1.60e-15   2.57e-10   4.27e-22   2.41e-30   1.70e-51   4.60e-17   1.64e-57   
7.49894e+02  6.00e-19   6.48e-02   9.35e-01   3.32e-20   4.20e-14   1.13e-10   1.13e-20   8.45e-29   1.03e-47   2.02e-17   3.20e-53   
8.65964e+02  6.29e-19   9.03e-02   9.10e-01   1.83e-18   7.51e-13   1.89e-11   1.88e-19   2.05e-27   3.64e-44   3.40e-18   3.48e-49   
1.00000e+03  6.54e-19   1.26e-01   8.74e-01   8.96e-17   1.22e-11   5.87e-12   2.69e-18   4.69e-26   9.31e-41   1.05e-18   2.55e-45   
1.15478e+03  7.20e-19   1.68e-01   8.32e-01   3.43e-15   1.62e-10   4.36e-12   3.17e-17   9.04e-25   1.46e-37   7.81e-19   1.05e-41   
1.33352e+03  8.36e-19   2.30e-01   7.70e-01   1.04e-13   1.81e-09   3.22e-12   3.41e-16   1.52e-23   1.44e-34   5.74e-19   2.42e-38   
1.53993e+03  1.11e-18   3.24e-01   6.76e-01   2.38e-12   1.62e-08   2.28e-12   3.57e-15   2.23e-22   8.92e-32   4.07e-19   3.13e-35   
1.77828e+03  1.92e-18   4.73e-01   5.27e-01   3.96e-11   1.12e-07   1.46e-12   4.11e-14   2.88e-21   3.76e-29   2.61e-19   2.45e-32   
2.05353e+03  4.89e-18   6.67e-01   3.33e-01   4.40e-10   5.48e-07   7.75e-13   4.56e-13   3.09e-20   9.16e-27   1.39e-19   9.67e-30   
2.37137e+03  1.56e-17   8.46e-01   1.54e-01   2.83e-09   1.70e-06   3.13e-13   2.24e-12   1.74e-19   5.24e-25   5.59e-20   7.56e-28   
2.73842e+03  4.72e-17   9.46e-01   5.43e-02   9.56e-09   3.20e-06   9.94e-14   2.99e-12   4.20e-19   3.75e-24   1.78e-20   6.17e-27   
3.16228e+03  9.22e-17   9.76e-01   2.39e-02   2.20e-08   4.62e-06   4.01e-14   2.90e-12   8.07e-19   1.20e-23   7.18e-21   2.01e-26   
3.65174e+03  1.21e-16   9.85e-01   1.47e-02   4.19e-08   5.93e-06   2.24e-14   3.68e-12   1.37e-18   3.85e-23   4.00e-21   6.22e-26   
4.21697e+03  1.33e-16   9.89e-01   1.05e-02   6.88e-08   7.01e-06   1.44e-14   4.68e-12   2.00e-18   9.97e-23   2.58e-21   1.52e-25   
4.86968e+03  1.38e-16   9.92e-01   8.18e-03   1.01e-07   7.82e-06   9.92e-15   5.63e-12   2.63e-18   2.06e-22   1.77e-21   2.91e-25   
5.62341e+03  1.40e-16   9.93e-01   6.64e-03   1.35e-07   8.22e-06   7.08e-15   6.37e-12   3.16e-18   3.52e-22   1.27e-21   4.52e-25   
6.49382e+03  1.37e-16   9.94e-01   5.75e-03   1.71e-07   8.55e-06   5.34e-15   7.03e-12   3.65e-18   5.32e-22   9.58e-22   6.21e-25   
7.49894e+03  1.32e-16   9.95e-01   5.18e-03   2.07e-07   8.81e-06   4.15e-15   7.56e-12   4.09e-18   7.37e-22   7.45e-22   7.82e-25   
8.65964e+03  1.25e-16   9.95e-01   4.86e-03   2.46e-07   8.99e-06   3.33e-15   8.03e-12   4.61e-18   9.79e-22   5.97e-22   9.39e-25   
1.00000e+04  1.19e-16   9.95e-01   4.63e-03   2.88e-07   9.03e-06   2.68e-15   8.44e-12   5.21e-18   1.25e-21   4.82e-22   1.09e-24   
1.15478e+04  1.14e-16   9.95e-01   4.49e-03   3.35e-07   9.16e-06   2.18e-15   8.90e-12   6.06e-18   1.58e-21   3.91e-22   1.25e-24   
1.33352e+04  1.12e-16   9.96e-01   4.33e-03   3.82e-07   9.16e-06   1.74e-15   9.33e-12   7.17e-18   1.96e-21   3.13e-22   1.42e-24   
1.53993e+04  1.14e-16   9.96e-01   4.18e-03   4.38e-07   9.08e-06   1.39e-15   9.96e-12   8.82e-18   2.48e-21   2.50e-22   1.62e-24   
1.77828e+04  1.22e-16   9.96e-01   3.94e-03   4.95e-07   8.82e-06   1.09e-15   1.06e-11   1.12e-17   3.12e-21   1.96e-22   1.85e-24   
2.05353e+04  1.35e-16   9.96e-01   3.68e-03   5.60e-07   8.56e-06   8.49e-16   1.14e-11   1.47e-17   4.01e-21   1.53e-22   2.16e-24   
2.37137e+04  1.54e-16   9.97e-01   3.37e-03   6.36e-07   8.21e-06   6.58e-16   1.26e-11   1.98e-17   5.28e-21   1.19e-22   2.57e-24   
2.73842e+04  1.75e-16   9.97e-01   3.08e-03   7.33e-07   7.85e-06   5.17e-16   1.39e-11   2.76e-17   7.22e-21   9.28e-23   3.17e-24   
3.16228e+04  1.95e-16   9.97e-01   2.85e-03   8.64e-07   7.61e-06   4.15e-16   1.57e-11   3.97e-17   1.04e-20   7.45e-23   4.14e-24   
3.65174e+04  2.11e-16   9.97e-01   2.67e-03   1.06e-06   7.50e-06   3.41e-16   1.82e-11   5.98e-17   1.62e-20   6.13e-23   5.84e-24   
4.21697e+04  2.22e-16   9.97e-01   2.54e-03   1.36e-06   7.49e-06   2.87e-16   2.13e-11   9.39e-17   2.74e-20   5.15e-23   8.85e-24   
4.86968e+04  2.25e-16   9.98e-01   2.45e-03   1.84e-06   7.75e-06   2.48e-16   2.57e-11   1.54e-16   5.08e-20   4.45e-23   1.47e-23   
5.62341e+04  2.19e-16   9.98e-01   2.40e-03   2.64e-06   8.19e-06   2.19e-16   3.16e-11   2.64e-16   1.06e-19   3.94e-23   2.71e-23   
6.49382e+04  2.00e-16   9.98e-01   2.43e-03   4.09e-06   9.08e-06   2.01e-16   4.03e-11   4.77e-16   2.48e-19   3.62e-23   5.64e-23   
7.49894e+04  1.73e-16   9.97e-01   2.51e-03   6.80e-06   1.05e-05   1.91e-16   5.25e-11   8.94e-16   6.63e-19   3.44e-23   1.33e-22   
8.65964e+04  1.37e-16   9.97e-01   2.74e-03   1.24e-05   1.29e-05   1.93e-16   7.05e-11   1.76e-15   2.02e-18   3.46e-23   3.53e-22   
1.00000e+05  9.90e-17   9.97e-01   3.13e-03   2.44e-05   1.66e-05   2.07e-16   9.50e-11   3.51e-15   6.82e-18   3.72e-23   1.03e-21   
1.15478e+05  6.32e-17   9.96e-01   3.87e-03   5.08e-05   2.28e-05   2.42e-16   1.27e-10   6.91e-15   2.40e-17   4.36e-23   3.16e-21   
1.33352e+05  3.57e-17   9.95e-01   5.24e-03   1.06e-04   3.25e-05   3.14e-16   1.58e-10   1.25e-14   7.70e-17   5.63e-23   8.94e-21   
1.53993e+05  1.79e-17   9.92e-01   7.80e-03   2.05e-04   4.80e-05   4.49e-16   1.72e-10   1.92e-14   1.91e-16   8.08e-23   2.03e-20   
1.77828e+05  7.87e-18   9.87e-01   1.28e-02   3.51e-04   7.23e-05   7.20e-16   1.49e-10   2.32e-14   3.09e-16   1.30e-22   3.17e-20   
2.05353e+05  1.80e-18   9.68e-01   3.09e-02   5.73e-04   1.30e-04   1.70e-15   6.57e-11   1.89e-14   2.22e-16   3.05e-22   2.45e-20   
2.37137e+05  1.18e-19   9.24e-01   7.53e-02   8.31e-04   2.15e-04   4.00e-15   6.57e-12   6.47e-15   2.95e-17   7.20e-22   3.19e-21   
2.73842e+05  9.69e-20   9.17e-01   8.13e-02   9.56e-04   2.28e-04   4.28e-15   6.77e-12   7.99e-15   3.69e-17   7.70e-22   3.86e-21   
3.16228e+05  8.32e-20   9.12e-01   8.72e-02   9.99e-04   2.36e-04   4.56e-15   6.85e-12   8.92e-15   3.96e-17   8.20e-22   4.10e-21   
3.65174e+05  7.16e-20   9.05e-01   9.38e-02   1.02e-03   2.43e-04   4.87e-15   6.95e-12   9.75e-15   4.12e-17   8.78e-22   4.29e-21   
4.21697e+05  6.14e-20   8.97e-01   1.02e-01   1.04e-03   2.49e-04   5.26e-15   7.08e-12   1.06e-14   4.30e-17   9.47e-22   4.48e-21   
4.86968e+05  5.26e-20   8.87e-01   1.12e-01   1.06e-03   2.53e-04   5.74e-15   7.26e-12   1.14e-14   4.52e-17   1.03e-21   4.71e-21   
5.62341e+05  4.54e-20   8.75e-01   1.24e-01   1.07e-03   2.58e-04   6.35e-15   7.51e-12   1.24e-14   4.83e-17   1.14e-21   5.02e-21   
6.49382e+05  4.01e-20   8.60e-01   1.39e-01   1.08e-03   2.59e-04   7.08e-15   7.90e-12   1.34e-14   5.21e-17   1.27e-21   5.46e-21   
7.49894e+05  3.77e-20   8.43e-01   1.56e-01   1.09e-03   2.59e-04   7.92e-15   8.67e-12   1.47e-14   5.91e-17   1.42e-21   6.20e-21   
8.65964e+05  8.67e-18   9.88e-01   1.09e-02   6.68e-04   6.61e-05   5.81e-16   3.30e-10   9.92e-14   1.83e-15   1.05e-22   1.33e-19   
1.00000e+06  2.70e-18   9.75e-01   2.41e-02   6.49e-04   1.14e-04   1.31e-15   1.11e-10   3.10e-14   4.78e-16   2.35e-22   4.71e-20   
1.15478e+06  7.05e-20   9.03e-01   9.57e-02   1.03e-03   2.44e-04   4.95e-15   7.06e-12   1.01e-14   4.21e-17   8.92e-22   4.38e-21   
1.33352e+06  4.73e-20   8.76e-01   1.23e-01   1.07e-03   2.58e-04   6.28e-15   7.66e-12   1.25e-14   4.91e-17   1.13e-21   5.14e-21   
1.53993e+06  4.14e-20   8.41e-01   1.58e-01   1.09e-03   2.59e-04   7.98e-15   9.45e-12   1.56e-14   6.53e-17   1.44e-21   6.89e-21   
1.77828e+06  1.12e-19   9.20e-01   7.85e-02   8.41e-04   2.20e-04   4.14e-15   6.62e-12   6.81e-15   3.01e-17   7.44e-22   3.26e-21   
2.05353e+06  5.00e-20   8.80e-01   1.19e-01   1.07e-03   2.56e-04   6.08e-15   7.58e-12   1.23e-14   4.82e-17   1.09e-21   5.04e-21   
2.37137e+06  1.00e-17   9.89e-01   1.02e-02   5.96e-04   6.36e-05   5.51e-16   3.10e-10   8.17e-14   1.49e-15   9.91e-23   1.12e-19   
2.73842e+06  5.59e-20   8.89e-01   1.10e-01   1.06e-03   2.52e-04   5.65e-15   7.39e-12   1.15e-14   4.60e-17   1.02e-21   4.79e-21   
3.16228e+06  7.34e-18   9.87e-01   1.28e-02   5.63e-04   7.59e-05   7.00e-16   2.22e-10   5.01e-14   9.16e-16   1.26e-22   7.82e-20   
3.65174e+06  4.24e-20   8.59e-01   1.39e-01   1.09e-03   2.60e-04   7.08e-15   8.24e-12   1.39e-14   5.48e-17   1.27e-21   5.76e-21   
4.21697e+06  5.52e-20   8.88e-01   1.11e-01   1.06e-03   2.54e-04   5.71e-15   7.41e-12   1.16e-14   4.64e-17   1.03e-21   4.84e-21   
4.86968e+06  6.74e-20   9.00e-01   9.85e-02   1.04e-03   2.46e-04   5.09e-15   7.15e-12   1.04e-14   4.32e-17   9.15e-22   4.48e-21   
5.62341e+06  6.44e-20   8.98e-01   1.01e-01   1.04e-03   2.48e-04   5.22e-15   7.21e-12   1.07e-14   4.38e-17   9.38e-22   4.55e-21   
6.49382e+06  4.84e-20   8.77e-01   1.22e-01   1.08e-03   2.56e-04   6.24e-15   7.69e-12   1.26e-14   4.92e-17   1.12e-21   5.15e-21   
7.49894e+06  8.41e-18   9.88e-01   1.11e-02   6.81e-04   6.71e-05   5.90e-16   3.29e-10   1.00e-13   1.87e-15   1.06e-22   1.36e-19   
8.65964e+06  5.23e-20   8.84e-01   1.15e-01   1.07e-03   2.54e-04   5.91e-15   7.52e-12   1.20e-14   4.74e-17   1.06e-21   4.95e-21   
1.00000e+07  7.15e-20   9.03e-01   9.55e-02   1.03e-03   2.45e-04   4.94e-15   7.09e-12   1.01e-14   4.24e-17   8.89e-22   4.40e-21   
1.15478e+07  5.91e-20   8.92e-01   1.06e-01   1.05e-03   2.51e-04   5.47e-15   7.30e-12   1.12e-14   4.50e-17   9.84e-22   4.69e-21   
1.33352e+07  4.41e-20   8.41e-01   1.58e-01   1.09e-03   2.58e-04   7.98e-15   1.00e-11   1.61e-14   6.96e-17   1.44e-21   7.35e-21   
1.53993e+07  4.36e-20   8.65e-01   1.34e-01   1.08e-03   2.59e-04   6.83e-15   8.07e-12   1.35e-14   5.30e-17   1.23e-21   5.57e-21   
1.77828e+07  2.61e-18   9.76e-01   2.29e-02   6.78e-04   8.96e-05   1.17e-15   2.12e-10   6.43e-14   9.96e-16   2.11e-22   7.73e-20   
2.05353e+07  4.45e-20   8.67e-01   1.31e-01   1.08e-03   2.58e-04   6.70e-15   7.95e-12   1.33e-14   5.21e-17   1.20e-21   5.46e-21   
2.37137e+07  9.97e-18   9.89e-01   1.02e-02   6.04e-04   6.36e-05   5.50e-16   3.15e-10   8.43e-14   1.53e-15   9.90e-23   1.14e-19   
2.73842e+07  9.52e-18   9.89e-01   1.04e-02   6.33e-04   6.43e-05   5.58e-16   3.25e-10   9.22e-14   1.69e-15   1.00e-22   1.24e-19   
