! 0       CN + O2 -> OCN + O
! 1       OH + CN -> OCN + H
! 2       O + C7N -> C6 + OCN
! 3       N + HCO -> OCN + H
! 4       O + C9N -> C8 + OCN
! 5       CH + NO -> OCN + H
! 6       O + H2CN -> OCN + H2
! 7       *C + *NO -> OCN
! 8       CN + NO2 -> NO + OCN
! 9       HNCO+ + e- -> H + OCN
!            tot_rate   0          1          2          3          4          5          6          7          8          9          
1.00000e+00  4.77e-15   1.72e-06   3.48e-05   1.76e-14   9.80e-01   1.44e-19   3.50e-05   7.20e-04   1.91e-02   2.96e-12   5.58e-06   
1.15478e+00  5.64e-15   2.32e-06   4.08e-05   4.02e-14   9.80e-01   3.53e-19   3.60e-05   8.05e-04   1.88e-02   4.84e-12   6.06e-06   
1.33352e+00  6.71e-15   3.09e-06   4.70e-05   9.05e-14   9.81e-01   8.42e-19   3.64e-05   8.91e-04   1.82e-02   7.80e-12   6.57e-06   
1.53993e+00  7.99e-15   4.06e-06   5.37e-05   2.00e-13   9.81e-01   1.97e-18   3.62e-05   9.86e-04   1.76e-02   1.25e-11   7.11e-06   
1.77828e+00  9.49e-15   5.31e-06   6.08e-05   4.36e-13   9.82e-01   4.53e-18   3.56e-05   1.10e-03   1.72e-02   1.99e-11   7.72e-06   
2.05353e+00  1.12e-14   6.90e-06   6.86e-05   9.37e-13   9.82e-01   1.04e-17   3.48e-05   1.21e-03   1.68e-02   3.19e-11   8.41e-06   
2.37137e+00  1.32e-14   8.84e-06   7.63e-05   1.97e-12   9.82e-01   2.31e-17   3.37e-05   1.34e-03   1.64e-02   5.05e-11   9.07e-06   
2.73842e+00  1.54e-14   1.14e-05   8.65e-05   4.12e-12   9.82e-01   5.20e-17   3.27e-05   1.51e-03   1.63e-02   8.13e-11   9.89e-06   
3.16228e+00  1.77e-14   1.46e-05   9.71e-05   8.46e-12   9.82e-01   1.17e-16   3.17e-05   1.70e-03   1.63e-02   1.30e-10   1.07e-05   
3.65174e+00  2.01e-14   1.88e-05   1.10e-04   1.73e-11   9.81e-01   2.64e-16   3.09e-05   1.96e-03   1.65e-02   2.13e-10   1.17e-05   
4.21697e+00  2.26e-14   2.39e-05   1.24e-04   3.45e-11   9.81e-01   5.96e-16   3.01e-05   2.25e-03   1.69e-02   3.48e-10   1.26e-05   
4.86968e+00  2.51e-14   3.04e-05   1.42e-04   6.81e-11   9.80e-01   1.35e-15   2.96e-05   2.62e-03   1.74e-02   5.77e-10   1.38e-05   
5.62341e+00  2.75e-14   3.89e-05   1.64e-04   1.32e-10   9.78e-01   3.10e-15   2.95e-05   3.07e-03   1.82e-02   9.64e-10   1.51e-05   
6.49382e+00  2.99e-14   4.92e-05   1.90e-04   2.49e-10   9.77e-01   7.13e-15   2.95e-05   3.61e-03   1.91e-02   1.63e-09   1.67e-05   
7.49894e+00  3.20e-14   6.25e-05   2.23e-04   4.66e-10   9.75e-01   1.67e-14   3.01e-05   4.31e-03   2.03e-02   2.78e-09   1.89e-05   
8.65964e+00  3.40e-14   7.90e-05   2.63e-04   8.52e-10   9.73e-01   3.97e-14   3.11e-05   5.11e-03   2.17e-02   4.76e-09   2.22e-05   
1.00000e+01  3.59e-14   1.00e-04   3.12e-04   1.54e-09   9.70e-01   9.50e-14   3.23e-05   6.10e-03   2.33e-02   8.25e-09   2.72e-05   
1.15478e+01  3.76e-14   1.26e-04   3.72e-04   2.71e-09   9.67e-01   2.32e-13   3.43e-05   7.23e-03   2.51e-02   1.43e-08   3.51e-05   
1.33352e+01  3.93e-14   1.59e-04   4.45e-04   4.70e-09   9.64e-01   5.67e-13   3.66e-05   8.54e-03   2.69e-02   2.47e-08   4.70e-05   
1.53993e+01  4.11e-14   1.99e-04   5.35e-04   8.05e-09   9.60e-01   1.39e-12   3.99e-05   9.97e-03   2.87e-02   4.23e-08   6.56e-05   
1.77828e+01  4.30e-14   2.49e-04   6.40e-04   1.36e-08   9.56e-01   3.40e-12   4.38e-05   1.15e-02   3.05e-02   7.21e-08   9.38e-05   
2.05353e+01  4.50e-14   3.11e-04   7.69e-04   2.27e-08   9.53e-01   8.17e-12   4.86e-05   1.32e-02   3.20e-02   1.22e-07   1.34e-04   
2.37137e+01  4.72e-14   3.90e-04   9.22e-04   3.77e-08   9.49e-01   1.96e-11   5.51e-05   1.48e-02   3.35e-02   2.03e-07   1.92e-04   
2.73842e+01  4.97e-14   4.87e-04   1.11e-03   6.28e-08   9.46e-01   4.67e-11   6.34e-05   1.65e-02   3.46e-02   3.34e-07   2.70e-04   
3.16228e+01  5.25e-14   6.13e-04   1.33e-03   1.06e-07   9.43e-01   1.11e-10   7.39e-05   1.81e-02   3.54e-02   5.41e-07   3.68e-04   
3.65174e+01  5.56e-14   7.75e-04   1.59e-03   1.80e-07   9.40e-01   2.68e-10   8.74e-05   1.98e-02   3.58e-02   8.65e-07   4.85e-04   
4.21697e+01  5.91e-14   9.90e-04   1.91e-03   3.11e-07   9.38e-01   6.50e-10   1.05e-04   2.13e-02   3.57e-02   1.36e-06   6.18e-04   
4.86968e+01  6.29e-14   1.28e-03   2.32e-03   5.50e-07   9.35e-01   1.61e-09   1.27e-04   2.31e-02   3.53e-02   2.12e-06   7.57e-04   
5.62341e+01  6.69e-14   1.68e-03   2.86e-03   9.99e-07   9.33e-01   4.01e-09   1.56e-04   2.48e-02   3.45e-02   3.25e-06   8.93e-04   
6.49382e+01  7.11e-14   2.25e-03   3.53e-03   1.84e-06   9.31e-01   1.02e-08   1.94e-04   2.70e-02   3.35e-02   4.89e-06   1.01e-03   
7.49894e+01  7.54e-14   3.08e-03   4.44e-03   3.50e-06   9.28e-01   2.65e-08   2.44e-04   2.94e-02   3.22e-02   7.27e-06   1.10e-03   
8.65964e+01  7.97e-14   4.35e-03   5.72e-03   6.76e-06   9.25e-01   7.03e-08   3.09e-04   3.22e-02   3.05e-02   1.07e-05   1.16e-03   
1.00000e+02  8.35e-14   6.25e-03   7.57e-03   1.34e-05   9.20e-01   1.90e-07   3.99e-04   3.57e-02   2.84e-02   1.55e-05   1.18e-03   
1.15478e+02  8.56e-14   8.79e-03   1.04e-02   2.72e-05   9.21e-01   5.28e-07   5.13e-04   4.02e-02   1.76e-02   2.25e-05   7.65e-04   
1.33352e+02  8.72e-14   1.27e-02   1.47e-02   5.58e-05   9.10e-01   1.48e-06   7.34e-04   4.51e-02   1.58e-02   3.34e-05   4.23e-04   
1.53993e+02  8.71e-14   1.94e-02   2.16e-02   1.16e-04   8.94e-01   4.21e-06   1.08e-03   5.03e-02   1.27e-02   4.98e-05   2.70e-04   
1.77828e+02  8.49e-14   3.05e-02   3.26e-02   2.45e-04   8.71e-01   1.20e-05   1.64e-03   5.58e-02   8.23e-03   7.47e-05   1.85e-04   
2.05353e+02  8.14e-14   4.92e-02   5.00e-02   5.05e-04   8.33e-01   3.33e-05   2.52e-03   6.07e-02   3.58e-03   1.10e-04   1.28e-04   
2.37137e+02  7.76e-14   7.89e-02   7.58e-02   1.00e-03   7.75e-01   8.79e-05   3.84e-03   6.38e-02   1.46e-03   1.56e-04   9.57e-05   
2.73842e+02  7.50e-14   1.22e-01   1.10e-01   1.85e-03   6.94e-01   2.13e-04   5.73e-03   6.42e-02   7.28e-04   2.09e-04   8.10e-05   
3.16228e+02  7.50e-14   1.79e-01   1.52e-01   3.15e-03   5.95e-01   4.63e-04   8.22e-03   6.18e-02   3.85e-04   2.61e-04   7.35e-05   
3.65174e+02  7.87e-14   2.43e-01   1.95e-01   4.87e-03   4.88e-01   8.94e-04   1.12e-02   5.68e-02   1.98e-04   3.01e-04   6.70e-05   
4.21697e+02  8.71e-14   3.09e-01   2.33e-01   6.83e-03   3.85e-01   1.53e-03   1.44e-02   5.01e-02   9.67e-05   3.31e-04   6.01e-05   
4.86968e+02  1.01e-13   3.69e-01   2.65e-01   8.80e-03   2.94e-01   2.35e-03   1.77e-02   4.28e-02   4.44e-05   3.53e-04   5.29e-05   
5.62341e+02  1.20e-13   4.21e-01   2.89e-01   1.06e-02   2.19e-01   3.30e-03   2.04e-02   3.59e-02   1.88e-05   3.76e-04   4.58e-05   
6.49382e+02  1.43e-13   4.60e-01   3.07e-01   1.21e-02   1.63e-01   4.33e-03   2.27e-02   3.03e-02   6.91e-06   4.05e-04   3.92e-05   
7.49894e+02  1.67e-13   4.87e-01   3.20e-01   1.40e-02   1.23e-01   5.54e-03   2.45e-02   2.62e-02   1.73e-06   4.47e-04   3.33e-05   
8.65964e+02  1.87e-13   5.02e-01   3.29e-01   1.65e-02   9.66e-02   7.10e-03   2.57e-02   2.28e-02   6.41e-08   4.95e-04   2.83e-05   
1.00000e+03  2.02e-13   5.06e-01   3.34e-01   2.02e-02   8.44e-02   9.38e-03   2.54e-02   2.01e-02   9.48e-11   4.03e-04   2.39e-05   
1.15478e+03  2.10e-13   5.05e-01   3.41e-01   2.60e-02   7.14e-02   1.29e-02   2.60e-02   1.81e-02   9.33e-11   2.90e-04   2.00e-05   
1.33352e+03  2.22e-13   4.99e-01   3.44e-01   3.47e-02   6.16e-02   1.83e-02   2.62e-02   1.61e-02   9.53e-11   2.44e-04   1.64e-05   
1.53993e+03  2.49e-13   4.89e-01   3.40e-01   4.93e-02   5.29e-02   2.83e-02   2.57e-02   1.40e-02   9.62e-11   2.20e-04   1.28e-05   
1.77828e+03  3.23e-13   4.77e-01   3.22e-01   7.43e-02   4.43e-02   4.77e-02   2.34e-02   1.15e-02   9.04e-11   1.93e-04   8.82e-06   
2.05353e+03  5.02e-13   4.66e-01   2.81e-01   1.11e-01   3.66e-02   7.84e-02   1.88e-02   8.70e-03   7.17e-11   1.57e-04   5.38e-06   
2.37137e+03  7.64e-13   4.92e-01   2.37e-01   1.31e-01   2.83e-02   9.29e-02   1.37e-02   5.33e-03   4.83e-11   1.31e-04   3.68e-06   
2.73842e+03  8.54e-13   5.58e-01   2.00e-01   1.22e-01   2.13e-02   8.39e-02   1.15e-02   3.08e-03   3.11e-11   1.25e-04   3.23e-06   
3.16228e+03  8.32e-13   6.22e-01   1.76e-01   1.00e-01   1.82e-02   7.07e-02   1.15e-02   2.12e-03   2.54e-11   1.42e-04   2.98e-06   
3.65174e+03  8.51e-13   6.67e-01   1.68e-01   7.90e-02   1.46e-02   5.89e-02   1.07e-02   1.40e-03   2.57e-11   1.69e-04   2.73e-06   
4.21697e+03  8.68e-13   6.92e-01   1.71e-01   6.52e-02   1.12e-02   5.08e-02   9.33e-03   9.10e-04   2.65e-11   1.96e-04   2.52e-06   
4.86968e+03  8.63e-13   7.04e-01   1.76e-01   5.63e-02   8.84e-03   4.54e-02   8.12e-03   6.13e-04   2.71e-11   2.20e-04   2.35e-06   
5.62341e+03  8.49e-13   7.08e-01   1.86e-01   4.99e-02   7.21e-03   4.12e-02   7.11e-03   4.37e-04   2.72e-11   2.40e-04   2.21e-06   
6.49382e+03  8.28e-13   7.06e-01   1.97e-01   4.55e-02   6.22e-03   3.82e-02   6.30e-03   3.37e-04   2.67e-11   2.55e-04   2.10e-06   
7.49894e+03  8.01e-13   7.00e-01   2.10e-01   4.26e-02   5.69e-03   3.57e-02   5.69e-03   2.82e-04   2.57e-11   2.67e-04   2.02e-06   
8.65964e+03  7.73e-13   6.91e-01   2.24e-01   4.06e-02   5.43e-03   3.39e-02   5.24e-03   2.52e-04   2.42e-11   2.77e-04   1.97e-06   
1.00000e+04  7.46e-13   6.77e-01   2.40e-01   3.97e-02   5.32e-03   3.27e-02   4.91e-03   2.37e-04   2.21e-11   2.84e-04   1.92e-06   
1.15478e+04  7.19e-13   6.60e-01   2.57e-01   3.96e-02   5.27e-03   3.23e-02   4.67e-03   2.31e-04   1.97e-11   2.91e-04   1.90e-06   
1.33352e+04  6.97e-13   6.40e-01   2.77e-01   4.07e-02   5.18e-03   3.28e-02   4.49e-03   2.32e-04   1.71e-11   2.94e-04   1.91e-06   
1.53993e+04  6.86e-13   6.16e-01   2.98e-01   4.29e-02   4.96e-03   3.41e-02   4.33e-03   2.33e-04   1.43e-11   2.93e-04   1.91e-06   
1.77828e+04  6.82e-13   5.89e-01   3.18e-01   4.63e-02   4.62e-03   3.67e-02   4.21e-03   2.36e-04   1.18e-11   2.90e-04   1.94e-06   
2.05353e+04  6.89e-13   5.62e-01   3.38e-01   5.10e-02   4.18e-03   3.99e-02   4.08e-03   2.37e-04   9.63e-12   2.82e-04   1.97e-06   
2.37137e+04  7.05e-13   5.32e-01   3.60e-01   5.59e-02   3.66e-03   4.36e-02   3.94e-03   2.33e-04   7.87e-12   2.70e-04   2.03e-06   
2.73842e+04  7.21e-13   4.99e-01   3.86e-01   6.06e-02   3.16e-03   4.70e-02   3.81e-03   2.27e-04   6.56e-12   2.54e-04   2.11e-06   
3.16228e+04  7.28e-13   4.64e-01   4.15e-01   6.45e-02   2.73e-03   4.98e-02   3.69e-03   2.24e-04   5.59e-12   2.35e-04   2.24e-06   
3.65174e+04  7.23e-13   4.26e-01   4.49e-01   6.69e-02   2.36e-03   5.14e-02   3.58e-03   2.20e-04   4.87e-12   2.12e-04   2.39e-06   
4.21697e+04  6.99e-13   3.83e-01   4.91e-01   6.80e-02   2.05e-03   5.18e-02   3.48e-03   2.19e-04   4.36e-12   1.86e-04   2.58e-06   
4.86968e+04  6.57e-13   3.40e-01   5.37e-01   6.70e-02   1.77e-03   5.05e-02   3.40e-03   2.18e-04   3.99e-12   1.57e-04   2.80e-06   
5.62341e+04  5.95e-13   2.92e-01   5.91e-01   6.37e-02   1.53e-03   4.74e-02   3.31e-03   2.17e-04   3.73e-12   1.26e-04   3.07e-06   
6.49382e+04  5.16e-13   2.46e-01   6.49e-01   5.81e-02   1.33e-03   4.24e-02   3.25e-03   2.19e-04   3.58e-12   9.53e-05   3.37e-06   
7.49894e+04  4.24e-13   2.00e-01   7.08e-01   5.07e-02   1.16e-03   3.63e-02   3.26e-03   2.21e-04   3.54e-12   6.77e-05   3.73e-06   
8.65964e+04  3.25e-13   1.56e-01   7.68e-01   4.18e-02   1.02e-03   2.92e-02   3.26e-03   2.27e-04   3.63e-12   4.45e-05   4.09e-06   
1.00000e+05  2.30e-13   1.17e-01   8.23e-01   3.30e-02   9.15e-04   2.22e-02   3.35e-03   2.37e-04   3.85e-12   2.68e-05   4.49e-06   
1.15478e+05  1.47e-13   8.37e-02   8.71e-01   2.47e-02   8.51e-04   1.60e-02   3.46e-03   2.54e-04   4.25e-12   1.48e-05   4.82e-06   
1.33352e+05  8.35e-14   5.87e-02   9.07e-01   1.81e-02   8.47e-04   1.13e-02   3.64e-03   2.86e-04   4.90e-12   7.57e-06   5.15e-06   
1.53993e+05  4.24e-14   4.11e-02   9.33e-01   1.32e-02   9.26e-04   7.96e-03   3.85e-03   3.42e-04   5.88e-12   3.75e-06   5.41e-06   
1.77828e+05  1.91e-14   2.95e-02   9.49e-01   9.81e-03   1.14e-03   5.72e-03   4.08e-03   4.51e-04   7.39e-12   1.85e-06   5.56e-06   
2.05353e+05  5.45e-15   1.95e-02   9.63e-01   6.55e-03   2.04e-03   3.56e-03   4.22e-03   7.78e-04   1.09e-11   7.05e-07   5.56e-06   
2.37137e+05  8.91e-16   8.22e-03   9.83e-01   2.83e-04   4.88e-03   1.26e-04   2.73e-03   1.09e-03   1.38e-11   7.38e-08   5.35e-06   
2.73842e+05  8.05e-16   7.59e-03   9.84e-01   2.83e-04   4.44e-03   1.24e-04   2.52e-03   1.07e-03   1.32e-11   6.27e-08   5.32e-06   
3.16228e+05  7.59e-16   7.44e-03   9.84e-01   3.27e-04   4.31e-03   1.40e-04   2.44e-03   1.09e-03   1.29e-11   6.02e-08   5.32e-06   
3.65174e+05  7.33e-16   7.40e-03   9.84e-01   3.90e-04   4.26e-03   1.62e-04   2.40e-03   1.13e-03   1.28e-11   5.99e-08   5.31e-06   
4.21697e+05  7.16e-16   7.38e-03   9.84e-01   4.75e-04   4.26e-03   1.95e-04   2.40e-03   1.19e-03   1.29e-11   6.10e-08   5.30e-06   
4.86968e+05  7.07e-16   7.41e-03   9.84e-01   5.85e-04   4.28e-03   2.40e-04   2.43e-03   1.26e-03   1.31e-11   6.29e-08   5.31e-06   
5.62341e+05  7.07e-16   7.46e-03   9.83e-01   7.36e-04   4.30e-03   3.04e-04   2.48e-03   1.32e-03   1.33e-11   6.59e-08   5.32e-06   
6.49382e+05  7.15e-16   7.55e-03   9.83e-01   9.47e-04   4.29e-03   3.96e-04   2.53e-03   1.39e-03   1.35e-11   7.02e-08   5.30e-06   
7.49894e+05  7.39e-16   7.78e-03   9.82e-01   1.30e-03   4.22e-03   5.60e-04   2.64e-03   1.46e-03   1.38e-11   7.82e-08   5.30e-06   
8.65964e+05  1.68e-14   2.31e-02   9.53e-01   1.23e-02   5.88e-04   7.45e-03   3.28e-03   3.12e-04   5.02e-12   8.34e-07   5.22e-06   
1.00000e+06  5.52e-15   1.96e-02   9.63e-01   7.30e-03   1.29e-03   4.09e-03   3.73e-03   5.60e-04   8.53e-12   5.90e-07   5.52e-06   
1.15478e+06  7.17e-16   7.40e-03   9.84e-01   4.24e-04   4.14e-03   1.74e-04   2.34e-03   1.12e-03   1.25e-11   6.00e-08   5.31e-06   
1.33352e+06  7.12e-16   7.49e-03   9.83e-01   7.67e-04   4.27e-03   3.17e-04   2.49e-03   1.32e-03   1.33e-11   6.69e-08   5.31e-06   
1.53993e+06  7.69e-16   7.98e-03   9.81e-01   1.57e-03   4.12e-03   6.89e-04   2.70e-03   1.48e-03   1.39e-11   8.48e-08   5.30e-06   
1.77828e+06  7.78e-16   8.19e-03   9.84e-01   3.18e-04   4.30e-03   1.34e-04   2.33e-03   9.48e-04   1.20e-11   6.67e-08   5.35e-06   
2.05353e+06  7.12e-16   7.46e-03   9.83e-01   7.19e-04   4.27e-03   2.96e-04   2.46e-03   1.30e-03   1.32e-11   6.60e-08   5.31e-06   
2.37137e+06  1.76e-14   2.44e-02   9.52e-01   1.22e-02   6.01e-04   7.37e-03   3.27e-03   2.94e-04   5.07e-12   9.12e-07   5.23e-06   
2.73842e+06  7.12e-16   7.42e-03   9.84e-01   6.09e-04   4.24e-03   2.49e-04   2.42e-03   1.25e-03   1.30e-11   6.38e-08   5.31e-06   
3.16228e+06  1.24e-14   2.38e-02   9.56e-01   9.88e-03   7.83e-04   5.82e-03   3.47e-03   3.51e-04   6.13e-12   8.76e-07   5.41e-06   
3.65174e+06  7.28e-16   7.64e-03   9.83e-01   1.06e-03   4.26e-03   4.47e-04   2.57e-03   1.40e-03   1.36e-11   7.34e-08   5.30e-06   
4.21697e+06  7.12e-16   7.43e-03   9.84e-01   6.21e-04   4.24e-03   2.54e-04   2.43e-03   1.25e-03   1.30e-11   6.41e-08   5.31e-06   
4.86968e+06  7.15e-16   7.41e-03   9.84e-01   4.67e-04   4.17e-03   1.92e-04   2.36e-03   1.15e-03   1.27e-11   6.11e-08   5.31e-06   
5.62341e+06  7.14e-16   7.41e-03   9.84e-01   4.97e-04   4.19e-03   2.03e-04   2.38e-03   1.18e-03   1.28e-11   6.16e-08   5.31e-06   
6.49382e+06  7.13e-16   7.49e-03   9.83e-01   7.73e-04   4.28e-03   3.18e-04   2.48e-03   1.32e-03   1.33e-11   6.73e-08   5.32e-06   
7.49894e+06  1.64e-14   2.28e-02   9.54e-01   1.20e-02   5.94e-04   7.34e-03   3.29e-03   3.17e-04   5.07e-12   8.19e-07   5.23e-06   
8.65964e+06  7.12e-16   7.45e-03   9.84e-01   6.76e-04   4.26e-03   2.78e-04   2.44e-03   1.28e-03   1.32e-11   6.52e-08   5.31e-06   
1.00000e+07  7.18e-16   7.41e-03   9.84e-01   4.30e-04   4.14e-03   1.77e-04   2.35e-03   1.12e-03   1.26e-11   6.04e-08   5.32e-06   
1.15478e+07  7.11e-16   7.42e-03   9.84e-01   5.64e-04   4.23e-03   2.31e-04   2.40e-03   1.22e-03   1.29e-11   6.30e-08   5.31e-06   
1.33352e+07  7.90e-16   8.11e-03   9.81e-01   1.75e-03   4.05e-03   7.76e-04   2.75e-03   1.48e-03   1.39e-11   8.94e-08   5.29e-06   
1.53993e+07  7.21e-16   7.60e-03   9.83e-01   9.66e-04   4.27e-03   4.05e-04   2.55e-03   1.39e-03   1.36e-11   7.14e-08   5.31e-06   
1.77828e+07  7.27e-15   1.91e-02   9.58e-01   1.08e-02   9.11e-04   6.65e-03   4.07e-03   6.12e-04   7.61e-12   6.19e-07   5.39e-06   
2.05353e+07  7.19e-16   7.56e-03   9.83e-01   9.19e-04   4.28e-03   3.84e-04   2.53e-03   1.37e-03   1.35e-11   7.03e-08   5.31e-06   
2.37137e+07  1.78e-14   2.42e-02   9.52e-01   1.22e-02   5.91e-04   7.44e-03   3.26e-03   2.93e-04   5.03e-12   9.01e-07   5.21e-06   
2.73842e+07  1.75e-14   2.37e-02   9.52e-01   1.23e-02   5.87e-04   7.47e-03   3.26e-03   2.99e-04   4.98e-12   8.73e-07   5.20e-06   
