! 0       *H + *C2H4 -> *C2H5
! 1       *CH3CH3 + CRPhoton -> *C2H5 + *H
! 2       *H + *CH3CH3 -> *C2H5 + *H2
! 3       C2H5 + GRAIN -> *C2H5 + GRAIN
! 4       *CH2 + *CH3 -> *C2H5
! 5       *C2H5OH + CRPhoton -> *C2H5 + *OH
! 6       *C2H5CN + CRPhoton -> *CN + *C2H5
! 7       *C2H5OH + CRPhoton -> *C2H5 + *OH
! 8       *C2H5CN + ISPhoton -> *CN + *C2H5
! 9       *CH3CH3 + ISPhoton -> *C2H5 + *H
!            tot_rate   0          1          2          3          4          5          6          7          8          9          
1.00000e+00  4.73e-23   5.81e-04   1.63e-04   3.02e-15   6.57e-03   9.93e-01   6.32e-07   1.54e-13   4.54e-08   2.26e-20   7.92e-21   
1.15478e+00  5.28e-23   9.19e-04   2.52e-04   4.75e-15   1.00e-02   9.89e-01   1.16e-06   2.24e-13   8.33e-08   3.28e-20   1.23e-20   
1.33352e+00  5.81e-23   1.46e-03   3.94e-04   7.49e-15   1.54e-02   9.83e-01   2.13e-06   3.25e-13   1.53e-07   4.77e-20   1.93e-20   
1.53993e+00  6.36e-23   2.36e-03   6.15e-04   1.20e-14   2.36e-02   9.73e-01   3.87e-06   4.73e-13   2.77e-07   6.94e-20   3.00e-20   
1.77828e+00  6.95e-23   3.80e-03   9.54e-04   1.90e-14   3.58e-02   9.59e-01   6.98e-06   6.85e-13   4.99e-07   1.01e-19   4.65e-20   
2.05353e+00  7.59e-23   6.10e-03   1.46e-03   2.98e-14   5.36e-02   9.39e-01   1.25e-05   9.86e-13   8.94e-07   1.45e-19   7.15e-20   
2.37137e+00  8.33e-23   9.69e-03   2.23e-03   4.63e-14   7.91e-02   9.09e-01   2.21e-05   1.40e-12   1.58e-06   2.07e-19   1.09e-19   
2.73842e+00  9.20e-23   1.52e-02   3.33e-03   7.08e-14   1.14e-01   8.67e-01   3.86e-05   1.98e-12   2.77e-06   2.90e-19   1.62e-19   
3.16228e+00  1.03e-22   2.36e-02   4.87e-03   1.06e-13   1.60e-01   8.11e-01   6.63e-05   2.74e-12   4.76e-06   4.03e-19   2.37e-19   
3.65174e+00  1.16e-22   3.56e-02   6.92e-03   1.56e-13   2.18e-01   7.40e-01   1.11e-04   3.72e-12   7.97e-06   5.45e-19   3.37e-19   
4.21697e+00  1.34e-22   5.24e-02   9.53e-03   2.20e-13   2.84e-01   6.54e-01   1.81e-04   4.92e-12   1.30e-05   7.21e-19   4.64e-19   
4.86968e+00  1.59e-22   7.48e-02   1.26e-02   3.02e-13   3.55e-01   5.58e-01   2.85e-04   6.29e-12   2.04e-05   9.24e-19   6.14e-19   
5.62341e+00  1.93e-22   1.03e-01   1.61e-02   4.00e-13   4.22e-01   4.58e-01   4.32e-04   7.88e-12   3.10e-05   1.16e-18   7.83e-19   
6.49382e+00  2.40e-22   1.37e-01   1.96e-02   5.08e-13   4.79e-01   3.64e-01   6.29e-04   9.49e-12   4.50e-05   1.39e-18   9.53e-19   
7.49894e+00  3.04e-22   1.77e-01   2.32e-02   6.29e-13   5.17e-01   2.82e-01   8.92e-04   1.13e-11   6.39e-05   1.65e-18   1.13e-18   
8.65964e+00  3.91e-22   2.20e-01   2.66e-02   7.48e-13   5.38e-01   2.14e-01   1.22e-03   1.30e-11   8.76e-05   1.91e-18   1.29e-18   
1.00000e+01  5.04e-22   2.68e-01   2.98e-02   8.71e-13   5.40e-01   1.61e-01   1.64e-03   1.50e-11   1.18e-04   2.20e-18   1.45e-18   
1.15478e+01  6.53e-22   3.18e-01   3.28e-02   9.86e-13   5.27e-01   1.20e-01   2.17e-03   1.71e-11   1.56e-04   2.53e-18   1.59e-18   
1.33352e+01  8.44e-22   3.70e-01   3.55e-02   1.10e-12   5.02e-01   8.96e-02   2.84e-03   1.98e-11   2.04e-04   2.90e-18   1.73e-18   
1.53993e+01  1.09e-21   4.24e-01   3.80e-02   1.21e-12   4.68e-01   6.68e-02   3.67e-03   2.25e-11   2.63e-04   3.30e-18   1.85e-18   
1.77828e+01  1.41e-21   4.78e-01   4.01e-02   1.31e-12   4.27e-01   5.00e-02   4.67e-03   2.59e-11   3.35e-04   3.79e-18   1.95e-18   
2.05353e+01  1.84e-21   5.32e-01   4.16e-02   1.41e-12   3.83e-01   3.76e-02   5.86e-03   2.97e-11   4.21e-04   4.35e-18   2.03e-18   
2.37137e+01  2.43e-21   5.84e-01   4.24e-02   1.49e-12   3.37e-01   2.85e-02   7.28e-03   3.39e-11   5.23e-04   4.98e-18   2.07e-18   
2.73842e+01  3.24e-21   6.33e-01   4.26e-02   1.57e-12   2.93e-01   2.19e-02   8.92e-03   3.86e-11   6.39e-04   5.68e-18   2.07e-18   
3.16228e+01  4.40e-21   6.80e-01   4.18e-02   1.63e-12   2.50e-01   1.71e-02   1.08e-02   4.39e-11   7.73e-04   6.43e-18   2.03e-18   
3.65174e+01  6.11e-21   7.20e-01   4.01e-02   1.67e-12   2.13e-01   1.36e-02   1.28e-02   4.97e-11   9.18e-04   7.30e-18   1.96e-18   
4.21697e+01  8.72e-21   7.58e-01   3.77e-02   1.70e-12   1.77e-01   1.11e-02   1.50e-02   5.52e-11   1.08e-03   8.10e-18   1.84e-18   
4.86968e+01  1.29e-20   7.94e-01   3.45e-02   1.73e-12   1.44e-01   9.49e-03   1.73e-02   6.03e-11   1.24e-03   8.87e-18   1.68e-18   
5.62341e+01  1.97e-20   8.26e-01   3.04e-02   1.75e-12   1.14e-01   8.57e-03   1.95e-02   6.49e-11   1.39e-03   9.53e-18   1.49e-18   
6.49382e+01  3.25e-20   8.59e-01   2.53e-02   1.75e-12   8.53e-02   8.22e-03   2.11e-02   6.68e-11   1.51e-03   9.82e-18   1.23e-18   
7.49894e+01  5.90e-20   8.91e-01   1.92e-02   1.76e-12   5.87e-02   8.70e-03   2.14e-02   6.41e-11   1.53e-03   9.41e-18   9.38e-19   
8.65964e+01  1.32e-19   9.26e-01   1.20e-02   1.75e-12   3.31e-02   1.00e-02   1.79e-02   5.12e-11   1.28e-03   7.52e-18   5.85e-19   
1.00000e+02  5.99e-19   9.71e-01   3.74e-03   1.75e-12   9.24e-03   9.30e-03   6.68e-03   2.07e-11   4.78e-04   3.04e-18   1.82e-19   
1.15478e+02  1.13e-13   1.00e+00   4.00e-05   6.04e-11   7.11e-07   8.06e-05   3.76e-08   2.05e-16   2.70e-09   3.02e-23   1.95e-21   
1.33352e+02  1.53e-13   1.00e+00   1.17e-04   2.45e-10   9.02e-07   7.97e-05   2.77e-08   2.90e-16   1.99e-09   4.26e-23   5.70e-21   
1.53993e+02  1.87e-13   1.00e+00   2.02e-04   6.04e-10   9.94e-07   7.75e-05   2.26e-08   4.63e-16   1.62e-09   6.79e-23   9.84e-21   
1.77828e+02  1.95e-13   1.00e+00   3.27e-04   1.55e-09   1.12e-06   7.43e-05   2.15e-08   8.77e-16   1.54e-09   1.29e-22   1.59e-20   
2.05353e+02  1.34e-13   9.99e-01   6.70e-04   5.97e-09   1.37e-06   8.05e-05   3.12e-08   2.56e-15   2.24e-09   3.76e-22   3.27e-20   
2.37137e+02  4.64e-14   9.98e-01   2.24e-03   3.73e-08   1.88e-06   1.48e-04   8.96e-08   1.49e-14   6.42e-09   2.20e-21   1.10e-19   
2.73842e+02  2.39e-14   9.95e-01   4.60e-03   1.24e-07   2.22e-06   1.97e-04   1.73e-07   5.85e-14   1.24e-08   8.57e-21   2.25e-19   
3.16228e+02  1.74e-14   9.93e-01   6.60e-03   2.70e-07   2.68e-06   1.89e-04   2.35e-07   1.62e-13   1.68e-08   2.38e-20   3.20e-19   
3.65174e+02  1.42e-14   9.92e-01   8.30e-03   5.16e-07   3.15e-06   1.58e-04   2.85e-07   4.06e-13   2.05e-08   5.96e-20   4.05e-19   
4.21697e+02  1.24e-14   9.90e-01   9.74e-03   9.18e-07   3.65e-06   1.16e-04   3.23e-07   9.74e-13   2.32e-08   1.42e-19   4.76e-19   
4.86968e+02  1.15e-14   9.89e-01   1.08e-02   1.54e-06   4.11e-06   7.45e-05   3.44e-07   2.26e-12   2.46e-08   3.32e-19   5.27e-19   
5.62341e+02  1.11e-14   9.88e-01   1.15e-02   2.55e-06   4.54e-06   4.12e-05   3.50e-07   5.29e-12   2.52e-08   7.77e-19   5.61e-19   
6.49382e+02  1.09e-14   9.88e-01   1.21e-02   4.45e-06   5.02e-06   1.84e-05   3.51e-07   1.26e-11   2.52e-08   1.85e-18   5.88e-19   
7.49894e+02  1.10e-14   9.88e-01   1.23e-02   9.24e-06   5.52e-06   5.07e-06   3.41e-07   2.94e-11   2.45e-08   4.32e-18   6.02e-19   
8.65964e+02  1.12e-14   9.87e-01   1.25e-02   4.58e-05   6.12e-06   2.23e-07   3.27e-07   6.61e-11   2.35e-08   9.70e-18   6.12e-19   
1.00000e+03  1.14e-14   9.87e-01   1.28e-02   1.22e-04   6.94e-06   3.14e-08   3.14e-07   1.41e-10   2.24e-08   2.06e-17   6.26e-19   
1.15478e+03  1.18e-14   9.87e-01   1.31e-02   1.34e-04   8.03e-06   2.57e-08   2.96e-07   2.75e-10   2.13e-08   4.04e-17   6.38e-19   
1.33352e+03  1.21e-14   9.86e-01   1.34e-02   1.47e-04   9.78e-06   2.11e-08   2.79e-07   5.07e-10   2.00e-08   7.44e-17   6.54e-19   
1.53993e+03  1.28e-14   9.86e-01   1.34e-02   1.53e-04   1.26e-05   1.65e-08   2.53e-07   8.92e-10   1.82e-08   1.31e-16   6.55e-19   
1.77828e+03  1.42e-14   9.87e-01   1.30e-02   1.53e-04   1.83e-05   1.15e-08   2.18e-07   1.64e-09   1.56e-08   2.40e-16   6.32e-19   
2.05353e+03  1.66e-14   9.88e-01   1.20e-02   1.45e-04   3.26e-05   6.08e-09   1.76e-07   4.22e-09   1.26e-08   6.20e-16   5.88e-19   
2.37137e+03  1.98e-14   9.89e-01   1.12e-02   1.35e-04   7.26e-05   1.90e-09   1.39e-07   1.50e-08   9.99e-09   2.21e-15   5.50e-19   
2.73842e+03  2.40e-14   9.89e-01   1.07e-02   1.24e-04   1.56e-04   5.17e-10   1.08e-07   3.16e-08   7.72e-09   4.63e-15   5.22e-19   
3.16228e+03  2.88e-14   9.89e-01   1.05e-02   1.17e-04   2.31e-04   2.93e-10   8.29e-08   3.78e-08   5.93e-09   5.59e-15   5.14e-19   
3.65174e+03  3.31e-14   9.89e-01   1.11e-02   1.20e-04   2.60e-04   2.47e-10   6.62e-08   3.66e-08   4.75e-09   5.38e-15   5.41e-19   
4.21697e+03  3.72e-14   9.88e-01   1.20e-02   1.28e-04   2.63e-04   2.24e-10   5.36e-08   3.23e-08   3.82e-09   4.74e-15   5.87e-19   
4.86968e+03  4.14e-14   9.86e-01   1.32e-02   1.41e-04   2.56e-04   2.08e-10   4.28e-08   2.71e-08   3.07e-09   3.99e-15   6.43e-19   
5.62341e+03  4.62e-14   9.85e-01   1.44e-02   1.57e-04   2.43e-04   1.94e-10   3.36e-08   2.21e-08   2.40e-09   3.25e-15   7.06e-19   
6.49382e+03  5.15e-14   9.84e-01   1.58e-02   1.76e-04   2.25e-04   1.84e-10   2.58e-08   1.76e-08   1.85e-09   2.60e-15   7.72e-19   
7.49894e+03  5.78e-14   9.82e-01   1.72e-02   1.99e-04   2.06e-04   1.76e-10   1.94e-08   1.39e-08   1.38e-09   2.04e-15   8.42e-19   
8.65964e+03  6.53e-14   9.81e-01   1.87e-02   2.25e-04   1.87e-04   1.68e-10   1.40e-08   1.08e-08   1.00e-09   1.59e-15   9.11e-19   
1.00000e+04  7.44e-14   9.80e-01   2.00e-02   2.57e-04   1.69e-04   1.63e-10   9.73e-09   8.38e-09   6.97e-10   1.24e-15   9.78e-19   
1.15478e+04  8.56e-14   9.78e-01   2.13e-02   2.93e-04   1.54e-04   1.57e-10   6.52e-09   6.59e-09   4.68e-10   9.71e-16   1.04e-18   
1.33352e+04  9.97e-14   9.77e-01   2.25e-02   3.36e-04   1.43e-04   1.48e-10   4.17e-09   5.27e-09   2.99e-10   7.76e-16   1.10e-18   
1.53993e+04  1.18e-13   9.76e-01   2.35e-02   3.84e-04   1.36e-04   1.39e-10   2.57e-09   4.32e-09   1.84e-10   6.37e-16   1.15e-18   
1.77828e+04  1.42e-13   9.75e-01   2.44e-02   4.35e-04   1.33e-04   1.29e-10   1.53e-09   3.66e-09   1.10e-10   5.40e-16   1.20e-18   
2.05353e+04  1.73e-13   9.74e-01   2.52e-02   4.85e-04   1.32e-04   1.19e-10   9.11e-10   3.18e-09   6.51e-11   4.69e-16   1.23e-18   
2.37137e+04  2.15e-13   9.73e-01   2.61e-02   5.40e-04   1.33e-04   1.09e-10   5.68e-10   2.85e-09   4.07e-11   4.20e-16   1.28e-18   
2.73842e+04  2.71e-13   9.72e-01   2.68e-02   5.89e-04   1.34e-04   9.76e-11   3.87e-10   2.57e-09   2.77e-11   3.79e-16   1.32e-18   
3.16228e+04  3.46e-13   9.72e-01   2.77e-02   6.45e-04   1.33e-04   8.67e-11   2.92e-10   2.34e-09   2.09e-11   3.47e-16   1.36e-18   
3.65174e+04  4.45e-13   9.71e-01   2.85e-02   6.99e-04   1.31e-04   7.55e-11   2.34e-10   2.14e-09   1.67e-11   3.15e-16   1.40e-18   
4.21697e+04  5.76e-13   9.69e-01   2.97e-02   7.59e-04   1.28e-04   6.39e-11   1.91e-10   1.95e-09   1.36e-11   2.87e-16   1.45e-18   
4.86968e+04  7.49e-13   9.68e-01   3.07e-02   8.19e-04   1.24e-04   5.28e-11   1.54e-10   1.74e-09   1.10e-11   2.56e-16   1.50e-18   
5.62341e+04  9.74e-13   9.67e-01   3.16e-02   8.82e-04   1.18e-04   4.24e-11   1.20e-10   1.54e-09   8.65e-12   2.28e-16   1.55e-18   
6.49382e+04  1.26e-12   9.66e-01   3.27e-02   9.50e-04   1.12e-04   3.32e-11   9.19e-11   1.34e-09   6.59e-12   1.98e-16   1.60e-18   
7.49894e+04  1.63e-12   9.65e-01   3.37e-02   1.01e-03   1.05e-04   2.54e-11   6.76e-11   1.14e-09   4.83e-12   1.67e-16   1.65e-18   
8.65964e+04  2.07e-12   9.64e-01   3.47e-02   1.08e-03   9.59e-05   1.93e-11   4.71e-11   9.26e-10   3.37e-12   1.36e-16   1.70e-18   
1.00000e+05  2.61e-12   9.63e-01   3.56e-02   1.14e-03   8.63e-05   1.46e-11   3.09e-11   7.10e-10   2.21e-12   1.05e-16   1.75e-18   
1.15478e+05  3.20e-12   9.62e-01   3.65e-02   1.21e-03   7.62e-05   1.12e-11   1.86e-11   5.00e-10   1.34e-12   7.37e-17   1.79e-18   
1.33352e+05  3.83e-12   9.61e-01   3.74e-02   1.26e-03   6.48e-05   8.99e-12   1.00e-11   3.03e-10   7.18e-13   4.49e-17   1.83e-18   
1.53993e+05  4.44e-12   9.61e-01   3.81e-02   1.31e-03   5.30e-05   7.69e-12   4.55e-12   1.47e-10   3.27e-13   2.17e-17   1.87e-18   
1.77828e+05  4.93e-12   9.60e-01   3.88e-02   1.35e-03   4.10e-05   7.35e-12   1.62e-12   5.09e-11   1.16e-13   7.51e-18   1.91e-18   
2.05353e+05  5.21e-12   9.59e-01   3.95e-02   1.39e-03   2.47e-05   8.46e-12   2.80e-13   7.62e-12   2.01e-14   1.12e-18   1.94e-18   
2.37137e+05  5.06e-12   9.58e-01   4.03e-02   1.43e-03   9.82e-06   1.20e-11   2.13e-15   3.20e-14   1.53e-16   4.72e-21   1.97e-18   
2.73842e+05  4.77e-12   9.58e-01   4.05e-02   1.44e-03   9.64e-06   1.57e-11   9.60e-16   1.92e-14   6.90e-17   2.83e-21   1.98e-18   
3.16228e+05  4.36e-12   9.58e-01   4.06e-02   1.44e-03   9.53e-06   2.04e-11   9.63e-16   2.10e-14   6.90e-17   3.09e-21   1.99e-18   
3.65174e+05  3.90e-12   9.58e-01   4.05e-02   1.44e-03   9.45e-06   2.66e-11   1.03e-15   2.44e-14   7.38e-17   3.61e-21   1.99e-18   
4.21697e+05  3.41e-12   9.58e-01   4.07e-02   1.44e-03   9.43e-06   3.54e-11   1.16e-15   2.99e-14   8.29e-17   4.39e-21   1.99e-18   
4.86968e+05  2.93e-12   9.58e-01   4.06e-02   1.44e-03   9.41e-06   4.70e-11   1.36e-15   3.78e-14   9.72e-17   5.59e-21   1.99e-18   
5.62341e+05  2.47e-12   9.58e-01   4.04e-02   1.43e-03   9.46e-06   6.31e-11   1.68e-15   5.01e-14   1.20e-16   7.44e-21   1.99e-18   
6.49382e+05  2.06e-12   9.58e-01   4.06e-02   1.43e-03   9.63e-06   8.46e-11   2.22e-15   7.05e-14   1.59e-16   1.04e-20   1.99e-18   
7.49894e+05  1.71e-12   9.58e-01   4.05e-02   1.43e-03   9.93e-06   1.12e-10   3.18e-15   1.07e-13   2.28e-16   1.58e-20   1.99e-18   
8.65964e+05  2.27e-12   9.62e-01   3.67e-02   1.26e-03   6.44e-05   5.69e-11   5.21e-12   1.73e-10   3.72e-13   2.56e-17   1.80e-18   
1.00000e+06  4.98e-12   9.59e-01   3.93e-02   1.38e-03   3.05e-05   1.10e-11   3.91e-13   8.99e-12   2.81e-14   1.33e-18   1.93e-18   
1.15478e+06  3.85e-12   9.58e-01   4.05e-02   1.44e-03   9.48e-06   2.86e-11   1.07e-15   2.52e-14   7.69e-17   3.71e-21   1.99e-18   
1.33352e+06  2.56e-12   9.58e-01   4.07e-02   1.43e-03   9.50e-06   6.14e-11   1.70e-15   5.00e-14   1.22e-16   7.43e-21   1.99e-18   
1.53993e+06  1.72e-12   9.58e-01   4.05e-02   1.43e-03   1.02e-05   1.14e-10   3.79e-15   1.27e-13   2.72e-16   1.88e-20   1.99e-18   
1.77828e+06  4.98e-12   9.58e-01   4.02e-02   1.43e-03   9.74e-06   1.37e-11   9.38e-15   1.38e-13   6.73e-16   2.05e-20   1.98e-18   
2.05353e+06  2.73e-12   9.58e-01   4.06e-02   1.43e-03   9.47e-06   5.56e-11   1.58e-15   4.53e-14   1.13e-16   6.69e-21   1.99e-18   
2.37137e+06  3.02e-12   9.62e-01   3.71e-02   1.28e-03   6.13e-05   3.15e-11   4.61e-12   1.34e-10   3.32e-13   1.98e-17   1.83e-18   
2.73842e+06  3.09e-12   9.58e-01   4.05e-02   1.44e-03   9.48e-06   4.50e-11   1.36e-15   3.69e-14   9.74e-17   5.44e-21   1.99e-18   
3.16228e+06  4.33e-12   9.60e-01   3.85e-02   1.34e-03   4.68e-05   1.37e-11   1.92e-12   4.78e-11   1.38e-13   7.04e-18   1.89e-18   
3.65174e+06  2.12e-12   9.58e-01   4.04e-02   1.43e-03   9.72e-06   8.45e-11   2.38e-15   7.46e-14   1.71e-16   1.10e-20   1.98e-18   
4.21697e+06  3.06e-12   9.58e-01   4.05e-02   1.44e-03   9.45e-06   4.58e-11   1.38e-15   3.76e-14   9.87e-17   5.56e-21   1.99e-18   
4.86968e+06  3.72e-12   9.58e-01   4.06e-02   1.43e-03   9.44e-06   3.15e-11   1.12e-15   2.72e-14   8.02e-17   4.01e-21   1.99e-18   
5.62341e+06  3.56e-12   9.58e-01   4.05e-02   1.44e-03   9.44e-06   3.46e-11   1.17e-15   2.92e-14   8.37e-17   4.30e-21   1.99e-18   
6.49382e+06  2.62e-12   9.58e-01   4.05e-02   1.43e-03   9.50e-06   5.99e-11   1.68e-15   4.92e-14   1.21e-16   7.25e-21   1.98e-18   
7.49894e+06  2.34e-12   9.62e-01   3.68e-02   1.27e-03   6.28e-05   5.69e-11   4.75e-12   1.60e-10   3.42e-13   2.36e-17   1.81e-18   
8.65964e+06  2.88e-12   9.58e-01   4.06e-02   1.43e-03   9.48e-06   5.10e-11   1.48e-15   4.16e-14   1.06e-16   6.14e-21   1.99e-18   
1.00000e+07  3.90e-12   9.58e-01   4.07e-02   1.44e-03   9.48e-06   2.84e-11   1.07e-15   2.50e-14   7.68e-17   3.69e-21   1.99e-18   
1.15478e+07  3.28e-12   9.58e-01   4.06e-02   1.43e-03   9.43e-06   4.06e-11   1.27e-15   3.36e-14   9.12e-17   4.94e-21   1.99e-18   
1.33352e+07  1.74e-12   9.58e-01   4.02e-02   1.42e-03   1.04e-05   1.14e-10   4.22e-15   1.39e-13   3.03e-16   2.05e-20   1.97e-18   
1.53993e+07  2.24e-12   9.58e-01   4.05e-02   1.43e-03   9.67e-06   7.71e-11   2.13e-15   6.59e-14   1.52e-16   9.76e-21   1.99e-18   
1.77828e+07  1.81e-12   9.61e-01   3.80e-02   1.33e-03   4.27e-05   9.88e-11   3.37e-13   1.44e-11   2.42e-14   2.13e-18   1.86e-18   
2.05353e+07  2.32e-12   9.58e-01   4.05e-02   1.43e-03   9.62e-06   7.34e-11   2.02e-15   6.17e-14   1.45e-16   9.15e-21   1.99e-18   
2.37137e+07  2.93e-12   9.61e-01   3.72e-02   1.28e-03   6.17e-05   3.38e-11   4.74e-12   1.39e-10   3.40e-13   2.06e-17   1.82e-18   
2.73842e+07  2.65e-12   9.62e-01   3.70e-02   1.27e-03   6.30e-05   4.26e-11   4.98e-12   1.55e-10   3.58e-13   2.29e-17   1.81e-18   
