! 0       HCOOCH3 + H3+ -> H2 + H5C2O2+
! 1       HCOOCH3 + HCO+ -> CO + H5C2O2+
! 2       HCOOCH3 + H3O+ -> H2O + H5C2O2+
! 3       H2CO + CH3OH2+ -> H2 + H5C2O2+
!            tot_rate   0          1          2          3          
1.00000e+00  6.90e-33   2.75e-01   2.17e-04   3.06e-04   7.24e-01   
1.15478e+00  6.90e-33   6.00e-01   5.09e-04   6.67e-04   3.99e-01   
1.33352e+00  1.02e-32   8.54e-01   7.78e-04   9.52e-04   1.45e-01   
1.53993e+00  1.88e-32   9.57e-01   9.36e-04   1.07e-03   4.07e-02   
1.77828e+00  3.64e-32   9.88e-01   1.04e-03   1.11e-03   1.01e-02   
2.05353e+00  7.08e-32   9.95e-01   1.13e-03   1.12e-03   2.32e-03   
2.37137e+00  1.36e-31   9.97e-01   1.22e-03   1.13e-03   5.23e-04   
2.73842e+00  2.59e-31   9.97e-01   1.30e-03   1.14e-03   1.42e-04   
3.16228e+00  4.84e-31   9.97e-01   1.39e-03   1.15e-03   5.78e-05   
3.65174e+00  8.94e-31   9.97e-01   1.49e-03   1.16e-03   3.26e-05   
4.21697e+00  1.63e-30   9.97e-01   1.57e-03   1.17e-03   2.07e-05   
4.86968e+00  2.95e-30   9.97e-01   1.66e-03   1.18e-03   1.37e-05   
5.62341e+00  5.27e-30   9.97e-01   1.74e-03   1.20e-03   9.13e-06   
6.49382e+00  9.30e-30   9.97e-01   1.82e-03   1.22e-03   6.19e-06   
7.49894e+00  1.63e-29   9.97e-01   1.88e-03   1.24e-03   4.26e-06   
8.65964e+00  2.81e-29   9.97e-01   1.95e-03   1.26e-03   2.98e-06   
1.00000e+01  4.81e-29   9.97e-01   2.00e-03   1.29e-03   2.10e-06   
1.15478e+01  8.13e-29   9.97e-01   2.05e-03   1.33e-03   1.53e-06   
1.33352e+01  1.36e-28   9.97e-01   2.10e-03   1.36e-03   1.12e-06   
1.53993e+01  2.27e-28   9.96e-01   2.16e-03   1.41e-03   8.47e-07   
1.77828e+01  3.73e-28   9.96e-01   2.22e-03   1.46e-03   6.56e-07   
2.05353e+01  6.12e-28   9.96e-01   2.27e-03   1.52e-03   5.21e-07   
2.37137e+01  9.97e-28   9.96e-01   2.35e-03   1.59e-03   4.28e-07   
2.73842e+01  1.62e-27   9.96e-01   2.43e-03   1.69e-03   3.66e-07   
3.16228e+01  2.61e-27   9.96e-01   2.52e-03   1.79e-03   3.27e-07   
3.65174e+01  4.20e-27   9.95e-01   2.64e-03   1.92e-03   3.05e-07   
4.21697e+01  6.74e-27   9.95e-01   2.76e-03   2.06e-03   3.01e-07   
4.86968e+01  1.08e-26   9.95e-01   2.93e-03   2.26e-03   3.14e-07   
5.62341e+01  1.72e-26   9.94e-01   3.11e-03   2.48e-03   3.47e-07   
6.49382e+01  2.77e-26   9.94e-01   3.32e-03   2.74e-03   4.08e-07   
7.49894e+01  4.47e-26   9.93e-01   3.60e-03   3.09e-03   5.10e-07   
8.65964e+01  7.39e-26   9.93e-01   3.94e-03   3.51e-03   6.69e-07   
1.00000e+02  9.81e-26   9.92e-01   4.36e-03   4.05e-03   1.06e-06   
1.15478e+02  7.17e-24   9.90e-01   4.87e-03   4.74e-03   1.95e-08   
1.33352e+02  1.56e-23   9.89e-01   5.53e-03   5.64e-03   2.04e-08   
1.53993e+02  3.64e-23   9.87e-01   6.43e-03   6.84e-03   2.08e-08   
1.77828e+02  9.70e-23   9.84e-01   7.59e-03   8.45e-03   1.92e-08   
2.05353e+02  3.15e-22   9.80e-01   9.07e-03   1.06e-02   1.50e-08   
2.37137e+02  1.05e-21   9.76e-01   1.10e-02   1.35e-02   1.18e-08   
2.73842e+02  2.94e-21   9.69e-01   1.34e-02   1.72e-02   1.12e-08   
3.16228e+02  7.19e-21   9.61e-01   1.64e-02   2.21e-02   1.25e-08   
3.65174e+02  1.50e-20   9.52e-01   1.99e-02   2.84e-02   1.66e-08   
4.21697e+02  2.44e-20   9.40e-01   2.40e-02   3.62e-02   2.88e-08   
4.86968e+02  2.62e-20   9.26e-01   2.89e-02   4.53e-02   7.43e-08   
5.62341e+02  1.47e-20   9.10e-01   3.46e-02   5.55e-02   3.54e-07   
6.49382e+02  4.27e-21   8.94e-01   4.09e-02   6.53e-02   3.07e-06   
7.49894e+02  3.27e-21   8.77e-01   4.80e-02   7.49e-02   9.50e-06   
8.65964e+02  4.25e-21   8.61e-01   5.62e-02   8.28e-02   2.24e-05   
1.00000e+03  5.10e-21   8.46e-01   6.51e-02   8.93e-02   8.67e-05   
1.15478e+03  6.30e-21   8.29e-01   7.54e-02   9.53e-02   1.48e-04   
1.33352e+03  8.17e-21   8.08e-01   8.86e-02   1.03e-01   2.71e-04   
1.53993e+03  1.24e-20   7.74e-01   1.08e-01   1.16e-01   5.58e-04   
1.77828e+03  2.64e-20   7.11e-01   1.44e-01   1.43e-01   1.43e-03   
2.05353e+03  8.23e-20   6.05e-01   2.04e-01   1.86e-01   4.47e-03   
2.37137e+03  2.27e-19   5.15e-01   2.61e-01   2.14e-01   1.02e-02   
2.73842e+03  3.48e-19   4.83e-01   2.91e-01   2.11e-01   1.54e-02   
3.16228e+03  3.42e-19   4.76e-01   3.01e-01   1.99e-01   2.46e-02   
3.65174e+03  2.81e-19   4.69e-01   3.05e-01   1.84e-01   4.19e-02   
4.21697e+03  2.16e-19   4.58e-01   3.02e-01   1.70e-01   7.07e-02   
4.86968e+03  1.68e-19   4.42e-01   2.92e-01   1.54e-01   1.12e-01   
5.62341e+03  1.34e-19   4.21e-01   2.76e-01   1.38e-01   1.65e-01   
6.49382e+03  1.12e-19   3.97e-01   2.56e-01   1.22e-01   2.25e-01   
7.49894e+03  9.68e-20   3.73e-01   2.33e-01   1.07e-01   2.86e-01   
8.65964e+03  8.53e-20   3.50e-01   2.12e-01   9.44e-02   3.44e-01   
1.00000e+04  7.58e-20   3.31e-01   1.93e-01   8.31e-02   3.93e-01   
1.15478e+04  6.81e-20   3.17e-01   1.76e-01   7.37e-02   4.33e-01   
1.33352e+04  6.15e-20   3.11e-01   1.63e-01   6.65e-02   4.60e-01   
1.53993e+04  5.61e-20   3.10e-01   1.54e-01   6.11e-02   4.76e-01   
1.77828e+04  5.20e-20   3.17e-01   1.47e-01   5.75e-02   4.79e-01   
2.05353e+04  4.89e-20   3.31e-01   1.42e-01   5.50e-02   4.72e-01   
2.37137e+04  4.60e-20   3.50e-01   1.38e-01   5.33e-02   4.59e-01   
2.73842e+04  4.27e-20   3.75e-01   1.33e-01   5.20e-02   4.40e-01   
3.16228e+04  3.87e-20   4.04e-01   1.27e-01   5.02e-02   4.19e-01   
3.65174e+04  3.37e-20   4.37e-01   1.20e-01   4.81e-02   3.95e-01   
4.21697e+04  2.80e-20   4.74e-01   1.12e-01   4.60e-02   3.67e-01   
4.86968e+04  2.24e-20   5.17e-01   1.02e-01   4.30e-02   3.39e-01   
5.62341e+04  1.70e-20   5.63e-01   8.99e-02   4.00e-02   3.07e-01   
6.49382e+04  1.22e-20   6.15e-01   7.65e-02   3.65e-02   2.72e-01   
7.49894e+04  8.10e-21   6.69e-01   6.26e-02   3.28e-02   2.36e-01   
8.65964e+04  4.99e-21   7.25e-01   4.87e-02   2.88e-02   1.98e-01   
1.00000e+05  2.83e-21   7.82e-01   3.61e-02   2.46e-02   1.57e-01   
1.15478e+05  1.46e-21   8.38e-01   2.53e-02   2.05e-02   1.17e-01   
1.33352e+05  6.89e-22   8.87e-01   1.71e-02   1.68e-02   7.87e-02   
1.53993e+05  3.07e-22   9.28e-01   1.14e-02   1.38e-02   4.63e-02   
1.77828e+05  1.25e-22   9.58e-01   7.58e-03   1.17e-02   2.28e-02   
2.05353e+05  2.64e-23   9.79e-01   4.20e-03   1.03e-02   6.16e-03   
2.37137e+05  7.07e-25   9.85e-01   2.23e-03   1.22e-02   1.07e-03   
2.73842e+05  5.64e-25   9.85e-01   2.14e-03   1.17e-02   1.09e-03   
3.16228e+05  4.95e-25   9.85e-01   2.14e-03   1.13e-02   1.20e-03   
3.65174e+05  4.43e-25   9.85e-01   2.14e-03   1.10e-02   1.34e-03   
4.21697e+05  4.01e-25   9.86e-01   2.14e-03   1.07e-02   1.52e-03   
4.86968e+05  3.67e-25   9.86e-01   2.14e-03   1.04e-02   1.72e-03   
5.62341e+05  3.45e-25   9.86e-01   2.14e-03   1.00e-02   1.95e-03   
6.49382e+05  3.38e-25   9.86e-01   2.14e-03   9.74e-03   2.20e-03   
7.49894e+05  3.65e-25   9.86e-01   2.15e-03   9.37e-03   2.44e-03   
8.65964e+05  1.25e-22   9.29e-01   7.33e-03   9.69e-03   5.38e-02   
1.00000e+06  3.92e-23   9.76e-01   4.67e-03   9.88e-03   9.81e-03   
1.15478e+06  4.43e-25   9.86e-01   2.15e-03   1.09e-02   1.38e-03   
1.33352e+06  3.60e-25   9.86e-01   2.15e-03   1.00e-02   1.92e-03   
1.53993e+06  4.26e-25   9.86e-01   2.16e-03   9.20e-03   2.47e-03   
1.77828e+06  6.80e-25   9.85e-01   2.26e-03   1.19e-02   1.19e-03   
2.05353e+06  3.70e-25   9.86e-01   2.15e-03   1.01e-02   1.84e-03   
2.37137e+06  1.43e-22   9.31e-01   7.70e-03   1.02e-02   5.14e-02   
2.73842e+06  3.90e-25   9.86e-01   2.15e-03   1.03e-02   1.67e-03   
3.16228e+06  1.06e-22   9.54e-01   6.80e-03   1.04e-02   2.85e-02   
3.65174e+06  3.66e-25   9.86e-01   2.15e-03   9.64e-03   2.19e-03   
4.21697e+06  3.87e-25   9.86e-01   2.15e-03   1.03e-02   1.69e-03   
4.86968e+06  4.33e-25   9.86e-01   2.15e-03   1.08e-02   1.43e-03   
5.62341e+06  4.21e-25   9.86e-01   2.15e-03   1.07e-02   1.49e-03   
6.49382e+06  3.67e-25   9.86e-01   2.15e-03   1.00e-02   1.90e-03   
7.49894e+06  1.20e-22   9.31e-01   7.24e-03   9.72e-03   5.24e-02   
8.65964e+06  3.77e-25   9.86e-01   2.15e-03   1.02e-02   1.77e-03   
1.00000e+07  4.50e-25   9.86e-01   2.15e-03   1.09e-02   1.37e-03   
1.15478e+07  4.01e-25   9.86e-01   2.15e-03   1.05e-02   1.60e-03   
1.33352e+07  4.69e-25   9.86e-01   2.17e-03   9.12e-03   2.47e-03   
1.53993e+07  3.62e-25   9.86e-01   2.15e-03   9.75e-03   2.11e-03   
1.77828e+07  4.55e-23   9.63e-01   5.10e-03   8.47e-03   2.33e-02   
2.05353e+07  3.62e-25   9.86e-01   2.15e-03   9.80e-03   2.06e-03   
2.37137e+07  1.43e-22   9.30e-01   7.62e-03   1.01e-02   5.21e-02   
2.73842e+07  1.37e-22   9.29e-01   7.53e-03   9.87e-03   5.36e-02   
