! 0       CH2CO + OH -> CH2OH + CO
! 1       *OH + *CH2 -> CH2OH
! 2       CH3OH + OH -> CH2OH + H2O
! 3       *CH2OH + CRPhoton -> CH2OH
! 4       *H + *H2CO -> CH2OH
! 5       CH3OH + H -> CH2OH + H2
! 6       *CH2OH + ISPhoton -> CH2OH
! 7       CH3OH + O -> OH + CH2OH
! 8       CH3OH + CH3 -> CH4 + CH2OH
! 9       *CH2OH + GRAIN -> CH2OH + GRAIN
!            tot_rate   0          1          2          3          4          5          6          7          8          9          
1.00000e+00  6.98e-20   4.60e-05   1.00e+00   4.51e-05   3.01e-05   7.99e-16   0.00e+00   5.36e-12   0.00e+00   0.00e+00   1.83e-73   
1.15478e+00  9.26e-20   4.95e-05   1.00e+00   2.04e-05   3.48e-05   8.10e-16   0.00e+00   6.21e-12   0.00e+00   0.00e+00   2.12e-73   
1.33352e+00  1.23e-19   5.22e-05   1.00e+00   8.45e-06   4.01e-05   8.12e-16   0.00e+00   7.16e-12   0.00e+00   0.00e+00   2.45e-73   
1.53993e+00  1.62e-19   5.43e-05   1.00e+00   3.15e-06   4.66e-05   8.33e-16   0.00e+00   8.33e-12   0.00e+00   0.00e+00   2.84e-73   
1.77828e+00  2.13e-19   5.54e-05   1.00e+00   1.05e-06   5.40e-05   8.50e-16   0.00e+00   9.67e-12   0.00e+00   0.00e+00   3.30e-73   
2.05353e+00  2.79e-19   5.55e-05   1.00e+00   3.04e-07   6.27e-05   8.71e-16   0.00e+00   1.12e-11   0.00e+00   0.00e+00   3.83e-73   
2.37137e+00  3.63e-19   5.48e-05   1.00e+00   7.57e-08   7.33e-05   8.95e-16   0.00e+00   1.31e-11   0.00e+00   0.00e+00   4.46e-73   
2.73842e+00  4.70e-19   5.34e-05   1.00e+00   1.59e-08   8.53e-05   9.21e-16   0.00e+00   1.52e-11   0.00e+00   0.00e+00   5.21e-73   
3.16228e+00  6.03e-19   5.16e-05   1.00e+00   2.77e-09   9.97e-05   9.57e-16   0.00e+00   1.77e-11   0.00e+00   0.00e+00   6.09e-73   
3.65174e+00  7.66e-19   4.97e-05   1.00e+00   3.93e-10   1.17e-04   9.99e-16   0.00e+00   2.09e-11   0.00e+00   0.00e+00   7.14e-73   
4.21697e+00  9.64e-19   4.79e-05   1.00e+00   5.13e-11   1.37e-04   1.05e-15   0.00e+00   2.45e-11   0.00e+00   0.00e+00   8.38e-73   
4.86968e+00  1.20e-18   4.63e-05   1.00e+00   1.52e-11   1.62e-04   1.12e-15   0.00e+00   2.88e-11   0.00e+00   0.00e+00   9.83e-73   
5.62341e+00  1.47e-18   4.52e-05   1.00e+00   1.52e-11   1.90e-04   1.20e-15   0.00e+00   3.40e-11   0.00e+00   0.00e+00   1.16e-72   
6.49382e+00  1.77e-18   4.47e-05   1.00e+00   1.94e-11   2.26e-04   1.31e-15   0.00e+00   4.04e-11   0.00e+00   0.00e+00   1.38e-72   
7.49894e+00  2.11e-18   4.46e-05   1.00e+00   2.51e-11   2.67e-04   1.45e-15   0.00e+00   4.79e-11   0.00e+00   0.00e+00   1.63e-72   
8.65964e+00  2.47e-18   4.53e-05   1.00e+00   3.27e-11   3.17e-04   1.61e-15   0.00e+00   5.67e-11   0.00e+00   0.00e+00   1.94e-72   
1.00000e+01  2.88e-18   4.62e-05   1.00e+00   4.23e-11   3.71e-04   1.78e-15   0.00e+00   6.66e-11   0.00e+00   0.00e+00   2.29e-72   
1.15478e+01  3.34e-18   4.76e-05   1.00e+00   5.51e-11   4.34e-04   1.96e-15   0.00e+00   7.78e-11   0.00e+00   0.00e+00   2.67e-72   
1.33352e+01  3.87e-18   4.91e-05   9.99e-01   7.15e-11   5.04e-04   2.14e-15   0.00e+00   8.99e-11   0.00e+00   0.00e+00   3.10e-72   
1.53993e+01  4.51e-18   5.07e-05   9.99e-01   9.24e-11   5.74e-04   2.33e-15   0.00e+00   1.03e-10   0.00e+00   0.00e+00   3.55e-72   
1.77828e+01  5.28e-18   5.28e-05   9.99e-01   1.20e-10   6.49e-04   2.52e-15   0.00e+00   1.16e-10   0.00e+00   0.00e+00   4.01e-72   
2.05353e+01  6.19e-18   5.57e-05   9.99e-01   1.57e-10   7.30e-04   2.73e-15   0.00e+00   1.30e-10   0.00e+00   0.00e+00   4.50e-72   
2.37137e+01  7.29e-18   5.94e-05   9.99e-01   2.07e-10   8.12e-04   2.96e-15   0.00e+00   1.45e-10   0.00e+00   0.00e+00   5.04e-72   
2.73842e+01  8.58e-18   6.49e-05   9.99e-01   2.77e-10   8.99e-04   3.25e-15   0.00e+00   1.61e-10   0.00e+00   0.00e+00   5.58e-72   
3.16228e+01  1.01e-17   7.25e-05   9.99e-01   3.79e-10   9.86e-04   3.60e-15   0.00e+00   1.76e-10   0.00e+00   0.00e+00   6.15e-72   
3.65174e+01  1.20e-17   8.26e-05   9.99e-01   5.24e-10   1.07e-03   4.01e-15   0.00e+00   1.90e-10   0.00e+00   0.00e+00   6.67e-72   
4.21697e+01  1.43e-17   9.64e-05   9.99e-01   7.40e-10   1.13e-03   4.55e-15   0.00e+00   2.02e-10   0.00e+00   0.00e+00   7.12e-72   
4.86968e+01  1.70e-17   1.17e-04   9.99e-01   1.09e-09   1.19e-03   5.32e-15   0.00e+00   2.11e-10   0.00e+00   0.00e+00   7.52e-72   
5.62341e+01  2.03e-17   1.45e-04   9.99e-01   1.65e-09   1.21e-03   6.44e-15   0.00e+00   2.15e-10   0.00e+00   0.00e+00   7.67e-72   
6.49382e+01  2.43e-17   1.87e-04   9.99e-01   2.60e-09   1.17e-03   8.18e-15   0.00e+00   2.09e-10   0.00e+00   0.00e+00   7.52e-72   
7.49894e+01  2.84e-17   2.54e-04   9.99e-01   4.40e-09   1.07e-03   1.17e-14   0.00e+00   1.91e-10   0.00e+00   0.00e+00   6.96e-72   
8.65964e+01  3.06e-17   3.88e-04   9.99e-01   8.29e-09   8.58e-04   2.20e-14   0.00e+00   1.53e-10   0.00e+00   0.00e+00   5.61e-72   
1.00000e+02  1.95e-17   1.04e-03   9.99e-01   2.14e-08   4.20e-04   1.37e-13   5.53e-80   7.53e-11   0.00e+00   0.00e+00   2.78e-72   
1.15478e+02  6.30e-19   5.67e-02   9.43e-01   2.37e-08   6.11e-08   1.42e-08   1.84e-77   1.09e-14   0.00e+00   0.00e+00   4.11e-76   
1.33352e+02  6.57e-19   9.85e-02   9.01e-01   4.26e-08   4.22e-08   1.90e-08   1.21e-74   7.54e-15   0.00e+00   0.00e+00   2.88e-76   
1.53993e+02  6.69e-19   1.79e-01   8.21e-01   8.52e-08   2.68e-08   2.69e-08   9.88e-72   4.78e-15   0.00e+00   0.00e+00   1.85e-76   
1.77828e+02  6.70e-19   3.34e-01   6.66e-01   1.97e-07   1.37e-08   4.25e-08   9.73e-69   2.45e-15   5.07e-78   0.00e+00   9.72e-77   
2.05353e+02  6.99e-19   5.94e-01   4.06e-01   5.36e-07   4.48e-09   7.68e-08   1.11e-65   8.00e-16   1.52e-74   0.00e+00   3.23e-77   
2.37137e+02  9.22e-19   8.19e-01   1.81e-01   1.26e-06   1.08e-09   1.08e-07   1.07e-62   1.92e-16   3.79e-71   0.00e+00   7.98e-78   
2.73842e+02  1.45e-18   9.25e-01   7.52e-02   2.19e-06   2.76e-10   1.13e-07   7.59e-60   4.93e-17   6.97e-68   0.00e+00   2.10e-78   
3.16228e+02  2.37e-18   9.69e-01   3.10e-02   3.27e-06   7.37e-11   1.08e-07   4.76e-57   1.32e-17   1.15e-64   0.00e+00   5.81e-79   
3.65174e+02  3.87e-18   9.87e-01   1.25e-02   4.29e-06   1.98e-11   1.07e-07   2.97e-54   3.54e-18   1.88e-61   0.00e+00   0.00e+00   
4.21697e+02  6.11e-18   9.95e-01   4.99e-03   4.89e-06   5.22e-12   1.16e-07   1.88e-51   9.33e-19   3.19e-58   0.00e+00   0.00e+00   
4.86968e+02  9.14e-18   9.98e-01   1.96e-03   4.86e-06   1.36e-12   1.47e-07   1.29e-48   2.42e-19   5.96e-55   0.00e+00   0.00e+00   
5.62341e+02  1.28e-17   9.99e-01   7.46e-04   5.48e-06   3.32e-13   2.19e-07   1.21e-45   5.93e-20   1.55e-51   0.00e+00   0.00e+00   
6.49382e+02  1.67e-17   1.00e+00   2.52e-04   1.05e-05   6.88e-14   3.89e-07   2.23e-42   1.23e-20   7.96e-48   0.00e+00   0.00e+00   
7.49894e+02  2.03e-17   1.00e+00   5.86e-05   3.01e-05   9.46e-15   8.87e-07   6.35e-39   1.68e-21   6.21e-44   1.42e-77   0.00e+00   
8.65964e+02  2.36e-17   1.00e+00   2.32e-06   1.80e-04   5.38e-15   5.00e-06   3.38e-35   9.57e-22   8.68e-40   1.53e-71   0.00e+00   
1.00000e+03  2.62e-17   9.99e-01   3.10e-07   9.04e-04   2.49e-14   1.52e-05   1.19e-31   4.46e-21   7.55e-36   8.73e-66   0.00e+00   
1.15478e+03  2.90e-17   9.99e-01   2.46e-07   1.42e-03   4.72e-14   1.91e-05   8.85e-29   8.44e-21   1.29e-32   7.85e-61   0.00e+00   
1.33352e+03  3.36e-17   9.98e-01   1.88e-07   2.19e-03   6.70e-14   2.30e-05   4.02e-26   1.20e-20   1.24e-29   3.07e-56   0.00e+00   
1.53993e+03  4.32e-17   9.97e-01   1.30e-07   3.26e-03   7.82e-14   2.47e-05   1.03e-23   1.40e-20   5.99e-27   4.79e-52   0.00e+00   
1.77828e+03  6.91e-17   9.95e-01   7.00e-08   4.59e-03   6.99e-14   2.10e-05   1.36e-21   1.25e-20   1.35e-24   2.81e-48   0.00e+00   
2.05353e+03  1.40e-16   9.94e-01   2.66e-08   5.89e-03   4.80e-14   1.39e-05   8.65e-20   8.58e-21   1.30e-22   5.86e-45   0.00e+00   
2.37137e+03  2.67e-16   9.92e-01   8.31e-09   7.49e-03   3.43e-14   9.51e-06   2.46e-18   6.14e-21   4.83e-21   2.45e-42   0.00e+00   
2.73842e+03  3.51e-16   9.89e-01   3.59e-09   1.08e-02   3.48e-14   9.04e-06   2.99e-17   6.24e-21   6.50e-20   1.48e-40   0.00e+00   
3.16228e+03  3.40e-16   9.83e-01   3.06e-09   1.69e-02   4.68e-14   1.12e-05   2.08e-16   8.39e-21   4.50e-19   3.15e-39   0.00e+00   
3.65174e+03  2.97e-16   9.74e-01   3.40e-09   2.60e-02   6.77e-14   1.50e-05   1.01e-15   1.21e-20   2.09e-18   3.61e-38   4.68e-81   
4.21697e+03  2.53e-16   9.61e-01   4.00e-09   3.85e-02   9.81e-14   2.05e-05   3.65e-15   1.76e-20   7.00e-18   2.41e-37   7.40e-81   
4.86968e+03  2.16e-16   9.45e-01   4.63e-09   5.47e-02   1.39e-13   2.73e-05   1.01e-14   2.49e-20   1.77e-17   1.01e-36   1.12e-80   
5.62341e+03  1.87e-16   9.26e-01   5.32e-09   7.39e-02   1.90e-13   3.55e-05   2.23e-14   3.40e-20   3.58e-17   2.97e-36   1.61e-80   
6.49382e+03  1.65e-16   9.05e-01   6.00e-09   9.48e-02   2.51e-13   4.49e-05   4.16e-14   4.50e-20   6.03e-17   6.62e-36   2.21e-80   
7.49894e+03  1.46e-16   8.84e-01   6.74e-09   1.16e-01   3.23e-13   5.55e-05   6.92e-14   5.80e-20   9.04e-17   1.23e-35   2.92e-80   
8.65964e+03  1.32e-16   8.64e-01   7.44e-09   1.36e-01   4.01e-13   6.64e-05   1.05e-13   7.20e-20   1.23e-16   2.05e-35   3.71e-80   
1.00000e+04  1.21e-16   8.46e-01   8.15e-09   1.54e-01   4.83e-13   7.76e-05   1.48e-13   8.71e-20   1.58e-16   3.19e-35   4.56e-80   
1.15478e+04  1.12e-16   8.31e-01   8.80e-09   1.68e-01   5.61e-13   8.74e-05   1.99e-13   1.01e-19   1.93e-16   4.82e-35   5.37e-80   
1.33352e+04  1.06e-16   8.23e-01   9.35e-09   1.77e-01   6.24e-13   9.49e-05   2.55e-13   1.12e-19   2.26e-16   7.23e-35   6.09e-80   
1.53993e+04  1.04e-16   8.21e-01   9.75e-09   1.79e-01   6.60e-13   9.84e-05   3.15e-13   1.19e-19   2.53e-16   1.08e-34   6.56e-80   
1.77828e+04  1.04e-16   8.25e-01   1.00e-08   1.75e-01   6.61e-13   9.64e-05   3.74e-13   1.19e-19   2.73e-16   1.66e-34   6.70e-80   
2.05353e+04  1.06e-16   8.34e-01   1.02e-08   1.66e-01   6.30e-13   9.11e-05   4.37e-13   1.13e-19   2.88e-16   2.62e-34   6.53e-80   
2.37137e+04  1.10e-16   8.45e-01   1.05e-08   1.55e-01   5.75e-13   8.34e-05   5.12e-13   1.04e-19   3.05e-16   4.38e-34   6.13e-80   
2.73842e+04  1.14e-16   8.57e-01   1.10e-08   1.43e-01   5.11e-13   7.52e-05   6.14e-13   9.22e-20   3.28e-16   7.94e-34   5.64e-80   
3.16228e+04  1.16e-16   8.68e-01   1.17e-08   1.32e-01   4.48e-13   6.78e-05   7.66e-13   8.06e-20   3.70e-16   1.57e-33   5.15e-80   
3.65174e+04  1.16e-16   8.80e-01   1.27e-08   1.20e-01   3.93e-13   6.15e-05   1.02e-12   7.05e-20   4.43e-16   3.53e-33   4.74e-80   
4.21697e+04  1.12e-16   8.90e-01   1.41e-08   1.10e-01   3.44e-13   5.62e-05   1.46e-12   6.18e-20   5.67e-16   8.90e-33   4.41e-80   
4.86968e+04  1.06e-16   9.01e-01   1.60e-08   9.94e-02   3.03e-13   5.18e-05   2.26e-12   5.44e-20   7.85e-16   2.59e-32   4.18e-80   
5.62341e+04  9.51e-17   9.09e-01   1.86e-08   9.06e-02   2.71e-13   4.84e-05   3.88e-12   4.88e-20   1.19e-15   8.76e-32   4.08e-80   
6.49382e+04  8.14e-17   9.18e-01   2.24e-08   8.23e-02   2.48e-13   4.61e-05   7.42e-12   4.45e-20   2.00e-15   3.46e-31   4.14e-80   
7.49894e+04  6.56e-17   9.26e-01   2.81e-08   7.44e-02   2.32e-13   4.48e-05   1.60e-11   4.18e-20   3.77e-15   1.60e-30   4.41e-80   
8.65964e+04  4.91e-17   9.33e-01   3.73e-08   6.70e-02   2.26e-13   4.52e-05   3.85e-11   4.05e-20   7.86e-15   8.39e-30   4.95e-80   
1.00000e+05  3.38e-17   9.41e-01   5.35e-08   5.94e-02   2.29e-13   4.73e-05   1.01e-10   4.11e-20   1.79e-14   4.73e-29   5.94e-80   
1.15478e+05  2.12e-17   9.49e-01   8.40e-08   5.14e-02   2.45e-13   5.24e-05   2.75e-10   4.40e-20   4.20e-14   2.55e-28   7.60e-80   
1.33352e+05  1.23e-17   9.57e-01   1.42e-07   4.26e-02   2.74e-13   6.14e-05   6.81e-10   4.93e-20   9.17e-14   1.06e-27   9.90e-80   
1.53993e+05  6.74e-18   9.67e-01   2.60e-07   3.34e-02   3.25e-13   7.66e-05   1.36e-09   5.85e-20   1.68e-13   2.78e-27   0.00e+00   
1.77828e+05  3.47e-18   9.76e-01   5.18e-07   2.42e-02   4.17e-13   1.03e-04   1.97e-09   7.51e-20   2.34e-13   3.68e-27   0.00e+00   
2.05353e+05  1.15e-18   9.85e-01   1.73e-06   1.48e-02   8.25e-13   2.02e-04   1.92e-09   1.48e-19   2.45e-13   1.67e-27   0.00e+00   
2.37137e+05  9.68e-20   9.84e-01   2.36e-05   1.46e-02   4.59e-12   1.21e-03   2.29e-09   8.25e-19   2.86e-13   3.10e-28   0.00e+00   
2.73842e+05  8.03e-20   9.84e-01   3.19e-05   1.51e-02   4.58e-12   1.34e-03   2.95e-09   8.24e-19   3.56e-13   4.91e-28   0.00e+00   
3.16228e+05  7.00e-20   9.82e-01   4.00e-05   1.63e-02   5.15e-12   1.54e-03   3.39e-09   9.28e-19   4.06e-13   6.06e-28   0.00e+00   
3.65174e+05  6.15e-20   9.80e-01   4.93e-05   1.79e-02   5.85e-12   1.77e-03   3.80e-09   1.06e-18   4.57e-13   7.20e-28   0.00e+00   
4.21697e+05  5.45e-20   9.78e-01   5.98e-05   1.96e-02   6.63e-12   2.00e-03   4.26e-09   1.19e-18   5.14e-13   8.53e-28   0.00e+00   
4.86968e+05  4.88e-20   9.76e-01   7.16e-05   2.13e-02   7.43e-12   2.26e-03   4.78e-09   1.34e-18   5.76e-13   1.02e-27   0.00e+00   
5.62341e+05  4.46e-20   9.74e-01   8.31e-05   2.31e-02   8.13e-12   2.49e-03   5.33e-09   1.46e-18   6.43e-13   1.21e-27   0.00e+00   
6.49382e+05  4.26e-20   9.73e-01   9.23e-05   2.44e-02   8.55e-12   2.63e-03   5.80e-09   1.54e-18   7.03e-13   1.42e-27   0.00e+00   
7.49894e+05  4.39e-20   9.73e-01   9.41e-05   2.46e-02   8.36e-12   2.60e-03   6.08e-09   1.51e-18   7.38e-13   1.67e-27   0.00e+00   
8.65964e+05  3.12e-18   9.67e-01   1.13e-06   3.30e-02   2.80e-13   9.29e-05   9.09e-09   5.03e-20   7.59e-13   1.06e-25   0.00e+00   
1.00000e+06  1.49e-18   9.83e-01   1.50e-06   1.67e-02   5.58e-13   1.56e-04   3.02e-09   1.00e-19   3.43e-13   5.51e-27   0.00e+00   
1.15478e+06  6.10e-20   9.80e-01   5.11e-05   1.80e-02   5.93e-12   1.79e-03   3.85e-09   1.07e-18   4.62e-13   7.47e-28   0.00e+00   
1.33352e+06  4.64e-20   9.75e-01   8.05e-05   2.24e-02   7.85e-12   2.42e-03   5.20e-09   1.41e-18   6.28e-13   1.19e-27   0.00e+00   
1.53993e+06  4.91e-20   9.74e-01   8.52e-05   2.32e-02   7.54e-12   2.34e-03   5.85e-09   1.36e-18   7.11e-13   1.73e-27   0.00e+00   
1.77828e+06  9.21e-20   9.83e-01   2.64e-05   1.56e-02   5.44e-12   1.34e-03   2.48e-09   9.80e-19   3.10e-13   3.42e-28   0.00e+00   
2.05353e+06  4.80e-20   9.76e-01   7.65e-05   2.19e-02   7.59e-12   2.34e-03   4.98e-09   1.36e-18   6.03e-13   1.12e-27   0.00e+00   
2.37137e+06  3.56e-18   9.67e-01   8.46e-07   3.29e-02   2.87e-13   8.77e-05   7.59e-09   5.17e-20   6.58e-13   7.39e-26   0.00e+00   
2.73842e+06  5.14e-20   9.77e-01   6.81e-05   2.06e-02   7.07e-12   2.16e-03   4.59e-09   1.27e-18   5.55e-13   9.87e-28   0.00e+00   
3.16228e+06  2.99e-18   9.74e-01   7.87e-07   2.56e-02   3.45e-13   9.91e-05   4.79e-09   6.19e-20   4.69e-13   2.26e-26   0.00e+00   
3.65174e+06  4.52e-20   9.74e-01   8.81e-05   2.35e-02   8.10e-12   2.50e-03   5.64e-09   1.46e-18   6.84e-13   1.44e-27   0.00e+00   
4.21697e+06  5.10e-20   9.77e-01   6.91e-05   2.08e-02   7.12e-12   2.18e-03   4.65e-09   1.28e-18   5.59e-13   1.00e-27   0.00e+00   
4.86968e+06  5.89e-20   9.80e-01   5.47e-05   1.85e-02   6.15e-12   1.87e-03   3.99e-09   1.11e-18   4.80e-13   7.95e-28   0.00e+00   
5.62341e+06  5.69e-20   9.79e-01   5.78e-05   1.90e-02   6.36e-12   1.93e-03   4.13e-09   1.15e-18   4.97e-13   8.38e-28   0.00e+00   
6.49382e+06  4.72e-20   9.75e-01   7.91e-05   2.23e-02   7.72e-12   2.37e-03   5.11e-09   1.39e-18   6.19e-13   1.18e-27   0.00e+00   
7.49894e+06  3.05e-18   9.67e-01   1.17e-06   3.25e-02   2.76e-13   9.31e-05   9.15e-09   4.95e-20   7.61e-13   1.07e-25   0.00e+00   
8.65964e+06  4.93e-20   9.76e-01   7.31e-05   2.13e-02   7.37e-12   2.25e-03   4.83e-09   1.33e-18   5.83e-13   1.07e-27   0.00e+00   
1.00000e+07  6.17e-20   9.80e-01   5.06e-05   1.78e-02   5.87e-12   1.78e-03   3.82e-09   1.05e-18   4.59e-13   7.44e-28   0.00e+00   
1.15478e+07  5.34e-20   9.78e-01   6.41e-05   1.99e-02   6.80e-12   2.08e-03   4.42e-09   1.22e-18   5.32e-13   9.26e-28   0.00e+00   
1.33352e+07  5.28e-20   9.75e-01   7.95e-05   2.23e-02   7.05e-12   2.20e-03   5.70e-09   1.27e-18   6.93e-13   1.77e-27   0.00e+00   
1.53993e+07  4.53e-20   9.74e-01   8.64e-05   2.32e-02   8.06e-12   2.50e-03   5.52e-09   1.45e-18   6.69e-13   1.37e-27   0.00e+00   
1.77828e+07  1.34e-18   9.78e-01   3.04e-06   2.17e-02   3.19e-13   1.40e-04   4.39e-09   5.73e-20   3.93e-13   1.81e-26   0.00e+00   
2.05353e+07  4.55e-20   9.74e-01   8.53e-05   2.31e-02   8.03e-12   2.49e-03   5.45e-09   1.45e-18   6.60e-13   1.33e-27   0.00e+00   
2.37137e+07  3.53e-18   9.67e-01   8.73e-07   3.32e-02   2.86e-13   8.79e-05   7.82e-09   5.13e-20   6.75e-13   7.88e-26   0.00e+00   
2.73842e+07  3.37e-18   9.67e-01   9.79e-07   3.32e-02   2.81e-13   8.96e-05   8.48e-09   5.07e-20   7.18e-13   9.37e-26   0.00e+00   
