! 0       *H + *HC2O -> *CH2CO
! 1       CH2CO + GRAIN -> *CH2CO + GRAIN
! 2       *CH3CHO + CRPhoton -> *CH2CO + *H + *H
! 3       *CH3COCH3 + CRPhoton -> *CH2CO + *CH4
! 4       *CH3CHO + ISPhoton -> *CH2CO + *H + *H
!            tot_rate   0          1          2          3          4          
1.00000e+00  4.55e-21   1.76e-01   8.24e-01   4.44e-07   4.55e-17   3.76e-20   
1.15478e+00  6.87e-21   2.69e-01   7.31e-01   5.11e-07   3.42e-17   4.34e-20   
1.33352e+00  1.08e-20   3.88e-01   6.12e-01   5.56e-07   2.40e-17   4.71e-20   
1.53993e+00  1.81e-20   5.25e-01   4.75e-01   5.60e-07   1.53e-17   4.74e-20   
1.77828e+00  3.18e-20   6.57e-01   3.43e-01   5.25e-07   9.06e-18   4.47e-20   
2.05353e+00  5.88e-20   7.67e-01   2.33e-01   4.68e-07   5.03e-18   3.98e-20   
2.37137e+00  1.12e-19   8.48e-01   1.52e-01   4.00e-07   2.70e-18   3.40e-20   
2.73842e+00  2.16e-19   9.04e-01   9.60e-02   3.35e-07   1.44e-18   2.84e-20   
3.16228e+00  4.14e-19   9.40e-01   6.04e-02   2.80e-07   7.85e-19   2.37e-20   
3.65174e+00  7.87e-19   9.62e-01   3.79e-02   2.33e-07   3.06e-18   1.97e-20   
4.21697e+00  1.48e-18   9.76e-01   2.39e-02   1.95e-07   1.69e-18   1.65e-20   
4.86968e+00  2.73e-18   9.85e-01   1.51e-02   1.63e-07   9.81e-19   1.39e-20   
5.62341e+00  4.98e-18   9.90e-01   9.64e-03   1.38e-07   6.43e-19   1.17e-20   
6.49382e+00  8.96e-18   9.94e-01   6.21e-03   1.16e-07   5.23e-19   9.86e-21   
7.49894e+00  1.59e-17   9.96e-01   4.03e-03   9.83e-08   5.67e-19   8.38e-21   
8.65964e+00  2.76e-17   9.97e-01   2.67e-03   8.41e-08   7.91e-19   7.14e-21   
1.00000e+01  4.69e-17   9.98e-01   1.79e-03   7.29e-08   1.28e-18   6.19e-21   
1.15478e+01  7.76e-17   9.99e-01   1.24e-03   6.40e-08   2.23e-18   5.44e-21   
1.33352e+01  1.25e-16   9.99e-01   8.71e-04   5.71e-08   3.97e-18   4.85e-21   
1.53993e+01  1.97e-16   9.99e-01   6.34e-04   5.17e-08   7.20e-18   4.37e-21   
1.77828e+01  3.04e-16   1.00e+00   4.70e-04   4.70e-08   1.33e-17   3.98e-21   
2.05353e+01  4.63e-16   1.00e+00   3.54e-04   4.27e-08   2.35e-17   3.63e-21   
2.37137e+01  6.93e-16   1.00e+00   2.76e-04   3.92e-08   4.11e-17   3.33e-21   
2.73842e+01  1.02e-15   1.00e+00   2.20e-04   3.63e-08   7.41e-17   3.08e-21   
3.16228e+01  1.49e-15   1.00e+00   1.79e-04   3.36e-08   1.36e-16   2.85e-21   
3.65174e+01  2.13e-15   1.00e+00   1.52e-04   3.14e-08   2.52e-16   2.66e-21   
4.21697e+01  3.00e-15   1.00e+00   1.33e-04   2.95e-08   4.80e-16   2.50e-21   
4.86968e+01  4.18e-15   1.00e+00   1.20e-04   2.77e-08   9.42e-16   2.36e-21   
5.62341e+01  5.74e-15   1.00e+00   1.12e-04   2.61e-08   1.93e-15   2.21e-21   
6.49382e+01  7.77e-15   1.00e+00   1.08e-04   2.42e-08   4.26e-15   2.06e-21   
7.49894e+01  1.04e-14   1.00e+00   1.07e-04   2.13e-08   1.03e-14   1.81e-21   
8.65964e+01  1.35e-14   1.00e+00   1.10e-04   1.59e-08   2.90e-14   1.35e-21   
1.00000e+02  1.63e-14   1.00e+00   1.25e-04   4.04e-09   1.12e-13   3.43e-22   
1.15478e+02  6.03e-18   5.32e-01   4.68e-01   1.86e-07   6.75e-09   1.58e-20   
1.33352e+02  7.82e-18   5.01e-01   4.99e-01   1.43e-07   1.52e-08   1.21e-20   
1.53993e+02  1.01e-17   4.66e-01   5.34e-01   1.10e-07   2.07e-08   9.32e-21   
1.77828e+02  1.28e-17   4.28e-01   5.72e-01   8.52e-08   2.35e-08   7.26e-21   
2.05353e+02  1.58e-17   3.87e-01   6.13e-01   6.76e-08   2.39e-08   5.72e-21   
2.37137e+02  1.90e-17   3.43e-01   6.57e-01   5.31e-08   2.26e-08   4.51e-21   
2.73842e+02  2.24e-17   2.99e-01   7.01e-01   4.07e-08   2.08e-08   3.46e-21   
3.16228e+02  2.59e-17   2.58e-01   7.42e-01   2.93e-08   1.89e-08   2.49e-21   
3.65174e+02  2.99e-17   2.20e-01   7.80e-01   1.84e-08   1.68e-08   1.56e-21   
4.21697e+02  3.42e-17   1.88e-01   8.12e-01   9.17e-09   1.48e-08   7.80e-22   
4.86968e+02  3.90e-17   1.62e-01   8.38e-01   3.08e-09   1.29e-08   2.61e-22   
5.62341e+02  4.36e-17   1.42e-01   8.58e-01   5.32e-10   1.15e-08   4.52e-23   
6.49382e+02  4.78e-17   1.25e-01   8.75e-01   5.67e-11   1.03e-08   4.81e-24   
7.49894e+02  5.14e-17   1.11e-01   8.89e-01   1.90e-11   9.47e-09   1.61e-24   
8.65964e+02  5.44e-17   9.93e-02   9.01e-01   3.75e-12   8.81e-09   3.18e-25   
1.00000e+03  5.71e-17   9.35e-02   9.07e-01   1.37e-12   8.24e-09   1.16e-25   
1.15478e+03  5.99e-17   8.35e-02   9.17e-01   1.27e-12   7.73e-09   1.08e-25   
1.33352e+03  6.45e-17   7.38e-02   9.26e-01   1.19e-12   7.06e-09   1.02e-25   
1.53993e+03  7.48e-17   6.37e-02   9.36e-01   1.14e-12   6.02e-09   9.71e-26   
1.77828e+03  1.01e-16   5.16e-02   9.48e-01   1.11e-12   4.60e-09   9.43e-26   
2.05353e+03  1.63e-16   3.80e-02   9.62e-01   1.09e-12   3.84e-09   9.31e-26   
2.37137e+03  2.41e-16   2.10e-02   9.79e-01   1.12e-12   7.01e-09   9.50e-26   
2.73842e+03  2.56e-16   1.01e-02   9.90e-01   1.21e-12   1.79e-08   1.03e-25   
3.16228e+03  2.20e-16   9.41e-03   9.91e-01   1.35e-12   3.76e-08   1.15e-25   
3.65174e+03  1.77e-16   1.22e-02   9.88e-01   1.48e-12   7.06e-08   1.26e-25   
4.21697e+03  1.40e-16   1.66e-02   9.83e-01   1.59e-12   1.23e-07   1.35e-25   
4.86968e+03  1.12e-16   2.21e-02   9.78e-01   1.68e-12   1.96e-07   1.43e-25   
5.62341e+03  9.29e-17   2.81e-02   9.72e-01   1.73e-12   2.88e-07   1.47e-25   
6.49382e+03  7.86e-17   3.42e-02   9.66e-01   1.77e-12   3.98e-07   1.50e-25   
7.49894e+03  6.82e-17   3.99e-02   9.60e-01   1.76e-12   5.19e-07   1.50e-25   
8.65964e+03  6.05e-17   4.51e-02   9.55e-01   1.72e-12   6.46e-07   1.47e-25   
1.00000e+04  5.48e-17   5.00e-02   9.50e-01   1.65e-12   7.68e-07   1.41e-25   
1.15478e+04  5.10e-17   5.45e-02   9.45e-01   1.57e-12   8.77e-07   1.34e-25   
1.33352e+04  4.87e-17   5.90e-02   9.41e-01   1.47e-12   9.62e-07   1.25e-25   
1.53993e+04  4.78e-17   6.30e-02   9.37e-01   1.37e-12   1.02e-06   1.17e-25   
1.77828e+04  4.82e-17   6.70e-02   9.33e-01   1.29e-12   1.08e-06   1.10e-25   
2.05353e+04  4.97e-17   7.12e-02   9.29e-01   1.22e-12   1.13e-06   1.05e-25   
2.37137e+04  5.18e-17   7.63e-02   9.24e-01   1.18e-12   1.21e-06   1.01e-25   
2.73842e+04  5.37e-17   8.26e-02   9.17e-01   1.15e-12   1.33e-06   9.79e-26   
3.16228e+04  5.54e-17   8.99e-02   9.10e-01   1.12e-12   1.48e-06   9.57e-26   
3.65174e+04  5.63e-17   9.87e-02   9.01e-01   1.10e-12   1.67e-06   9.40e-26   
4.21697e+04  5.62e-17   1.08e-01   8.92e-01   1.08e-12   1.87e-06   9.25e-26   
4.86968e+04  5.50e-17   1.20e-01   8.80e-01   1.07e-12   2.09e-06   9.13e-26   
5.62341e+04  5.25e-17   1.31e-01   8.69e-01   1.06e-12   2.32e-06   9.01e-26   
6.49382e+04  4.87e-17   1.44e-01   8.56e-01   1.04e-12   2.57e-06   8.89e-26   
7.49894e+04  4.36e-17   1.57e-01   8.43e-01   1.03e-12   2.82e-06   8.80e-26   
8.65964e+04  3.76e-17   1.68e-01   8.32e-01   1.02e-12   3.03e-06   8.67e-26   
1.00000e+05  3.10e-17   1.75e-01   8.25e-01   1.00e-12   3.22e-06   8.54e-26   
1.15478e+05  2.46e-17   1.78e-01   8.22e-01   9.77e-13   3.32e-06   8.34e-26   
1.33352e+05  1.88e-17   1.73e-01   8.27e-01   9.39e-13   3.19e-06   8.00e-26   
1.53993e+05  1.40e-17   1.62e-01   8.38e-01   8.81e-13   2.74e-06   7.52e-26   
1.77828e+05  1.01e-17   1.44e-01   8.56e-01   7.98e-13   1.96e-06   6.82e-26   
2.05353e+05  5.56e-18   1.17e-01   8.83e-01   6.62e-13   1.04e-06   5.67e-26   
2.37137e+05  8.89e-19   7.77e-02   9.22e-01   5.89e-13   1.47e-07   5.04e-26   
2.73842e+05  7.88e-19   8.42e-02   9.16e-01   5.83e-13   4.69e-08   4.98e-26   
3.16228e+05  7.25e-19   9.54e-02   9.05e-01   5.76e-13   4.51e-08   4.94e-26   
3.65174e+05  6.72e-19   1.09e-01   8.91e-01   5.68e-13   4.42e-08   4.87e-26   
4.21697e+05  6.25e-19   1.24e-01   8.76e-01   5.58e-13   4.30e-08   4.78e-26   
4.86968e+05  5.88e-19   1.40e-01   8.60e-01   5.45e-13   4.15e-08   4.66e-26   
5.62341e+05  5.63e-19   1.57e-01   8.43e-01   5.30e-13   3.96e-08   4.53e-26   
6.49382e+05  5.57e-19   1.74e-01   8.26e-01   5.14e-13   3.77e-08   4.40e-26   
7.49894e+05  5.88e-19   1.85e-01   8.15e-01   4.97e-13   3.64e-08   4.25e-26   
8.65964e+05  9.47e-18   2.26e-01   7.74e-01   8.53e-13   2.22e-06   7.30e-26   
1.00000e+06  6.51e-18   1.36e-01   8.64e-01   7.02e-13   1.03e-06   6.01e-26   
1.15478e+06  6.75e-19   1.12e-01   8.88e-01   5.66e-13   4.45e-08   4.85e-26   
1.33352e+06  5.81e-19   1.55e-01   8.45e-01   5.31e-13   4.06e-08   4.54e-26   
1.53993e+06  6.52e-19   1.83e-01   8.17e-01   4.94e-13   3.80e-08   4.23e-26   
1.77828e+06  8.78e-19   8.65e-02   9.14e-01   5.85e-13   4.76e-07   5.01e-26   
2.05353e+06  5.93e-19   1.50e-01   8.50e-01   5.37e-13   4.13e-08   4.59e-26   
2.37137e+06  1.02e-17   2.16e-01   7.84e-01   8.67e-13   2.49e-06   7.41e-26   
2.73842e+06  6.15e-19   1.37e-01   8.63e-01   5.48e-13   4.26e-08   4.68e-26   
3.16228e+06  9.41e-18   1.76e-01   8.24e-01   8.15e-13   2.00e-06   6.97e-26   
3.65174e+06  5.89e-19   1.71e-01   8.29e-01   5.14e-13   3.90e-08   4.40e-26   
4.21697e+06  6.13e-19   1.38e-01   8.62e-01   5.47e-13   4.26e-08   4.68e-26   
4.86968e+06  6.64e-19   1.17e-01   8.83e-01   5.63e-13   4.44e-08   4.82e-26   
5.62341e+06  6.51e-19   1.22e-01   8.78e-01   5.59e-13   4.39e-08   4.79e-26   
6.49382e+06  5.90e-19   1.54e-01   8.46e-01   5.34e-13   4.10e-08   4.56e-26   
7.49894e+06  9.36e-18   2.24e-01   7.76e-01   8.50e-13   2.14e-06   7.26e-26   
8.65964e+06  6.02e-19   1.44e-01   8.56e-01   5.42e-13   4.19e-08   4.64e-26   
1.00000e+07  6.83e-19   1.11e-01   8.89e-01   5.67e-13   4.48e-08   4.85e-26   
1.15478e+07  6.28e-19   1.31e-01   8.69e-01   5.52e-13   4.31e-08   4.73e-26   
1.33352e+07  6.94e-19   1.80e-01   8.20e-01   4.94e-13   3.92e-08   4.22e-26   
1.53993e+07  5.85e-19   1.67e-01   8.33e-01   5.20e-13   3.95e-08   4.45e-26   
1.77828e+07  5.97e-18   1.98e-01   8.02e-01   7.05e-13   2.40e-07   6.03e-26   
2.05353e+07  5.85e-19   1.64e-01   8.36e-01   5.21e-13   3.96e-08   4.46e-26   
2.37137e+07  1.02e-17   2.19e-01   7.81e-01   8.67e-13   2.48e-06   7.42e-26   
2.73842e+07  9.90e-18   2.22e-01   7.78e-01   8.64e-13   2.40e-06   7.38e-26   
