! 0       *OH + *CO -> *CO2 + *H
! 1       *H + *HOCO -> *H2 + *CO2
! 2       *N + *HOCO -> *NH + *CO2
! 3       CO2 + GRAIN -> *CO2 + GRAIN
! 4       *O + *CO -> *CO2
! 5       *O + *HCO -> *CO2 + *H
! 6       *O + *HOCO -> *OH + *CO2
! 7       *HCOOCH3 + CRPhoton -> *CO2 + *CH4
! 8       *HCOOCH3 + CRPhoton -> *CO2 + *CH3 + *H
! 9       *HCOOH + ISPhoton -> *CO2 + *H + *H
!            tot_rate   0          1          2          3          4          5          6          7          8          9          
1.00000e+00  8.40e-17   9.59e-01   9.97e-04   2.75e-02   7.29e-04   1.09e-02   1.01e-03   6.53e-10   2.55e-15   6.38e-16   3.41e-19   
1.15478e+00  1.51e-16   9.61e-01   1.17e-03   2.76e-02   5.35e-04   9.27e-03   8.35e-04   8.68e-10   3.39e-15   8.48e-16   4.60e-19   
1.33352e+00  2.71e-16   9.62e-01   1.36e-03   2.76e-02   3.94e-04   7.96e-03   6.89e-04   1.16e-09   4.42e-15   1.10e-15   6.23e-19   
1.53993e+00  4.87e-16   9.63e-01   1.62e-03   2.77e-02   2.92e-04   6.82e-03   5.69e-04   1.54e-09   5.63e-15   1.41e-15   8.42e-19   
1.77828e+00  8.76e-16   9.64e-01   1.91e-03   2.79e-02   2.17e-04   5.82e-03   4.65e-04   2.04e-09   7.06e-15   1.76e-15   1.14e-18   
2.05353e+00  1.58e-15   9.64e-01   2.24e-03   2.79e-02   1.61e-04   4.97e-03   3.77e-04   2.72e-09   8.69e-15   2.17e-15   1.55e-18   
2.37137e+00  2.82e-15   9.65e-01   2.66e-03   2.81e-02   1.20e-04   4.26e-03   3.06e-04   3.62e-09   1.06e-14   2.66e-15   2.11e-18   
2.73842e+00  5.04e-15   9.64e-01   3.16e-03   2.84e-02   8.83e-05   3.63e-03   2.46e-04   4.80e-09   1.28e-14   3.21e-15   2.90e-18   
3.16228e+00  8.95e-15   9.64e-01   3.74e-03   2.86e-02   6.50e-05   3.10e-03   1.99e-04   6.40e-09   1.54e-14   3.87e-15   3.98e-18   
3.65174e+00  1.58e-14   9.64e-01   4.48e-03   2.90e-02   4.77e-05   2.64e-03   1.60e-04   8.56e-09   1.85e-14   4.63e-15   5.50e-18   
4.21697e+00  2.73e-14   9.63e-01   5.42e-03   2.96e-02   3.52e-05   2.27e-03   1.30e-04   1.15e-08   2.23e-14   5.60e-15   7.72e-18   
4.86968e+00  4.65e-14   9.61e-01   6.56e-03   3.03e-02   2.60e-05   1.94e-03   1.07e-04   1.54e-08   2.71e-14   6.77e-15   1.09e-17   
5.62341e+00  7.69e-14   9.59e-01   8.06e-03   3.15e-02   1.95e-05   1.68e-03   8.98e-05   2.08e-08   3.34e-14   8.35e-15   1.57e-17   
6.49382e+00  1.21e-13   9.55e-01   1.01e-02   3.33e-02   1.50e-05   1.46e-03   7.79e-05   2.86e-08   4.26e-14   1.06e-14   2.34e-17   
7.49894e+00  1.83e-13   9.50e-01   1.28e-02   3.55e-02   1.19e-05   1.26e-03   7.05e-05   3.94e-08   5.63e-14   1.41e-14   3.54e-17   
8.65964e+00  2.59e-13   9.44e-01   1.64e-02   3.86e-02   9.83e-06   1.10e-03   6.69e-05   5.49e-08   7.81e-14   1.96e-14   5.53e-17   
1.00000e+01  3.39e-13   9.35e-01   2.14e-02   4.28e-02   8.61e-06   9.58e-04   6.78e-05   7.81e-08   1.16e-13   2.89e-14   8.88e-17   
1.15478e+01  4.15e-13   9.23e-01   2.80e-02   4.80e-02   8.00e-06   8.34e-04   7.33e-05   1.11e-07   1.81e-13   4.53e-14   1.45e-16   
1.33352e+01  4.83e-13   9.10e-01   3.58e-02   5.34e-02   7.67e-06   7.20e-04   8.19e-05   1.56e-07   2.94e-13   7.32e-14   2.34e-16   
1.53993e+01  5.52e-13   8.97e-01   4.46e-02   5.80e-02   7.45e-06   6.16e-04   9.24e-05   2.10e-07   4.78e-13   1.19e-13   3.68e-16   
1.77828e+01  6.28e-13   8.84e-01   5.41e-02   6.15e-02   7.21e-06   5.27e-04   1.03e-04   2.75e-07   7.71e-13   1.93e-13   5.53e-16   
2.05353e+01  7.18e-13   8.72e-01   6.40e-02   6.38e-02   6.92e-06   4.48e-04   1.13e-04   3.48e-07   1.22e-12   3.04e-13   8.01e-16   
2.37137e+01  8.25e-13   8.60e-01   7.46e-02   6.52e-02   6.63e-06   3.81e-04   1.21e-04   4.26e-07   1.88e-12   4.70e-13   1.13e-15   
2.73842e+01  9.48e-13   8.47e-01   8.61e-02   6.64e-02   6.37e-06   3.24e-04   1.28e-04   5.10e-07   2.86e-12   7.16e-13   1.55e-15   
3.16228e+01  1.09e-12   8.33e-01   9.89e-02   6.73e-02   6.15e-06   2.75e-04   1.31e-04   5.91e-07   4.27e-12   1.06e-12   2.11e-15   
3.65174e+01  1.26e-12   8.19e-01   1.13e-01   6.81e-02   5.99e-06   2.33e-04   1.30e-04   6.65e-07   6.23e-12   1.56e-12   2.84e-15   
4.21697e+01  1.46e-12   8.03e-01   1.28e-01   6.87e-02   5.86e-06   1.97e-04   1.23e-04   7.14e-07   8.86e-12   2.22e-12   3.77e-15   
4.86968e+01  1.68e-12   7.85e-01   1.45e-01   6.96e-02   5.80e-06   1.67e-04   1.11e-04   7.37e-07   1.23e-11   3.08e-12   4.99e-15   
5.62341e+01  1.95e-12   7.66e-01   1.63e-01   7.04e-02   5.81e-06   1.42e-04   9.20e-05   7.04e-07   1.66e-11   4.14e-12   6.58e-15   
6.49382e+01  2.26e-12   7.45e-01   1.84e-01   7.09e-02   5.81e-06   1.21e-04   6.78e-05   6.03e-07   2.13e-11   5.32e-12   8.60e-15   
7.49894e+01  2.62e-12   7.20e-01   2.07e-01   7.20e-02   5.87e-06   1.02e-04   4.00e-05   4.31e-07   2.55e-11   6.37e-12   1.12e-14   
8.65964e+01  3.05e-12   6.94e-01   2.33e-01   7.30e-02   5.96e-06   8.64e-05   1.47e-05   2.09e-07   2.77e-11   6.94e-12   1.45e-14   
1.00000e+02  3.38e-12   6.60e-01   2.64e-01   7.57e-02   6.39e-06   7.16e-05   8.73e-07   2.49e-08   2.72e-11   6.80e-12   1.98e-14   
1.15478e+02  1.00e-14   7.45e-01   2.33e-01   1.95e-02   2.55e-03   7.19e-05   2.39e-12   1.78e-15   9.21e-09   2.30e-09   7.71e-12   
1.33352e+02  1.61e-14   7.47e-01   2.38e-01   1.24e-02   1.88e-03   7.10e-05   9.78e-13   1.01e-15   5.73e-09   1.43e-09   4.81e-12   
1.53993e+02  1.76e-14   7.49e-01   2.42e-01   7.03e-03   2.01e-03   6.92e-05   5.73e-13   5.24e-16   5.21e-09   1.30e-09   4.38e-12   
1.77828e+02  1.51e-14   7.49e-01   2.45e-01   3.21e-03   2.74e-03   6.83e-05   3.89e-13   2.24e-16   6.07e-09   1.52e-09   5.14e-12   
2.05353e+02  9.99e-15   7.48e-01   2.46e-01   1.00e-03   4.74e-03   6.68e-05   2.91e-13   6.72e-17   9.15e-09   2.28e-09   7.78e-12   
2.37137e+02  6.40e-15   7.46e-01   2.45e-01   3.08e-04   8.32e-03   6.60e-05   2.45e-13   2.02e-17   1.43e-08   3.56e-09   1.22e-11   
2.73842e+02  4.69e-15   7.42e-01   2.45e-01   1.22e-04   1.26e-02   6.50e-05   2.20e-13   7.91e-18   1.94e-08   4.86e-09   1.66e-11   
3.16228e+02  3.66e-15   7.38e-01   2.44e-01   5.39e-05   1.77e-02   6.43e-05   2.01e-13   3.45e-18   2.49e-08   6.23e-09   2.13e-11   
3.65174e+02  2.94e-15   7.34e-01   2.42e-01   2.44e-05   2.42e-02   6.32e-05   1.88e-13   1.55e-18   3.11e-08   7.78e-09   2.65e-11   
4.21697e+02  2.42e-15   7.27e-01   2.40e-01   1.10e-05   3.29e-02   6.20e-05   1.81e-13   6.90e-19   3.84e-08   9.59e-09   3.22e-11   
4.86968e+02  2.01e-15   7.18e-01   2.37e-01   4.87e-06   4.52e-02   6.08e-05   1.80e-13   3.05e-19   4.71e-08   1.18e-08   3.89e-11   
5.62341e+02  1.67e-15   7.05e-01   2.32e-01   2.04e-06   6.28e-02   5.85e-05   1.82e-13   1.28e-19   5.73e-08   1.43e-08   4.67e-11   
6.49382e+02  1.34e-15   6.82e-01   2.25e-01   7.39e-07   9.27e-02   5.57e-05   1.85e-13   4.64e-20   7.17e-08   1.79e-08   5.84e-11   
7.49894e+02  9.32e-16   6.34e-01   2.09e-01   1.73e-07   1.57e-01   5.07e-05   1.77e-13   1.09e-20   1.02e-07   2.55e-08   8.37e-11   
8.65964e+02  3.87e-16   4.21e-01   1.39e-01   5.07e-09   4.39e-01   3.28e-05   1.20e-13   3.21e-22   2.45e-07   6.13e-08   2.02e-10   
1.00000e+03  3.08e-16   2.71e-01   8.93e-02   4.94e-10   6.40e-01   2.05e-05   7.73e-14   3.15e-23   3.06e-07   7.63e-08   2.53e-10   
1.15478e+03  3.60e-16   2.92e-01   9.62e-02   4.76e-10   6.12e-01   2.14e-05   8.31e-14   3.09e-23   2.60e-07   6.51e-08   2.16e-10   
1.33352e+03  4.26e-16   3.17e-01   1.05e-01   4.79e-10   5.78e-01   2.23e-05   9.02e-14   3.12e-23   2.19e-07   5.47e-08   1.83e-10   
1.53993e+03  5.25e-16   3.37e-01   1.11e-01   4.80e-10   5.52e-01   2.26e-05   9.54e-14   3.18e-23   1.78e-07   4.45e-08   1.48e-10   
1.77828e+03  7.09e-16   3.30e-01   1.09e-01   4.55e-10   5.61e-01   2.10e-05   9.28e-14   3.03e-23   1.34e-07   3.36e-08   1.09e-10   
2.05353e+03  1.11e-15   2.80e-01   9.21e-02   3.80e-10   6.28e-01   1.68e-05   7.76e-14   2.54e-23   9.21e-08   2.30e-08   6.99e-11   
2.37137e+03  1.91e-15   2.14e-01   7.05e-02   2.88e-10   7.16e-01   1.19e-05   5.80e-14   1.93e-23   6.58e-08   1.65e-08   4.04e-11   
2.73842e+03  3.06e-15   1.76e-01   5.82e-02   2.35e-10   7.65e-01   9.00e-06   4.55e-14   1.62e-23   5.76e-08   1.44e-08   2.53e-11   
3.16228e+03  4.29e-15   1.61e-01   5.31e-02   2.01e-10   7.86e-01   7.55e-06   3.94e-14   1.51e-23   5.62e-08   1.40e-08   1.80e-11   
3.65174e+03  5.47e-15   1.56e-01   5.13e-02   1.67e-10   7.93e-01   6.70e-06   3.58e-14   1.45e-23   5.50e-08   1.37e-08   1.41e-11   
4.21697e+03  6.51e-15   1.55e-01   5.15e-02   1.37e-10   7.93e-01   6.23e-06   3.38e-14   1.41e-23   5.35e-08   1.34e-08   1.18e-11   
4.86968e+03  7.31e-15   1.60e-01   5.27e-02   1.13e-10   7.87e-01   5.95e-06   3.29e-14   1.38e-23   5.23e-08   1.31e-08   1.06e-11   
5.62341e+03  7.81e-15   1.66e-01   5.51e-02   9.55e-11   7.78e-01   5.84e-06   3.27e-14   1.37e-23   5.15e-08   1.29e-08   9.90e-12   
6.49382e+03  8.04e-15   1.75e-01   5.80e-02   8.39e-11   7.67e-01   5.81e-06   3.27e-14   1.34e-23   5.13e-08   1.28e-08   9.66e-12   
7.49894e+03  7.97e-15   1.86e-01   6.14e-02   7.63e-11   7.53e-01   5.84e-06   3.31e-14   1.29e-23   5.17e-08   1.29e-08   9.79e-12   
8.65964e+03  7.68e-15   1.97e-01   6.47e-02   7.06e-11   7.39e-01   5.86e-06   3.33e-14   1.23e-23   5.26e-08   1.32e-08   1.02e-11   
1.00000e+04  7.20e-15   2.06e-01   6.78e-02   6.49e-11   7.27e-01   5.82e-06   3.33e-14   1.14e-23   5.39e-08   1.35e-08   1.10e-11   
1.15478e+04  6.62e-15   2.11e-01   6.99e-02   5.80e-11   7.19e-01   5.68e-06   3.26e-14   1.01e-23   5.54e-08   1.38e-08   1.20e-11   
1.33352e+04  6.02e-15   2.12e-01   7.04e-02   4.96e-11   7.17e-01   5.40e-06   3.12e-14   8.57e-24   5.64e-08   1.41e-08   1.33e-11   
1.53993e+04  5.45e-15   2.09e-01   6.92e-02   4.09e-11   7.21e-01   4.99e-06   2.90e-14   7.05e-24   5.69e-08   1.42e-08   1.48e-11   
1.77828e+04  4.96e-15   2.01e-01   6.64e-02   3.25e-11   7.33e-01   4.48e-06   2.62e-14   5.65e-24   5.63e-08   1.41e-08   1.63e-11   
2.05353e+04  4.56e-15   1.89e-01   6.25e-02   2.52e-11   7.48e-01   3.95e-06   2.33e-14   4.50e-24   5.44e-08   1.36e-08   1.77e-11   
2.37137e+04  4.22e-15   1.78e-01   5.86e-02   1.95e-11   7.64e-01   3.46e-06   2.05e-14   3.63e-24   5.19e-08   1.30e-08   1.91e-11   
2.73842e+04  3.88e-15   1.68e-01   5.54e-02   1.54e-11   7.76e-01   3.07e-06   1.83e-14   3.04e-24   4.95e-08   1.24e-08   2.06e-11   
3.16228e+04  3.53e-15   1.62e-01   5.33e-02   1.25e-11   7.85e-01   2.77e-06   1.67e-14   2.64e-24   4.76e-08   1.19e-08   2.24e-11   
3.65174e+04  3.12e-15   1.58e-01   5.23e-02   1.04e-11   7.89e-01   2.57e-06   1.57e-14   2.38e-24   4.68e-08   1.17e-08   2.50e-11   
4.21697e+04  2.67e-15   1.58e-01   5.24e-02   8.90e-12   7.89e-01   2.44e-06   1.50e-14   2.21e-24   4.64e-08   1.16e-08   2.85e-11   
4.86968e+04  2.21e-15   1.60e-01   5.29e-02   7.78e-12   7.87e-01   2.36e-06   1.47e-14   2.12e-24   4.66e-08   1.17e-08   3.35e-11   
5.62341e+04  1.75e-15   1.67e-01   5.50e-02   6.98e-12   7.78e-01   2.34e-06   1.49e-14   2.10e-24   4.72e-08   1.18e-08   4.10e-11   
6.49382e+04  1.31e-15   1.77e-01   5.84e-02   6.40e-12   7.65e-01   2.38e-06   1.55e-14   2.14e-24   4.78e-08   1.19e-08   5.22e-11   
7.49894e+04  9.21e-16   1.93e-01   6.38e-02   6.09e-12   7.43e-01   2.49e-06   1.67e-14   2.27e-24   4.84e-08   1.21e-08   7.01e-11   
8.65964e+04  6.03e-16   2.19e-01   7.22e-02   6.07e-12   7.09e-01   2.71e-06   1.88e-14   2.54e-24   4.90e-08   1.22e-08   9.98e-11   
1.00000e+05  3.63e-16   2.59e-01   8.56e-02   6.38e-12   6.55e-01   3.08e-06   2.22e-14   3.00e-24   4.95e-08   1.24e-08   1.52e-10   
1.15478e+05  2.05e-16   3.19e-01   1.05e-01   6.98e-12   5.76e-01   3.65e-06   2.73e-14   3.69e-24   4.88e-08   1.22e-08   2.42e-10   
1.33352e+05  1.10e-16   4.02e-01   1.33e-01   7.79e-12   4.65e-01   4.46e-06   3.46e-14   4.69e-24   4.65e-08   1.16e-08   3.98e-10   
1.53993e+05  5.97e-17   5.04e-01   1.66e-01   8.45e-12   3.30e-01   5.46e-06   4.34e-14   5.89e-24   4.10e-08   1.03e-08   6.31e-10   
1.77828e+05  3.42e-17   6.06e-01   2.01e-01   8.70e-12   1.93e-01   6.50e-06   5.24e-14   7.09e-24   3.34e-08   8.35e-09   9.25e-10   
2.05353e+05  1.85e-17   7.08e-01   2.35e-01   8.65e-12   5.73e-02   7.68e-06   6.16e-14   8.16e-24   2.44e-08   6.11e-09   1.39e-09   
2.37137e+05  8.50e-18   7.47e-01   2.46e-01   7.62e-12   7.62e-03   8.23e-06   6.46e-14   8.15e-24   5.14e-09   1.28e-09   2.39e-09   
2.73842e+05  7.95e-18   7.46e-01   2.47e-01   6.68e-12   7.23e-03   8.17e-06   6.44e-14   8.23e-24   1.64e-09   4.08e-10   1.94e-09   
3.16228e+05  7.94e-18   7.46e-01   2.47e-01   6.07e-12   6.85e-03   8.17e-06   6.44e-14   8.24e-24   1.32e-09   3.32e-10   1.41e-09   
3.65174e+05  8.02e-18   7.47e-01   2.47e-01   5.68e-12   6.54e-03   8.16e-06   6.44e-14   8.25e-24   1.18e-09   2.95e-10   9.71e-10   
4.21697e+05  8.08e-18   7.47e-01   2.46e-01   5.49e-12   6.32e-03   8.18e-06   6.46e-14   8.28e-24   1.06e-09   2.65e-10   6.42e-10   
4.86968e+05  8.16e-18   7.48e-01   2.46e-01   5.39e-12   6.16e-03   8.19e-06   6.46e-14   8.30e-24   9.61e-10   2.40e-10   4.08e-10   
5.62341e+05  8.24e-18   7.48e-01   2.46e-01   5.35e-12   6.08e-03   8.18e-06   6.46e-14   8.31e-24   8.86e-10   2.21e-10   2.54e-10   
6.49382e+05  8.34e-18   7.47e-01   2.47e-01   5.34e-12   6.10e-03   8.18e-06   6.45e-14   8.33e-24   8.44e-10   2.11e-10   1.58e-10   
7.49894e+05  8.48e-18   7.47e-01   2.46e-01   5.34e-12   6.34e-03   8.17e-06   6.45e-14   8.35e-24   8.64e-10   2.16e-10   1.07e-10   
8.65964e+05  3.40e-17   5.29e-01   1.74e-01   3.55e-12   2.97e-01   5.32e-06   4.55e-14   6.67e-24   1.50e-08   3.76e-09   2.49e-11   
1.00000e+06  1.96e-17   6.84e-01   2.25e-01   4.90e-12   9.04e-02   7.20e-06   5.92e-14   8.02e-24   1.88e-08   4.70e-09   6.49e-11   
1.15478e+06  8.07e-18   7.47e-01   2.47e-01   5.31e-12   6.50e-03   8.18e-06   6.45e-14   8.27e-24   1.17e-09   2.92e-10   9.67e-11   
1.33352e+06  8.28e-18   7.48e-01   2.46e-01   5.33e-12   6.12e-03   8.18e-06   6.45e-14   8.31e-24   9.15e-10   2.29e-10   7.21e-11   
1.53993e+06  8.60e-18   7.47e-01   2.47e-01   5.35e-12   6.68e-03   8.15e-06   6.46e-14   8.36e-24   9.51e-10   2.38e-10   6.54e-11   
1.77828e+06  8.97e-18   7.47e-01   2.46e-01   5.33e-12   7.11e-03   8.24e-06   6.46e-14   8.18e-24   8.36e-09   2.08e-09   1.27e-10   
2.05353e+06  8.26e-18   7.47e-01   2.47e-01   5.33e-12   6.15e-03   8.18e-06   6.45e-14   8.30e-24   9.49e-10   2.37e-10   7.34e-11   
2.37137e+06  3.67e-17   5.27e-01   1.73e-01   3.55e-12   3.00e-01   5.32e-06   4.53e-14   6.60e-24   1.87e-08   4.67e-09   2.35e-11   
2.73842e+06  8.20e-18   7.47e-01   2.46e-01   5.33e-12   6.22e-03   8.18e-06   6.45e-14   8.29e-24   1.01e-09   2.52e-10   7.80e-11   
3.16228e+06  3.00e-17   5.89e-01   1.95e-01   4.16e-12   2.16e-01   6.09e-06   5.09e-14   7.19e-24   2.18e-08   5.46e-09   3.76e-11   
3.65174e+06  8.41e-18   7.48e-01   2.46e-01   5.35e-12   6.22e-03   8.18e-06   6.45e-14   8.33e-24   8.88e-10   2.22e-10   6.76e-11   
4.21697e+06  8.22e-18   7.47e-01   2.47e-01   5.33e-12   6.20e-03   8.17e-06   6.45e-14   8.28e-24   1.00e-09   2.49e-10   7.74e-11   
4.86968e+06  8.11e-18   7.47e-01   2.47e-01   5.33e-12   6.42e-03   8.17e-06   6.45e-14   8.28e-24   1.14e-09   2.85e-10   8.97e-11   
5.62341e+06  8.14e-18   7.47e-01   2.47e-01   5.32e-12   6.36e-03   8.17e-06   6.45e-14   8.28e-24   1.10e-09   2.75e-10   8.63e-11   
6.49382e+06  8.29e-18   7.48e-01   2.46e-01   5.33e-12   6.14e-03   8.18e-06   6.45e-14   8.31e-24   9.31e-10   2.33e-10   7.19e-11   
7.49894e+06  3.31e-17   5.31e-01   1.76e-01   3.59e-12   2.93e-01   5.34e-06   4.59e-14   6.73e-24   1.44e-08   3.62e-09   2.09e-11   
8.65964e+06  8.24e-18   7.47e-01   2.46e-01   5.33e-12   6.18e-03   8.18e-06   6.46e-14   8.30e-24   9.70e-10   2.43e-10   7.50e-11   
1.00000e+07  8.08e-18   7.47e-01   2.46e-01   5.32e-12   6.52e-03   8.18e-06   6.46e-14   8.28e-24   1.19e-09   2.96e-10   9.46e-11   
1.15478e+07  8.18e-18   7.47e-01   2.47e-01   5.33e-12   6.26e-03   8.18e-06   6.45e-14   8.29e-24   1.04e-09   2.60e-10   8.08e-11   
1.33352e+07  8.66e-18   7.47e-01   2.46e-01   5.36e-12   6.93e-03   8.15e-06   6.45e-14   8.38e-24   1.01e-09   2.53e-10   6.50e-11   
1.53993e+07  8.38e-18   7.47e-01   2.47e-01   5.33e-12   6.17e-03   8.17e-06   6.45e-14   8.32e-24   8.96e-10   2.24e-10   6.85e-11   
1.77828e+07  1.75e-17   6.29e-01   2.07e-01   4.36e-12   1.64e-01   6.57e-06   5.39e-14   7.43e-24   3.05e-09   7.60e-10   3.27e-11   
2.05353e+07  8.35e-18   7.47e-01   2.47e-01   5.34e-12   6.17e-03   8.18e-06   6.45e-14   8.32e-24   9.02e-10   2.25e-10   6.92e-11   
2.37137e+07  3.66e-17   5.24e-01   1.73e-01   3.55e-12   3.03e-01   5.30e-06   4.50e-14   6.58e-24   1.83e-08   4.59e-09   2.29e-11   
2.73842e+07  3.57e-17   5.24e-01   1.73e-01   3.53e-12   3.03e-01   5.27e-06   4.51e-14   6.62e-24   1.68e-08   4.21e-09   2.16e-11   
