! 0       CH3OCH2 + H2 -> H2CO + CH3 + H2
! 1       CH3OCH2 + H -> CH3CHO + H2
! 2       CH3OCH2 + O -> HCOOCH3 + H
! 3       CH3OCH2 + HCO+ -> CO + CH3OCH3+
! 4       CH3OCH2 + H3O+ -> H2O + CH3OCH3+
! 5       CH3OCH2 + H3+ -> H2 + CH3OCH3+
! 6       CH3OCH2 + GRAIN -> *CH3OCH2 + GRAIN
! 7       CH3OCH2 + CRPhoton -> H2CO + CH3
! 8       CH3OCH2 + He+ -> CH2 + He + H3CO+
! 9       CH3OCH2 + C+ -> C + CH3CHOH+
!            tot_rate   0          1          2          3          4          5          6          7          8          9          
1.34508e+014 1.56e-021  0.00e+000  5.92e-001  3.66e-001  9.59e-003  5.38e-003  9.01e-003  2.03e-004  3.44e-004  3.12e-003  1.46e-002  
8.00271e+015 1.56e-021  0.00e+000  5.92e-001  3.66e-001  9.59e-003  5.38e-003  9.01e-003  2.03e-004  3.44e-004  3.12e-003  1.46e-002  
7.87466e+016 1.75e-021  0.00e+000  5.98e-001  3.70e-001  5.98e-003  3.59e-003  8.04e-003  4.74e-004  3.48e-004  2.55e-003  1.07e-002  
1.06312e+017 3.72e-021  0.00e+000  6.10e-001  3.79e-001  2.43e-003  9.97e-004  2.68e-003  1.65e-003  3.55e-004  5.62e-004  2.48e-003  
1.09855e+017 4.06e-021  0.00e+000  6.06e-001  3.84e-001  2.91e-003  1.11e-003  1.77e-003  1.11e-003  3.52e-004  3.52e-004  2.31e-003  
1.10673e+017 4.09e-021  0.00e+000  6.04e-001  3.86e-001  3.03e-003  1.14e-003  1.62e-003  9.44e-004  3.50e-004  3.47e-004  2.33e-003  
1.11398e+017 4.09e-021  0.00e+000  6.01e-001  3.89e-001  3.18e-003  1.18e-003  1.62e-003  8.02e-004  3.50e-004  3.47e-004  2.30e-003  
1.12221e+017 4.07e-021  0.00e+000  5.97e-001  3.93e-001  3.34e-003  1.22e-003  1.62e-003  6.49e-004  3.47e-004  3.47e-004  1.88e-003  
1.12812e+017 4.03e-021  0.00e+000  5.95e-001  3.97e-001  3.49e-003  1.25e-003  1.62e-003  5.48e-004  3.47e-004  3.47e-004  1.00e-003  
1.13349e+017 4.00e-021  0.00e+000  5.92e-001  4.00e-001  3.65e-003  1.28e-003  1.62e-003  4.65e-004  3.45e-004  3.47e-004  2.23e-004  
1.13938e+017 3.97e-021  0.00e+000  5.87e-001  4.05e-001  3.83e-003  1.30e-003  1.61e-003  3.80e-004  3.40e-004  3.45e-004  1.53e-005  
1.14626e+017 3.91e-021  0.00e+000  5.80e-001  4.12e-001  4.04e-003  1.34e-003  1.60e-003  2.99e-004  3.35e-004  3.45e-004  5.14e-006  
1.15112e+017 3.87e-021  0.00e+000  5.73e-001  4.18e-001  4.18e-003  1.38e-003  1.59e-003  2.52e-004  3.33e-004  3.44e-004  3.25e-006  
1.15530e+017 3.83e-021  0.00e+000  5.69e-001  4.23e-001  4.31e-003  1.43e-003  1.59e-003  2.16e-004  3.29e-004  3.42e-004  2.35e-006  
1.16007e+017 3.79e-021  5.99e-073  5.62e-001  4.30e-001  4.43e-003  1.48e-003  1.58e-003  1.81e-004  3.24e-004  3.40e-004  2.03e-006  
1.16507e+017 3.75e-021  9.28e-057  5.52e-001  4.40e-001  4.58e-003  1.55e-003  1.57e-003  1.51e-004  3.20e-004  3.36e-004  2.02e-006  
1.17040e+017 3.72e-021  3.63e-042  5.43e-001  4.49e-001  4.73e-003  1.62e-003  1.54e-003  1.25e-004  3.14e-004  3.30e-004  2.01e-006  
1.17511e+017 3.69e-021  7.10e-032  5.34e-001  4.58e-001  4.87e-003  1.69e-003  1.51e-003  1.08e-004  3.09e-004  3.25e-004  2.00e-006  
1.17806e+017 3.67e-021  1.18e-026  5.28e-001  4.63e-001  4.96e-003  1.74e-003  1.49e-003  9.83e-005  3.05e-004  3.21e-004  2.00e-006  
1.18134e+017 3.65e-021  7.06e-022  5.23e-001  4.68e-001  5.06e-003  1.79e-003  1.45e-003  8.95e-005  3.01e-004  3.15e-004  2.00e-006  
1.18488e+017 3.64e-021  1.16e-017  5.16e-001  4.75e-001  5.19e-003  1.84e-003  1.40e-003  8.18e-005  2.96e-004  3.05e-004  2.01e-006  
1.18867e+017 3.67e-021  6.21e-014  5.09e-001  4.82e-001  5.31e-003  1.88e-003  1.32e-003  7.49e-005  2.94e-004  2.91e-004  2.00e-006  
1.19273e+017 3.85e-021  1.50e-010  5.02e-001  4.89e-001  5.41e-003  1.93e-003  1.22e-003  6.89e-005  2.89e-004  2.70e-004  1.97e-006  
1.19721e+017 4.88e-021  1.97e-007  4.95e-001  4.95e-001  5.49e-003  1.97e-003  1.10e-003  6.41e-005  2.85e-004  2.44e-004  1.91e-006  
1.20205e+017 1.18e-020  9.86e-005  4.86e-001  5.05e-001  5.52e-003  1.99e-003  9.69e-004  6.00e-005  2.78e-004  2.17e-004  1.79e-006  
1.20720e+017 5.80e-020  1.48e-002  4.71e-001  5.05e-001  5.38e-003  1.98e-003  8.61e-004  5.62e-005  2.69e-004  1.91e-004  1.63e-006  
1.21274e+017 6.03e-019  4.41e-001  2.64e-001  2.90e-001  2.94e-003  1.17e-003  4.49e-004  3.09e-005  1.49e-004  9.95e-005  8.56e-007  
1.21854e+017 2.65e-017  9.37e-001  2.98e-002  3.27e-002  3.09e-004  1.44e-004  4.76e-005  3.47e-006  1.67e-005  1.07e-005  9.18e-008  
1.22444e+017 2.84e-016  9.92e-001  4.25e-003  4.11e-003  3.80e-005  2.34e-005  6.22e-006  4.89e-007  2.32e-006  1.42e-006  1.22e-008  
1.22701e+017 9.77e-018  0.00e+000  5.13e-001  4.87e-001  0.00e+000  0.00e+000  0.00e+000  1.66e-004  0.00e+000  0.00e+000  0.00e+000  
