! 0       *NH3 + He -> NH3 + He
! 1       *NH3 + H2 -> NH3 + H2
! 2       *NH3 + CO -> NH3 + CO
! 3       *NH3 + CRPhoton -> *NH + *H2
! 4       *NH3 + CRPhoton -> *NH2 + *H
! 5       *NH3 + CRPhoton -> *NH + *H + *H
! 6       *NH3 + CRPhoton -> *NH2 + *H
! 7       *NH3 + ISPhoton -> *NH2 + *H
! 8       *NH3 + ISPhoton -> *NH + *H2
! 9       *NH3 + ISPhoton -> NH3
!            tot_rate   0          1          2          3          4          5          6          7          8          9          
1.34508e+014 1.48e-015  0.00e+000  0.00e+000  0.00e+000  4.88e-001  3.11e-001  8.12e-002  8.12e-002  2.19e-002  1.62e-002  3.13e-004  
8.00271e+015 1.48e-015  0.00e+000  0.00e+000  0.00e+000  4.88e-001  3.11e-001  8.12e-002  8.12e-002  2.19e-002  1.62e-002  3.13e-004  
7.87466e+016 1.49e-015  0.00e+000  0.00e+000  0.00e+000  4.88e-001  3.10e-001  8.15e-002  8.15e-002  2.19e-002  1.62e-002  3.12e-004  
1.06312e+017 1.54e-015  0.00e+000  0.00e+000  0.00e+000  4.88e-001  3.11e-001  8.13e-002  8.13e-002  2.19e-002  1.62e-002  3.14e-004  
1.09855e+017 1.58e-015  0.00e+000  0.00e+000  8.56e-013  4.88e-001  3.11e-001  8.12e-002  8.12e-002  2.19e-002  1.62e-002  3.16e-004  
1.10673e+017 1.59e-015  0.00e+000  0.00e+000  2.10e-006  4.88e-001  3.10e-001  8.15e-002  8.15e-002  2.19e-002  1.62e-002  3.16e-004  
1.11398e+017 1.62e-015  0.00e+000  0.00e+000  8.98e-003  4.84e-001  3.08e-001  8.06e-002  8.06e-002  2.17e-002  1.60e-002  3.14e-004  
1.12221e+017 1.99e-015  4.89e-071  0.00e+000  1.79e-001  4.00e-001  2.55e-001  6.68e-002  6.68e-002  1.80e-002  1.33e-002  2.61e-004  
1.12812e+017 3.08e-015  2.07e-060  0.00e+000  4.62e-001  2.63e-001  1.67e-001  4.39e-002  4.39e-002  1.18e-002  8.71e-003  1.72e-004  
1.13349e+017 5.36e-015  6.38e-044  4.95e-077  6.87e-001  1.53e-001  9.73e-002  2.54e-002  2.54e-002  6.87e-003  5.06e-003  1.00e-004  
1.13938e+017 1.06e-014  2.36e-025  3.50e-059  8.39e-001  7.84e-002  4.99e-002  1.31e-002  1.31e-002  3.52e-003  2.59e-003  5.16e-005  
1.14626e+017 2.50e-014  2.42e-016  2.46e-039  9.30e-001  3.43e-002  2.18e-002  5.73e-003  5.73e-003  1.54e-003  1.14e-003  2.27e-005  
1.15112e+017 4.43e-014  9.96e-007  1.15e-025  9.59e-001  1.98e-002  1.26e-002  3.30e-003  3.30e-003  8.89e-004  6.55e-004  1.31e-005  
1.15530e+017 7.16e-014  8.74e-004  2.14e-018  9.73e-001  1.25e-002  7.96e-003  2.08e-003  2.08e-003  5.63e-004  4.15e-004  8.35e-006  
1.16007e+017 1.31e-013  7.85e-002  2.33e-012  9.07e-001  7.04e-003  4.48e-003  1.17e-003  1.17e-003  3.17e-004  2.33e-004  4.73e-006  
1.16507e+017 3.87e-013  4.75e-001  3.82e-007  5.19e-001  2.48e-003  1.58e-003  4.13e-004  4.13e-004  1.11e-004  8.22e-005  1.67e-006  
1.17040e+017 1.42e-012  7.60e-001  5.85e-004  2.38e-001  7.10e-004  4.51e-004  1.18e-004  1.18e-004  3.19e-005  2.35e-005  4.80e-007  
1.17511e+017 4.09e-012  8.62e-001  9.45e-003  1.28e-001  2.59e-004  1.64e-004  4.31e-005  4.31e-005  1.16e-005  8.57e-006  1.77e-007  
1.17806e+017 7.16e-012  8.83e-001  2.19e-002  9.52e-002  1.52e-004  9.66e-005  2.53e-005  2.53e-005  6.83e-006  5.04e-006  1.06e-007  
1.18134e+017 1.27e-011  8.71e-001  5.71e-002  7.14e-002  8.79e-005  5.62e-005  1.47e-005  1.47e-005  3.97e-006  2.93e-006  6.25e-008  
1.18488e+017 2.23e-011  8.42e-001  1.02e-001  5.55e-002  5.20e-005  3.31e-005  8.65e-006  8.65e-006  2.34e-006  1.72e-006  3.80e-008  
1.18867e+017 3.95e-011  8.17e-001  1.40e-001  4.35e-002  3.01e-005  1.91e-005  5.01e-006  5.01e-006  1.35e-006  9.96e-007  2.31e-008  
1.19273e+017 6.77e-011  7.86e-001  1.79e-001  3.54e-002  1.77e-005  1.13e-005  2.94e-006  2.94e-006  7.95e-007  5.86e-007  1.46e-008  
1.19721e+017 1.11e-010  7.54e-001  2.16e-001  3.00e-002  1.03e-005  6.58e-006  1.73e-006  1.73e-006  4.65e-007  3.42e-007  9.44e-009  
1.20205e+017 1.64e-010  7.24e-001  2.51e-001  2.57e-002  6.08e-006  3.87e-006  1.02e-006  1.02e-006  2.74e-007  2.02e-007  6.33e-009  
1.20720e+017 1.98e-010  7.03e-001  2.75e-001  2.17e-002  3.63e-006  2.31e-006  6.02e-007  6.02e-007  1.63e-007  1.20e-007  4.42e-009  
1.21274e+017 1.63e-010  6.85e-001  2.96e-001  1.85e-002  2.10e-006  1.34e-006  3.50e-007  3.50e-007  9.42e-008  6.98e-008  3.21e-009  
1.21854e+017 6.26e-011  6.66e-001  3.18e-001  1.60e-002  1.06e-006  6.74e-007  1.77e-007  1.77e-007  4.76e-008  3.51e-008  2.46e-009  
1.22444e+017 1.65e-012  6.48e-001  3.38e-001  1.43e-002  2.81e-007  1.79e-007  4.68e-008  4.68e-008  1.27e-008  9.32e-009  1.97e-009  
1.22701e+017 1.64e-016  9.99e-001  0.00e+000  6.40e-004  0.00e+000  0.00e+000  0.00e+000  0.00e+000  0.00e+000  0.00e+000  0.00e+000  
