! 0       *CH3OH + He -> CH3OH + He
! 1       *CH3OH + H2 -> CH3OH + H2
! 2       *CH3OH + CO -> CH3OH + CO
! 3       *CH3OH + CRPhoton -> *OH + *CH3
! 4       *CH3OH + CRPhoton -> *H2CO + *H2
! 5       *CH3OH + CRPhoton -> *H2CO + *H + *H
! 6       *CH3OH + CRPhoton -> *CH + *H2O + *H
! 7       *CH3OH + CRPhoton -> *OH + *CH3
! 8       *CH3OH + ISPhoton -> *OH + *CH3
! 9       *CH3OH + ISPhoton -> *H2CO + *H2
!            tot_rate   0          1          2          3          4          5          6          7          8          9          
1.34508e+014 3.74e-016  0.00e+000  0.00e+000  0.00e+000  4.28e-001  4.28e-001  6.80e-002  5.11e-002  9.50e-003  6.23e-003  6.23e-003  
8.00271e+015 3.74e-016  0.00e+000  0.00e+000  0.00e+000  4.28e-001  4.28e-001  6.80e-002  5.11e-002  9.50e-003  6.26e-003  6.26e-003  
7.87466e+016 3.76e-016  0.00e+000  0.00e+000  0.00e+000  4.28e-001  4.28e-001  6.80e-002  5.13e-002  9.49e-003  6.25e-003  6.25e-003  
1.06312e+017 3.90e-016  0.00e+000  0.00e+000  0.00e+000  4.28e-001  4.28e-001  6.79e-002  5.13e-002  9.48e-003  6.25e-003  6.25e-003  
1.09855e+017 3.99e-016  0.00e+000  0.00e+000  1.57e-040  4.28e-001  4.28e-001  6.81e-002  5.13e-002  9.52e-003  6.26e-003  6.26e-003  
1.10673e+017 4.04e-016  0.00e+000  0.00e+000  1.58e-026  4.28e-001  4.28e-001  6.79e-002  5.13e-002  9.51e-003  6.24e-003  6.24e-003  
1.11398e+017 4.08e-016  0.00e+000  0.00e+000  2.31e-011  4.29e-001  4.29e-001  6.78e-002  5.12e-002  9.50e-003  6.25e-003  6.25e-003  
1.12221e+017 4.16e-016  0.00e+000  0.00e+000  1.39e-003  4.28e-001  4.28e-001  6.76e-002  5.10e-002  9.46e-003  6.23e-003  6.23e-003  
1.12812e+017 4.52e-016  0.00e+000  0.00e+000  7.21e-002  3.98e-001  3.98e-001  6.30e-002  4.75e-002  8.80e-003  5.79e-003  5.79e-003  
1.13349e+017 5.89e-016  0.00e+000  0.00e+000  2.79e-001  3.09e-001  3.09e-001  4.91e-002  3.70e-002  6.86e-003  4.52e-003  4.52e-003  
1.13938e+017 9.96e-016  1.91e-055  0.00e+000  5.64e-001  1.87e-001  1.87e-001  2.95e-002  2.23e-002  4.13e-003  2.72e-003  2.72e-003  
1.14626e+017 2.31e-015  3.21e-039  0.00e+000  8.07e-001  8.29e-002  8.29e-002  1.31e-002  9.89e-003  1.83e-003  1.21e-003  1.21e-003  
1.15112e+017 4.23e-015  1.71e-018  1.67e-061  8.93e-001  4.60e-002  4.60e-002  7.30e-003  5.50e-003  1.02e-003  6.71e-004  6.71e-004  
1.15530e+017 7.14e-015  9.61e-012  1.09e-046  9.35e-001  2.80e-002  2.80e-002  4.43e-003  3.34e-003  6.19e-004  4.08e-004  4.08e-004  
1.16007e+017 1.28e-014  1.03e-006  2.28e-034  9.62e-001  1.61e-002  1.61e-002  2.55e-003  1.92e-003  3.57e-004  2.35e-004  2.35e-004  
1.16507e+017 2.25e-014  3.04e-003  1.50e-021  9.75e-001  9.53e-003  9.53e-003  1.50e-003  1.14e-003  2.11e-004  1.39e-004  1.39e-004  
1.17040e+017 4.32e-014  7.82e-002  1.54e-011  9.10e-001  5.18e-003  5.18e-003  8.24e-004  6.20e-004  1.15e-004  7.57e-005  7.57e-005  
1.17511e+017 1.02e-013  3.70e-001  4.12e-007  6.25e-001  2.32e-003  2.32e-003  3.68e-004  2.77e-004  5.15e-005  3.38e-005  3.38e-005  
1.17806e+017 1.82e-013  5.30e-001  3.80e-006  4.67e-001  1.34e-003  1.34e-003  2.12e-004  1.60e-004  2.98e-005  1.96e-005  1.96e-005  
1.18134e+017 3.32e-013  6.48e-001  1.80e-004  3.50e-001  7.66e-004  7.66e-004  1.21e-004  9.14e-005  1.69e-005  1.12e-005  1.12e-005  
1.18488e+017 6.00e-013  7.23e-001  2.28e-003  2.73e-001  4.42e-004  4.42e-004  7.00e-005  5.28e-005  9.80e-006  6.45e-006  6.45e-006  
1.18867e+017 1.13e-012  7.80e-001  9.18e-003  2.10e-001  2.45e-004  2.45e-004  3.89e-005  2.93e-005  5.45e-006  3.58e-006  3.58e-006  
1.19273e+017 2.10e-012  8.06e-001  2.49e-002  1.68e-001  1.40e-004  1.40e-004  2.21e-005  1.67e-005  3.10e-006  2.04e-006  2.04e-006  
1.19721e+017 3.93e-012  8.07e-001  5.30e-002  1.39e-001  7.85e-005  7.85e-005  1.24e-005  9.37e-006  1.74e-006  1.15e-006  1.15e-006  
1.20205e+017 7.24e-012  7.97e-001  8.70e-002  1.16e-001  4.43e-005  4.43e-005  7.03e-006  5.29e-006  9.84e-007  6.47e-007  6.47e-007  
1.20720e+017 1.28e-011  7.88e-001  1.17e-001  9.52e-002  2.53e-005  2.53e-005  4.01e-006  3.03e-006  5.62e-007  3.69e-007  3.69e-007  
1.21274e+017 2.17e-011  7.78e-001  1.43e-001  7.83e-002  1.41e-005  1.41e-005  2.23e-006  1.69e-006  3.13e-007  2.06e-007  2.06e-007  
1.21854e+017 3.55e-011  7.64e-001  1.69e-001  6.63e-002  6.88e-006  6.88e-006  1.09e-006  8.24e-007  1.53e-007  1.00e-007  1.00e-007  
1.22444e+017 5.74e-011  7.48e-001  1.94e-001  5.84e-002  1.80e-006  1.80e-006  2.84e-007  2.14e-007  3.98e-008  2.62e-008  2.62e-008  
1.22701e+017 5.58e-017  9.99e-001  0.00e+000  1.19e-003  0.00e+000  0.00e+000  0.00e+000  0.00e+000  0.00e+000  0.00e+000  0.00e+000  
