! 0       *H + *HCO -> *CO + *H2
! 1       *H + *HCO -> *H2CO
! 2       *H + *HCO -> H2CO
! 3       *CH3 + *HCO -> *CH3CHO
! 4       *O + *HCO -> *CO + *OH
! 5       *O + *HCO -> *CO2 + *H
! 6       *CH3 + *HCO -> CH3CHO
! 7       *HCO + H2 -> HCO + H2
! 8       *HCO + He -> HCO + He
! 9       *HCO + CO -> HCO + CO
!            tot_rate   0          1          2          3          4          5          6          7          8          9          
1.34508e+014 2.91e-013  5.01e-001  4.94e-001  5.01e-003  8.95e-011  1.41e-014  1.41e-014  9.06e-013  0.00e+000  0.00e+000  0.00e+000  
8.00271e+015 2.91e-013  5.01e-001  4.94e-001  5.01e-003  8.95e-011  1.41e-014  1.41e-014  9.06e-013  0.00e+000  0.00e+000  0.00e+000  
7.87466e+016 2.85e-013  5.01e-001  4.94e-001  5.01e-003  9.25e-011  2.28e-014  2.28e-014  9.32e-013  0.00e+000  0.00e+000  0.00e+000  
1.06312e+017 2.89e-013  5.01e-001  4.94e-001  5.01e-003  1.02e-010  7.43e-014  7.43e-014  1.03e-012  0.00e+000  0.00e+000  1.05e-031  
1.09855e+017 2.16e-013  5.00e-001  4.95e-001  5.00e-003  2.43e-010  1.28e-013  1.28e-013  2.46e-012  0.00e+000  2.46e-062  2.09e-012  
1.10673e+017 1.92e-013  5.00e-001  4.95e-001  5.00e-003  3.59e-010  1.68e-013  1.68e-013  3.62e-012  3.00e-082  3.86e-055  1.43e-011  
1.11398e+017 1.68e-013  5.00e-001  4.95e-001  5.00e-003  5.57e-010  2.33e-013  2.33e-013  5.63e-012  7.54e-069  1.61e-043  5.08e-011  
1.12221e+017 1.42e-013  5.00e-001  4.95e-001  5.00e-003  1.07e-009  3.95e-013  3.95e-013  1.07e-011  9.75e-052  5.52e-027  1.78e-010  
1.12812e+017 1.23e-013  5.00e-001  4.95e-001  5.00e-003  1.89e-009  6.43e-013  6.43e-013  1.90e-011  1.60e-041  1.38e-022  4.19e-010  
1.13349e+017 1.07e-013  5.00e-001  4.95e-001  5.00e-003  3.48e-009  1.11e-012  1.11e-012  3.52e-011  3.31e-033  9.35e-017  8.82e-010  
1.13938e+017 9.13e-014  5.00e-001  4.95e-001  5.00e-003  7.62e-009  2.33e-012  2.33e-012  7.69e-011  6.57e-026  2.73e-012  1.92e-009  
1.14626e+017 7.36e-014  5.00e-001  4.95e-001  5.00e-003  2.24e-008  7.05e-012  7.05e-012  2.26e-010  5.37e-018  4.89e-010  4.80e-009  
1.15112e+017 6.30e-014  5.00e-001  4.95e-001  5.00e-003  5.01e-008  1.76e-011  1.76e-011  5.06e-010  4.25e-014  6.60e-009  8.90e-009  
1.15530e+017 5.52e-014  5.00e-001  4.95e-001  5.00e-003  9.88e-008  4.26e-011  4.26e-011  9.97e-010  9.08e-012  2.83e-008  1.49e-008  
1.16007e+017 4.72e-014  5.00e-001  4.95e-001  5.00e-003  1.93e-007  1.29e-010  1.29e-010  1.95e-009  7.49e-010  1.01e-007  2.65e-008  
1.16507e+017 4.04e-014  5.00e-001  4.95e-001  5.00e-003  3.22e-007  4.46e-010  4.46e-010  3.24e-009  1.45e-008  3.04e-007  4.68e-008  
1.17040e+017 3.46e-014  5.00e-001  4.95e-001  5.00e-003  4.54e-007  1.74e-009  1.74e-009  4.60e-009  1.04e-007  8.30e-007  8.33e-008  
1.17511e+017 3.05e-014  4.99e-001  4.96e-001  4.99e-003  5.52e-007  5.65e-009  5.65e-009  5.55e-009  3.55e-007  1.88e-006  1.34e-007  
1.17806e+017 2.83e-014  5.01e-001  4.94e-001  5.01e-003  5.96e-007  1.13e-008  1.13e-008  6.00e-009  6.63e-007  2.98e-006  1.79e-007  
1.18134e+017 2.64e-014  4.99e-001  4.96e-001  4.99e-003  6.24e-007  2.64e-008  2.64e-008  6.32e-009  1.27e-006  4.77e-006  2.41e-007  
1.18488e+017 2.48e-014  5.00e-001  4.95e-001  5.00e-003  6.24e-007  6.73e-008  6.73e-008  6.28e-009  2.33e-006  7.41e-006  3.28e-007  
1.18867e+017 2.36e-014  5.00e-001  4.95e-001  5.00e-003  5.76e-007  1.63e-007  1.63e-007  5.80e-009  3.98e-006  1.15e-005  4.40e-007  
1.19273e+017 2.26e-014  5.00e-001  4.95e-001  5.00e-003  4.73e-007  3.57e-007  3.57e-007  4.78e-009  6.54e-006  1.72e-005  5.93e-007  
1.19721e+017 2.18e-014  5.00e-001  4.95e-001  5.00e-003  3.66e-007  6.92e-007  6.92e-007  3.70e-009  1.04e-005  2.47e-005  7.79e-007  
1.20205e+017 2.10e-014  5.00e-001  4.95e-001  5.00e-003  3.09e-007  1.22e-006  1.22e-006  3.12e-009  1.59e-005  3.42e-005  1.00e-006  
1.20720e+017 2.06e-014  5.00e-001  4.95e-001  5.00e-003  4.25e-007  2.04e-006  2.04e-006  4.29e-009  2.32e-005  4.66e-005  1.23e-006  
1.21274e+017 2.02e-014  5.00e-001  4.94e-001  5.00e-003  1.13e-006  2.90e-006  2.90e-006  1.14e-008  3.34e-005  6.29e-005  1.50e-006  
1.21854e+017 1.95e-014  5.00e-001  4.95e-001  5.00e-003  6.36e-006  2.09e-006  2.09e-006  6.41e-008  4.43e-005  7.79e-005  1.69e-006  
1.22444e+017 1.43e-014  5.00e-001  4.95e-001  5.00e-003  7.40e-006  2.25e-007  2.25e-007  7.47e-008  5.19e-005  8.52e-005  1.73e-006  
1.22701e+017 1.20e+010  5.00e-001  4.95e-001  5.00e-003  4.03e-019  9.60e-021  9.60e-021  4.07e-021  1.16e-027  0.00e+000  0.00e+000  
