! 0       *CH + *O2 -> *HCO + *O
! 1       *H + *O2 -> *O2H
! 2       *O2 + He -> O2 + He
! 3       *O2 + H2 -> O2 + H2
! 4       *H + *O2 -> O2H
! 5       *C + *O2 -> *CO + *O
! 6       *CH2 + *O2 -> *H2CO + *O
! 7       *O2 + CO -> O2 + CO
! 8       *O2 + CRPhoton -> *O + *O
! 9       *O2 + CRP -> O2
!            tot_rate   0          1          2          3          4          5          6          7          8          9          
1.34508e+014 3.62e-015  4.08e-004  9.63e-001  0.00e+000  0.00e+000  9.74e-003  2.40e-002  2.90e-003  0.00e+000  1.03e-006  2.84e-007  
8.00271e+015 3.62e-015  4.08e-004  9.63e-001  0.00e+000  0.00e+000  9.74e-003  2.41e-002  2.90e-003  0.00e+000  1.03e-006  2.84e-007  
7.87466e+016 7.15e-015  3.08e-004  9.71e-001  0.00e+000  0.00e+000  9.81e-003  1.60e-002  2.94e-003  0.00e+000  1.07e-006  2.94e-007  
1.06312e+017 2.43e-014  1.73e-004  9.80e-001  1.16e-061  0.00e+000  9.92e-003  7.33e-003  2.70e-003  1.79e-012  1.11e-006  3.06e-007  
1.09855e+017 1.67e-014  1.83e-004  9.76e-001  2.47e-030  5.78e-058  9.88e-003  9.76e-003  4.51e-003  2.29e-006  1.51e-006  4.21e-007  
1.10673e+017 1.44e-014  1.92e-004  9.73e-001  3.41e-025  4.88e-049  9.87e-003  1.11e-002  5.53e-003  7.37e-006  1.72e-006  4.80e-007  
1.11398e+017 1.24e-014  2.04e-004  9.71e-001  1.69e-018  1.31e-039  9.79e-003  1.25e-002  6.80e-003  1.88e-005  1.97e-006  5.50e-007  
1.12221e+017 1.01e-014  2.27e-004  9.66e-001  9.83e-011  2.24e-028  9.76e-003  1.50e-002  8.92e-003  5.25e-005  2.37e-006  6.64e-007  
1.12812e+017 8.62e-015  2.53e-004  9.61e-001  3.21e-008  1.90e-021  9.71e-003  1.75e-002  1.09e-002  1.08e-004  2.75e-006  7.72e-007  
1.13349e+017 7.38e-015  2.86e-004  9.56e-001  6.91e-006  3.20e-016  9.66e-003  2.03e-002  1.33e-002  2.06e-004  3.18e-006  8.99e-007  
1.13938e+017 6.20e-015  3.16e-004  9.52e-001  1.66e-004  8.71e-012  9.62e-003  2.28e-002  1.47e-002  4.10e-004  3.79e-006  1.07e-006  
1.14626e+017 4.97e-015  4.01e-004  9.36e-001  1.59e-003  2.30e-007  9.44e-003  3.02e-002  2.11e-002  9.16e-004  4.75e-006  1.35e-006  
1.15112e+017 4.25e-015  4.61e-004  9.22e-001  5.48e-003  1.94e-005  9.32e-003  3.55e-002  2.52e-002  1.58e-003  5.58e-006  1.60e-006  
1.15530e+017 3.74e-015  5.21e-004  9.04e-001  1.37e-002  2.78e-004  9.12e-003  4.09e-002  2.91e-002  2.48e-003  6.42e-006  1.84e-006  
1.16007e+017 3.28e-015  5.88e-004  8.68e-001  3.44e-002  2.36e-003  8.78e-003  4.75e-002  3.38e-002  4.05e-003  7.40e-006  2.14e-006  
1.16507e+017 2.97e-015  6.49e-004  8.04e-001  7.87e-002  1.10e-002  8.11e-003  5.35e-002  3.77e-002  6.36e-003  8.31e-006  2.41e-006  
1.17040e+017 2.87e-015  6.75e-004  6.89e-001  1.62e-001  3.55e-002  6.96e-003  5.68e-002  3.90e-002  9.40e-003  8.70e-006  2.55e-006  
1.17511e+017 3.07e-015  6.30e-004  5.51e-001  2.68e-001  7.34e-002  5.58e-003  5.38e-002  3.56e-002  1.18e-002  8.16e-006  2.41e-006  
1.17806e+017 3.32e-015  5.75e-004  4.58e-001  3.40e-001  1.03e-001  4.64e-003  4.94e-002  3.13e-002  1.29e-002  7.41e-006  2.22e-006  
1.18134e+017 3.73e-015  5.01e-004  3.62e-001  4.10e-001  1.41e-001  3.67e-003  4.32e-002  2.54e-002  1.36e-002  6.38e-006  1.94e-006  
1.18488e+017 4.26e-015  4.18e-004  2.77e-001  4.69e-001  1.82e-001  2.79e-003  3.59e-002  1.88e-002  1.39e-002  5.16e-006  1.63e-006  
1.18867e+017 4.85e-015  3.36e-004  2.04e-001  5.21e-001  2.18e-001  2.06e-003  2.82e-002  1.22e-002  1.37e-002  3.93e-006  1.30e-006  
1.19273e+017 5.15e-015  2.70e-004  1.50e-001  5.54e-001  2.53e-001  1.52e-003  2.16e-002  6.72e-003  1.34e-002  2.88e-006  1.02e-006  
1.19721e+017 4.65e-015  2.26e-004  1.11e-001  5.72e-001  2.84e-001  1.12e-003  1.57e-002  2.99e-003  1.31e-002  2.00e-006  7.85e-007  
1.20205e+017 3.19e-015  2.13e-004  8.38e-002  5.77e-001  3.14e-001  8.47e-004  1.09e-002  1.00e-003  1.25e-002  1.35e-006  6.02e-007  
1.20720e+017 1.79e-015  2.68e-004  6.30e-002  5.80e-001  3.37e-001  6.36e-004  7.19e-003  4.72e-004  1.15e-002  8.92e-007  4.69e-007  
1.21274e+017 1.29e-015  5.56e-004  4.75e-002  5.76e-001  3.58e-001  4.81e-004  6.24e-003  8.00e-004  1.06e-002  5.67e-007  3.73e-007  
1.21854e+017 1.21e-015  2.63e-003  3.84e-002  5.63e-001  3.75e-001  3.88e-004  7.47e-003  3.53e-003  9.57e-003  3.04e-007  3.03e-007  
1.22444e+017 1.21e-015  5.19e-003  3.45e-002  5.46e-001  3.89e-001  3.48e-004  1.15e-002  5.05e-003  8.74e-003  8.41e-008  2.52e-007  
1.22701e+017 5.82e-008  1.00e+000  0.00e+000  1.04e-014  0.00e+000  0.00e+000  0.00e+000  0.00e+000  9.33e-018  0.00e+000  0.00e+000  
