! 0       *H2O + He -> H2O + He
! 1       *H2O + H2 -> H2O + H2
! 2       *H2O + CO -> H2O + CO
! 3       *H2O + CRPhoton -> *OH + *H
! 4       *H2O + CRPhoton -> *O + *H2
! 5       *H2O + ISPhoton -> *OH + *H
! 6       *H2O + CRPhoton -> *O + *H + *H
! 7       *H2O + ISPhoton -> *O + *H2
! 8       *H2O + CRPhoton -> *OH + *H
! 9       *H2O + CRPhoton -> *O + *H2
!            tot_rate   0          1          2          3          4          5          6          7          8          9          
1.34508e+014 5.10e-015  0.00e+000  0.00e+000  0.00e+000  7.35e-001  2.19e-001  1.80e-002  1.53e-002  5.62e-003  4.31e-003  1.95e-003  
8.00271e+015 5.10e-015  0.00e+000  0.00e+000  0.00e+000  7.35e-001  2.19e-001  1.80e-002  1.53e-002  5.62e-003  4.31e-003  1.95e-003  
7.87466e+016 5.14e-015  0.00e+000  0.00e+000  0.00e+000  7.34e-001  2.20e-001  1.80e-002  1.53e-002  5.61e-003  4.30e-003  1.95e-003  
1.06312e+017 5.32e-015  0.00e+000  0.00e+000  0.00e+000  7.34e-001  2.20e-001  1.80e-002  1.53e-002  5.62e-003  4.30e-003  1.95e-003  
1.09855e+017 5.46e-015  0.00e+000  0.00e+000  4.08e-076  7.34e-001  2.20e-001  1.80e-002  1.53e-002  5.62e-003  4.30e-003  1.96e-003  
1.10673e+017 5.51e-015  0.00e+000  0.00e+000  5.35e-056  7.35e-001  2.19e-001  1.80e-002  1.53e-002  5.62e-003  4.30e-003  1.96e-003  
1.11398e+017 5.57e-015  0.00e+000  0.00e+000  1.80e-029  7.35e-001  2.19e-001  1.80e-002  1.53e-002  5.62e-003  4.31e-003  1.96e-003  
1.12221e+017 5.65e-015  0.00e+000  0.00e+000  6.81e-009  7.35e-001  2.19e-001  1.81e-002  1.53e-002  5.61e-003  4.30e-003  1.95e-003  
1.12812e+017 5.75e-015  0.00e+000  0.00e+000  3.79e-003  7.32e-001  2.19e-001  1.79e-002  1.52e-002  5.58e-003  4.28e-003  1.95e-003  
1.13349e+017 6.45e-015  0.00e+000  0.00e+000  1.01e-001  6.60e-001  1.98e-001  1.61e-002  1.37e-002  5.05e-003  3.87e-003  1.75e-003  
1.13938e+017 1.00e-014  0.00e+000  0.00e+000  4.11e-001  4.33e-001  1.30e-001  1.06e-002  8.99e-003  3.31e-003  2.53e-003  1.15e-003  
1.14626e+017 2.50e-014  2.18e-063  0.00e+000  7.57e-001  1.79e-001  5.33e-002  4.37e-003  3.71e-003  1.37e-003  1.05e-003  4.73e-004  
1.15112e+017 4.96e-014  2.34e-032  3.18e-073  8.75e-001  9.19e-002  2.76e-002  2.26e-003  1.91e-003  7.03e-004  5.38e-004  2.44e-004  
1.15530e+017 8.89e-014  1.32e-021  5.24e-056  9.28e-001  5.26e-002  1.58e-002  1.28e-003  1.09e-003  4.02e-004  3.07e-004  1.40e-004  
1.16007e+017 1.70e-013  2.33e-013  1.10e-041  9.61e-001  2.84e-002  8.49e-003  6.96e-004  5.90e-004  2.17e-004  1.66e-004  7.55e-005  
1.16507e+017 3.16e-013  2.16e-006  1.79e-026  9.78e-001  1.58e-002  4.75e-003  3.86e-004  3.29e-004  1.21e-004  9.28e-005  4.21e-005  
1.17040e+017 5.94e-013  3.18e-003  3.72e-014  9.85e-001  8.84e-003  2.64e-003  2.17e-004  1.83e-004  6.75e-005  5.18e-005  2.36e-005  
1.17511e+017 1.16e-012  1.44e-001  1.80e-008  8.49e-001  4.77e-003  1.43e-003  1.17e-004  9.94e-005  3.65e-005  2.79e-005  1.27e-005  
1.17806e+017 2.20e-012  3.87e-001  2.71e-007  6.10e-001  2.60e-003  7.78e-004  6.37e-005  5.41e-005  1.98e-005  1.52e-005  6.92e-006  
1.18134e+017 4.69e-012  5.97e-001  3.41e-005  4.01e-001  1.27e-003  3.80e-004  3.11e-005  2.62e-005  9.68e-006  7.42e-006  3.37e-006  
1.18488e+017 9.89e-012  7.23e-001  8.79e-004  2.75e-001  6.28e-004  1.88e-004  1.54e-005  1.30e-005  4.80e-006  3.68e-006  1.67e-006  
1.18867e+017 2.18e-011  8.10e-001  5.17e-003  1.84e-001  2.99e-004  8.93e-005  7.33e-006  6.23e-006  2.28e-006  1.75e-006  7.92e-007  
1.19273e+017 4.49e-011  8.46e-001  1.77e-002  1.36e-001  1.53e-004  4.59e-005  3.74e-006  3.19e-006  1.17e-006  8.98e-007  4.08e-007  
1.19721e+017 9.10e-011  8.47e-001  4.74e-002  1.05e-001  7.97e-005  2.38e-005  1.96e-006  1.66e-006  6.09e-007  4.67e-007  2.12e-007  
1.20205e+017 1.79e-010  8.29e-001  8.79e-002  8.34e-002  4.23e-005  1.27e-005  1.04e-006  8.79e-007  3.23e-007  2.47e-007  1.13e-007  
1.20720e+017 3.34e-010  8.10e-001  1.24e-001  6.55e-002  2.27e-005  6.79e-006  5.56e-007  4.72e-007  1.73e-007  1.33e-007  6.04e-008  
1.21274e+017 5.77e-010  7.90e-001  1.58e-001  5.25e-002  1.22e-005  3.65e-006  3.00e-007  2.53e-007  9.32e-008  7.15e-008  3.24e-008  
1.21854e+017 9.25e-010  7.66e-001  1.90e-001  4.34e-002  5.77e-006  1.73e-006  1.42e-007  1.20e-007  4.41e-008  3.38e-008  1.53e-008  
1.22444e+017 1.28e-009  7.43e-001  2.20e-001  3.76e-002  1.47e-006  4.39e-007  3.60e-008  3.05e-008  1.12e-008  8.60e-009  3.90e-009  
1.22701e+017 8.37e-016  9.99e-001  0.00e+000  7.23e-004  0.00e+000  0.00e+000  0.00e+000  0.00e+000  0.00e+000  0.00e+000  0.00e+000  
