! 0       HNCO + O -> CO2 + NH
! 1       HNCO + H -> NH2 + CO
! 2       HNCO + H -> OCN + H2
! 3       HNCO + O -> OH + OCN
! 4       HNCO + OH -> H2O + OCN
! 5       HNCO + ISPhoton -> NH + CO
! 6       HNCO + GRAIN -> *HNCO + GRAIN
! 7       HNCO + H3+ -> H2 + HNCOH+
! 8       HNCO + H3+ -> H2 + H2NCO+
! 9       HNCO + CRPhoton -> NH + CO
! 10      HNCO + He+ -> H + He + OCN+
! 11      HNCO + He+ -> He + HNCO+
! 12      HNCO + H+ -> CO + NH2+
!            tot_rate   0          1          2          3          4          5          6          7          8          9          10         11         12         
1.34508e+014 1.30e-017  0.00e+000  2.10e-050  0.00e+000  0.00e+000  1.19e-075  6.57e-002  1.17e-002  2.34e-001  2.34e-001  2.90e-002  1.43e-001  1.43e-001  1.40e-001  
8.00271e+015 1.30e-017  0.00e+000  2.10e-050  0.00e+000  0.00e+000  1.19e-075  6.57e-002  1.17e-002  2.34e-001  2.34e-001  2.90e-002  1.43e-001  1.43e-001  1.40e-001  
7.87466e+016 1.16e-017  0.00e+000  2.75e-050  0.00e+000  0.00e+000  1.69e-075  7.35e-002  2.97e-002  2.31e-001  2.31e-001  3.25e-002  1.29e-001  1.29e-001  1.44e-001  
1.06312e+017 5.72e-018  0.00e+000  2.31e-046  0.00e+000  0.00e+000  9.90e-070  1.49e-001  2.05e-001  1.62e-001  1.62e-001  6.59e-002  6.49e-002  6.49e-002  1.26e-001  
1.09855e+017 5.29e-018  0.00e+000  3.50e-041  0.00e+000  0.00e+000  6.20e-062  1.61e-001  1.49e-001  1.83e-001  1.83e-001  7.11e-002  6.97e-002  6.97e-002  1.12e-001  
1.10673e+017 5.18e-018  0.00e+000  4.97e-039  0.00e+000  0.00e+000  1.06e-058  1.64e-001  1.31e-001  1.88e-001  1.88e-001  7.26e-002  7.15e-002  7.15e-002  1.12e-001  
1.11398e+017 5.07e-018  0.00e+000  1.12e-036  0.00e+000  0.00e+000  3.61e-055  1.68e-001  1.14e-001  1.93e-001  1.93e-001  7.43e-002  7.31e-002  7.31e-002  1.12e-001  
1.12221e+017 4.96e-018  0.00e+000  1.97e-033  0.00e+000  0.00e+000  2.68e-050  1.72e-001  9.45e-002  1.99e-001  1.99e-001  7.60e-002  7.52e-002  7.52e-002  1.10e-001  
1.12812e+017 4.89e-018  0.00e+000  1.03e-030  0.00e+000  0.00e+000  3.13e-046  1.74e-001  8.14e-002  2.03e-001  2.03e-001  7.71e-002  7.67e-002  7.67e-002  1.09e-001  
1.13349e+017 4.84e-018  0.00e+000  5.33e-028  0.00e+000  0.00e+000  3.51e-042  1.77e-001  7.02e-002  2.06e-001  2.06e-001  7.81e-002  7.79e-002  7.79e-002  1.07e-001  
1.13938e+017 4.81e-018  1.65e-076  8.18e-025  0.00e+000  0.00e+000  1.96e-037  1.79e-001  5.92e-002  2.10e-001  2.10e-001  7.91e-002  7.94e-002  7.94e-002  1.04e-001  
1.14626e+017 4.85e-018  4.12e-063  6.00e-021  0.00e+000  0.00e+000  1.04e-031  1.81e-001  4.76e-002  2.14e-001  2.14e-001  8.00e-002  8.08e-002  8.08e-002  1.01e-001  
1.15112e+017 4.93e-018  9.91e-054  3.22e-018  0.00e+000  2.63e-074  1.09e-027  1.82e-001  4.07e-002  2.17e-001  2.17e-001  8.07e-002  8.21e-002  8.21e-002  9.81e-002  
1.15530e+017 5.10e-018  6.00e-046  6.22e-016  2.73e-075  7.36e-064  2.41e-024  1.83e-001  3.53e-002  2.20e-001  2.20e-001  8.08e-002  8.28e-002  8.28e-002  9.56e-002  
1.16007e+017 5.41e-018  1.14e-037  1.80e-013  7.76e-062  9.63e-053  8.96e-021  1.84e-001  3.03e-002  2.22e-001  2.22e-001  8.13e-002  8.39e-002  8.39e-002  9.28e-002  
1.16507e+017 6.18e-018  6.73e-030  4.01e-011  3.17e-049  2.62e-042  2.09e-017  1.84e-001  2.57e-002  2.25e-001  2.25e-001  8.15e-002  8.47e-002  8.47e-002  8.93e-002  
1.17040e+017 8.25e-018  7.40e-023  6.07e-009  8.23e-038  7.59e-033  2.47e-014  1.85e-001  2.18e-002  2.27e-001  2.27e-001  8.20e-002  8.57e-002  8.57e-002  8.56e-002  
1.17511e+017 1.25e-017  7.42e-018  2.41e-007  1.02e-029  4.03e-026  3.97e-012  1.87e-001  1.92e-002  2.28e-001  2.28e-001  8.26e-002  8.66e-002  8.66e-002  8.26e-002  
1.17806e+017 1.73e-017  2.66e-015  1.68e-006  1.35e-025  1.11e-022  5.45e-011  1.89e-001  1.79e-002  2.28e-001  2.28e-001  8.33e-002  8.68e-002  8.68e-002  8.04e-002  
1.18134e+017 2.56e-017  6.05e-013  1.05e-005  8.46e-022  1.63e-019  6.24e-010  1.91e-001  1.67e-002  2.28e-001  2.28e-001  8.43e-002  8.74e-002  8.74e-002  7.76e-002  
1.18488e+017 3.98e-017  7.56e-011  5.70e-005  1.98e-018  1.09e-016  5.63e-009  1.95e-001  1.58e-002  2.27e-001  2.27e-001  8.61e-002  8.71e-002  8.71e-002  7.48e-002  
1.18867e+017 6.37e-017  5.73e-009  2.76e-004  2.02e-015  3.70e-014  4.16e-008  2.01e-001  1.51e-002  2.24e-001  2.24e-001  8.90e-002  8.71e-002  8.71e-002  7.14e-002  
1.19273e+017 1.05e-016  3.09e-007  1.27e-003  1.17e-012  7.95e-012  2.72e-007  2.10e-001  1.48e-002  2.21e-001  2.21e-001  9.31e-002  8.60e-002  8.60e-002  6.66e-002  
1.19721e+017 1.75e-016  1.31e-005  5.82e-003  4.46e-010  1.24e-009  1.66e-006  2.24e-001  1.49e-002  2.15e-001  2.15e-001  9.87e-002  8.39e-002  8.39e-002  5.99e-002  
1.20205e+017 3.00e-016  3.60e-004  2.45e-002  8.31e-008  1.09e-007  8.47e-006  2.36e-001  1.50e-002  2.05e-001  2.05e-001  1.04e-001  8.01e-002  8.01e-002  4.97e-002  
1.20720e+017 5.28e-016  5.40e-003  8.41e-002  5.89e-006  4.30e-006  3.43e-005  2.35e-001  1.45e-002  1.87e-001  1.87e-001  1.04e-001  7.31e-002  7.31e-002  3.54e-002  
1.21274e+017 1.02e-015  4.17e-002  2.17e-001  1.58e-004  7.41e-005  1.52e-004  2.01e-001  1.23e-002  1.50e-001  1.50e-001  8.92e-002  5.88e-002  5.88e-002  1.94e-002  
1.21854e+017 2.30e-015  1.48e-001  3.69e-001  1.48e-003  4.87e-004  7.87e-004  1.36e-001  8.30e-003  9.61e-002  9.61e-002  6.00e-002  3.79e-002  3.79e-002  7.95e-003  
1.22444e+017 5.07e-015  2.58e-001  4.58e-001  5.76e-003  1.34e-003  2.25e-003  8.03e-002  4.99e-003  5.37e-002  5.37e-002  3.55e-002  2.15e-002  2.15e-002  2.94e-003  
1.22701e+017 2.21e-012  4.31e-001  3.66e-001  1.85e-001  1.66e-002  4.52e-004  0.00e+000  1.56e-004  0.00e+000  0.00e+000  0.00e+000  0.00e+000  0.00e+000  0.00e+000  
