! 0       H5C2O2+ + e- -> HCOOCH3 + H
! 1       H5C2O2+ + e- -> CH3OH + HCO
! 2       H5C2O2+ + GRAIN -> HCOOCH3 + H + GRAIN
!            tot_rate   0          1          2          
1.34508e+014 6.51e-022  4.99e-001  4.99e-001  1.12e-003  
8.00271e+015 6.51e-022  4.99e-001  4.99e-001  1.12e-003  
7.87466e+016 4.40e-022  4.99e-001  4.99e-001  1.07e-003  
1.06312e+017 1.42e-022  4.99e-001  4.99e-001  1.86e-003  
1.09855e+017 1.19e-022  4.99e-001  4.99e-001  2.46e-003  
1.10673e+017 1.13e-022  4.99e-001  4.99e-001  2.71e-003  
1.11398e+017 1.08e-022  4.99e-001  4.99e-001  2.99e-003  
1.12221e+017 1.02e-022  4.98e-001  4.98e-001  3.41e-003  
1.12812e+017 9.64e-023  4.98e-001  4.98e-001  3.81e-003  
1.13349e+017 9.42e-023  4.98e-001  4.98e-001  4.13e-003  
1.13938e+017 9.48e-023  4.98e-001  4.98e-001  4.40e-003  
1.14626e+017 9.59e-023  4.98e-001  4.98e-001  4.74e-003  
1.15112e+017 9.71e-023  4.98e-001  4.98e-001  4.99e-003  
1.15530e+017 9.83e-023  4.97e-001  4.97e-001  5.23e-003  
1.16007e+017 1.00e-022  4.97e-001  4.97e-001  5.57e-003  
1.16507e+017 1.02e-022  4.97e-001  4.97e-001  6.00e-003  
1.17040e+017 1.05e-022  4.97e-001  4.97e-001  6.46e-003  
1.17511e+017 1.08e-022  4.97e-001  4.97e-001  6.95e-003  
1.17806e+017 1.10e-022  4.96e-001  4.96e-001  7.30e-003  
1.18134e+017 1.13e-022  4.96e-001  4.96e-001  7.69e-003  
1.18488e+017 1.16e-022  4.96e-001  4.96e-001  8.15e-003  
1.18867e+017 1.19e-022  4.96e-001  4.96e-001  8.68e-003  
1.19273e+017 1.23e-022  4.95e-001  4.95e-001  9.30e-003  
1.19721e+017 1.29e-022  4.95e-001  4.95e-001  1.01e-002  
1.20205e+017 1.45e-022  4.94e-001  4.94e-001  1.11e-002  
1.20720e+017 1.98e-022  4.94e-001  4.94e-001  1.24e-002  
1.21274e+017 3.87e-022  4.93e-001  4.93e-001  1.38e-002  
1.21854e+017 1.02e-021  4.92e-001  4.92e-001  1.55e-002  
1.22444e+017 2.79e-021  4.91e-001  4.91e-001  1.76e-002  
1.22701e+017 4.12e-021  5.00e-001  5.00e-001  0.00e+000  
