! 0       *H + *C2O -> *HC2O
! 1       *H + *C2O -> HC2O
! 2       *C + *C2O -> *C3O
! 3       *C + *C2O -> C3O
! 4       *C2O + H2 -> C2O + H2
! 5       *C2O + He -> C2O + He
! 6       *C2O + ISPhoton -> *CO + *C
! 7       *C2O + ISPhoton -> *C2 + *O
! 8       *C2O + CRPhoton -> *CO + *C
! 9       *C2O + CRPhoton -> *C2 + *O
!            tot_rate   0          1          2          3          4          5          6          7          8          9          
1.34508e+014 1.15e-021  9.90e-001  9.99e-003  2.26e-007  2.28e-009  0.00e+000  0.00e+000  2.14e-011  2.14e-011  4.72e-012  4.72e-012  
8.00271e+015 1.15e-021  9.90e-001  9.99e-003  2.26e-007  2.28e-009  0.00e+000  0.00e+000  2.14e-011  2.14e-011  4.73e-012  4.73e-012  
7.87466e+016 2.55e-021  9.90e-001  1.00e-002  1.49e-007  1.51e-009  0.00e+000  0.00e+000  2.20e-011  2.20e-011  4.87e-012  4.87e-012  
1.06312e+017 8.69e-021  9.90e-001  9.99e-003  6.77e-008  6.84e-010  0.00e+000  0.00e+000  2.24e-011  2.24e-011  4.96e-012  4.96e-012  
1.09855e+017 6.00e-021  9.90e-001  1.00e-002  9.03e-008  9.12e-010  0.00e+000  0.00e+000  3.08e-011  3.08e-011  6.82e-012  6.82e-012  
1.10673e+017 5.18e-021  9.90e-001  1.00e-002  1.02e-007  1.04e-009  0.00e+000  0.00e+000  3.51e-011  3.51e-011  7.78e-012  7.78e-012  
1.11398e+017 4.45e-021  9.90e-001  1.00e-002  1.17e-007  1.19e-009  0.00e+000  0.00e+000  4.04e-011  4.04e-011  8.96e-012  8.96e-012  
1.12221e+017 3.67e-021  9.90e-001  1.00e-002  1.41e-007  1.43e-009  0.00e+000  1.22e-050  4.88e-011  4.88e-011  1.08e-011  1.08e-011  
1.12812e+017 3.14e-021  9.90e-001  1.00e-002  1.64e-007  1.66e-009  0.00e+000  3.00e-043  5.70e-011  5.70e-011  1.26e-011  1.26e-011  
1.13349e+017 2.70e-021  9.90e-001  1.00e-002  1.92e-007  1.94e-009  0.00e+000  4.34e-032  6.64e-011  6.64e-011  1.47e-011  1.47e-011  
1.13938e+017 2.27e-021  9.90e-001  9.99e-003  2.17e-007  2.19e-009  5.19e-071  6.82e-021  7.92e-011  7.92e-011  1.75e-011  1.75e-011  
1.14626e+017 1.83e-021  9.90e-001  1.00e-002  2.93e-007  2.95e-009  3.55e-050  1.52e-015  1.01e-010  1.01e-010  2.24e-011  2.24e-011  
1.15112e+017 1.58e-021  9.90e-001  9.96e-003  3.48e-007  3.52e-009  1.01e-035  1.98e-011  1.20e-010  1.20e-010  2.66e-011  2.66e-011  
1.15530e+017 1.37e-021  9.90e-001  1.00e-002  4.10e-007  4.14e-009  6.15e-028  6.37e-010  1.41e-010  1.41e-010  3.13e-011  3.13e-011  
1.16007e+017 1.19e-021  9.90e-001  9.98e-003  4.92e-007  4.97e-009  2.27e-021  6.96e-009  1.69e-010  1.69e-010  3.73e-011  3.73e-011  
1.16507e+017 1.02e-021  9.90e-001  1.00e-002  6.04e-007  6.10e-009  2.23e-015  3.67e-008  2.07e-010  2.07e-010  4.56e-011  4.56e-011  
1.17040e+017 8.85e-022  9.90e-001  1.00e-002  7.41e-007  7.49e-009  2.22e-011  1.34e-007  2.51e-010  2.51e-010  5.55e-011  5.55e-011  
1.17511e+017 7.91e-022  9.90e-001  1.00e-002  8.81e-007  8.90e-009  1.39e-009  3.62e-007  2.95e-010  2.95e-010  6.51e-011  6.51e-011  
1.17806e+017 7.43e-022  9.90e-001  1.00e-002  9.74e-007  9.85e-009  6.31e-009  6.20e-007  3.23e-010  3.23e-010  7.13e-011  7.13e-011  
1.18134e+017 7.05e-022  9.90e-001  1.00e-002  1.07e-006  1.08e-008  3.29e-008  1.05e-006  3.49e-010  3.49e-010  7.72e-011  7.72e-011  
1.18488e+017 6.81e-022  9.90e-001  1.00e-002  1.17e-006  1.18e-008  1.11e-007  1.75e-006  3.72e-010  3.72e-010  8.23e-011  8.23e-011  
1.18867e+017 6.81e-022  9.90e-001  1.00e-002  1.25e-006  1.26e-008  2.78e-007  2.88e-006  3.85e-010  3.85e-010  8.50e-011  8.50e-011  
1.19273e+017 7.11e-022  9.90e-001  1.00e-002  1.29e-006  1.30e-008  6.10e-007  4.51e-006  3.81e-010  3.81e-010  8.42e-011  8.42e-011  
1.19721e+017 7.77e-022  9.90e-001  9.99e-003  1.27e-006  1.28e-008  1.20e-006  6.77e-006  3.57e-010  3.57e-010  7.89e-011  7.89e-011  
1.20205e+017 8.73e-022  9.90e-001  1.00e-002  1.16e-006  1.17e-008  2.15e-006  9.74e-006  3.20e-010  3.20e-010  7.07e-011  7.07e-011  
1.20720e+017 1.01e-021  9.90e-001  1.00e-002  1.02e-006  1.03e-008  3.54e-006  1.39e-005  2.83e-010  2.83e-010  6.26e-011  6.26e-011  
1.21274e+017 1.08e-021  9.90e-001  9.99e-003  1.18e-006  1.19e-008  5.60e-006  1.95e-005  2.39e-010  2.39e-010  5.27e-011  5.27e-011  
1.21854e+017 8.86e-022  9.90e-001  1.00e-002  1.74e-006  1.76e-008  7.92e-006  2.48e-005  1.57e-010  1.57e-010  3.48e-011  3.48e-011  
1.22444e+017 7.27e-022  9.90e-001  1.00e-002  2.98e-006  3.01e-008  9.82e-006  2.79e-005  4.84e-011  4.84e-011  1.07e-011  1.07e-011  
1.22701e+017 4.76e+004  9.90e-001  9.98e-003  2.65e-018  2.67e-020  4.94e-028  0.00e+000  4.62e-031  4.62e-031  1.02e-031  1.02e-031  
