! 0       *H + *CH3CHO -> *CH3OCH2
! 1       *H + *CH3CHO -> CH3OCH2
! 2       *CH3CHO + He -> CH3CHO + He
! 3       *CH3CHO + H2 -> CH3CHO + H2
! 4       *CH3CHO + CO -> CH3CHO + CO
! 5       *CH3CHO + CRPhoton -> *HCO + *CH3
! 6       *CH3CHO + CRPhoton -> *CO + *CH4
! 7       *CH3CHO + CRPhoton -> *HCO + *CH3
! 8       *CH3CHO + CRPhoton -> *CH2CO + *H + *H
! 9       *CH3CHO + ISPhoton -> *HCO + *CH3
!            tot_rate   0          1          2          3          4          5          6          7          8          9          
1.34508e+014 1.57e-019  9.90e-001  9.96e-003  0.00e+000  0.00e+000  0.00e+000  1.41e-011  1.41e-011  6.23e-012  2.43e-012  9.52e-013  
8.00271e+015 1.56e-019  9.90e-001  1.00e-002  0.00e+000  0.00e+000  0.00e+000  1.41e-011  1.41e-011  6.27e-012  2.44e-012  9.58e-013  
7.87466e+016 2.04e-019  9.90e-001  1.00e-002  0.00e+000  0.00e+000  0.00e+000  1.45e-011  1.45e-011  6.42e-012  2.49e-012  9.80e-013  
1.06312e+017 5.63e-019  9.90e-001  1.00e-002  0.00e+000  0.00e+000  0.00e+000  1.48e-011  1.48e-011  6.58e-012  2.56e-012  1.01e-012  
1.09855e+017 4.53e-019  9.90e-001  1.00e-002  0.00e+000  0.00e+000  3.03e-026  2.04e-011  2.04e-011  9.02e-012  3.51e-012  1.38e-012  
1.10673e+017 4.04e-019  9.90e-001  1.00e-002  0.00e+000  0.00e+000  1.04e-018  2.32e-011  2.32e-011  1.03e-011  4.01e-012  1.57e-012  
1.11398e+017 3.58e-019  9.90e-001  9.98e-003  0.00e+000  0.00e+000  9.42e-014  2.67e-011  2.67e-011  1.18e-011  4.61e-012  1.81e-012  
1.12221e+017 3.02e-019  9.90e-001  1.00e-002  0.00e+000  0.00e+000  5.73e-012  3.22e-011  3.22e-011  1.43e-011  5.56e-012  2.18e-012  
1.12812e+017 2.63e-019  9.90e-001  1.00e-002  9.25e-078  0.00e+000  3.04e-011  3.76e-011  3.76e-011  1.67e-011  6.47e-012  2.55e-012  
1.13349e+017 2.29e-019  9.90e-001  9.99e-003  9.51e-060  0.00e+000  9.64e-011  4.36e-011  4.36e-011  1.95e-011  7.55e-012  2.97e-012  
1.13938e+017 1.96e-019  9.90e-001  1.00e-002  4.26e-039  0.00e+000  2.85e-010  5.26e-011  5.26e-011  2.32e-011  9.03e-012  3.55e-012  
1.14626e+017 1.60e-019  9.90e-001  9.96e-003  1.19e-028  0.00e+000  9.46e-010  6.64e-011  6.64e-011  2.95e-011  1.15e-011  4.51e-012  
1.15112e+017 1.38e-019  9.90e-001  9.97e-003  3.06e-017  1.97e-070  2.05e-009  7.95e-011  7.95e-011  3.53e-011  1.37e-011  5.39e-012  
1.15530e+017 1.23e-019  9.90e-001  1.01e-002  1.42e-013  2.52e-055  3.89e-009  9.33e-011  9.33e-011  4.15e-011  1.61e-011  6.34e-012  
1.16007e+017 1.10e-019  9.90e-001  1.01e-002  6.47e-011  1.11e-042  7.86e-009  1.13e-010  1.13e-010  5.00e-011  1.94e-011  7.62e-012  
1.16507e+017 1.00e-019  9.90e-001  1.00e-002  2.21e-009  1.50e-029  1.55e-008  1.36e-010  1.36e-010  6.02e-011  2.34e-011  9.19e-012  
1.17040e+017 9.05e-020  9.90e-001  1.00e-002  1.87e-008  3.48e-019  3.07e-008  1.66e-010  1.66e-010  7.36e-011  2.86e-011  1.13e-011  
1.17511e+017 8.36e-020  9.90e-001  1.00e-002  7.60e-008  2.45e-014  5.36e-008  1.95e-010  1.95e-010  8.63e-011  3.36e-011  1.32e-011  
1.17806e+017 8.00e-020  9.90e-001  1.00e-002  1.51e-007  4.27e-013  7.40e-008  2.12e-010  2.12e-010  9.42e-011  3.66e-011  1.44e-011  
1.18134e+017 7.68e-020  9.90e-001  1.00e-002  2.87e-007  3.86e-011  1.04e-007  2.31e-010  2.31e-010  1.02e-010  3.99e-011  1.56e-011  
1.18488e+017 7.42e-020  9.90e-001  1.00e-002  5.15e-007  9.02e-010  1.47e-007  2.45e-010  2.45e-010  1.09e-010  4.24e-011  1.67e-011  
1.18867e+017 7.26e-020  9.90e-001  1.00e-002  9.18e-007  6.77e-009  2.07e-007  2.55e-010  2.55e-010  1.13e-010  4.38e-011  1.72e-011  
1.19273e+017 7.27e-020  9.90e-001  1.00e-002  1.53e-006  3.19e-008  2.85e-007  2.52e-010  2.52e-010  1.12e-010  4.34e-011  1.70e-011  
1.19721e+017 7.58e-020  9.90e-001  1.00e-002  2.40e-006  1.13e-007  3.85e-007  2.36e-010  2.36e-010  1.05e-010  4.07e-011  1.60e-011  
1.20205e+017 8.21e-020  9.90e-001  1.00e-002  3.60e-006  2.96e-007  5.03e-007  2.11e-010  2.11e-010  9.38e-011  3.64e-011  1.44e-011  
1.20720e+017 8.96e-020  9.90e-001  1.00e-002  5.35e-006  6.14e-007  6.33e-007  1.86e-010  1.86e-010  8.28e-011  3.23e-011  1.26e-011  
1.21274e+017 1.03e-019  9.90e-001  1.00e-002  7.72e-006  1.14e-006  7.82e-007  1.57e-010  1.57e-010  6.98e-011  2.71e-011  1.07e-011  
1.21854e+017 1.99e-019  9.90e-001  1.00e-002  1.01e-005  1.83e-006  8.95e-007  1.04e-010  1.04e-010  4.62e-011  1.80e-011  7.04e-012  
1.22444e+017 1.56e-019  9.90e-001  9.96e-003  1.14e-005  2.45e-006  9.19e-007  3.18e-011  3.18e-011  1.41e-011  5.49e-012  2.15e-012  
1.22701e+017 7.46e-024  0.00e+000  0.00e+000  9.99e-001  0.00e+000  1.45e-003  0.00e+000  0.00e+000  0.00e+000  0.00e+000  0.00e+000  
