! 0       HCOOH2+ + e- -> HCO + OH + H
! 1       HCOOH2+ + e- -> HCOOH + H
! 2       NH3 + HCOOH2+ -> HCOOH + NH4+
! 3       HCOOH2+ + GRAIN -> HCOOH + H + GRAIN
! 4       CH3OH + HCOOH2+ -> HCOOH + CH3OH2+
! 5       H2O + HCOOH2+ -> HCOOH + H3O+
! 6       CH3CN + HCOOH2+ -> HCOOH + CH3CNH+
! 7       CH3CHO + HCOOH2+ -> HCOOH + CH3CHOH+
!            tot_rate   0          1          2          3          4          5          6          7          
1.34508e+014 2.34e-017  8.67e-001  1.30e-001  2.03e-003  1.90e-004  1.67e-005  4.49e-005  1.71e-006  6.79e-007  
8.00271e+015 2.34e-017  8.68e-001  1.30e-001  2.03e-003  1.90e-004  1.68e-005  4.49e-005  1.71e-006  6.80e-007  
7.87466e+016 1.19e-017  8.68e-001  1.30e-001  1.43e-003  1.92e-004  1.05e-005  3.13e-005  1.02e-006  3.96e-007  
1.06312e+017 3.27e-018  8.68e-001  1.31e-001  7.76e-004  5.69e-004  5.41e-006  1.71e-005  5.01e-007  1.97e-007  
1.09855e+017 2.69e-018  8.68e-001  1.30e-001  6.05e-004  8.27e-004  4.23e-006  1.34e-005  3.90e-007  1.54e-007  
1.10673e+017 2.54e-018  8.68e-001  1.30e-001  5.66e-004  9.39e-004  3.97e-006  1.26e-005  3.67e-007  1.44e-007  
1.11398e+017 2.40e-018  8.68e-001  1.31e-001  5.38e-004  1.07e-003  3.78e-006  1.19e-005  3.48e-007  1.37e-007  
1.12221e+017 2.22e-018  8.68e-001  1.30e-001  5.13e-004  1.26e-003  3.58e-006  1.13e-005  3.30e-007  1.30e-007  
1.12812e+017 2.10e-018  8.68e-001  1.30e-001  4.96e-004  1.45e-003  3.47e-006  1.10e-005  3.20e-007  1.26e-007  
1.13349e+017 1.96e-018  8.67e-001  1.31e-001  4.89e-004  1.70e-003  3.44e-006  1.09e-005  3.18e-007  1.24e-007  
1.13938e+017 1.82e-018  8.67e-001  1.30e-001  4.86e-004  2.04e-003  3.46e-006  1.08e-005  3.18e-007  1.24e-007  
1.14626e+017 1.65e-018  8.67e-001  1.30e-001  4.95e-004  2.63e-003  3.69e-006  1.10e-005  3.28e-007  1.26e-007  
1.15112e+017 1.53e-018  8.67e-001  1.30e-001  5.09e-004  3.19e-003  4.07e-006  1.13e-005  3.39e-007  1.28e-007  
1.15530e+017 1.43e-018  8.65e-001  1.30e-001  5.30e-004  3.87e-003  4.71e-006  1.17e-005  3.54e-007  1.33e-007  
1.16007e+017 1.35e-018  8.65e-001  1.29e-001  5.52e-004  4.83e-003  5.91e-006  1.22e-005  3.68e-007  1.37e-007  
1.16507e+017 1.31e-018  8.63e-001  1.30e-001  5.83e-004  6.07e-003  8.10e-006  1.27e-005  4.07e-007  1.53e-007  
1.17040e+017 1.52e-018  8.63e-001  1.30e-001  5.76e-004  6.59e-003  1.19e-005  1.16e-005  4.03e-007  1.49e-007  
1.17511e+017 1.81e-018  8.63e-001  1.29e-001  6.75e-004  7.13e-003  1.87e-005  1.12e-005  3.96e-007  1.45e-007  
1.17806e+017 2.08e-018  8.62e-001  1.29e-001  8.82e-004  7.47e-003  2.76e-005  1.19e-005  3.93e-007  1.42e-007  
1.18134e+017 2.50e-018  8.61e-001  1.29e-001  1.29e-003  7.89e-003  4.53e-005  1.39e-005  3.93e-007  1.39e-007  
1.18488e+017 3.22e-018  8.60e-001  1.29e-001  2.05e-003  8.35e-003  7.92e-005  1.85e-005  3.98e-007  1.36e-007  
1.18867e+017 4.57e-018  8.59e-001  1.29e-001  3.46e-003  8.92e-003  1.44e-004  2.91e-005  4.07e-007  1.33e-007  
1.19273e+017 7.27e-018  8.56e-001  1.28e-001  6.01e-003  9.53e-003  2.71e-004  5.31e-005  4.35e-007  1.31e-007  
1.19721e+017 1.32e-017  8.50e-001  1.28e-001  1.06e-002  1.03e-002  5.25e-004  1.06e-004  4.93e-007  1.29e-007  
1.20205e+017 2.67e-017  8.43e-001  1.26e-001  1.82e-002  1.12e-002  1.03e-003  2.17e-004  6.07e-007  1.27e-007  
1.20720e+017 5.68e-017  8.32e-001  1.25e-001  2.87e-002  1.24e-002  1.97e-003  4.39e-004  8.19e-007  1.25e-007  
1.21274e+017 1.23e-016  8.20e-001  1.23e-001  3.97e-002  1.36e-002  3.67e-003  8.52e-004  1.20e-006  1.23e-007  
1.21854e+017 2.57e-016  8.08e-001  1.21e-001  4.70e-002  1.51e-002  6.68e-003  1.61e-003  1.89e-006  1.24e-007  
1.22444e+017 5.17e-016  7.99e-001  1.20e-001  4.92e-002  1.70e-002  1.17e-002  2.88e-003  3.17e-006  1.26e-007  
1.22701e+017 6.61e-016  8.69e-001  1.31e-001  0.00e+000  0.00e+000  0.00e+000  0.00e+000  0.00e+000  0.00e+000  
