! 0       *HCOOH + He -> HCOOH + He
! 1       *HCOOH + CO -> HCOOH + CO
! 2       *HCOOH + H2 -> HCOOH + H2
! 3       *HCOOH + ISPhoton -> *HCO + *OH
! 4       *HCOOH + CRPhoton -> *HCO + *OH
! 5       *HCOOH + ISPhoton -> *HCO + *OH
! 6       *HCOOH + ISPhoton -> *CO2 + *H + *H
! 7       *HCOOH + ISPhoton -> HCOOH
! 8       *HCOOH + CRPhoton -> HCOOH
! 9       *HCOOH + CRP -> HCOOH
!            tot_rate   0          1          2          3          4          5          6          7          8          9          
1.34508e+014 2.01e-016  0.00e+000  0.00e+000  0.00e+000  8.62e-001  1.27e-001  4.98e-003  4.98e-003  4.32e-004  3.29e-004  0.00e+000  
8.00271e+015 2.01e-016  0.00e+000  0.00e+000  0.00e+000  8.62e-001  1.27e-001  4.98e-003  4.98e-003  4.32e-004  3.29e-004  0.00e+000  
7.87466e+016 2.02e-016  0.00e+000  0.00e+000  0.00e+000  8.62e-001  1.27e-001  5.00e-003  5.00e-003  4.32e-004  3.29e-004  0.00e+000  
1.06312e+017 2.10e-016  0.00e+000  0.00e+000  0.00e+000  8.62e-001  1.27e-001  5.00e-003  5.00e-003  4.34e-004  3.31e-004  0.00e+000  
1.09855e+017 2.16e-016  0.00e+000  1.84e-065  0.00e+000  8.62e-001  1.27e-001  5.01e-003  5.01e-003  4.36e-004  3.32e-004  0.00e+000  
1.10673e+017 2.17e-016  0.00e+000  5.90e-047  0.00e+000  8.62e-001  1.28e-001  5.02e-003  5.02e-003  4.38e-004  3.34e-004  0.00e+000  
1.11398e+017 2.19e-016  0.00e+000  1.58e-023  0.00e+000  8.62e-001  1.28e-001  5.01e-003  5.01e-003  4.39e-004  3.35e-004  0.00e+000  
1.12221e+017 2.23e-016  0.00e+000  8.89e-007  0.00e+000  8.62e-001  1.27e-001  5.03e-003  5.03e-003  4.40e-004  3.35e-004  0.00e+000  
1.12812e+017 2.29e-016  0.00e+000  1.40e-002  0.00e+000  8.50e-001  1.25e-001  4.93e-003  4.93e-003  4.34e-004  3.31e-004  0.00e+000  
1.13349e+017 2.75e-016  0.00e+000  1.69e-001  0.00e+000  7.16e-001  1.06e-001  4.18e-003  4.18e-003  3.67e-004  2.81e-004  0.00e+000  
1.13938e+017 4.71e-016  5.31e-078  5.05e-001  0.00e+000  4.27e-001  6.30e-002  2.48e-003  2.48e-003  2.21e-004  1.67e-004  0.00e+000  
1.14626e+017 1.22e-015  6.66e-057  8.04e-001  0.00e+000  1.69e-001  2.50e-002  9.83e-004  9.83e-004  8.76e-005  6.67e-005  0.00e+000  
1.15112e+017 2.42e-015  1.01e-028  8.99e-001  0.00e+000  8.70e-002  1.29e-002  5.07e-004  5.07e-004  4.54e-005  3.45e-005  0.00e+000  
1.15530e+017 4.31e-015  4.25e-019  9.42e-001  0.00e+000  5.01e-002  7.40e-003  2.92e-004  2.92e-004  2.62e-005  2.00e-005  0.00e+000  
1.16007e+017 8.13e-015  9.09e-012  9.68e-001  0.00e+000  2.74e-002  4.05e-003  1.59e-004  1.59e-004  1.44e-005  1.10e-005  0.00e+000  
1.16507e+017 1.50e-014  7.88e-006  9.82e-001  1.00e-056  1.54e-002  2.28e-003  8.95e-005  8.95e-005  8.15e-006  6.22e-006  0.00e+000  
1.17040e+017 2.80e-014  2.93e-003  9.87e-001  8.19e-033  8.69e-003  1.28e-003  5.04e-005  5.04e-005  4.61e-006  3.52e-006  0.00e+000  
1.17511e+017 5.03e-014  7.88e-002  9.15e-001  6.21e-021  5.09e-003  7.50e-004  2.94e-005  2.94e-005  2.73e-006  2.09e-006  0.00e+000  
1.17806e+017 7.86e-014  2.02e-001  7.94e-001  4.61e-018  3.36e-003  4.96e-004  1.96e-005  1.96e-005  1.83e-006  1.39e-006  0.00e+000  
1.18134e+017 1.34e-013  3.45e-001  6.53e-001  3.45e-013  2.06e-003  3.04e-004  1.20e-005  1.20e-005  1.14e-006  8.69e-007  0.00e+000  
1.18488e+017 2.35e-013  4.63e-001  5.35e-001  1.45e-009  1.22e-003  1.81e-004  7.10e-006  7.10e-006  7.01e-007  5.31e-007  0.00e+000  
1.18867e+017 4.40e-013  5.79e-001  4.20e-001  3.77e-007  6.88e-004  1.02e-004  4.00e-006  4.00e-006  4.13e-007  3.16e-007  0.00e+000  
1.19273e+017 8.15e-013  6.56e-001  3.43e-001  1.14e-005  3.94e-004  5.80e-005  2.28e-006  2.28e-006  2.54e-007  1.94e-007  0.00e+000  
1.19721e+017 1.53e-012  7.08e-001  2.92e-001  3.10e-004  2.23e-004  3.30e-005  1.30e-006  1.30e-006  1.60e-007  1.22e-007  0.00e+000  
1.20205e+017 2.81e-012  7.47e-001  2.51e-001  2.34e-003  1.29e-004  1.91e-005  7.50e-007  7.50e-007  1.05e-007  8.04e-008  0.00e+000  
1.20720e+017 5.13e-012  7.81e-001  2.10e-001  8.16e-003  7.48e-005  1.10e-005  4.34e-007  4.34e-007  7.15e-008  5.44e-008  0.00e+000  
1.21274e+017 9.41e-012  8.02e-001  1.78e-001  1.93e-002  4.24e-005  6.25e-006  2.46e-007  2.46e-007  5.07e-008  3.87e-008  0.00e+000  
1.21854e+017 1.88e-011  8.10e-001  1.53e-001  3.66e-002  2.08e-005  3.08e-006  1.21e-007  1.21e-007  3.77e-008  2.88e-008  0.00e+000  
1.22444e+017 5.65e-011  8.09e-001  1.35e-001  5.61e-002  5.41e-006  8.00e-007  3.15e-008  3.15e-008  2.97e-008  2.26e-008  0.00e+000  
1.22701e+017 3.63e-016  9.98e-001  1.76e-003  0.00e+000  0.00e+000  0.00e+000  0.00e+000  0.00e+000  0.00e+000  0.00e+000  0.00e+000  
