! 0       *CH3OCH3 + He -> CH3OCH3 + He
! 1       *CH3OCH3 + H2 -> CH3OCH3 + H2
! 2       *CH3OCH3 + CO -> CH3OCH3 + CO
! 3       *CH3OCH3 + ISPhoton -> *H2CO + *CH4
! 4       *CH3OCH3 + CRPhoton -> *H2CO + *CH4
! 5       *CH3OCH3 + CRPhoton -> *O + *CH3 + *CH3
! 6       *CH3OCH3 + CRPhoton -> *CH3OH + *CH2
! 7       *CH3OCH3 + ISPhoton -> *O + *CH3 + *CH3
! 8       *CH3OCH3 + ISPhoton -> *CH3OH + *CH2
! 9       *CH3OCH3 + ISPhoton -> CH3OCH3
!            tot_rate   0          1          2          3          4          5          6          7          8          9          
1.34508e+014 1.41e-018  0.00e+000  0.00e+000  0.00e+000  8.49e-001  8.63e-002  2.83e-002  2.83e-002  3.93e-003  3.93e-003  4.27e-005  
8.00271e+015 1.41e-018  0.00e+000  0.00e+000  0.00e+000  8.49e-001  8.63e-002  2.83e-002  2.83e-002  3.93e-003  3.93e-003  4.27e-005  
7.87466e+016 1.41e-018  0.00e+000  0.00e+000  0.00e+000  8.48e-001  8.70e-002  2.84e-002  2.84e-002  3.94e-003  3.94e-003  4.28e-005  
1.06312e+017 1.46e-018  0.00e+000  0.00e+000  0.00e+000  8.48e-001  8.69e-002  2.84e-002  2.84e-002  3.94e-003  3.94e-003  4.31e-005  
1.09855e+017 1.51e-018  0.00e+000  0.00e+000  1.51e-015  8.49e-001  8.63e-002  2.83e-002  2.83e-002  3.92e-003  3.92e-003  4.31e-005  
1.10673e+017 1.52e-018  0.00e+000  0.00e+000  2.03e-008  8.49e-001  8.68e-002  2.83e-002  2.83e-002  3.93e-003  3.93e-003  4.33e-005  
1.11398e+017 1.53e-018  0.00e+000  0.00e+000  5.90e-004  8.48e-001  8.68e-002  2.83e-002  2.83e-002  3.93e-003  3.93e-003  4.34e-005  
1.12221e+017 1.59e-018  1.70e-077  0.00e+000  2.22e-002  8.30e-001  8.49e-002  2.77e-002  2.77e-002  3.85e-003  3.85e-003  4.26e-005  
1.12812e+017 1.73e-018  3.51e-066  0.00e+000  8.94e-002  7.73e-001  7.90e-002  2.57e-002  2.57e-002  3.58e-003  3.58e-003  3.97e-005  
1.13349e+017 2.02e-018  1.09e-048  0.00e+000  2.07e-001  6.73e-001  6.88e-002  2.24e-002  2.24e-002  3.11e-003  3.11e-003  3.47e-005  
1.13938e+017 2.67e-018  8.78e-029  0.00e+000  3.90e-001  5.18e-001  5.29e-002  1.73e-002  1.73e-002  2.40e-003  2.40e-003  2.68e-005  
1.14626e+017 4.43e-018  5.78e-019  0.00e+000  6.23e-001  3.20e-001  3.27e-002  1.07e-002  1.07e-002  1.48e-003  1.48e-003  1.66e-005  
1.15112e+017 6.81e-018  2.73e-008  2.20e-064  7.49e-001  2.13e-001  2.17e-002  7.11e-003  7.11e-003  9.87e-004  9.87e-004  1.11e-005  
1.15530e+017 1.02e-017  5.21e-005  5.14e-049  8.28e-001  1.46e-001  1.50e-002  4.87e-003  4.87e-003  6.77e-004  6.77e-004  7.66e-006  
1.16007e+017 1.65e-017  9.48e-003  3.14e-036  8.81e-001  9.30e-002  9.48e-003  3.10e-003  3.10e-003  4.31e-004  4.31e-004  4.91e-006  
1.16507e+017 3.03e-017  1.28e-001  6.16e-023  8.11e-001  5.24e-002  5.34e-003  1.75e-003  1.75e-003  2.43e-004  2.43e-004  2.78e-006  
1.17040e+017 7.02e-017  3.75e-001  1.57e-012  5.97e-001  2.38e-002  2.44e-003  7.94e-004  7.94e-004  1.10e-004  1.10e-004  1.27e-006  
1.17511e+017 1.60e-016  5.79e-001  7.45e-008  4.08e-001  1.10e-002  1.12e-003  3.66e-004  3.66e-004  5.08e-005  5.08e-005  5.93e-007  
1.17806e+017 2.59e-016  6.63e-001  8.44e-007  3.29e-001  6.98e-003  7.13e-004  2.33e-004  2.33e-004  3.24e-005  3.24e-005  3.82e-007  
1.18134e+017 4.27e-016  7.26e-001  5.55e-005  2.69e-001  4.40e-003  4.49e-004  1.47e-004  1.47e-004  2.04e-005  2.04e-005  2.46e-007  
1.18488e+017 7.04e-016  7.70e-001  9.18e-004  2.26e-001  2.80e-003  2.86e-004  9.30e-005  9.30e-005  1.29e-005  1.29e-005  1.61e-007  
1.18867e+017 1.21e-015  8.07e-001  4.51e-003  1.86e-001  1.71e-003  1.74e-004  5.68e-005  5.68e-005  7.89e-006  7.89e-006  1.03e-007  
1.19273e+017 2.07e-015  8.26e-001  1.40e-002  1.58e-001  1.04e-003  1.06e-004  3.48e-005  3.48e-005  4.83e-006  4.83e-006  6.76e-008  
1.19721e+017 3.62e-015  8.28e-001  3.37e-002  1.37e-001  6.24e-004  6.38e-005  2.08e-005  2.08e-005  2.90e-006  2.90e-006  4.47e-008  
1.20205e+017 6.30e-015  8.21e-001  6.03e-002  1.18e-001  3.70e-004  3.78e-005  1.23e-005  1.23e-005  1.71e-006  1.71e-006  3.03e-008  
1.20720e+017 1.06e-014  8.14e-001  8.57e-002  1.00e-001  2.19e-004  2.24e-005  7.30e-006  7.30e-006  1.01e-006  1.01e-006  2.10e-008  
1.21274e+017 1.69e-014  8.06e-001  1.10e-001  8.41e-002  1.26e-004  1.29e-005  4.20e-006  4.20e-006  5.83e-007  5.83e-007  1.52e-008  
1.21854e+017 2.56e-014  7.93e-001  1.35e-001  7.26e-002  6.29e-005  6.44e-006  2.10e-006  2.10e-006  2.91e-007  2.91e-007  1.15e-008  
1.22444e+017 3.59e-014  7.78e-001  1.57e-001  6.44e-002  1.67e-005  1.70e-006  5.55e-007  5.55e-007  7.70e-008  7.70e-008  9.18e-009  
1.22701e+017 2.42e-020  9.99e-001  0.00e+000  1.49e-003  0.00e+000  0.00e+000  0.00e+000  0.00e+000  0.00e+000  0.00e+000  0.00e+000  
