! 0       *C2H5OH + He -> C2H5OH + He
! 1       *C2H5OH + H2 -> C2H5OH + H2
! 2       *C2H5OH + CO -> C2H5OH + CO
! 3       *C2H5OH + CRPhoton -> *C2H5 + *OH
! 4       *C2H5OH + CRPhoton -> *H2CO + *CH4
! 5       *C2H5OH + CRPhoton -> *C2H5 + *OH
! 6       *C2H5OH + ISPhoton -> *C2H5 + *OH
! 7       *C2H5OH + ISPhoton -> C2H5OH
! 8       *C2H5OH + CRPhoton -> C2H5OH
! 9       *C2H5OH + ISPhoton -> *H2CO + *CH4
!            tot_rate   0          1          2          3          4          5          6          7          8          9          
1.34508e+014 2.55e-023  0.00e+000  0.00e+000  0.00e+000  8.63e-001  6.20e-002  6.20e-002  1.30e-002  1.37e-004  1.05e-004  1.10e-005  
8.00271e+015 2.55e-023  0.00e+000  0.00e+000  0.00e+000  8.63e-001  6.20e-002  6.20e-002  1.30e-002  1.37e-004  1.05e-004  1.10e-005  
7.87466e+016 2.56e-023  0.00e+000  0.00e+000  0.00e+000  8.63e-001  6.17e-002  6.17e-002  1.30e-002  1.38e-004  1.05e-004  1.10e-005  
1.06312e+017 2.65e-023  0.00e+000  0.00e+000  0.00e+000  8.63e-001  6.18e-002  6.18e-002  1.30e-002  1.38e-004  1.06e-004  1.10e-005  
1.09855e+017 2.72e-023  0.00e+000  0.00e+000  2.49e-030  8.63e-001  6.20e-002  6.20e-002  1.30e-002  1.39e-004  1.06e-004  1.10e-005  
1.10673e+017 2.75e-023  0.00e+000  0.00e+000  1.13e-018  8.63e-001  6.19e-002  6.19e-002  1.30e-002  1.39e-004  1.06e-004  1.10e-005  
1.11398e+017 2.78e-023  0.00e+000  0.00e+000  1.62e-007  8.63e-001  6.19e-002  6.19e-002  1.30e-002  1.40e-004  1.06e-004  1.10e-005  
1.12221e+017 2.84e-023  0.00e+000  0.00e+000  6.98e-003  8.57e-001  6.14e-002  6.14e-002  1.29e-002  1.39e-004  1.06e-004  1.10e-005  
1.12812e+017 3.12e-023  0.00e+000  0.00e+000  8.56e-002  7.89e-001  5.67e-002  5.67e-002  1.19e-002  1.29e-004  9.81e-005  1.01e-005  
1.13349e+017 3.91e-023  1.20e-072  0.00e+000  2.59e-001  6.40e-001  4.58e-002  4.58e-002  9.65e-003  1.04e-004  7.96e-005  8.17e-006  
1.13938e+017 5.98e-023  1.39e-045  0.00e+000  5.08e-001  4.25e-001  3.04e-002  3.04e-002  6.42e-003  6.97e-005  5.31e-005  5.43e-006  
1.14626e+017 1.23e-022  1.18e-031  0.00e+000  7.54e-001  2.13e-001  1.52e-002  1.52e-002  3.21e-003  3.50e-005  2.67e-005  2.72e-006  
1.15112e+017 2.13e-022  1.59e-014  0.00e+000  8.55e-001  1.25e-001  9.02e-003  9.02e-003  1.89e-003  2.08e-005  1.58e-005  1.61e-006  
1.15530e+017 3.47e-022  4.30e-009  3.61e-070  9.09e-001  7.88e-002  5.65e-003  5.65e-003  1.19e-003  1.31e-005  9.98e-006  1.01e-006  
1.16007e+017 6.00e-022  4.19e-005  4.00e-053  9.45e-001  4.70e-002  3.37e-003  3.37e-003  7.09e-004  7.85e-006  5.99e-006  6.00e-007  
1.16507e+017 1.05e-021  1.20e-002  1.12e-034  9.56e-001  2.80e-002  2.01e-003  2.01e-003  4.21e-004  4.70e-006  3.58e-006  3.57e-007  
1.17040e+017 2.07e-021  1.28e-001  2.69e-019  8.55e-001  1.49e-002  1.07e-003  1.07e-003  2.24e-004  2.51e-006  1.91e-006  1.90e-007  
1.17511e+017 4.61e-021  3.78e-001  4.60e-012  6.14e-001  7.01e-003  5.04e-004  5.04e-004  1.06e-004  1.20e-006  9.14e-007  8.96e-008  
1.17806e+017 7.66e-021  5.04e-001  1.85e-010  4.91e-001  4.36e-003  3.13e-004  3.13e-004  6.58e-005  7.55e-007  5.76e-007  5.58e-008  
1.18134e+017 1.31e-020  6.04e-001  1.42e-007  3.92e-001  2.66e-003  1.91e-004  1.91e-004  4.01e-005  4.69e-007  3.57e-007  3.40e-008  
1.18488e+017 2.24e-020  6.75e-001  1.54e-005  3.23e-001  1.62e-003  1.17e-004  1.17e-004  2.45e-005  2.96e-007  2.25e-007  2.07e-008  
1.18867e+017 3.98e-020  7.37e-001  2.62e-004  2.62e-001  9.61e-004  6.89e-005  6.89e-005  1.45e-005  1.83e-007  1.40e-007  1.23e-008  
1.19273e+017 7.00e-020  7.78e-001  1.69e-003  2.20e-001  5.75e-004  4.12e-005  4.12e-005  8.66e-006  1.18e-007  8.99e-008  7.35e-009  
1.19721e+017 1.25e-019  8.00e-001  8.40e-003  1.91e-001  3.40e-004  2.44e-005  2.44e-005  5.13e-006  7.74e-008  5.90e-008  4.34e-009  
1.20205e+017 2.23e-019  8.11e-001  2.34e-002  1.65e-001  2.00e-004  1.43e-005  1.43e-005  3.02e-006  5.20e-008  3.96e-008  2.56e-009  
1.20720e+017 3.93e-019  8.19e-001  4.27e-002  1.39e-001  1.17e-004  8.39e-006  8.39e-006  1.76e-006  3.56e-008  2.72e-008  1.49e-009  
1.21274e+017 6.79e-019  8.18e-001  6.51e-002  1.17e-001  6.69e-005  4.79e-006  4.79e-006  1.01e-006  2.55e-008  1.95e-008  8.55e-010  
1.21854e+017 1.21e-018  8.10e-001  8.95e-002  1.00e-001  3.31e-005  2.37e-006  2.37e-006  4.98e-007  1.91e-008  1.45e-008  4.22e-010  
1.22444e+017 2.61e-018  7.98e-001  1.13e-001  8.90e-002  8.67e-006  6.21e-007  6.21e-007  1.31e-007  1.52e-008  1.15e-008  1.11e-010  
1.22701e+017 5.92e-024  9.98e-001  0.00e+000  1.60e-003  0.00e+000  0.00e+000  0.00e+000  0.00e+000  0.00e+000  0.00e+000  0.00e+000  
