! 0       HCOOCH3 + H -> CH3O + CO + H2
! 1       HCOOCH3 + OH -> CH3O + CO + H2O
! 2       HCOOCH3 + GRAIN -> *HCOOCH3 + GRAIN
! 3       HCOOCH3 + ISPhoton -> H2CO + H2CO
! 4       HCOOCH3 + C+ -> C + COOCH4+
! 5       HCOOCH3 + HCO+ -> CO + H5C2O2+
! 6       HCOOCH3 + O -> CH3O + CO + OH
! 7       HCOOCH3 + H3O+ -> H2O + H5C2O2+
! 8       HCOOCH3 + H3+ -> H2 + H5C2O2+
! 9       HCOOCH3 + CRPhoton -> CO2 + CH4
! 10      HCOOCH3 + He+ -> CH3 + He + HCO2+
! 11      HCOOCH3 + CRPhoton -> COOCH4+ + e-
! 12      HCOOCH3 + H+ -> H + COOCH4+
!            tot_rate   0          1          2          3          4          5          6          7          8          9          10         11         12         
1.34508e+014 9.26e-022  0.00e+000  1.73e-035  5.47e-003  5.01e-002  3.40e-001  2.87e-001  0.00e+000  1.25e-001  1.05e-001  1.07e-002  4.16e-002  5.35e-003  2.94e-002  
8.00271e+015 9.26e-022  0.00e+000  1.73e-035  5.47e-003  5.01e-002  3.40e-001  2.87e-001  0.00e+000  1.25e-001  1.05e-001  1.07e-002  4.16e-002  5.35e-003  2.93e-002  
7.87466e+016 6.75e-022  0.00e+000  2.62e-035  1.95e-002  6.89e-002  3.33e-001  2.35e-001  0.00e+000  1.11e-001  1.27e-001  1.47e-002  4.59e-002  7.36e-003  3.69e-002  
1.06312e+017 3.24e-022  0.00e+000  1.04e-032  1.49e-001  1.49e-001  2.70e-001  1.75e-001  0.00e+000  6.34e-002  9.00e-002  3.18e-002  2.15e-002  1.59e-002  3.46e-002  
1.09855e+017 2.82e-022  0.00e+000  2.05e-029  1.16e-001  1.73e-001  3.32e-001  1.53e-001  0.00e+000  5.18e-002  6.92e-002  3.69e-002  1.57e-002  1.85e-002  3.31e-002  
1.10673e+017 2.71e-022  0.00e+000  4.71e-028  1.03e-001  1.80e-001  3.50e-001  1.47e-001  0.00e+000  4.94e-002  6.41e-002  3.83e-002  1.45e-002  1.92e-002  3.37e-002  
1.11398e+017 2.61e-022  0.00e+000  1.45e-026  9.21e-002  1.88e-001  3.62e-001  1.43e-001  1.21e-073  4.72e-002  5.95e-002  4.03e-002  1.35e-002  2.01e-002  3.43e-002  
1.12221e+017 2.33e-022  0.00e+000  1.75e-024  8.41e-002  2.11e-001  3.33e-001  1.48e-001  1.94e-066  4.80e-002  5.88e-002  4.50e-002  1.33e-002  2.25e-002  3.70e-002  
1.12812e+017 1.90e-022  0.00e+000  1.09e-022  8.79e-002  2.59e-001  2.20e-001  1.72e-001  2.23e-060  5.47e-002  6.52e-002  5.52e-002  1.47e-002  2.77e-002  4.42e-002  
1.13349e+017 1.51e-022  0.00e+000  6.93e-021  9.38e-002  3.26e-001  6.19e-002  2.05e-001  2.42e-054  6.39e-002  7.46e-002  6.93e-002  1.68e-002  3.48e-002  5.39e-002  
1.13938e+017 1.37e-022  0.00e+000  7.84e-019  8.64e-002  3.62e-001  4.77e-003  2.16e-001  2.37e-047  6.53e-002  7.47e-002  7.76e-002  1.68e-002  3.87e-002  5.78e-002  
1.14626e+017 1.29e-022  1.48e-066  2.26e-016  7.31e-002  3.83e-001  1.71e-003  2.13e-001  5.64e-039  6.31e-002  6.93e-002  8.19e-002  1.56e-002  4.10e-002  5.84e-002  
1.15112e+017 1.25e-022  1.00e-056  1.26e-014  6.42e-002  3.97e-001  1.14e-003  2.10e-001  4.05e-033  6.16e-002  6.55e-002  8.48e-002  1.48e-002  4.25e-002  5.85e-002  
1.15530e+017 1.22e-022  1.46e-048  3.64e-013  5.73e-002  4.10e-001  8.55e-004  2.06e-001  2.86e-028  6.06e-002  6.24e-002  8.72e-002  1.41e-002  4.38e-002  5.86e-002  
1.16007e+017 1.18e-022  7.15e-040  1.39e-011  5.03e-002  4.23e-001  7.73e-004  2.01e-001  4.01e-023  5.96e-002  5.89e-002  9.06e-002  1.32e-002  4.51e-002  5.83e-002  
1.16507e+017 1.15e-022  1.05e-031  4.54e-010  4.38e-002  4.33e-001  8.02e-004  2.00e-001  2.61e-018  5.85e-002  5.47e-002  9.27e-002  1.23e-002  4.63e-002  5.75e-002  
1.17040e+017 1.15e-022  2.66e-024  1.17e-008  3.73e-002  4.37e-001  8.19e-004  2.13e-001  5.58e-014  5.65e-002  4.95e-002  9.31e-002  1.12e-002  4.67e-002  5.52e-002  
1.17511e+017 1.16e-022  4.95e-019  1.28e-007  3.25e-002  4.37e-001  8.30e-004  2.22e-001  6.29e-011  5.99e-002  4.50e-002  9.34e-002  1.02e-002  4.66e-002  5.26e-002  
1.17806e+017 1.16e-022  2.45e-016  4.53e-007  3.01e-002  4.36e-001  8.38e-004  2.29e-001  2.22e-009  6.22e-002  4.22e-002  9.30e-002  9.56e-003  4.66e-002  5.08e-002  
1.18134e+017 1.17e-022  7.56e-014  1.51e-006  2.77e-002  4.35e-001  8.47e-004  2.36e-001  5.80e-008  6.45e-002  3.91e-002  9.31e-002  8.89e-003  4.65e-002  4.85e-002  
1.18488e+017 1.18e-022  1.25e-011  4.58e-006  2.55e-002  4.34e-001  8.53e-004  2.44e-001  1.03e-006  6.70e-002  3.57e-002  9.29e-002  8.19e-003  4.63e-002  4.56e-002  
1.18867e+017 1.20e-022  1.21e-009  1.30e-005  2.36e-002  4.33e-001  8.64e-004  2.53e-001  1.32e-005  6.97e-002  3.22e-002  9.22e-002  7.42e-003  4.63e-002  4.21e-002  
1.19273e+017 1.24e-022  8.25e-008  3.54e-005  2.21e-002  4.33e-001  8.65e-004  2.61e-001  1.33e-004  7.24e-002  2.83e-002  9.22e-002  6.58e-003  4.62e-002  3.75e-002  
1.19721e+017 1.30e-022  4.34e-006  9.61e-005  2.08e-002  4.32e-001  8.46e-004  2.70e-001  1.12e-003  7.49e-002  2.43e-002  9.23e-002  5.67e-003  4.61e-002  3.17e-002  
1.20205e+017 1.42e-022  1.48e-004  2.51e-004  1.99e-002  4.30e-001  8.14e-004  2.76e-001  7.16e-003  7.72e-002  2.06e-002  9.20e-002  4.81e-003  4.60e-002  2.48e-002  
1.20720e+017 1.70e-022  2.79e-003  6.18e-004  1.89e-002  4.21e-001  7.53e-004  2.72e-001  3.12e-002  7.82e-002  1.74e-002  9.00e-002  4.29e-003  4.50e-002  1.74e-002  
1.21274e+017 2.32e-022  3.08e-002  2.17e-003  1.80e-002  4.09e-001  6.88e-004  2.59e-001  4.03e-002  8.00e-002  1.54e-002  8.73e-002  3.90e-003  4.34e-002  1.08e-002  
1.21854e+017 4.62e-022  1.75e-001  1.12e-002  1.55e-002  3.48e-001  5.60e-004  2.08e-001  3.35e-002  7.55e-002  1.24e-002  7.46e-002  3.18e-003  3.72e-002  5.60e-003  
1.22444e+017 1.47e-021  4.55e-001  3.00e-002  1.02e-002  2.25e-001  3.48e-004  1.19e-001  1.91e-002  5.70e-002  7.57e-003  4.81e-002  1.98e-003  2.41e-002  2.26e-003  
1.22701e+017 1.04e-018  9.94e-001  4.97e-003  3.83e-004  0.00e+000  0.00e+000  0.00e+000  1.70e-004  0.00e+000  0.00e+000  0.00e+000  0.00e+000  0.00e+000  0.00e+000  
