! 0       *H + *OCN -> *HNCO
! 1       *H + *OCN -> HNCO
! 2       *OCN + He -> OCN + He
! 3       *OCN + H2 -> OCN + H2
! 4       *C + *OCN -> *CO + *CN
! 5       *OCN + CO -> OCN + CO
! 6       *OCN + CRPhoton -> *CN + *O
! 7       *OCN + ISPhoton -> *CN + *O
! 8       *OCN + ISPhoton -> OCN
! 9       *OCN + CRPhoton -> OCN
!            tot_rate   0          1          2          3          4          5          6          7          8          9          
1.34508e+014 2.07e-019  9.90e-001  1.00e-002  0.00e+000  0.00e+000  2.28e-007  0.00e+000  9.42e-012  9.51e-014  5.31e-015  4.05e-015  
8.00271e+015 2.07e-019  9.90e-001  1.00e-002  0.00e+000  0.00e+000  2.28e-007  0.00e+000  9.47e-012  9.51e-014  5.31e-015  4.06e-015  
7.87466e+016 4.72e-019  9.90e-001  1.00e-002  0.00e+000  0.00e+000  1.51e-007  0.00e+000  9.69e-012  9.77e-014  5.45e-015  4.16e-015  
1.06312e+017 2.47e-018  9.90e-001  9.98e-003  0.00e+000  0.00e+000  6.83e-008  1.30e-052  9.90e-012  1.00e-013  5.62e-015  4.28e-015  
1.09855e+017 2.52e-018  9.90e-001  1.00e-002  0.00e+000  0.00e+000  9.14e-008  4.02e-014  1.36e-011  1.38e-013  7.75e-015  5.92e-015  
1.10673e+017 2.65e-018  9.90e-001  9.98e-003  0.00e+000  0.00e+000  1.04e-007  1.98e-012  1.55e-011  1.57e-013  8.84e-015  6.76e-015  
1.11398e+017 2.88e-018  9.90e-001  1.00e-002  7.82e-068  0.00e+000  1.19e-007  1.35e-011  1.79e-011  1.81e-013  1.02e-014  7.82e-015  
1.12221e+017 3.41e-018  9.90e-001  1.00e-002  1.27e-042  0.00e+000  1.43e-007  6.56e-011  2.16e-011  2.18e-013  1.24e-014  9.43e-015  
1.12812e+017 4.08e-018  9.90e-001  1.00e-002  3.33e-036  0.00e+000  1.66e-007  1.80e-010  2.52e-011  2.55e-013  1.45e-014  1.10e-014  
1.13349e+017 5.05e-018  9.90e-001  1.00e-002  1.05e-026  0.00e+000  1.94e-007  4.16e-010  2.93e-011  2.97e-013  1.69e-014  1.29e-014  
1.13938e+017 6.96e-018  9.90e-001  1.00e-002  1.04e-017  1.15e-064  2.20e-007  9.86e-010  3.51e-011  3.53e-013  2.03e-014  1.55e-014  
1.14626e+017 1.10e-017  9.90e-001  9.99e-003  1.91e-013  1.88e-045  2.94e-007  2.68e-009  4.45e-011  4.50e-013  2.59e-014  1.98e-014  
1.15112e+017 1.64e-017  9.90e-001  1.00e-002  1.39e-010  1.93e-032  3.53e-007  5.26e-009  5.33e-011  5.38e-013  3.12e-014  2.38e-014  
1.15530e+017 2.42e-017  9.90e-001  9.98e-003  1.98e-009  2.03e-025  4.13e-007  9.16e-009  6.23e-011  6.31e-013  3.66e-014  2.79e-014  
1.16007e+017 3.90e-017  9.90e-001  1.00e-002  1.36e-008  1.82e-019  5.00e-007  1.71e-008  7.51e-011  7.57e-013  4.44e-014  3.39e-014  
1.16507e+017 6.36e-017  9.90e-001  1.00e-002  5.67e-008  3.41e-014  6.08e-007  3.13e-008  9.10e-011  9.18e-013  5.39e-014  4.12e-014  
1.17040e+017 9.92e-017  9.90e-001  1.00e-002  1.87e-007  9.40e-011  7.49e-007  5.80e-008  1.11e-010  1.12e-012  6.63e-014  5.05e-014  
1.17511e+017 1.29e-016  9.90e-001  9.98e-003  4.75e-007  3.36e-009  8.89e-007  9.59e-008  1.31e-010  1.31e-012  7.89e-014  6.01e-014  
1.17806e+017 1.43e-016  9.90e-001  9.97e-003  7.95e-007  1.32e-008  9.83e-007  1.29e-007  1.42e-010  1.44e-012  8.72e-014  6.63e-014  
1.18134e+017 1.57e-016  9.90e-001  9.96e-003  1.32e-006  5.58e-008  1.08e-006  1.76e-007  1.54e-010  1.55e-012  9.58e-014  7.35e-014  
1.18488e+017 1.64e-016  9.90e-001  1.00e-002  2.15e-006  1.67e-007  1.19e-006  2.43e-007  1.65e-010  1.67e-012  1.06e-013  8.07e-014  
1.18867e+017 1.67e-016  9.90e-001  9.96e-003  3.49e-006  3.88e-007  1.26e-006  3.31e-007  1.70e-010  1.72e-012  1.15e-013  8.76e-014  
1.19273e+017 1.65e-016  9.90e-001  1.00e-002  5.42e-006  8.14e-007  1.30e-006  4.49e-007  1.69e-010  1.70e-012  1.23e-013  9.35e-014  
1.19721e+017 1.62e-016  9.90e-001  1.00e-002  8.04e-006  1.55e-006  1.28e-006  5.98e-007  1.58e-010  1.60e-012  1.27e-013  9.71e-014  
1.20205e+017 1.60e-016  9.90e-001  1.00e-002  1.15e-005  2.68e-006  1.17e-006  7.64e-007  1.42e-010  1.43e-012  1.30e-013  9.90e-014  
1.20720e+017 1.60e-016  9.90e-001  1.00e-002  1.64e-005  4.35e-006  1.04e-006  9.59e-007  1.25e-010  1.27e-012  1.35e-013  1.03e-013  
1.21274e+017 1.64e-016  9.90e-001  9.96e-003  2.26e-005  6.72e-006  1.19e-006  1.16e-006  1.05e-010  1.06e-012  1.41e-013  1.08e-013  
1.21854e+017 1.66e-016  9.90e-001  9.96e-003  2.87e-005  9.48e-006  1.75e-006  1.32e-006  6.94e-011  7.00e-013  1.42e-013  1.08e-013  
1.22444e+017 7.21e-017  9.90e-001  1.00e-002  3.20e-005  1.17e-005  3.01e-006  1.35e-006  2.14e-011  2.15e-013  1.32e-013  1.00e-013  
1.22701e+017 2.31e-020  0.00e+000  0.00e+000  9.99e-001  0.00e+000  0.00e+000  1.21e-003  0.00e+000  0.00e+000  0.00e+000  0.00e+000  
