! 0       *CH2CO + He -> CH2CO + He
! 1       *CH2CO + H2 -> CH2CO + H2
! 2       *CH2CO + CO -> CH2CO + CO
! 3       *H + *CH2CO -> *CH3CO
! 4       *H + *CH2CO -> CH3CO
! 5       *CH2CO + CRPhoton -> *CO + *CH2
! 6       *CH2CO + CRPhoton -> *CO + *CH2
! 7       *CH2CO + CRPhoton -> *C2H2 + *O
! 8       *CH2CO + CRPhoton -> *C2 + *H2O
! 9       *CH2CO + ISPhoton -> *CO + *CH2
!            tot_rate   0          1          2          3          4          5          6          7          8          9          
1.34508e+014 1.53e-019  0.00e+000  0.00e+000  0.00e+000  9.90e-001  9.96e-003  4.09e-005  1.82e-005  1.82e-005  1.82e-005  2.86e-006  
8.00271e+015 1.53e-019  0.00e+000  0.00e+000  0.00e+000  9.90e-001  9.96e-003  4.09e-005  1.82e-005  1.82e-005  1.82e-005  2.86e-006  
7.87466e+016 1.92e-019  0.00e+000  0.00e+000  0.00e+000  9.90e-001  1.00e-002  4.21e-005  1.88e-005  1.88e-005  1.88e-005  2.95e-006  
1.06312e+017 5.20e-019  0.00e+000  0.00e+000  0.00e+000  9.90e-001  1.00e-002  4.31e-005  1.91e-005  1.91e-005  1.91e-005  3.02e-006  
1.09855e+017 4.24e-019  0.00e+000  0.00e+000  1.65e-013  9.90e-001  1.00e-002  5.92e-005  2.64e-005  2.64e-005  2.64e-005  4.15e-006  
1.10673e+017 3.81e-019  0.00e+000  0.00e+000  2.17e-008  9.90e-001  1.00e-002  6.75e-005  2.99e-005  2.99e-005  2.99e-005  4.73e-006  
1.11398e+017 3.37e-019  0.00e+000  0.00e+000  6.61e-006  9.90e-001  9.99e-003  7.76e-005  3.44e-005  3.44e-005  3.44e-005  5.42e-006  
1.12221e+017 2.86e-019  5.88e-066  0.00e+000  1.01e-004  9.90e-001  1.00e-002  9.37e-005  4.16e-005  4.16e-005  4.16e-005  6.57e-006  
1.12812e+017 2.50e-019  4.61e-056  0.00e+000  3.97e-004  9.89e-001  9.97e-003  1.09e-004  4.85e-005  4.85e-005  4.85e-005  7.65e-006  
1.13349e+017 2.17e-019  8.09e-041  0.00e+000  1.11e-003  9.89e-001  9.98e-003  1.27e-004  5.66e-005  5.66e-005  5.66e-005  8.92e-006  
1.13938e+017 1.86e-019  4.88e-024  0.00e+000  3.02e-003  9.87e-001  9.97e-003  1.52e-004  6.76e-005  6.76e-005  6.76e-005  1.06e-005  
1.14626e+017 1.52e-019  9.28e-016  2.64e-069  9.28e-003  9.80e-001  9.87e-003  1.91e-004  8.55e-005  8.55e-005  8.55e-005  1.34e-005  
1.15112e+017 1.32e-019  1.29e-007  2.78e-047  1.93e-002  9.70e-001  9.78e-003  2.26e-004  1.01e-004  1.01e-004  1.01e-004  1.58e-005  
1.15530e+017 1.17e-019  6.07e-005  1.66e-035  3.49e-002  9.55e-001  9.63e-003  2.61e-004  1.16e-004  1.16e-004  1.16e-004  1.82e-005  
1.16007e+017 1.04e-019  4.17e-003  1.22e-025  6.63e-002  9.20e-001  9.29e-003  3.03e-004  1.34e-004  1.34e-004  1.34e-004  2.12e-005  
1.16507e+017 9.94e-020  4.76e-002  7.72e-016  1.16e-001  8.28e-001  8.36e-003  3.30e-004  1.47e-004  1.47e-004  1.47e-004  2.31e-005  
1.17040e+017 1.13e-019  1.99e-001  1.24e-008  1.69e-001  6.25e-001  6.31e-003  3.05e-004  1.35e-004  1.35e-004  1.35e-004  2.14e-005  
1.17511e+017 1.60e-019  4.16e-001  1.75e-005  1.83e-001  3.96e-001  4.01e-003  2.27e-004  1.01e-004  1.01e-004  1.01e-004  1.59e-005  
1.17806e+017 2.15e-019  5.40e-001  1.13e-004  1.77e-001  2.79e-001  2.82e-003  1.74e-004  7.73e-005  7.73e-005  7.73e-005  1.22e-005  
1.18134e+017 3.10e-019  6.48e-001  1.62e-003  1.63e-001  1.85e-001  1.87e-003  1.25e-004  5.58e-005  5.58e-005  5.58e-005  8.77e-006  
1.18488e+017 4.70e-019  7.23e-001  8.70e-003  1.48e-001  1.19e-001  1.20e-003  8.59e-005  3.83e-005  3.83e-005  3.83e-005  6.04e-006  
1.18867e+017 7.63e-019  7.75e-001  2.24e-002  1.28e-001  7.42e-002  7.50e-004  5.53e-005  2.46e-005  2.46e-005  2.46e-005  3.88e-006  
1.19273e+017 1.27e-018  7.97e-001  4.48e-002  1.10e-001  4.70e-002  4.75e-004  3.47e-005  1.55e-005  1.55e-005  1.55e-005  2.43e-006  
1.19721e+017 2.16e-018  7.98e-001  7.42e-002  9.70e-002  3.04e-002  3.08e-004  2.11e-005  9.37e-006  9.37e-006  9.37e-006  1.48e-006  
1.20205e+017 3.60e-018  7.89e-001  1.06e-001  8.44e-002  2.05e-002  2.07e-004  1.27e-005  5.64e-006  5.64e-006  5.64e-006  8.89e-007  
1.20720e+017 5.69e-018  7.82e-001  1.32e-001  7.17e-002  1.39e-002  1.40e-004  7.61e-006  3.37e-006  3.37e-006  3.37e-006  5.32e-007  
1.21274e+017 8.16e-018  7.72e-001  1.57e-001  6.12e-002  9.62e-003  9.72e-005  4.44e-006  1.97e-006  1.97e-006  1.97e-006  3.10e-007  
1.21854e+017 1.01e-017  7.60e-001  1.79e-001  5.29e-002  7.32e-003  7.38e-005  2.23e-006  9.91e-007  9.91e-007  9.91e-007  1.57e-007  
1.22444e+017 7.99e-018  7.46e-001  2.00e-001  4.72e-002  6.33e-003  6.40e-005  5.93e-007  2.64e-007  2.64e-007  2.64e-007  4.16e-008  
1.22701e+017 2.12e-025  9.99e-001  0.00e+000  1.34e-003  0.00e+000  0.00e+000  0.00e+000  0.00e+000  0.00e+000  0.00e+000  0.00e+000  
