! 0       CH3OH2+ + e- -> CH3 + OH + H
! 1       CH3OH2+ + e- -> CH2 + H2O + H
! 2       NH3 + CH3OH2+ -> CH3OH + NH4+
! 3       CH3OH2+ + e- -> H2CO + H2 + H
! 4       CH3OH2+ + e- -> CH3 + H2O
! 5       CH3OH2+ + e- -> CH3O + H2
! 6       CH3OH2+ + e- -> CH3OH + H
! 7       CH3OH2+ + GRAIN -> CH3OH + H + GRAIN
! 8       CH3OH + CH3OH2+ -> H2O + CH3OCH4+
! 9       HCOOH + CH3OH2+ -> CH3OH + HCOOH2+
!            tot_rate   0          1          2          3          4          5          6          7          8          9          
1.34508e+014 1.34e-017  5.12e-001  2.10e-001  5.06e-004  1.00e-001  9.00e-002  5.64e-002  3.01e-002  3.90e-004  2.67e-006  1.06e-005  
8.00271e+015 1.34e-017  5.12e-001  2.11e-001  5.07e-004  1.00e-001  9.00e-002  5.63e-002  3.01e-002  3.91e-004  2.67e-006  1.06e-005  
7.87466e+016 9.27e-018  5.11e-001  2.10e-001  5.41e-004  1.00e-001  9.03e-002  5.64e-002  3.01e-002  3.88e-004  2.54e-006  6.46e-006  
1.06312e+017 3.27e-018  5.11e-001  2.10e-001  1.13e-003  1.00e-001  9.00e-002  5.63e-002  3.00e-002  7.72e-004  1.22e-007  2.35e-006  
1.09855e+017 2.59e-018  5.10e-001  2.11e-001  1.30e-003  1.00e-001  9.01e-002  5.64e-002  3.01e-002  1.02e-003  1.41e-007  1.71e-006  
1.10673e+017 2.42e-018  5.12e-001  2.10e-001  1.35e-003  9.98e-002  8.99e-002  5.61e-002  3.00e-002  1.12e-003  1.47e-007  1.57e-006  
1.11398e+017 2.27e-018  5.11e-001  2.10e-001  1.40e-003  9.99e-002  9.03e-002  5.64e-002  3.00e-002  1.24e-003  1.53e-007  1.46e-006  
1.12221e+017 2.11e-018  5.12e-001  2.10e-001  1.48e-003  9.99e-002  9.00e-002  5.59e-002  3.00e-002  1.42e-003  1.62e-007  1.34e-006  
1.12812e+017 2.01e-018  5.11e-001  2.10e-001  1.56e-003  9.98e-002  8.98e-002  5.61e-002  3.00e-002  1.59e-003  1.71e-007  1.27e-006  
1.13349e+017 2.02e-018  5.10e-001  2.10e-001  1.60e-003  1.00e-001  9.01e-002  5.64e-002  3.00e-002  1.74e-003  1.75e-007  1.18e-006  
1.13938e+017 2.10e-018  5.10e-001  2.10e-001  1.58e-003  1.00e-001  9.01e-002  5.62e-002  3.00e-002  1.86e-003  1.75e-007  1.04e-006  
1.14626e+017 2.17e-018  5.11e-001  2.10e-001  1.55e-003  9.99e-002  8.97e-002  5.61e-002  3.00e-002  2.02e-003  1.79e-007  8.97e-007  
1.15112e+017 2.22e-018  5.09e-001  2.10e-001  1.53e-003  1.00e-001  9.01e-002  5.63e-002  3.00e-002  2.15e-003  1.91e-007  8.16e-007  
1.15530e+017 2.27e-018  5.10e-001  2.10e-001  1.51e-003  9.98e-002  9.01e-002  5.63e-002  3.00e-002  2.28e-003  2.09e-007  7.56e-007  
1.16007e+017 2.37e-018  5.10e-001  2.10e-001  1.49e-003  1.00e-001  8.99e-002  5.61e-002  3.00e-002  2.46e-003  2.49e-007  7.13e-007  
1.16507e+017 2.55e-018  5.10e-001  2.10e-001  1.50e-003  9.97e-002  8.99e-002  5.61e-002  2.99e-002  2.67e-003  3.24e-007  7.19e-007  
1.17040e+017 2.90e-018  5.10e-001  2.10e-001  1.64e-003  9.97e-002  8.97e-002  5.62e-002  2.99e-002  2.89e-003  4.72e-007  8.52e-007  
1.17511e+017 3.55e-018  5.09e-001  2.10e-001  2.13e-003  9.99e-002  8.98e-002  5.60e-002  2.98e-002  3.12e-003  7.46e-007  1.07e-006  
1.17806e+017 4.37e-018  5.08e-001  2.10e-001  2.79e-003  9.98e-002  9.00e-002  5.61e-002  3.00e-002  3.27e-003  1.10e-006  1.30e-006  
1.18134e+017 6.10e-018  5.08e-001  2.10e-001  4.06e-003  9.95e-002  8.95e-002  5.59e-002  2.98e-002  3.46e-003  1.80e-006  1.72e-006  
1.18488e+017 9.87e-018  5.07e-001  2.09e-001  6.46e-003  9.93e-002  8.94e-002  5.58e-002  2.98e-002  3.68e-003  3.14e-006  2.50e-006  
1.18867e+017 1.83e-017  5.04e-001  2.08e-001  1.08e-002  9.90e-002  8.91e-002  5.58e-002  2.96e-002  3.91e-003  5.74e-006  4.01e-006  
1.19273e+017 3.76e-017  5.00e-001  2.06e-001  1.88e-002  9.81e-002  8.83e-002  5.50e-002  2.95e-002  4.17e-003  1.07e-005  6.94e-006  
1.19721e+017 8.42e-017  4.93e-001  2.03e-001  3.28e-002  9.66e-002  8.69e-002  5.43e-002  2.90e-002  4.45e-003  2.05e-005  1.26e-005  
1.20205e+017 1.95e-016  4.81e-001  1.98e-001  5.54e-002  9.44e-002  8.51e-002  5.28e-002  2.83e-002  4.81e-003  3.96e-005  2.38e-005  
1.20720e+017 4.45e-016  4.65e-001  1.92e-001  8.58e-002  9.12e-002  8.22e-002  5.12e-002  2.74e-002  5.17e-003  7.44e-005  4.45e-005  
1.21274e+017 9.73e-016  4.49e-001  1.85e-001  1.17e-001  8.80e-002  7.92e-002  4.94e-002  2.64e-002  5.58e-003  1.37e-004  8.33e-005  
1.21854e+017 1.94e-015  4.39e-001  1.81e-001  1.37e-001  8.60e-002  7.72e-002  4.83e-002  2.58e-002  6.18e-003  2.45e-004  1.62e-004  
1.22444e+017 3.52e-015  4.35e-001  1.79e-001  1.43e-001  8.53e-002  7.68e-002  4.78e-002  2.56e-002  6.94e-003  4.32e-004  3.58e-004  
1.22701e+017 3.79e-015  5.12e-001  2.11e-001  0.00e+000  1.00e-001  9.03e-002  5.65e-002  3.01e-002  0.00e+000  0.00e+000  0.00e+000  
