! 0       *H + *C2H4 -> *C2H5
! 1       *H + *C2H4 -> C2H5
! 2       *C2H4 + He -> C2H4 + He
! 3       *C2H4 + H2 -> C2H4 + H2
! 4       *C2H4 + CO -> C2H4 + CO
! 5       *C2H4 + CRPhoton -> *C2H2 + *H2
! 6       *C2H4 + ISPhoton -> *C2H2 + *H2
! 7       *C2H4 + CRPhoton -> *C2H2 + *H + *H
! 8       *C2H4 + CRPhoton -> *C2H3 + *H
! 9       *C2H4 + CRPhoton -> *C2H + *H2 + *H
!            tot_rate   0          1          2          3          4          5          6          7          8          9          
1.34508e+014 7.21e-017  9.90e-001  1.00e-002  0.00e+000  0.00e+000  0.00e+000  5.87e-008  3.38e-009  3.13e-009  5.21e-010  4.74e-010  
8.00271e+015 7.21e-017  9.90e-001  1.00e-002  0.00e+000  0.00e+000  0.00e+000  5.87e-008  3.38e-009  3.13e-009  5.21e-010  4.74e-010  
7.87466e+016 7.95e-017  9.90e-001  1.00e-002  0.00e+000  0.00e+000  0.00e+000  6.03e-008  3.47e-009  3.22e-009  5.36e-010  4.87e-010  
1.06312e+017 1.17e-016  9.90e-001  9.99e-003  0.00e+000  0.00e+000  1.43e-060  6.16e-008  3.56e-009  3.29e-009  5.48e-010  4.98e-010  
1.09855e+017 1.01e-016  9.90e-001  1.00e-002  0.00e+000  0.00e+000  3.88e-012  8.48e-008  4.90e-009  4.53e-009  7.54e-010  6.86e-010  
1.10673e+017 9.64e-017  9.90e-001  9.99e-003  0.00e+000  0.00e+000  8.99e-010  9.65e-008  5.57e-009  5.16e-009  8.58e-010  7.80e-010  
1.11398e+017 9.20e-017  9.90e-001  1.00e-002  2.26e-076  0.00e+000  1.04e-008  1.11e-007  6.41e-009  5.93e-009  9.88e-010  8.98e-010  
1.12221e+017 8.73e-017  9.90e-001  1.00e-002  2.86e-047  0.00e+000  6.26e-008  1.34e-007  7.73e-009  7.15e-009  1.19e-009  1.08e-009  
1.12812e+017 8.41e-017  9.90e-001  1.00e-002  7.01e-040  1.51e-066  1.85e-007  1.56e-007  9.02e-009  8.34e-009  1.39e-009  1.26e-009  
1.13349e+017 8.15e-017  9.90e-001  1.00e-002  1.01e-028  1.88e-053  4.49e-007  1.83e-007  1.05e-008  9.74e-009  1.62e-009  1.47e-009  
1.13938e+017 7.96e-017  9.90e-001  1.00e-002  1.60e-017  3.39e-041  1.10e-006  2.17e-007  1.26e-008  1.16e-008  1.93e-009  1.76e-009  
1.14626e+017 7.68e-017  9.90e-001  1.00e-002  3.54e-012  1.65e-027  3.10e-006  2.77e-007  1.60e-008  1.48e-008  2.46e-009  2.24e-009  
1.15112e+017 7.57e-017  9.90e-001  1.00e-002  4.65e-008  2.99e-019  6.17e-006  3.32e-007  1.92e-008  1.77e-008  2.95e-009  2.68e-009  
1.15530e+017 7.52e-017  9.90e-001  9.99e-003  1.49e-006  1.12e-014  1.09e-005  3.87e-007  2.24e-008  2.08e-008  3.45e-009  3.13e-009  
1.16007e+017 7.50e-017  9.90e-001  1.00e-002  1.63e-005  9.25e-011  2.05e-005  4.66e-007  2.70e-008  2.49e-008  4.15e-009  3.76e-009  
1.16507e+017 7.55e-017  9.90e-001  1.00e-002  8.49e-005  1.01e-007  3.82e-005  5.65e-007  3.26e-008  3.02e-008  5.02e-009  4.56e-009  
1.17040e+017 7.70e-017  9.90e-001  1.00e-002  3.10e-004  7.18e-006  7.14e-005  6.90e-007  3.99e-008  3.69e-008  6.13e-009  5.57e-009  
1.17511e+017 7.93e-017  9.89e-001  9.99e-003  8.34e-004  5.80e-005  1.19e-004  8.09e-007  4.67e-008  4.33e-008  7.19e-009  6.53e-009  
1.17806e+017 8.11e-017  9.88e-001  9.98e-003  1.42e-003  1.47e-004  1.60e-004  8.82e-007  5.10e-008  4.72e-008  7.85e-009  7.13e-009  
1.18134e+017 8.37e-017  9.87e-001  9.97e-003  2.40e-003  3.70e-004  2.20e-004  9.56e-007  5.52e-008  5.11e-008  8.51e-009  7.73e-009  
1.18488e+017 8.69e-017  9.85e-001  9.94e-003  3.95e-003  8.11e-004  3.03e-004  1.02e-006  5.87e-008  5.43e-008  9.03e-009  8.22e-009  
1.18867e+017 9.06e-017  9.82e-001  9.92e-003  6.46e-003  1.57e-003  4.15e-004  1.05e-006  6.05e-008  5.60e-008  9.31e-009  8.47e-009  
1.19273e+017 9.40e-017  9.77e-001  9.87e-003  1.00e-002  2.85e-003  5.60e-004  1.03e-006  5.97e-008  5.51e-008  9.18e-009  8.35e-009  
1.19721e+017 9.57e-017  9.70e-001  9.79e-003  1.48e-002  4.85e-003  7.41e-004  9.60e-007  5.55e-008  5.13e-008  8.54e-009  7.76e-009  
1.20205e+017 9.12e-017  9.61e-001  9.69e-003  2.09e-002  7.76e-003  9.44e-004  8.52e-007  4.92e-008  4.55e-008  7.58e-009  6.89e-009  
1.20720e+017 7.58e-017  9.48e-001  9.57e-003  2.93e-002  1.18e-002  1.16e-003  7.44e-007  4.30e-008  3.97e-008  6.62e-009  6.01e-009  
1.21274e+017 4.98e-017  9.32e-001  9.42e-003  4.00e-002  1.73e-002  1.40e-003  6.15e-007  3.55e-008  3.29e-008  5.46e-009  4.98e-009  
1.21854e+017 2.33e-017  9.16e-001  9.29e-003  4.99e-002  2.33e-002  1.56e-003  4.01e-007  2.31e-008  2.14e-008  3.57e-009  3.24e-009  
1.22444e+017 8.68e-018  9.07e-001  9.16e-003  5.47e-002  2.75e-002  1.58e-003  1.22e-007  7.02e-009  6.50e-009  1.08e-009  9.83e-010  
1.22701e+017 9.22e+002  9.90e-001  1.00e-002  0.00e+000  1.01e-024  0.00e+000  1.27e-027  7.35e-029  6.80e-029  1.13e-029  1.03e-029  
