! 0       *H + *HC2O -> *CH2CO
! 1       *H + *HC2O -> CH2CO
! 2       *HC2O + He -> HC2O + He
! 3       *HC2O + H2 -> HC2O + H2
! 4       *HC2O + CO -> HC2O + CO
! 5       *HC2O + CRPhoton -> *CH + *CO
! 6       *HC2O + ISPhoton -> HC2O
! 7       *HC2O + CRPhoton -> HC2O
! 8       *HC2O + GRAIN -> HC2O + GRAIN
! 9       *HC2O + CRP -> HC2O
!            tot_rate   0          1          2          3          4          5          6          7          8          9          
1.34508e+014 1.14e-021  9.90e-001  9.99e-003  0.00e+000  0.00e+000  0.00e+000  1.89e-011  5.33e-015  4.06e-015  5.16e-073  0.00e+000  
8.00271e+015 1.14e-021  9.90e-001  9.99e-003  0.00e+000  0.00e+000  0.00e+000  1.89e-011  5.33e-015  4.06e-015  5.17e-073  0.00e+000  
7.87466e+016 2.53e-021  9.90e-001  9.98e-003  0.00e+000  0.00e+000  0.00e+000  1.94e-011  5.46e-015  4.16e-015  5.31e-073  0.00e+000  
1.06312e+017 8.60e-021  9.90e-001  1.00e-002  0.00e+000  0.00e+000  9.95e-064  1.99e-011  5.63e-015  4.29e-015  9.84e-073  0.00e+000  
1.09855e+017 5.94e-021  9.90e-001  1.00e-002  0.00e+000  0.00e+000  2.68e-015  2.73e-011  7.76e-015  5.91e-015  5.52e-072  0.00e+000  
1.10673e+017 5.13e-021  9.90e-001  1.00e-002  0.00e+000  0.00e+000  6.24e-013  3.12e-011  8.87e-015  6.76e-015  1.30e-071  0.00e+000  
1.11398e+017 4.41e-021  9.90e-001  9.99e-003  0.00e+000  0.00e+000  7.20e-012  3.58e-011  1.02e-014  7.79e-015  3.81e-071  0.00e+000  
1.12221e+017 3.63e-021  9.90e-001  1.00e-002  1.17e-050  0.00e+000  4.36e-011  4.33e-011  1.24e-014  9.43e-015  2.21e-070  0.00e+000  
1.12812e+017 3.11e-021  9.90e-001  1.00e-002  2.88e-043  0.00e+000  1.29e-010  5.01e-011  1.45e-014  1.10e-014  1.16e-069  0.00e+000  
1.13349e+017 2.67e-021  9.90e-001  1.00e-002  4.16e-032  0.00e+000  3.14e-010  5.89e-011  1.69e-014  1.29e-014  7.80e-069  0.00e+000  
1.13938e+017 2.25e-021  9.90e-001  9.99e-003  6.57e-021  2.16e-073  7.68e-010  7.01e-011  2.02e-014  1.54e-014  1.12e-067  0.00e+000  
1.14626e+017 1.82e-021  9.90e-001  9.96e-003  1.45e-015  5.83e-052  2.18e-009  8.91e-011  2.59e-014  1.97e-014  5.72e-066  0.00e+000  
1.15112e+017 1.56e-021  9.90e-001  1.00e-002  1.91e-011  5.79e-037  4.35e-009  1.07e-010  3.12e-014  2.37e-014  1.56e-064  0.00e+000  
1.15530e+017 1.36e-021  9.90e-001  9.97e-003  6.10e-010  6.72e-029  7.70e-009  1.25e-010  3.66e-014  2.79e-014  3.95e-063  0.00e+000  
1.16007e+017 1.17e-021  9.90e-001  1.01e-002  6.74e-009  4.28e-022  1.46e-008  1.50e-010  4.44e-014  3.39e-014  2.28e-061  0.00e+000  
1.16507e+017 1.01e-021  9.90e-001  1.00e-002  3.52e-008  7.71e-016  2.73e-008  1.82e-010  5.42e-014  4.13e-014  2.13e-059  0.00e+000  
1.17040e+017 8.77e-022  9.90e-001  9.99e-003  1.29e-007  1.27e-011  5.10e-008  2.22e-010  6.63e-014  5.05e-014  3.27e-057  0.00e+000  
1.17511e+017 7.83e-022  9.90e-001  1.00e-002  3.49e-007  9.91e-010  8.52e-008  2.61e-010  7.87e-014  6.00e-014  2.77e-055  0.00e+000  
1.17806e+017 7.36e-022  9.90e-001  1.00e-002  5.96e-007  4.73e-009  1.15e-007  2.85e-010  8.70e-014  6.63e-014  4.01e-054  0.00e+000  
1.18134e+017 6.98e-022  9.90e-001  1.00e-002  1.01e-006  2.68e-008  1.58e-007  3.09e-010  9.63e-014  7.34e-014  1.25e-052  0.00e+000  
1.18488e+017 6.74e-022  9.90e-001  1.00e-002  1.68e-006  9.50e-008  2.20e-007  3.30e-010  1.06e-013  8.06e-014  6.69e-051  0.00e+000  
1.18867e+017 6.74e-022  9.90e-001  1.00e-002  2.78e-006  2.45e-007  3.01e-007  3.40e-010  1.15e-013  8.74e-014  3.84e-049  0.00e+000  
1.19273e+017 7.04e-022  9.90e-001  1.00e-002  4.35e-006  5.50e-007  4.09e-007  3.37e-010  1.22e-013  9.32e-014  2.13e-047  0.00e+000  
1.19721e+017 7.69e-022  9.90e-001  1.00e-002  6.52e-006  1.10e-006  5.46e-007  3.16e-010  1.27e-013  9.68e-014  1.14e-045  0.00e+000  
1.20205e+017 8.64e-022  9.90e-001  1.00e-002  9.39e-006  1.99e-006  7.03e-007  2.83e-010  1.30e-013  9.89e-014  5.34e-044  0.00e+000  
1.20720e+017 9.95e-022  9.90e-001  1.00e-002  1.35e-005  3.30e-006  8.75e-007  2.50e-010  1.34e-013  1.03e-013  1.92e-042  0.00e+000  
1.21274e+017 1.07e-021  9.90e-001  9.99e-003  1.89e-005  5.22e-006  1.07e-006  2.11e-010  1.42e-013  1.08e-013  5.16e-041  0.00e+000  
1.21854e+017 8.77e-022  9.90e-001  1.00e-002  2.40e-005  7.42e-006  1.21e-006  1.39e-010  1.41e-013  1.08e-013  8.52e-040  0.00e+000  
1.22444e+017 7.20e-022  9.90e-001  1.00e-002  2.69e-005  9.22e-006  1.25e-006  4.28e-011  1.32e-013  1.00e-013  7.94e-039  0.00e+000  
1.22701e+017 1.51e-024  0.00e+000  0.00e+000  9.99e-001  0.00e+000  1.24e-003  0.00e+000  0.00e+000  0.00e+000  0.00e+000  0.00e+000  
