! 0       HC2O + H -> CO + CH2
! 1       HC2O + O -> CO + CO + H
! 2       HC2O + O -> CO2 + CH
! 3       HC2O + C+ -> C + HC2O+
! 4       HC2O + HCO+ -> CO + CH2CO+
! 5       HC2O + H3+ -> H2 + CH2CO+
! 6       HC2O + H3O+ -> H2O + CH2CO+
! 7       HC2O + He+ -> CH + He + CO+
! 8       HC2O + GRAIN -> *HC2O + GRAIN
! 9       HC2O + CRPhoton -> CH + CO
!            tot_rate   0          1          2          3          4          5          6          7          8          9          
1.34508e+014 1.51e-021  9.01e-001  8.55e-002  1.05e-023  5.04e-003  2.94e-003  2.58e-003  1.54e-003  9.21e-004  4.88e-005  1.18e-004  
8.00271e+015 1.51e-021  9.01e-001  8.55e-002  1.05e-023  5.04e-003  2.94e-003  2.58e-003  1.54e-003  9.21e-004  4.88e-005  1.18e-004  
7.87466e+016 1.51e-021  9.04e-001  8.58e-002  1.14e-023  3.68e-003  1.84e-003  2.30e-003  1.03e-003  7.46e-004  1.09e-004  1.19e-004  
1.06312e+017 1.58e-021  9.10e-001  8.66e-002  5.41e-022  8.53e-004  7.33e-004  7.58e-004  2.81e-004  1.64e-004  3.74e-004  1.20e-004  
1.09855e+017 1.58e-021  9.11e-001  8.60e-002  1.28e-019  7.84e-004  8.79e-004  5.02e-004  3.14e-004  1.03e-004  2.51e-004  1.20e-004  
1.10673e+017 1.57e-021  9.10e-001  8.66e-002  1.25e-018  7.96e-004  9.23e-004  4.60e-004  3.26e-004  1.02e-004  2.15e-004  1.20e-004  
1.11398e+017 1.57e-021  9.11e-001  8.60e-002  1.48e-017  7.84e-004  9.62e-004  4.61e-004  3.36e-004  1.02e-004  1.83e-004  1.20e-004  
1.12221e+017 1.56e-021  9.11e-001  8.66e-002  4.54e-016  6.48e-004  1.02e-003  4.65e-004  3.51e-004  1.03e-004  1.49e-004  1.20e-004  
1.12812e+017 1.56e-021  9.11e-001  8.60e-002  7.83e-015  3.47e-004  1.07e-003  4.66e-004  3.61e-004  1.03e-004  1.26e-004  1.19e-004  
1.13349e+017 1.55e-021  9.11e-001  8.66e-002  1.34e-013  7.82e-005  1.13e-003  4.70e-004  3.71e-004  1.04e-004  1.08e-004  1.20e-004  
1.13938e+017 1.55e-021  9.12e-001  8.60e-002  3.69e-012  5.39e-006  1.20e-003  4.71e-004  3.81e-004  1.04e-004  8.92e-005  1.20e-004  
1.14626e+017 1.54e-021  9.11e-001  8.65e-002  2.00e-010  1.83e-006  1.28e-003  4.76e-004  4.00e-004  1.05e-004  7.16e-005  1.20e-004  
1.15112e+017 1.54e-021  9.11e-001  8.65e-002  3.23e-009  1.16e-006  1.33e-003  4.78e-004  4.14e-004  1.05e-004  6.03e-005  1.20e-004  
1.15530e+017 1.54e-021  9.11e-001  8.59e-002  3.26e-008  8.53e-007  1.39e-003  4.80e-004  4.30e-004  1.06e-004  5.21e-005  1.19e-004  
1.16007e+017 1.53e-021  9.11e-001  8.65e-002  3.79e-007  7.47e-007  1.45e-003  4.85e-004  4.54e-004  1.07e-004  4.45e-005  1.20e-004  
1.16507e+017 1.53e-021  9.11e-001  8.65e-002  3.75e-006  7.54e-007  1.52e-003  4.87e-004  4.82e-004  1.07e-004  3.76e-005  1.19e-004  
1.17040e+017 1.53e-021  9.11e-001  8.59e-002  2.96e-005  7.67e-007  1.60e-003  4.88e-004  5.14e-004  1.08e-004  3.17e-005  1.19e-004  
1.17511e+017 1.53e-021  9.11e-001  8.59e-002  1.26e-004  7.73e-007  1.67e-003  4.86e-004  5.44e-004  1.08e-004  2.77e-005  1.19e-004  
1.17806e+017 1.53e-021  9.11e-001  8.58e-002  2.65e-004  7.80e-007  1.72e-003  4.82e-004  5.64e-004  1.07e-004  2.55e-005  1.19e-004  
1.18134e+017 1.52e-021  9.10e-001  8.64e-002  5.25e-004  7.91e-007  1.79e-003  4.79e-004  5.90e-004  1.07e-004  2.37e-005  1.19e-004  
1.18488e+017 1.53e-021  9.10e-001  8.58e-002  9.49e-004  7.99e-007  1.83e-003  4.63e-004  6.09e-004  1.04e-004  2.17e-005  1.19e-004  
1.18867e+017 1.53e-021  9.09e-001  8.57e-002  1.61e-003  8.05e-007  1.90e-003  4.44e-004  6.33e-004  1.00e-004  2.02e-005  1.18e-004  
1.19273e+017 1.53e-021  9.09e-001  8.56e-002  2.59e-003  8.04e-007  1.97e-003  4.16e-004  6.60e-004  9.48e-005  1.88e-005  1.18e-004  
1.19721e+017 1.53e-021  9.07e-001  8.61e-002  4.04e-003  7.89e-007  2.03e-003  3.80e-004  6.78e-004  8.67e-005  1.77e-005  1.18e-004  
1.20205e+017 1.50e-021  9.05e-001  8.58e-002  5.92e-003  7.59e-007  2.07e-003  3.42e-004  6.99e-004  7.85e-005  1.68e-005  1.17e-004  
1.20720e+017 1.43e-021  9.03e-001  8.54e-002  8.05e-003  7.07e-007  2.08e-003  3.12e-004  7.21e-004  7.14e-005  1.63e-005  1.17e-004  
1.21274e+017 1.36e-021  9.02e-001  8.44e-002  1.02e-002  6.64e-007  2.02e-003  2.90e-004  7.55e-004  6.61e-005  1.59e-005  1.16e-004  
1.21854e+017 1.47e-021  9.04e-001  8.15e-002  1.18e-002  6.28e-007  1.88e-003  2.72e-004  8.22e-004  6.26e-005  1.58e-005  1.15e-004  
1.22444e+017 2.09e-021  9.15e-001  7.09e-002  1.15e-002  5.94e-007  1.64e-003  2.52e-004  9.48e-004  5.94e-005  1.58e-005  1.13e-004  
1.22701e+017 1.33e-020  9.26e-001  6.27e-002  1.10e-002  0.00e+000  0.00e+000  0.00e+000  0.00e+000  0.00e+000  4.14e-005  0.00e+000  
