! 0       *HCOOCH3 + He -> HCOOCH3 + He
! 1       *HCOOCH3 + CO -> HCOOCH3 + CO
! 2       *HCOOCH3 + H2 -> HCOOCH3 + H2
! 3       *HCOOCH3 + ISPhoton -> *H2CO + *H2CO
! 4       *HCOOCH3 + CRPhoton -> *CO2 + *CH4
! 5       *HCOOCH3 + CRPhoton -> *CO2 + *CH3 + *H
! 6       *HCOOCH3 + CRPhoton -> *CH3OH + *CO
! 7       *HCOOCH3 + ISPhoton -> HCOOCH3
! 8       *HCOOCH3 + CRPhoton -> HCOOCH3
! 9       *HCOOCH3 + CRP -> HCOOCH3
!            tot_rate   0          1          2          3          4          5          6          7          8          9          
1.34508e+014 5.61e-023  0.00e+000  0.00e+000  0.00e+000  7.57e-001  1.62e-001  4.04e-002  4.04e-002  6.84e-005  5.22e-005  0.00e+000  
8.00271e+015 5.61e-023  0.00e+000  0.00e+000  0.00e+000  7.57e-001  1.62e-001  4.04e-002  4.04e-002  6.84e-005  5.22e-005  0.00e+000  
7.87466e+016 5.64e-023  0.00e+000  0.00e+000  0.00e+000  7.57e-001  1.62e-001  4.04e-002  4.04e-002  6.83e-005  5.20e-005  0.00e+000  
1.06312e+017 5.84e-023  0.00e+000  0.00e+000  0.00e+000  7.57e-001  1.62e-001  4.04e-002  4.04e-002  6.87e-005  5.24e-005  0.00e+000  
1.09855e+017 5.98e-023  0.00e+000  4.58e-047  0.00e+000  7.57e-001  1.62e-001  4.04e-002  4.04e-002  6.92e-005  5.27e-005  0.00e+000  
1.10673e+017 6.05e-023  0.00e+000  6.78e-032  0.00e+000  7.57e-001  1.62e-001  4.04e-002  4.04e-002  6.91e-005  5.28e-005  0.00e+000  
1.11398e+017 6.10e-023  0.00e+000  1.21e-014  0.00e+000  7.57e-001  1.62e-001  4.05e-002  4.05e-002  6.95e-005  5.29e-005  0.00e+000  
1.12221e+017 6.19e-023  0.00e+000  7.07e-005  0.00e+000  7.57e-001  1.61e-001  4.05e-002  4.05e-002  6.96e-005  5.31e-005  0.00e+000  
1.12812e+017 6.35e-023  0.00e+000  1.12e-002  0.00e+000  7.48e-001  1.61e-001  4.00e-002  4.00e-002  6.90e-005  5.26e-005  0.00e+000  
1.13349e+017 6.80e-023  0.00e+000  6.40e-002  0.00e+000  7.09e-001  1.51e-001  3.78e-002  3.78e-002  6.54e-005  5.00e-005  0.00e+000  
1.13938e+017 8.11e-023  4.72e-070  2.01e-001  0.00e+000  6.05e-001  1.29e-001  3.23e-002  3.23e-002  5.61e-005  4.28e-005  0.00e+000  
1.14626e+017 1.23e-022  1.41e-050  4.61e-001  0.00e+000  4.08e-001  8.75e-002  2.18e-002  2.18e-002  3.81e-005  2.90e-005  0.00e+000  
1.15112e+017 1.87e-022  4.42e-025  6.36e-001  0.00e+000  2.75e-001  5.88e-002  1.47e-002  1.47e-002  2.58e-005  1.97e-005  0.00e+000  
1.15530e+017 2.84e-022  1.70e-016  7.54e-001  0.00e+000  1.86e-001  3.98e-002  9.94e-003  9.94e-003  1.75e-005  1.33e-005  0.00e+000  
1.16007e+017 4.75e-022  5.35e-010  8.49e-001  0.00e+000  1.15e-001  2.44e-002  6.11e-003  6.11e-003  1.08e-005  8.26e-006  0.00e+000  
1.16507e+017 8.13e-022  5.23e-005  9.08e-001  3.59e-070  6.95e-002  1.49e-002  3.72e-003  3.72e-003  6.61e-006  5.03e-006  0.00e+000  
1.17040e+017 1.44e-021  6.52e-003  9.39e-001  2.23e-041  4.12e-002  8.83e-003  2.20e-003  2.20e-003  3.95e-006  3.01e-006  0.00e+000  
1.17511e+017 2.56e-021  9.79e-002  8.70e-001  7.30e-027  2.43e-002  5.19e-003  1.30e-003  1.30e-003  2.35e-006  1.79e-006  0.00e+000  
1.17806e+017 3.91e-021  2.12e-001  7.67e-001  3.55e-023  1.65e-002  3.53e-003  8.79e-004  8.79e-004  1.61e-006  1.23e-006  0.00e+000  
1.18134e+017 6.41e-021  3.35e-001  6.51e-001  4.15e-017  1.05e-002  2.23e-003  5.59e-004  5.59e-004  1.05e-006  7.97e-007  0.00e+000  
1.18488e+017 1.09e-020  4.41e-001  5.50e-001  1.66e-012  6.47e-003  1.38e-003  3.46e-004  3.46e-004  6.66e-007  5.08e-007  0.00e+000  
1.18867e+017 1.94e-020  5.45e-001  4.50e-001  2.63e-009  3.80e-003  8.12e-004  2.03e-004  2.03e-004  4.11e-007  3.13e-007  0.00e+000  
1.19273e+017 3.48e-020  6.18e-001  3.79e-001  2.53e-007  2.25e-003  4.80e-004  1.20e-004  1.20e-004  2.61e-007  1.99e-007  0.00e+000  
1.19721e+017 6.32e-020  6.69e-001  3.29e-001  2.18e-005  1.32e-003  2.82e-004  7.02e-005  7.02e-005  1.69e-007  1.29e-007  0.00e+000  
1.20205e+017 1.14e-019  7.11e-001  2.88e-001  3.35e-004  7.77e-004  1.66e-004  4.14e-005  4.14e-005  1.14e-007  8.69e-008  0.00e+000  
1.20720e+017 2.05e-019  7.51e-001  2.47e-001  1.93e-003  4.60e-004  9.80e-005  2.45e-005  2.45e-005  7.90e-008  6.00e-008  0.00e+000  
1.21274e+017 3.71e-019  7.81e-001  2.12e-001  6.49e-003  2.65e-004  5.66e-005  1.42e-005  1.42e-005  5.71e-008  4.36e-008  0.00e+000  
1.21854e+017 7.42e-019  7.99e-001  1.85e-001  1.62e-002  1.32e-004  2.83e-005  7.06e-006  7.06e-006  4.31e-008  3.29e-008  0.00e+000  
1.22444e+017 2.31e-018  8.06e-001  1.65e-001  2.92e-002  3.49e-005  7.45e-006  1.87e-006  1.87e-006  3.45e-008  2.63e-008  0.00e+000  
1.22701e+017 1.67e-023  9.98e-001  2.16e-003  0.00e+000  0.00e+000  0.00e+000  0.00e+000  0.00e+000  0.00e+000  0.00e+000  0.00e+000  
