! 0       *H2CO + He -> H2CO + He
! 1       *H2CO + H2 -> H2CO + H2
! 2       *H + *H2CO -> *HCO + *H2
! 3       *H2CO + CO -> H2CO + CO
! 4       *H + *H2CO -> *CH3O
! 5       *H + *H2CO -> CH3O
! 6       *H2CO + CRPhoton -> *CO + *H2
! 7       *H2CO + CRPhoton -> *CO + *H + *H
! 8       *H2CO + CRPhoton -> *HCO + *H
! 9       *H2CO + ISPhoton -> *CO + *H2
!            tot_rate   0          1          2          3          4          5          6          7          8          9          
1.34508e+014 1.47e-013  0.00e+000  0.00e+000  9.57e-001  0.00e+000  4.23e-002  4.27e-004  1.17e-004  1.26e-005  8.08e-006  3.84e-006  
8.00271e+015 1.47e-013  0.00e+000  0.00e+000  9.57e-001  0.00e+000  4.23e-002  4.27e-004  1.17e-004  1.26e-005  8.08e-006  3.84e-006  
7.87466e+016 1.44e-013  0.00e+000  0.00e+000  9.57e-001  0.00e+000  4.24e-002  4.28e-004  1.20e-004  1.30e-005  8.25e-006  3.95e-006  
1.06312e+017 1.46e-013  0.00e+000  0.00e+000  9.57e-001  0.00e+000  4.23e-002  4.27e-004  1.22e-004  1.32e-005  8.48e-006  4.03e-006  
1.09855e+017 1.10e-013  0.00e+000  0.00e+000  9.57e-001  4.08e-028  4.21e-002  4.26e-004  1.68e-004  1.81e-005  1.16e-005  5.52e-006  
1.10673e+017 9.69e-014  0.00e+000  0.00e+000  9.57e-001  7.62e-018  4.22e-002  4.26e-004  1.92e-004  2.06e-005  1.32e-005  6.31e-006  
1.11398e+017 8.51e-014  0.00e+000  0.00e+000  9.57e-001  5.80e-009  4.22e-002  4.27e-004  2.21e-004  2.38e-005  1.53e-005  7.25e-006  
1.12221e+017 7.16e-014  0.00e+000  0.00e+000  9.57e-001  1.23e-005  4.22e-002  4.26e-004  2.67e-004  2.86e-005  1.83e-005  8.75e-006  
1.12812e+017 6.22e-014  0.00e+000  0.00e+000  9.57e-001  1.15e-004  4.21e-002  4.26e-004  3.10e-004  3.35e-005  2.14e-005  1.02e-005  
1.13349e+017 5.41e-014  4.14e-067  0.00e+000  9.56e-001  4.38e-004  4.22e-002  4.26e-004  3.63e-004  3.90e-005  2.50e-005  1.19e-005  
1.13938e+017 4.62e-014  3.94e-042  0.00e+000  9.55e-001  1.44e-003  4.22e-002  4.25e-004  4.33e-004  4.66e-005  2.99e-005  1.42e-005  
1.14626e+017 3.73e-014  3.54e-029  1.77e-064  9.52e-001  5.15e-003  4.21e-002  4.24e-004  5.50e-004  5.92e-005  3.78e-005  1.80e-005  
1.15112e+017 3.21e-014  6.91e-014  7.99e-044  9.46e-001  1.15e-002  4.17e-002  4.23e-004  6.53e-004  7.03e-005  4.48e-005  2.14e-005  
1.15530e+017 2.84e-014  5.98e-009  8.97e-033  9.35e-001  2.20e-002  4.11e-002  4.18e-004  7.53e-004  8.12e-005  5.20e-005  2.48e-005  
1.16007e+017 2.50e-014  2.88e-005  1.66e-023  9.13e-001  4.45e-002  4.05e-002  4.09e-004  8.85e-004  9.54e-005  6.09e-005  2.91e-005  
1.16507e+017 2.25e-014  4.97e-003  2.17e-014  8.70e-001  8.52e-002  3.83e-002  3.87e-004  1.02e-003  1.10e-004  7.01e-005  3.35e-005  
1.17040e+017 2.25e-014  6.86e-002  9.09e-008  7.48e-001  1.48e-001  3.31e-002  3.34e-004  1.07e-003  1.16e-004  7.39e-005  3.53e-005  
1.17511e+017 2.89e-014  2.72e-001  6.91e-005  5.22e-001  1.82e-001  2.30e-002  2.32e-004  8.75e-004  9.44e-005  6.05e-005  2.88e-005  
1.17806e+017 3.81e-014  4.28e-001  4.02e-004  3.73e-001  1.82e-001  1.65e-002  1.67e-004  6.88e-004  7.40e-005  4.75e-005  2.26e-005  
1.18134e+017 5.55e-014  5.71e-001  4.27e-003  2.45e-001  1.69e-001  1.08e-002  1.09e-004  4.90e-004  5.27e-005  3.38e-005  1.61e-005  
1.18488e+017 8.71e-014  6.70e-001  1.83e-002  1.54e-001  1.50e-001  6.76e-003  6.83e-005  3.26e-004  3.51e-005  2.25e-005  1.07e-005  
1.18867e+017 1.49e-013  7.40e-001  4.03e-002  9.08e-002  1.25e-001  4.01e-003  4.05e-005  2.00e-004  2.15e-005  1.38e-005  6.56e-006  
1.19273e+017 2.59e-013  7.65e-001  7.15e-002  5.53e-002  1.05e-001  2.44e-003  2.46e-005  1.20e-004  1.29e-005  8.27e-006  3.94e-006  
1.19721e+017 4.58e-013  7.66e-001  1.08e-001  3.45e-002  8.97e-002  1.52e-003  1.54e-005  7.03e-005  7.57e-006  4.85e-006  2.31e-006  
1.20205e+017 7.99e-013  7.56e-001  1.44e-001  2.24e-002  7.63e-002  9.88e-004  9.98e-006  4.09e-005  4.41e-006  2.82e-006  1.34e-006  
1.20720e+017 1.31e-012  7.50e-001  1.71e-001  1.48e-002  6.37e-002  6.54e-004  6.61e-006  2.39e-005  2.58e-006  1.65e-006  7.87e-007  
1.21274e+017 1.94e-012  7.41e-001  1.95e-001  1.01e-002  5.35e-002  4.46e-004  4.50e-006  1.37e-005  1.48e-006  9.46e-007  4.50e-007  
1.21854e+017 2.52e-012  7.27e-001  2.19e-001  7.55e-003  4.61e-002  3.34e-004  3.37e-006  6.80e-006  7.31e-007  4.69e-007  2.23e-007  
1.22444e+017 2.16e-012  7.13e-001  2.39e-001  6.49e-003  4.07e-002  2.85e-004  2.88e-006  1.78e-006  1.92e-007  1.23e-007  5.88e-008  
1.22701e+017 3.88e-019  9.99e-001  0.00e+000  0.00e+000  1.08e-003  0.00e+000  0.00e+000  0.00e+000  0.00e+000  0.00e+000  0.00e+000  
