! 0       *CO2 + He -> CO2 + He
! 1       *CO2 + H2 -> CO2 + H2
! 2       *CO2 + CO -> CO2 + CO
! 3       *CO2 + CRPhoton -> *CO + *O
! 4       *CO2 + CRPhoton -> *CO + *O
! 5       *CO2 + ISPhoton -> CO2
! 6       *CO2 + ISPhoton -> *CO + *O
! 7       *CO2 + CRPhoton -> CO2
! 8       *CO2 + GRAIN -> CO2 + GRAIN
! 9       *CO2 + CRPhoton -> CO + O
!            tot_rate   0          1          2          3          4          5          6          7          8          9          
1.34508e+014 5.22e-016  0.00e+000  0.00e+000  0.00e+000  9.84e-001  1.34e-002  6.93e-004  9.84e-004  5.29e-004  7.12e-073  0.00e+000  
8.00271e+015 5.22e-016  0.00e+000  0.00e+000  0.00e+000  9.84e-001  1.34e-002  6.93e-004  9.86e-004  5.29e-004  7.12e-073  0.00e+000  
7.87466e+016 5.26e-016  0.00e+000  0.00e+000  0.00e+000  9.84e-001  1.34e-002  6.92e-004  9.84e-004  5.28e-004  7.15e-073  0.00e+000  
1.06312e+017 5.46e-016  0.00e+000  0.00e+000  1.04e-067  9.84e-001  1.35e-002  6.97e-004  9.86e-004  5.32e-004  1.39e-072  0.00e+000  
1.09855e+017 5.60e-016  0.00e+000  0.00e+000  1.95e-006  9.84e-001  1.35e-002  7.02e-004  9.86e-004  5.34e-004  6.84e-072  0.00e+000  
1.10673e+017 5.69e-016  0.00e+000  0.00e+000  6.37e-003  9.78e-001  1.34e-002  6.97e-004  9.80e-004  5.32e-004  1.54e-071  0.00e+000  
1.11398e+017 6.82e-016  0.00e+000  0.00e+000  1.61e-001  8.26e-001  1.13e-002  5.89e-004  8.26e-004  4.50e-004  3.72e-071  0.00e+000  
1.12221e+017 1.40e-015  3.78e-051  0.00e+000  5.85e-001  4.09e-001  5.58e-003  2.93e-004  4.09e-004  2.23e-004  1.08e-070  0.00e+000  
1.12812e+017 2.97e-015  6.71e-043  0.00e+000  8.02e-001  1.95e-001  2.66e-003  1.40e-004  1.95e-004  1.07e-004  2.82e-070  0.00e+000  
1.13349e+017 5.96e-015  4.90e-030  0.00e+000  9.00e-001  9.84e-002  1.35e-003  7.10e-005  9.86e-005  5.41e-005  1.02e-069  0.00e+000  
1.13938e+017 1.24e-014  1.99e-016  0.00e+000  9.51e-001  4.81e-002  6.58e-004  3.48e-005  4.82e-005  2.66e-005  8.30e-069  0.00e+000  
1.14626e+017 2.89e-014  4.25e-010  2.37e-060  9.78e-001  2.12e-002  2.90e-004  1.54e-005  2.12e-005  1.18e-005  2.34e-067  0.00e+000  
1.15112e+017 5.02e-014  2.17e-004  1.25e-040  9.87e-001  1.25e-002  1.71e-004  9.11e-006  1.25e-005  6.95e-006  4.70e-066  0.00e+000  
1.15530e+017 8.04e-014  1.33e-002  3.61e-030  9.79e-001  7.98e-003  1.09e-004  5.86e-006  8.00e-006  4.46e-006  9.60e-065  0.00e+000  
1.16007e+017 1.53e-013  1.47e-001  1.62e-021  8.48e-001  4.32e-003  5.90e-005  3.18e-006  4.33e-006  2.43e-006  4.06e-063  0.00e+000  
1.16507e+017 3.61e-013  4.10e-001  3.85e-013  5.88e-001  1.90e-003  2.60e-005  1.41e-006  1.91e-006  1.08e-006  2.41e-061  0.00e+000  
1.17040e+017 9.09e-013  6.15e-001  3.29e-007  3.84e-001  7.93e-004  1.09e-005  5.92e-007  7.95e-007  4.51e-007  2.35e-059  0.00e+000  
1.17511e+017 2.01e-012  7.37e-001  1.06e-004  2.62e-001  3.77e-004  5.13e-006  2.84e-007  3.77e-007  2.17e-007  1.39e-057  0.00e+000  
1.17806e+017 3.16e-012  7.84e-001  4.87e-004  2.15e-001  2.47e-004  3.38e-006  1.89e-007  2.47e-007  1.44e-007  1.68e-056  0.00e+000  
1.18134e+017 5.07e-012  8.19e-001  4.12e-003  1.77e-001  1.60e-004  2.19e-006  1.24e-007  1.60e-007  9.49e-008  4.75e-055  0.00e+000  
1.18488e+017 8.20e-012  8.35e-001  1.56e-002  1.49e-001  1.03e-004  1.40e-006  8.26e-008  1.03e-007  6.29e-008  2.54e-053  0.00e+000  
1.18867e+017 1.38e-011  8.43e-001  3.34e-002  1.24e-001  6.37e-005  8.72e-007  5.38e-008  6.38e-008  4.10e-008  1.45e-051  0.00e+000  
1.19273e+017 2.33e-011  8.37e-001  5.84e-002  1.04e-001  3.91e-005  5.32e-007  3.54e-008  3.91e-008  2.70e-008  8.24e-050  0.00e+000  
1.19721e+017 3.96e-011  8.21e-001  8.87e-002  9.02e-002  2.36e-005  3.23e-007  2.37e-008  2.36e-008  1.81e-008  4.70e-048  0.00e+000  
1.20205e+017 6.53e-011  8.02e-001  1.20e-001  7.82e-002  1.42e-005  1.93e-007  1.62e-008  1.42e-008  1.24e-008  2.42e-046  0.00e+000  
1.20720e+017 1.00e-010  7.88e-001  1.45e-001  6.65e-002  8.51e-006  1.17e-007  1.15e-008  8.52e-009  8.70e-009  9.30e-045  0.00e+000  
1.21274e+017 1.37e-010  7.76e-001  1.68e-001  5.66e-002  4.97e-006  6.79e-008  8.34e-009  4.98e-009  6.37e-009  2.62e-043  0.00e+000  
1.21854e+017 1.52e-010  7.61e-001  1.90e-001  4.92e-002  2.51e-006  3.43e-008  6.40e-009  2.51e-009  4.88e-009  4.73e-042  0.00e+000  
1.22444e+017 9.04e-011  7.46e-001  2.10e-001  4.39e-002  6.69e-007  9.15e-009  5.17e-009  6.71e-010  3.94e-009  5.16e-041  0.00e+000  
1.22701e+017 6.67e-018  9.99e-001  0.00e+000  1.34e-003  0.00e+000  0.00e+000  0.00e+000  0.00e+000  0.00e+000  0.00e+000  0.00e+000  
