! 0       C2H5OH2+ + e- -> C2H5 + OH + H
! 1       C2H5OH2+ + e- -> C2H5 + H2O
! 2       C2H5OH2+ + e- -> C2H4 + H2O + H
! 3       C2H5OH2+ + e- -> C2H5OH + H
! 4       NH3 + C2H5OH2+ -> C2H5OH + NH4+
! 5       C2H5OH2+ + GRAIN -> C2H5OH + H + GRAIN
! 6       H2CO + C2H5OH2+ -> H2O + CH3COCH4+
!            tot_rate   0          1          2          3          4          5          6          
1.34508e+014 2.15e-019  3.25e-001  3.25e-001  3.25e-001  2.39e-002  5.26e-004  3.45e-005  1.09e-006  
8.00271e+015 2.14e-019  3.25e-001  3.25e-001  3.25e-001  2.39e-002  5.27e-004  3.44e-005  1.09e-006  
7.87466e+016 2.32e-020  3.25e-001  3.25e-001  3.25e-001  2.39e-002  3.70e-004  3.46e-005  6.87e-007  
1.06312e+017 4.37e-022  3.25e-001  3.25e-001  3.25e-001  2.38e-002  1.80e-004  9.26e-005  6.87e-007  
1.09855e+017 3.41e-022  3.25e-001  3.25e-001  3.25e-001  2.39e-002  1.38e-004  1.33e-004  8.41e-007  
1.10673e+017 3.20e-022  3.25e-001  3.25e-001  3.25e-001  2.40e-002  1.29e-004  1.50e-004  8.94e-007  
1.11398e+017 3.03e-022  3.25e-001  3.25e-001  3.25e-001  2.39e-002  1.21e-004  1.68e-004  9.43e-007  
1.12221e+017 2.83e-022  3.25e-001  3.25e-001  3.25e-001  2.39e-002  1.14e-004  1.98e-004  1.02e-006  
1.12812e+017 2.69e-022  3.25e-001  3.25e-001  3.25e-001  2.39e-002  1.10e-004  2.26e-004  1.09e-006  
1.13349e+017 2.56e-022  3.25e-001  3.25e-001  3.25e-001  2.39e-002  1.08e-004  2.62e-004  1.19e-006  
1.13938e+017 2.43e-022  3.25e-001  3.25e-001  3.25e-001  2.39e-002  1.07e-004  3.14e-004  1.31e-006  
1.14626e+017 2.29e-022  3.25e-001  3.25e-001  3.25e-001  2.39e-002  1.08e-004  3.99e-004  1.51e-006  
1.15112e+017 2.19e-022  3.25e-001  3.25e-001  3.25e-001  2.39e-002  1.10e-004  4.84e-004  1.69e-006  
1.15530e+017 2.12e-022  3.25e-001  3.25e-001  3.25e-001  2.39e-002  1.12e-004  5.77e-004  1.88e-006  
1.16007e+017 2.05e-022  3.25e-001  3.25e-001  3.25e-001  2.39e-002  1.17e-004  7.15e-004  2.12e-006  
1.16507e+017 2.03e-022  3.25e-001  3.25e-001  3.25e-001  2.39e-002  1.22e-004  8.91e-004  2.37e-006  
1.17040e+017 2.27e-022  3.25e-001  3.25e-001  3.25e-001  2.39e-002  1.21e-004  9.70e-004  2.32e-006  
1.17511e+017 2.45e-022  3.25e-001  3.25e-001  3.25e-001  2.39e-002  1.42e-004  1.04e-003  2.25e-006  
1.17806e+017 2.57e-022  3.25e-001  3.25e-001  3.25e-001  2.39e-002  1.85e-004  1.10e-003  2.22e-006  
1.18134e+017 2.69e-022  3.25e-001  3.25e-001  3.25e-001  2.39e-002  2.71e-004  1.16e-003  2.20e-006  
1.18488e+017 2.83e-022  3.25e-001  3.25e-001  3.25e-001  2.38e-002  4.32e-004  1.23e-003  2.20e-006  
1.18867e+017 2.96e-022  3.25e-001  3.25e-001  3.25e-001  2.39e-002  7.29e-004  1.32e-003  2.25e-006  
1.19273e+017 3.11e-022  3.25e-001  3.25e-001  3.25e-001  2.38e-002  1.27e-003  1.41e-003  2.39e-006  
1.19721e+017 3.27e-022  3.24e-001  3.24e-001  3.24e-001  2.38e-002  2.24e-003  1.53e-003  2.71e-006  
1.20205e+017 3.43e-022  3.24e-001  3.24e-001  3.24e-001  2.37e-002  3.88e-003  1.68e-003  3.41e-006  
1.20720e+017 3.59e-022  3.23e-001  3.23e-001  3.23e-001  2.38e-002  6.20e-003  1.87e-003  4.67e-006  
1.21274e+017 3.85e-022  3.22e-001  3.22e-001  3.22e-001  2.37e-002  8.72e-003  2.09e-003  6.85e-006  
1.21854e+017 4.27e-022  3.21e-001  3.21e-001  3.21e-001  2.37e-002  1.05e-002  2.34e-003  1.01e-005  
1.22444e+017 5.05e-022  3.21e-001  3.21e-001  3.21e-001  2.36e-002  1.10e-002  2.67e-003  1.40e-005  
1.22701e+017 5.59e-022  3.25e-001  3.25e-001  3.25e-001  2.40e-002  0.00e+000  0.00e+000  0.00e+000  
