! 0       *H + *CH3O -> *H2CO + *H2
! 1       *H + *CH3O -> *CH3OH
! 2       *H + *CH3O -> CH3OH
! 3       *CH3 + *CH3O -> *CH3OCH3
! 4       *CH3 + *CH3O -> CH3OCH3
! 5       *CH3O + He -> CH3O + He
! 6       *HCO + *CH3O -> *HCOOCH3
! 7       *CH3O + H2 -> CH3O + H2
! 8       *CH3O + CO -> CH3O + CO
! 9       *HCO + *CH3O -> HCOOCH3
!            tot_rate   0          1          2          3          4          5          6          7          8          9          
1.34508e+014 6.22e-015  5.00e-001  4.95e-001  5.00e-003  8.97e-011  9.05e-013  0.00e+000  3.12e-013  0.00e+000  0.00e+000  3.15e-015  
8.00271e+015 6.22e-015  5.00e-001  4.95e-001  5.00e-003  8.97e-011  9.07e-013  0.00e+000  3.12e-013  0.00e+000  0.00e+000  3.15e-015  
7.87466e+016 6.10e-015  5.00e-001  4.95e-001  5.00e-003  9.25e-011  9.34e-013  0.00e+000  3.21e-013  0.00e+000  0.00e+000  3.25e-015  
1.06312e+017 6.18e-015  5.00e-001  4.95e-001  5.00e-003  1.02e-010  1.03e-012  0.00e+000  3.75e-013  0.00e+000  0.00e+000  3.79e-015  
1.09855e+017 4.62e-015  5.00e-001  4.95e-001  5.00e-003  2.42e-010  2.47e-012  0.00e+000  7.14e-013  0.00e+000  2.34e-022  7.20e-015  
1.10673e+017 4.08e-015  5.00e-001  4.95e-001  5.00e-003  3.60e-010  3.63e-012  0.00e+000  9.66e-013  0.00e+000  2.52e-016  9.75e-015  
1.11398e+017 3.60e-015  5.00e-001  4.95e-001  5.00e-003  5.56e-010  5.61e-012  0.00e+000  1.38e-012  0.00e+000  4.75e-013  1.39e-014  
1.12221e+017 3.03e-015  4.99e-001  4.96e-001  4.99e-003  1.06e-009  1.07e-011  7.01e-079  2.39e-012  0.00e+000  1.10e-011  2.42e-014  
1.12812e+017 2.62e-015  4.99e-001  4.96e-001  4.99e-003  1.89e-009  1.91e-011  2.62e-068  3.96e-012  0.00e+000  4.80e-011  4.04e-014  
1.13349e+017 2.28e-015  5.00e-001  4.95e-001  5.00e-003  3.48e-009  3.51e-011  5.44e-052  6.97e-012  0.00e+000  1.39e-010  7.06e-014  
1.13938e+017 1.95e-015  5.00e-001  4.95e-001  5.00e-003  7.61e-009  7.71e-011  1.02e-033  1.50e-011  1.56e-076  3.91e-010  1.51e-013  
1.14626e+017 1.57e-015  5.00e-001  4.95e-001  5.00e-003  2.24e-008  2.26e-010  1.29e-024  4.52e-011  2.57e-054  1.24e-009  4.57e-013  
1.15112e+017 1.34e-015  5.00e-001  4.95e-001  5.00e-003  5.01e-008  5.06e-010  3.04e-015  1.12e-010  1.29e-038  2.62e-009  1.14e-012  
1.15530e+017 1.17e-015  5.00e-001  4.95e-001  5.00e-003  9.88e-008  9.97e-010  3.36e-012  2.71e-010  3.54e-030  4.88e-009  2.73e-012  
1.16007e+017 1.01e-015  5.00e-001  4.95e-001  5.00e-003  1.92e-007  1.94e-009  4.67e-010  8.05e-010  4.54e-023  9.62e-009  8.13e-012  
1.16507e+017 8.63e-016  5.00e-001  4.95e-001  5.00e-003  3.21e-007  3.24e-009  8.28e-009  2.70e-009  1.85e-016  1.88e-008  2.73e-011  
1.17040e+017 7.43e-016  5.00e-001  4.95e-001  5.00e-003  4.55e-007  4.59e-009  5.29e-008  1.02e-008  5.94e-012  3.65e-008  1.03e-010  
1.17511e+017 6.64e-016  5.00e-001  4.95e-001  5.00e-003  5.51e-007  5.57e-009  1.88e-007  3.24e-008  6.28e-010  6.28e-008  3.28e-010  
1.17806e+017 6.28e-016  5.00e-001  4.95e-001  5.00e-003  5.95e-007  6.02e-009  3.55e-007  6.40e-008  3.20e-009  8.63e-008  6.46e-010  
1.18134e+017 6.02e-016  5.00e-001  4.95e-001  5.00e-003  6.23e-007  6.30e-009  6.51e-007  1.48e-007  2.04e-008  1.20e-007  1.50e-009  
1.18488e+017 5.90e-016  5.00e-001  4.95e-001  5.00e-003  6.20e-007  6.27e-009  1.14e-006  3.78e-007  7.73e-008  1.68e-007  3.81e-009  
1.18867e+017 5.96e-016  5.00e-001  4.95e-001  5.00e-003  5.76e-007  5.81e-009  1.98e-006  9.26e-007  2.08e-007  2.35e-007  9.36e-009  
1.19273e+017 6.30e-016  5.00e-001  4.95e-001  5.00e-003  4.71e-007  4.76e-009  3.22e-006  2.08e-006  4.78e-007  3.21e-007  2.09e-008  
1.19721e+017 6.97e-016  5.00e-001  4.95e-001  5.00e-003  3.67e-007  3.70e-009  5.00e-006  4.17e-006  9.76e-007  4.34e-007  4.22e-008  
1.20205e+017 7.90e-016  5.00e-001  4.95e-001  5.00e-003  3.08e-007  3.11e-009  7.38e-006  7.41e-006  1.78e-006  5.63e-007  7.48e-008  
1.20720e+017 8.56e-016  5.00e-001  4.95e-001  5.00e-003  4.26e-007  4.30e-009  1.08e-005  1.20e-005  2.99e-006  7.07e-007  1.21e-007  
1.21274e+017 8.67e-016  5.00e-001  4.95e-001  5.00e-003  1.13e-006  1.14e-008  1.53e-005  1.64e-005  4.76e-006  8.69e-007  1.65e-007  
1.21854e+017 8.40e-016  5.00e-001  4.95e-001  5.00e-003  6.34e-006  6.40e-008  1.99e-005  1.23e-005  6.83e-006  9.91e-007  1.24e-007  
1.22444e+017 6.16e-016  5.00e-001  4.95e-001  5.00e-003  7.37e-006  7.45e-008  2.24e-005  1.34e-006  8.52e-006  1.02e-006  1.35e-008  
1.22701e+017 2.76e+007  4.99e-001  4.96e-001  4.99e-003  4.05e-019  4.09e-021  0.00e+000  0.00e+000  4.60e-028  0.00e+000  0.00e+000  
