! 0       *H + *C2H5 -> *CH3CH3
! 1       *H + *C2H5 -> CH3CH3
! 2       *C2H5 + H2 -> C2H5 + H2
! 3       *C2H5 + He -> C2H5 + He
! 4       *C2H5 + CO -> C2H5 + CO
! 5       *C2H5 + ISPhoton -> *C2H3 + *H2
! 6       *C2H5 + CRPhoton -> *C2H3 + *H2
! 7       *C2H5 + CRPhoton -> *C2H2 + *H2 + *H
! 8       *C2H5 + CRPhoton -> *C2H3 + *H + *H
! 9       *C2H5 + CRPhoton -> *CH3 + *CH2
!            tot_rate   0          1          2          3          4          5          6          7          8          9          
1.34508e+014 7.31e-017  9.90e-001  1.00e-002  0.00e+000  0.00e+000  0.00e+000  4.27e-011  2.37e-011  1.45e-012  1.35e-012  8.49e-013  
8.00271e+015 7.31e-017  9.90e-001  1.00e-002  0.00e+000  0.00e+000  0.00e+000  4.27e-011  2.37e-011  1.45e-012  1.35e-012  8.49e-013  
7.87466e+016 8.04e-017  9.90e-001  1.00e-002  0.00e+000  0.00e+000  0.00e+000  4.39e-011  2.44e-011  1.49e-012  1.38e-012  8.72e-013  
1.06312e+017 1.18e-016  9.90e-001  9.98e-003  0.00e+000  0.00e+000  2.01e-069  4.48e-011  2.48e-011  1.51e-012  1.41e-012  8.88e-013  
1.09855e+017 1.02e-016  9.90e-001  1.00e-002  0.00e+000  0.00e+000  5.46e-016  6.17e-011  3.42e-011  2.09e-012  1.95e-012  1.23e-012  
1.10673e+017 9.72e-017  9.90e-001  1.00e-002  0.00e+000  0.00e+000  3.38e-013  7.03e-011  3.90e-011  2.39e-012  2.22e-012  1.40e-012  
1.11398e+017 9.29e-017  9.90e-001  1.00e-002  0.00e+000  0.00e+000  5.50e-012  8.08e-011  4.49e-011  2.74e-012  2.55e-012  1.60e-012  
1.12221e+017 8.83e-017  9.90e-001  1.00e-002  0.00e+000  1.53e-054  3.77e-011  9.75e-011  5.40e-011  3.31e-012  3.08e-012  1.94e-012  
1.12812e+017 8.52e-017  9.90e-001  1.00e-002  6.55e-078  1.14e-046  1.17e-010  1.14e-010  6.31e-011  3.86e-012  3.59e-012  2.27e-012  
1.13349e+017 8.26e-017  9.90e-001  1.00e-002  1.50e-063  1.05e-034  2.90e-010  1.33e-010  7.36e-011  4.50e-012  4.20e-012  2.64e-012  
1.13938e+017 8.08e-017  9.90e-001  1.00e-002  6.77e-050  2.03e-022  7.25e-010  1.58e-010  8.79e-011  5.38e-012  5.01e-012  3.16e-012  
1.14626e+017 7.81e-017  9.90e-001  1.00e-002  1.24e-034  1.60e-016  2.09e-009  2.02e-010  1.12e-010  6.85e-012  6.38e-012  4.02e-012  
1.15112e+017 7.70e-017  9.90e-001  1.00e-002  4.68e-025  1.05e-011  4.18e-009  2.42e-010  1.34e-010  8.19e-012  7.61e-012  4.79e-012  
1.15530e+017 7.65e-017  9.90e-001  1.00e-002  8.28e-020  5.32e-010  7.47e-009  2.82e-010  1.57e-010  9.59e-012  8.92e-012  5.62e-012  
1.16007e+017 7.64e-017  9.90e-001  1.00e-002  2.53e-015  7.75e-009  1.41e-008  3.39e-010  1.89e-010  1.15e-011  1.07e-011  6.76e-012  
1.16507e+017 7.70e-017  9.90e-001  1.00e-002  1.09e-011  4.61e-008  2.65e-008  4.11e-010  2.27e-010  1.39e-011  1.30e-011  8.17e-012  
1.17040e+017 7.86e-017  9.90e-001  1.00e-002  1.93e-009  1.81e-007  4.99e-008  5.03e-010  2.79e-010  1.71e-011  1.59e-011  9.99e-012  
1.17511e+017 8.09e-017  9.90e-001  1.00e-002  2.22e-008  5.01e-007  8.36e-008  5.90e-010  3.26e-010  2.00e-011  1.87e-011  1.17e-011  
1.17806e+017 8.27e-017  9.90e-001  1.00e-002  6.31e-008  8.67e-007  1.13e-007  6.44e-010  3.58e-010  2.19e-011  2.03e-011  1.28e-011  
1.18134e+017 8.53e-017  9.90e-001  9.99e-003  1.79e-007  1.48e-006  1.56e-007  6.98e-010  3.87e-010  2.37e-011  2.21e-011  1.38e-011  
1.18488e+017 8.83e-017  9.90e-001  1.00e-002  4.24e-007  2.46e-006  2.15e-007  7.44e-010  4.12e-010  2.53e-011  2.36e-011  1.48e-011  
1.18867e+017 9.16e-017  9.90e-001  1.00e-002  8.61e-007  4.07e-006  2.97e-007  7.70e-010  4.27e-010  2.61e-011  2.43e-011  1.53e-011  
1.19273e+017 9.46e-017  9.90e-001  1.00e-002  1.62e-006  6.39e-006  4.03e-007  7.62e-010  4.23e-010  2.59e-011  2.41e-011  1.51e-011  
1.19721e+017 9.56e-017  9.90e-001  9.99e-003  2.85e-006  9.59e-006  5.39e-007  7.14e-010  3.96e-010  2.42e-011  2.25e-011  1.42e-011  
1.20205e+017 9.01e-017  9.90e-001  1.00e-002  4.69e-006  1.38e-005  6.93e-007  6.39e-010  3.54e-010  2.16e-011  2.02e-011  1.28e-011  
1.20720e+017 7.38e-017  9.90e-001  9.99e-003  7.31e-006  1.96e-005  8.64e-007  5.65e-010  3.13e-010  1.92e-011  1.79e-011  1.12e-011  
1.21274e+017 4.76e-017  9.90e-001  1.00e-002  1.10e-005  2.73e-005  1.06e-006  4.75e-010  2.63e-010  1.61e-011  1.50e-011  9.44e-012  
1.21854e+017 2.16e-017  9.90e-001  1.00e-002  1.52e-005  3.48e-005  1.20e-006  3.15e-010  1.75e-010  1.07e-011  9.95e-012  6.29e-012  
1.22444e+017 7.88e-018  9.90e-001  1.00e-002  1.84e-005  3.87e-005  1.23e-006  9.67e-011  5.36e-011  3.29e-012  3.06e-012  1.93e-012  
1.22701e+017 2.28e+006  9.90e-001  9.99e-003  6.79e-028  0.00e+000  0.00e+000  9.24e-031  5.13e-031  3.14e-032  2.93e-032  1.84e-032  
