! 0       *H + *CH2OH -> *H2CO + *H2
! 1       *H + *CH2OH -> *CH3OH
! 2       *H + *CH2OH -> CH3OH
! 3       *CH2OH + He -> CH2OH + He
! 4       *CH2OH + H2 -> CH2OH + H2
! 5       *CH3 + *CH2OH -> *C2H5OH
! 6       *CH2OH + CO -> CH2OH + CO
! 7       *CH3 + *CH2OH -> C2H5OH
! 8       *O + *CH2OH -> *HCOOH + *H
! 9       *CH2OH + CRPhoton -> *CH2 + *OH
!            tot_rate   0          1          2          3          4          5          6          7          8          9          
1.34508e+014 8.93e-019  5.00e-001  4.95e-001  5.00e-003  0.00e+000  0.00e+000  8.95e-011  0.00e+000  9.04e-013  1.15e-018  3.77e-011  
8.00271e+015 8.93e-019  5.00e-001  4.95e-001  5.00e-003  0.00e+000  0.00e+000  8.95e-011  0.00e+000  9.04e-013  1.15e-018  3.77e-011  
7.87466e+016 8.76e-019  5.00e-001  4.95e-001  5.00e-003  0.00e+000  0.00e+000  9.24e-011  0.00e+000  9.33e-013  1.86e-018  3.88e-011  
1.06312e+017 8.87e-019  5.00e-001  4.95e-001  5.00e-003  0.00e+000  0.00e+000  1.02e-010  6.06e-073  1.03e-012  6.27e-018  3.98e-011  
1.09855e+017 6.64e-019  5.00e-001  4.95e-001  5.00e-003  0.00e+000  0.00e+000  2.44e-010  1.78e-016  2.45e-012  1.16e-017  5.45e-011  
1.10673e+017 5.88e-019  5.00e-001  4.95e-001  5.00e-003  0.00e+000  0.00e+000  3.59e-010  2.11e-013  3.62e-012  1.58e-017  6.21e-011  
1.11398e+017 5.16e-019  5.00e-001  4.95e-001  5.00e-003  0.00e+000  0.00e+000  5.59e-010  4.42e-012  5.64e-012  2.31e-017  7.16e-011  
1.12221e+017 4.34e-019  5.00e-001  4.95e-001  5.00e-003  4.12e-057  0.00e+000  1.06e-009  3.32e-011  1.08e-011  4.24e-017  8.61e-011  
1.12812e+017 3.77e-019  4.99e-001  4.96e-001  4.99e-003  5.97e-049  0.00e+000  1.89e-009  1.06e-010  1.91e-011  7.48e-017  1.01e-010  
1.13349e+017 3.28e-019  5.01e-001  4.94e-001  5.01e-003  1.68e-036  4.18e-072  3.48e-009  2.66e-010  3.51e-011  1.42e-016  1.17e-010  
1.13938e+017 2.79e-019  5.01e-001  4.94e-001  5.01e-003  1.45e-023  8.98e-057  7.62e-009  6.73e-010  7.70e-011  3.41e-016  1.40e-010  
1.14626e+017 2.24e-019  5.00e-001  4.95e-001  5.00e-003  2.51e-017  1.24e-039  2.24e-008  1.96e-009  2.27e-010  1.26e-015  1.79e-010  
1.15112e+017 1.93e-019  5.00e-001  4.95e-001  5.00e-003  4.59e-012  1.91e-028  5.01e-008  3.95e-009  5.06e-010  3.68e-015  2.13e-010  
1.15530e+017 1.68e-019  5.00e-001  4.95e-001  5.00e-003  3.11e-010  2.28e-022  9.86e-008  7.07e-009  9.98e-010  1.05e-014  2.49e-010  
1.16007e+017 1.44e-019  5.00e-001  4.95e-001  5.00e-003  5.46e-009  3.38e-017  1.92e-007  1.35e-008  1.95e-009  3.91e-014  3.00e-010  
1.16507e+017 1.24e-019  5.00e-001  4.95e-001  5.00e-003  3.55e-008  8.32e-013  3.21e-007  2.54e-008  3.24e-009  1.69e-013  3.63e-010  
1.17040e+017 1.06e-019  5.00e-001  4.95e-001  5.00e-003  1.45e-007  5.03e-010  4.55e-007  4.80e-008  4.59e-009  8.56e-013  4.44e-010  
1.17511e+017 9.53e-020  5.00e-001  4.95e-001  5.00e-003  4.11e-007  9.48e-009  5.51e-007  8.06e-008  5.56e-009  3.48e-012  5.22e-010  
1.17806e+017 9.03e-020  5.00e-001  4.95e-001  5.00e-003  7.18e-007  3.12e-008  5.95e-007  1.09e-007  6.01e-009  7.98e-012  5.70e-010  
1.18134e+017 8.64e-020  5.00e-001  4.95e-001  5.00e-003  1.24e-006  1.05e-007  6.24e-007  1.50e-007  6.31e-009  2.23e-011  6.18e-010  
1.18488e+017 8.48e-020  5.00e-001  4.95e-001  5.00e-003  2.07e-006  2.74e-007  6.21e-007  2.09e-007  6.28e-009  6.98e-011  6.58e-010  
1.18867e+017 8.61e-020  5.00e-001  4.95e-001  5.00e-003  3.45e-006  5.92e-007  5.75e-007  2.88e-007  5.81e-009  2.09e-010  6.80e-010  
1.19273e+017 9.16e-020  5.00e-001  4.95e-001  5.00e-003  5.44e-006  1.17e-006  4.72e-007  3.91e-007  4.76e-009  5.66e-010  6.74e-010  
1.19721e+017 1.03e-019  5.00e-001  4.95e-001  5.00e-003  8.20e-006  2.12e-006  3.67e-007  5.24e-007  3.71e-009  1.35e-009  6.31e-010  
1.20205e+017 1.20e-019  5.00e-001  4.95e-001  5.00e-003  1.18e-005  3.58e-006  3.08e-007  6.74e-007  3.11e-009  2.90e-009  5.65e-010  
1.20720e+017 1.38e-019  5.00e-001  4.95e-001  5.00e-003  1.69e-005  5.68e-006  4.26e-007  8.42e-007  4.30e-009  5.89e-009  5.00e-010  
1.21274e+017 1.62e-019  5.00e-001  4.95e-001  5.00e-003  2.36e-005  8.66e-006  1.13e-006  1.03e-006  1.14e-008  9.96e-009  4.20e-010  
1.21854e+017 2.34e-019  5.00e-001  4.95e-001  5.00e-003  3.01e-005  1.21e-005  6.32e-006  1.17e-006  6.41e-008  8.28e-009  2.78e-010  
1.22444e+017 4.82e-019  5.00e-001  4.95e-001  5.00e-003  3.38e-005  1.47e-005  7.38e-006  1.20e-006  7.44e-008  1.01e-009  8.54e-011  
1.22701e+017 5.54e-023  0.00e+000  0.00e+000  0.00e+000  9.99e-001  0.00e+000  0.00e+000  1.01e-003  0.00e+000  0.00e+000  0.00e+000  
