! 0       *H + *CH3CO -> *CH3CHO
! 1       *H + *CH3CO -> CH3CHO
! 2       *CH3 + *CH3CO -> *CH3COCH3
! 3       *CH3 + *CH3CO -> CH3COCH3
! 4       *CH3CO + He -> CH3CO + He
! 5       *CH3CO + H2 -> CH3CO + H2
! 6       *CH3CO + CO -> CH3CO + CO
! 7       *CH3CO + CRPhoton -> *CH3 + *CO
! 8       *CH3CO + ISPhoton -> CH3CO
! 9       *CH3CO + CRPhoton -> CH3CO
!            tot_rate   0          1          2          3          4          5          6          7          8          9          
1.34508e+014 1.51e-019  9.90e-001  1.00e-002  8.97e-011  9.04e-013  0.00e+000  0.00e+000  0.00e+000  1.26e-011  5.33e-015  4.06e-015  
8.00271e+015 1.51e-019  9.90e-001  1.00e-002  8.97e-011  9.04e-013  0.00e+000  0.00e+000  0.00e+000  1.26e-011  5.33e-015  4.06e-015  
7.87466e+016 1.90e-019  9.90e-001  1.00e-002  9.27e-011  9.37e-013  0.00e+000  0.00e+000  0.00e+000  1.30e-011  5.48e-015  4.17e-015  
1.06312e+017 5.14e-019  9.90e-001  1.00e-002  1.02e-010  1.03e-012  0.00e+000  0.00e+000  0.00e+000  1.32e-011  5.64e-015  4.30e-015  
1.09855e+017 4.20e-019  9.90e-001  1.00e-002  2.43e-010  2.45e-012  0.00e+000  0.00e+000  6.28e-018  1.82e-011  7.76e-015  5.93e-015  
1.10673e+017 3.77e-019  9.90e-001  1.00e-002  3.58e-010  3.61e-012  0.00e+000  0.00e+000  4.72e-014  2.07e-011  8.86e-015  6.77e-015  
1.11398e+017 3.34e-019  9.90e-001  9.99e-003  5.56e-010  5.62e-012  0.00e+000  0.00e+000  2.28e-012  2.38e-011  1.02e-014  7.78e-015  
1.12221e+017 2.83e-019  9.90e-001  1.00e-002  1.07e-009  1.08e-011  7.96e-064  0.00e+000  2.22e-011  2.88e-011  1.24e-014  9.44e-015  
1.12812e+017 2.47e-019  9.90e-001  9.98e-003  1.88e-009  1.90e-011  6.26e-055  0.00e+000  7.64e-011  3.35e-011  1.44e-014  1.10e-014  
1.13349e+017 2.15e-019  9.90e-001  9.99e-003  3.48e-009  3.51e-011  2.82e-041  0.00e+000  2.02e-010  3.92e-011  1.70e-014  1.29e-014  
1.13938e+017 1.84e-019  9.90e-001  1.00e-002  7.62e-009  7.72e-011  1.07e-026  0.00e+000  5.28e-010  4.68e-011  2.03e-014  1.55e-014  
1.14626e+017 1.48e-019  9.90e-001  1.00e-002  2.24e-008  2.26e-010  1.34e-019  2.37e-069  1.58e-009  5.97e-011  2.61e-014  1.99e-014  
1.15112e+017 1.27e-019  9.90e-001  1.01e-002  5.03e-008  5.08e-010  3.72e-013  2.95e-049  3.26e-009  7.13e-011  3.13e-014  2.38e-014  
1.15530e+017 1.12e-019  9.90e-001  9.99e-003  9.81e-008  9.90e-010  5.53e-011  1.68e-038  5.89e-009  8.29e-011  3.65e-014  2.78e-014  
1.16007e+017 9.60e-020  9.90e-001  9.99e-003  1.93e-007  1.95e-009  1.67e-009  1.79e-029  1.15e-008  1.00e-010  4.43e-014  3.38e-014  
1.16507e+017 8.23e-020  9.90e-001  1.00e-002  3.21e-007  3.24e-009  1.40e-008  1.26e-020  2.19e-008  1.21e-010  5.39e-014  4.11e-014  
1.17040e+017 7.08e-020  9.90e-001  1.00e-002  4.55e-007  4.59e-009  6.41e-008  3.39e-014  4.18e-008  1.48e-010  6.62e-014  5.06e-014  
1.17511e+017 6.33e-020  9.90e-001  9.99e-003  5.51e-007  5.56e-009  1.94e-007  2.79e-011  7.11e-008  1.74e-010  7.88e-014  6.00e-014  
1.17806e+017 5.99e-020  9.90e-001  1.00e-002  5.94e-007  6.01e-009  3.47e-007  2.15e-010  9.68e-008  1.90e-010  8.70e-014  6.63e-014  
1.18134e+017 5.74e-020  9.90e-001  9.99e-003  6.24e-007  6.29e-009  6.10e-007  3.09e-009  1.34e-007  2.06e-010  9.62e-014  7.34e-014  
1.18488e+017 5.61e-020  9.90e-001  1.00e-002  6.21e-007  6.28e-009  1.04e-006  1.96e-008  1.87e-007  2.19e-010  1.06e-013  8.06e-014  
1.18867e+017 5.66e-020  9.90e-001  1.00e-002  5.75e-007  5.82e-009  1.76e-006  7.02e-008  2.60e-007  2.26e-010  1.15e-013  8.75e-014  
1.19273e+017 5.96e-020  9.90e-001  1.00e-002  4.72e-007  4.77e-009  2.82e-006  1.98e-007  3.54e-007  2.25e-010  1.22e-013  9.31e-014  
1.19721e+017 6.57e-020  9.90e-001  9.99e-003  3.67e-007  3.70e-009  4.30e-006  4.69e-007  4.75e-007  2.10e-010  1.27e-013  9.67e-014  
1.20205e+017 7.37e-020  9.90e-001  9.99e-003  3.08e-007  3.11e-009  6.28e-006  9.48e-007  6.14e-007  1.89e-010  1.30e-013  9.87e-014  
1.20720e+017 7.90e-020  9.90e-001  1.00e-002  4.25e-007  4.30e-009  9.11e-006  1.68e-006  7.68e-007  1.67e-010  1.34e-013  1.02e-013  
1.21274e+017 7.85e-020  9.90e-001  1.00e-002  1.13e-006  1.15e-008  1.29e-005  2.82e-006  9.43e-007  1.40e-010  1.41e-013  1.08e-013  
1.21854e+017 7.38e-020  9.90e-001  9.99e-003  6.34e-006  6.41e-008  1.67e-005  4.17e-006  1.07e-006  9.28e-011  1.42e-013  1.08e-013  
1.22444e+017 5.06e-020  9.90e-001  1.00e-002  7.37e-006  7.45e-008  1.88e-005  5.34e-006  1.10e-006  2.85e-011  1.32e-013  1.00e-013  
1.22701e+017 5.40e+002  9.90e-001  1.00e-002  4.03e-019  4.07e-021  0.00e+000  3.66e-028  0.00e+000  2.74e-031  3.05e-040  2.33e-040  
