! 0       *HNCO + He -> HNCO + He
! 1       *HNCO + H2 -> HNCO + H2
! 2       *HNCO + CO -> HNCO + CO
! 3       *HNCO + ISPhoton -> *NH + *CO
! 4       *HNCO + CRPhoton -> *NH + *CO
! 5       *HNCO + ISPhoton -> HNCO
! 6       *HNCO + CRPhoton -> HNCO
! 7       *HNCO + GRAIN -> HNCO + GRAIN
! 8       *HNCO + CRP -> HNCO
!            tot_rate   0          1          2          3          4          5          6          7          8          
1.34508e+014 6.17e-017  0.00e+000  0.00e+000  0.00e+000  6.94e-001  3.06e-001  8.65e-005  6.60e-005  6.71e-074  0.00e+000  
8.00271e+015 6.17e-017  0.00e+000  0.00e+000  0.00e+000  6.94e-001  3.06e-001  8.65e-005  6.60e-005  6.71e-074  0.00e+000  
7.87466e+016 6.20e-017  0.00e+000  0.00e+000  0.00e+000  6.93e-001  3.06e-001  8.63e-005  6.58e-005  6.72e-074  0.00e+000  
1.06312e+017 6.42e-017  0.00e+000  0.00e+000  8.58e-069  6.93e-001  3.07e-001  8.69e-005  6.62e-005  1.31e-073  0.00e+000  
1.09855e+017 6.59e-017  0.00e+000  0.00e+000  2.28e-007  6.93e-001  3.06e-001  8.72e-005  6.65e-005  6.43e-073  0.00e+000  
1.10673e+017 6.66e-017  0.00e+000  0.00e+000  7.84e-004  6.93e-001  3.06e-001  8.74e-005  6.67e-005  1.46e-072  0.00e+000  
1.11398e+017 6.88e-017  0.00e+000  0.00e+000  2.34e-002  6.77e-001  2.99e-001  8.56e-005  6.52e-005  4.10e-072  0.00e+000  
1.12221e+017 8.02e-017  7.42e-052  0.00e+000  1.50e-001  5.90e-001  2.61e-001  7.48e-005  5.70e-005  2.08e-071  0.00e+000  
1.12812e+017 1.04e-016  2.23e-043  0.00e+000  3.36e-001  4.60e-001  2.04e-001  5.85e-005  4.46e-005  8.96e-071  0.00e+000  
1.13349e+017 1.49e-016  2.41e-030  0.00e+000  5.29e-001  3.26e-001  1.44e-001  4.15e-005  3.17e-005  4.57e-070  0.00e+000  
1.13938e+017 2.45e-016  1.34e-016  0.00e+000  7.09e-001  2.01e-001  8.93e-002  2.58e-005  1.97e-005  4.69e-069  0.00e+000  
1.14626e+017 4.90e-016  3.47e-010  2.31e-058  8.51e-001  1.04e-001  4.57e-002  1.33e-005  1.02e-005  1.56e-067  0.00e+000  
1.15112e+017 8.05e-016  1.99e-004  3.32e-039  9.07e-001  6.45e-002  2.86e-002  8.33e-006  6.36e-006  3.33e-066  0.00e+000  
1.15530e+017 1.25e-015  1.27e-002  4.79e-029  9.26e-001  4.24e-002  1.88e-002  5.51e-006  4.20e-006  7.01e-065  0.00e+000  
1.16007e+017 2.33e-015  1.46e-001  1.22e-020  8.20e-001  2.35e-002  1.04e-002  3.07e-006  2.34e-006  3.06e-063  0.00e+000  
1.16507e+017 5.43e-015  4.11e-001  1.45e-012  5.74e-001  1.05e-002  4.62e-003  1.37e-006  1.05e-006  1.84e-061  0.00e+000  
1.17040e+017 1.36e-014  6.18e-001  6.69e-007  3.75e-001  4.37e-003  1.93e-003  5.77e-007  4.40e-007  1.82e-059  0.00e+000  
1.17511e+017 3.01e-014  7.40e-001  1.61e-004  2.57e-001  2.08e-003  9.19e-004  2.77e-007  2.11e-007  1.08e-057  0.00e+000  
1.17806e+017 4.76e-014  7.88e-001  6.97e-004  2.10e-001  1.36e-003  6.01e-004  1.84e-007  1.40e-007  1.31e-056  0.00e+000  
1.18134e+017 7.65e-014  8.21e-001  5.24e-003  1.73e-001  8.76e-004  3.87e-004  1.21e-007  9.20e-008  3.71e-055  0.00e+000  
1.18488e+017 1.24e-013  8.37e-001  1.83e-002  1.44e-001  5.61e-004  2.48e-004  7.97e-008  6.07e-008  1.98e-053  0.00e+000  
1.18867e+017 2.09e-013  8.42e-001  3.74e-002  1.20e-001  3.47e-004  1.54e-004  5.17e-008  3.95e-008  1.14e-051  0.00e+000  
1.19273e+017 3.52e-013  8.35e-001  6.36e-002  1.01e-001  2.14e-004  9.46e-005  3.44e-008  2.61e-008  6.53e-050  0.00e+000  
1.19721e+017 5.98e-013  8.18e-001  9.43e-002  8.75e-002  1.29e-004  5.69e-005  2.29e-008  1.74e-008  3.75e-048  0.00e+000  
1.20205e+017 9.86e-013  7.98e-001  1.26e-001  7.56e-002  7.72e-005  3.41e-005  1.56e-008  1.20e-008  1.93e-046  0.00e+000  
1.20720e+017 1.50e-012  7.85e-001  1.51e-001  6.43e-002  4.64e-005  2.05e-005  1.10e-008  8.38e-009  7.45e-045  0.00e+000  
1.21274e+017 2.02e-012  7.71e-001  1.74e-001  5.49e-002  2.72e-005  1.20e-005  8.06e-009  6.13e-009  2.12e-043  0.00e+000  
1.21854e+017 2.21e-012  7.57e-001  1.95e-001  4.76e-002  1.37e-005  6.03e-006  6.17e-009  4.72e-009  3.83e-042  0.00e+000  
1.22444e+017 1.22e-012  7.42e-001  2.15e-001  4.25e-002  3.65e-006  1.62e-006  4.98e-009  3.79e-009  4.19e-041  0.00e+000  
1.22701e+017 5.68e-020  9.99e-001  0.00e+000  1.32e-003  0.00e+000  0.00e+000  0.00e+000  0.00e+000  0.00e+000  0.00e+000  
