! 0       CH3OCH4+ + e- -> CH3OH + CH3
! 1       CH3OCH4+ + e- -> CH3 + CH4 + O
! 2       NH3 + CH3OCH4+ -> CH3OCH3 + NH4+
! 3       CH3OCH4+ + e- -> CH3OCH3 + H
! 4       CH3OCH4+ + GRAIN -> CH3OCH3 + H + GRAIN
!            tot_rate   0          1          2          3          4          
1.34508e+014 2.96e-021  4.90e-001  4.40e-001  1.81e-004  7.00e-002  1.21e-004  
8.00271e+015 2.96e-021  4.90e-001  4.40e-001  1.81e-004  7.00e-002  1.21e-004  
7.87466e+016 1.65e-021  4.90e-001  4.40e-001  1.97e-004  6.97e-002  1.21e-004  
1.06312e+017 3.28e-022  4.90e-001  4.39e-001  5.12e-004  7.01e-002  3.05e-004  
1.09855e+017 2.51e-022  4.91e-001  4.39e-001  6.14e-004  6.98e-002  4.31e-004  
1.10673e+017 2.37e-022  4.90e-001  4.39e-001  6.46e-004  7.01e-002  4.81e-004  
1.11398e+017 2.66e-022  4.89e-001  4.40e-001  6.81e-004  6.99e-002  5.42e-004  
1.12221e+017 6.23e-022  4.89e-001  4.39e-001  7.35e-004  6.99e-002  6.35e-004  
1.12812e+017 1.54e-021  4.89e-001  4.40e-001  7.85e-004  7.00e-002  7.26e-004  
1.13349e+017 2.89e-021  4.88e-001  4.40e-001  8.45e-004  7.00e-002  8.35e-004  
1.13938e+017 4.09e-021  4.89e-001  4.40e-001  9.33e-004  6.99e-002  9.97e-004  
1.14626e+017 4.73e-021  4.88e-001  4.40e-001  1.07e-003  6.99e-002  1.26e-003  
1.15112e+017 4.92e-021  4.88e-001  4.39e-001  1.20e-003  6.98e-002  1.51e-003  
1.15530e+017 5.05e-021  4.89e-001  4.38e-001  1.34e-003  6.97e-002  1.80e-003  
1.16007e+017 5.31e-021  4.88e-001  4.39e-001  1.52e-003  6.97e-002  2.20e-003  
1.16507e+017 5.92e-021  4.88e-001  4.38e-001  1.74e-003  6.96e-002  2.74e-003  
1.17040e+017 8.10e-021  4.87e-001  4.38e-001  1.92e-003  6.97e-002  2.97e-003  
1.17511e+017 1.16e-020  4.87e-001  4.37e-001  2.49e-003  6.97e-002  3.21e-003  
1.17806e+017 1.54e-020  4.87e-001  4.37e-001  3.27e-003  6.95e-002  3.37e-003  
1.18134e+017 2.27e-020  4.85e-001  4.37e-001  4.76e-003  6.97e-002  3.56e-003  
1.18488e+017 3.73e-020  4.85e-001  4.34e-001  7.56e-003  6.92e-002  3.75e-003  
1.18867e+017 6.69e-020  4.81e-001  4.33e-001  1.27e-002  6.89e-002  4.00e-003  
1.19273e+017 1.29e-019  4.77e-001  4.28e-001  2.20e-002  6.82e-002  4.25e-003  
1.19721e+017 2.64e-019  4.70e-001  4.20e-001  3.83e-002  6.70e-002  4.55e-003  
1.20205e+017 5.53e-019  4.55e-001  4.10e-001  6.43e-002  6.51e-002  4.86e-003  
1.20720e+017 1.14e-018  4.39e-001  3.94e-001  9.92e-002  6.28e-002  5.20e-003  
1.21274e+017 2.25e-018  4.22e-001  3.79e-001  1.34e-001  6.03e-002  5.59e-003  
1.21854e+017 4.15e-018  4.10e-001  3.69e-001  1.56e-001  5.86e-002  6.12e-003  
1.22444e+017 7.18e-018  4.07e-001  3.65e-001  1.63e-001  5.81e-002  6.91e-003  
1.22701e+017 7.55e-018  4.90e-001  4.40e-001  0.00e+000  7.00e-002  0.00e+000  
