! 0       *H + *OH -> *H2O
! 1       *H + *OH -> H2O
! 2       *OH + *CH2 -> *CH2OH
! 3       *C + *OH -> *CO + *H
! 4       *OH + *CH3 -> *CH3OH
! 5       *OH + *CO -> *CO2 + *H
! 6       *OH + *CO -> *HOCO
! 7       *OH + *CH2 -> CH2OH
! 8       *OH + *CH3 -> CH3OH
! 9       *OH + *CO -> HOCO
!            tot_rate   0          1          2          3          4          5          6          7          8          9          
1.34508e+014 3.37e-014  4.96e-001  4.99e-003  1.15e-008  1.14e-007  4.49e-011  2.50e-001  2.47e-001  1.16e-010  4.52e-013  2.50e-003  
8.00271e+015 3.37e-014  4.96e-001  4.99e-003  1.15e-008  1.14e-007  4.48e-011  2.49e-001  2.47e-001  1.16e-010  4.51e-013  2.49e-003  
7.87466e+016 5.04e-014  4.88e-001  4.94e-003  1.14e-008  7.44e-008  4.57e-011  2.54e-001  2.50e-001  1.16e-010  4.61e-013  2.54e-003  
1.06312e+017 1.40e-013  4.56e-001  4.61e-003  9.77e-009  3.16e-008  4.70e-011  2.70e-001  2.67e-001  9.84e-011  4.75e-013  2.70e-003  
1.09855e+017 9.83e-014  3.21e-001  3.24e-003  1.14e-008  2.95e-008  7.87e-011  3.38e-001  3.35e-001  1.15e-010  7.95e-013  3.38e-003  
1.10673e+017 8.52e-014  2.65e-001  2.67e-003  1.16e-008  2.77e-008  9.61e-011  3.66e-001  3.63e-001  1.17e-010  9.70e-013  3.66e-003  
1.11398e+017 7.37e-014  2.09e-001  2.10e-003  1.13e-008  2.50e-008  1.17e-010  3.95e-001  3.91e-001  1.14e-010  1.19e-012  3.95e-003  
1.12221e+017 6.14e-014  1.40e-001  1.41e-003  9.93e-009  2.02e-008  1.50e-010  4.30e-001  4.25e-001  1.00e-010  1.52e-012  4.30e-003  
1.12812e+017 5.31e-014  9.49e-002  9.58e-004  8.30e-009  1.59e-008  1.80e-010  4.52e-001  4.48e-001  8.38e-011  1.82e-012  4.52e-003  
1.13349e+017 4.62e-014  6.05e-002  6.12e-004  6.47e-009  1.19e-008  2.13e-010  4.69e-001  4.65e-001  6.53e-011  2.15e-012  4.69e-003  
1.13938e+017 4.71e-015  3.25e-002  3.29e-004  3.85e-009  7.20e-009  2.51e-010  4.84e-001  4.78e-001  3.89e-011  2.53e-012  4.84e-003  
1.14626e+017 3.31e-014  1.30e-002  1.31e-004  2.23e-009  3.87e-009  2.93e-010  4.93e-001  4.89e-001  2.26e-011  2.96e-012  4.93e-003  
1.15112e+017 2.91e-014  6.04e-003  6.11e-005  1.25e-009  2.15e-009  3.06e-010  4.98e-001  4.91e-001  1.27e-011  3.09e-012  4.98e-003  
1.15530e+017 2.64e-014  2.89e-003  2.91e-005  7.04e-010  1.20e-009  2.88e-010  5.00e-001  4.92e-001  7.12e-012  2.91e-012  5.00e-003  
1.16007e+017 2.38e-014  1.15e-003  1.17e-005  3.38e-010  5.83e-010  2.25e-010  4.99e-001  4.95e-001  3.41e-012  2.27e-012  4.99e-003  
1.16507e+017 2.16e-014  4.22e-004  4.26e-006  1.48e-010  2.59e-010  1.36e-010  5.00e-001  4.95e-001  1.50e-012  1.38e-012  5.00e-003  
1.17040e+017 2.00e-014  1.39e-004  1.40e-006  5.84e-011  1.05e-010  6.39e-011  4.99e-001  4.95e-001  5.89e-013  6.44e-013  4.99e-003  
1.17511e+017 1.90e-014  5.37e-005  5.42e-007  2.58e-011  4.85e-011  3.00e-011  5.00e-001  4.95e-001  2.60e-013  3.03e-013  5.00e-003  
1.17806e+017 1.85e-014  3.12e-005  3.15e-007  1.57e-011  3.10e-011  1.87e-011  5.00e-001  4.95e-001  1.59e-013  1.89e-013  5.00e-003  
1.18134e+017 1.81e-014  1.61e-005  1.62e-007  8.28e-012  1.76e-011  1.02e-011  5.00e-001  4.95e-001  8.39e-014  1.02e-013  5.00e-003  
1.18488e+017 1.78e-014  7.90e-006  7.96e-008  3.92e-012  9.42e-012  4.95e-012  5.00e-001  4.95e-001  3.96e-014  5.00e-014  5.00e-003  
1.18867e+017 1.77e-014  4.18e-006  4.22e-008  1.83e-012  5.33e-012  2.43e-012  5.00e-001  4.95e-001  1.84e-014  2.45e-014  5.00e-003  
1.19273e+017 1.75e-014  2.60e-006  2.63e-008  8.44e-013  3.42e-012  1.24e-012  5.00e-001  4.95e-001  8.50e-015  1.25e-014  5.00e-003  
1.19721e+017 1.79e-014  2.13e-006  2.15e-008  4.09e-013  2.75e-012  7.89e-013  5.00e-001  4.95e-001  4.13e-015  7.94e-015  5.00e-003  
1.20205e+017 1.83e-014  2.77e-006  2.80e-008  2.37e-013  3.28e-012  8.61e-013  5.00e-001  4.95e-001  2.40e-015  8.72e-015  5.00e-003  
1.20720e+017 1.89e-014  7.71e-006  7.82e-008  4.13e-013  8.08e-012  3.33e-012  5.00e-001  4.95e-001  4.17e-015  3.36e-014  5.00e-003  
1.21274e+017 1.90e-014  9.26e-005  9.37e-007  1.11e-011  1.11e-010  1.06e-010  5.00e-001  4.95e-001  1.12e-013  1.07e-012  5.00e-003  
1.21854e+017 1.80e-014  2.29e-002  2.32e-004  1.49e-008  4.07e-008  1.47e-007  4.89e-001  4.83e-001  1.50e-010  1.48e-009  4.89e-003  
1.22444e+017 1.72e-014  4.42e-001  4.47e-003  4.55e-007  1.34e-006  3.29e-006  2.77e-001  2.74e-001  4.60e-009  3.33e-008  2.77e-003  
1.22701e+017 5.06e+013  9.90e-001  1.00e-002  6.09e-018  2.67e-018  4.03e-019  6.54e-020  6.48e-020  6.17e-020  4.07e-021  6.54e-022  
