! 0       *H + *HOCO -> *H2 + *CO2
! 1       *OH + *CO -> *CO2 + *H
! 2       *O + *HCO -> *CO2 + *H
! 3       *O + *HOCO -> *OH + *CO2
! 4       CO2 + GRAIN -> *CO2 + GRAIN
! 5       *O + *CO -> *CO2
! 6       *N + *HOCO -> *NH + *CO2
! 7       *HCOOH + ISPhoton -> *CO2 + *H + *H
! 8       *HCOOCH3 + CRPhoton -> *CO2 + *CH4
! 9       *HCOOCH3 + CRPhoton -> *CO2 + *CH3 + *H
!            tot_rate   0          1          2          3          4          5          6          7          8          9          
1.34508e+014 1.12e-014  2.47e-001  7.49e-001  3.66e-013  8.51e-019  4.36e-003  6.92e-005  5.86e-006  8.91e-005  8.09e-010  2.02e-010  
8.00271e+015 1.12e-014  2.47e-001  7.49e-001  3.66e-013  8.51e-019  4.36e-003  6.92e-005  5.86e-006  8.91e-005  8.09e-010  2.02e-010  
7.87466e+016 1.71e-014  2.46e-001  7.47e-001  3.80e-013  1.37e-018  6.54e-003  7.18e-005  9.28e-006  5.90e-005  5.33e-010  1.33e-010  
1.06312e+017 5.07e-014  2.47e-001  7.46e-001  4.24e-013  4.62e-018  7.52e-003  6.98e-005  2.82e-005  2.07e-005  1.86e-010  4.66e-011  
1.09855e+017 4.45e-014  2.47e-001  7.47e-001  6.23e-013  8.59e-018  5.78e-003  7.38e-005  4.12e-005  2.43e-005  2.18e-010  5.44e-011  
1.10673e+017 4.17e-014  2.47e-001  7.48e-001  7.72e-013  1.17e-017  5.27e-003  7.69e-005  4.96e-005  2.61e-005  2.34e-010  5.85e-011  
1.11398e+017 3.89e-014  2.47e-001  7.48e-001  1.01e-012  1.71e-017  4.83e-003  8.10e-005  6.19e-005  2.83e-005  2.54e-010  6.35e-011  
1.12221e+017 3.53e-014  2.47e-001  7.49e-001  1.59e-012  3.15e-017  4.34e-003  8.76e-005  8.65e-005  3.18e-005  2.84e-010  7.12e-011  
1.12812e+017 3.21e-014  2.47e-001  7.48e-001  2.47e-012  5.55e-017  4.02e-003  9.54e-005  1.18e-004  3.52e-005  3.18e-010  7.92e-011  
1.13349e+017 2.90e-014  2.47e-001  7.49e-001  4.11e-012  1.06e-016  3.79e-003  1.05e-004  1.66e-004  3.97e-005  3.55e-010  8.87e-011  
1.13938e+017 8.91e-015  7.33e-001  2.56e-001  2.39e-011  7.49e-016  1.03e-002  3.41e-004  7.66e-004  1.31e-004  1.18e-009  2.94e-010  
1.14626e+017 2.18e-014  2.47e-001  7.49e-001  2.39e-011  9.28e-016  3.37e-003  1.42e-004  4.96e-004  5.52e-005  4.96e-010  1.24e-010  
1.15112e+017 1.94e-014  2.46e-001  7.49e-001  5.74e-011  2.72e-015  3.23e-003  1.64e-004  8.42e-004  6.36e-005  5.68e-010  1.42e-010  
1.15530e+017 1.76e-014  2.46e-001  7.49e-001  1.33e-010  7.72e-015  3.10e-003  1.85e-004  1.37e-003  7.15e-005  6.42e-010  1.60e-010  
1.16007e+017 1.59e-014  2.45e-001  7.49e-001  3.84e-010  2.88e-014  2.97e-003  2.13e-004  2.45e-003  8.12e-005  7.30e-010  1.82e-010  
1.16507e+017 1.44e-014  2.45e-001  7.47e-001  1.25e-009  1.25e-013  2.87e-003  2.46e-004  4.40e-003  9.27e-005  8.37e-010  2.09e-010  
1.17040e+017 1.34e-014  2.42e-001  7.47e-001  4.48e-009  6.22e-013  2.85e-003  2.81e-004  7.41e-003  1.05e-004  9.49e-010  2.37e-010  
1.17511e+017 1.27e-014  2.40e-001  7.47e-001  1.35e-008  2.51e-012  3.05e-003  3.04e-004  1.01e-002  1.16e-004  1.05e-009  2.62e-010  
1.17806e+017 1.24e-014  2.39e-001  7.46e-001  2.58e-008  5.71e-012  3.36e-003  3.11e-004  1.15e-002  1.24e-004  1.11e-009  2.77e-010  
1.18134e+017 1.22e-014  2.38e-001  7.45e-001  5.74e-008  1.59e-011  3.95e-003  5.48e-004  1.28e-002  1.32e-004  1.18e-009  2.94e-010  
1.18488e+017 1.20e-014  2.36e-001  7.44e-001  1.39e-007  4.94e-011  4.98e-003  1.71e-003  1.37e-002  1.39e-004  1.25e-009  3.13e-010  
1.18867e+017 1.20e-014  2.35e-001  7.40e-001  3.22e-007  1.47e-010  6.75e-003  4.92e-003  1.39e-002  1.47e-004  1.32e-009  3.30e-010  
1.19273e+017 1.20e-014  2.34e-001  7.30e-001  6.72e-007  3.96e-010  9.83e-003  1.19e-002  1.37e-002  1.55e-004  1.39e-009  3.48e-010  
1.19721e+017 1.24e-014  2.29e-001  7.21e-001  1.22e-006  9.28e-010  1.51e-002  2.13e-002  1.31e-002  1.60e-004  1.44e-009  3.58e-010  
1.20205e+017 1.29e-014  2.27e-001  7.12e-001  1.99e-006  1.98e-009  2.42e-002  2.41e-002  1.24e-002  1.64e-004  1.48e-009  3.68e-010  
1.20720e+017 1.33e-014  2.26e-001  7.09e-001  3.15e-006  4.00e-009  3.91e-002  1.29e-002  1.20e-002  1.67e-004  1.51e-009  3.77e-010  
1.21274e+017 1.36e-014  2.23e-001  7.00e-001  4.31e-006  6.65e-009  6.28e-002  1.61e-003  1.20e-002  1.71e-004  1.55e-009  3.88e-010  
1.21854e+017 1.30e-014  2.14e-001  6.74e-001  3.13e-006  5.32e-009  9.99e-002  8.68e-006  1.27e-002  1.74e-004  1.61e-009  4.03e-010  
1.22444e+017 8.08e-015  1.88e-001  5.88e-001  3.98e-007  5.69e-010  2.15e-001  3.92e-007  8.91e-003  2.20e-004  2.13e-009  5.33e-010  
1.22701e+017 8.41e+010  1.00e+000  3.94e-017  1.37e-021  1.36e-022  2.88e-025  0.00e+000  0.00e+000  0.00e+000  0.00e+000  0.00e+000  
