! 0       *H + *HOCO -> *H2 + *CO2
! 1       *H + *HCO -> *CO + *H2
! 2       *H + *CH3O -> *H2CO + *H2
! 3       *H + *HNO -> *NO + *H2
! 4       *H + *CH4 -> *CH3 + *H2
! 5       *H2 + *H2 -> *H2 + H2
! 6       H2 + GRAIN -> *H2 + GRAIN
! 7       *H + *H2CO -> *HCO + *H2
! 8       *H + *H2S -> *H2 + *HS
! 9       *H2O + CRPhoton -> *O + *H2
!            tot_rate   0          1          2          3          4          5          6          7          8          9          
1.34508e+014 1.23e-009  2.24e-006  1.18e-004  2.52e-006  1.19e-005  7.43e-012  5.00e-001  5.00e-001  1.14e-004  2.40e-006  9.07e-007  
8.00271e+015 1.23e-009  2.24e-006  1.18e-004  2.52e-006  1.19e-005  7.43e-012  5.00e-001  5.00e-001  1.14e-004  2.40e-006  9.07e-007  
7.87466e+016 1.34e-009  3.14e-006  1.07e-004  2.27e-006  1.10e-005  6.69e-012  5.00e-001  5.00e-001  1.03e-004  3.85e-006  8.42e-007  
1.06312e+017 2.06e-009  6.07e-006  7.04e-005  1.50e-006  9.51e-006  4.40e-012  5.00e-001  5.00e-001  6.79e-005  8.64e-006  5.68e-007  
1.09855e+017 1.39e-009  7.90e-006  7.76e-005  1.66e-006  1.11e-005  4.87e-012  5.00e-001  5.00e-001  7.54e-005  9.34e-006  8.62e-007  
1.10673e+017 1.19e-009  8.62e-006  8.02e-005  1.71e-006  1.16e-005  5.02e-012  5.00e-001  5.00e-001  7.76e-005  9.55e-006  1.01e-006  
1.11398e+017 1.02e-009  9.42e-006  8.25e-005  1.76e-006  1.21e-005  5.17e-012  5.00e-001  5.00e-001  7.98e-005  9.72e-006  1.20e-006  
1.12221e+017 8.30e-010  1.05e-005  8.53e-005  1.82e-006  1.26e-005  5.35e-012  5.00e-001  5.00e-001  8.25e-005  9.95e-006  1.49e-006  
1.12812e+017 7.06e-010  1.12e-005  8.71e-005  1.86e-006  1.29e-005  5.45e-012  5.00e-001  5.00e-001  8.43e-005  1.01e-005  1.78e-006  
1.13349e+017 6.02e-010  1.19e-005  8.89e-005  1.89e-006  1.33e-005  5.56e-012  5.00e-001  5.00e-001  8.59e-005  1.02e-005  2.13e-006  
1.13938e+017 5.00e-010  1.31e-005  9.12e-005  1.95e-006  1.37e-005  5.70e-012  5.00e-001  5.00e-001  8.82e-005  1.05e-005  2.60e-006  
1.14626e+017 3.98e-010  1.35e-005  9.24e-005  1.97e-006  1.40e-005  5.78e-012  5.00e-001  5.00e-001  8.92e-005  1.06e-005  3.34e-006  
1.15112e+017 3.38e-010  1.41e-005  9.32e-005  1.99e-006  1.42e-005  5.83e-012  5.00e-001  5.00e-001  8.99e-005  1.07e-005  4.05e-006  
1.15530e+017 2.92e-010  1.48e-005  9.45e-005  2.01e-006  1.44e-005  5.89e-012  5.00e-001  5.00e-001  9.11e-005  1.09e-005  4.79e-006  
1.16007e+017 2.48e-010  1.57e-005  9.51e-005  2.03e-006  1.46e-005  5.93e-012  5.00e-001  5.00e-001  9.19e-005  1.10e-005  5.81e-006  
1.16507e+017 2.10e-010  1.69e-005  9.62e-005  2.06e-006  1.48e-005  5.95e-012  5.00e-001  5.00e-001  9.33e-005  1.12e-005  7.14e-006  
1.17040e+017 1.78e-010  1.82e-005  9.71e-005  2.08e-006  1.50e-005  5.89e-012  5.00e-001  5.00e-001  9.43e-005  1.14e-005  8.81e-006  
1.17511e+017 1.55e-010  1.96e-005  9.78e-005  2.14e-006  1.53e-005  5.78e-012  5.00e-001  5.00e-001  9.72e-005  1.18e-005  1.06e-005  
1.17806e+017 1.43e-010  2.06e-005  9.90e-005  2.19e-006  1.55e-005  5.64e-012  5.00e-001  5.00e-001  9.90e-005  1.21e-005  1.19e-005  
1.18134e+017 1.32e-010  2.19e-005  9.98e-005  2.28e-006  1.59e-005  5.40e-012  5.00e-001  5.00e-001  1.03e-004  1.26e-005  1.35e-005  
1.18488e+017 1.22e-010  2.32e-005  1.02e-004  2.42e-006  1.63e-005  4.98e-012  5.00e-001  5.00e-001  1.10e-004  1.34e-005  1.52e-005  
1.18867e+017 1.13e-010  2.48e-005  1.04e-004  2.63e-006  1.69e-005  4.31e-012  5.00e-001  4.99e-001  1.19e-004  1.45e-005  1.72e-005  
1.19273e+017 1.06e-010  2.65e-005  1.07e-004  2.97e-006  1.73e-005  3.27e-012  5.00e-001  4.99e-001  1.35e-004  1.61e-005  1.94e-005  
1.19721e+017 9.98e-011  2.84e-005  1.09e-004  3.50e-006  1.71e-005  1.88e-012  5.00e-001  5.00e-001  1.58e-004  1.84e-005  2.17e-005  
1.20205e+017 9.53e-011  3.06e-005  1.10e-004  4.14e-006  1.47e-005  6.20e-013  4.99e-001  5.00e-001  1.88e-004  2.06e-005  2.37e-005  
1.20720e+017 9.22e-011  3.27e-005  1.12e-004  4.64e-006  9.16e-006  7.09e-014  4.99e-001  5.01e-001  2.10e-004  2.05e-005  2.46e-005  
1.21274e+017 9.06e-011  3.34e-005  1.11e-004  4.79e-006  3.20e-006  1.11e-015  4.98e-001  5.02e-001  2.16e-004  1.69e-005  2.33e-005  
1.21854e+017 9.00e-011  3.09e-005  1.08e-004  4.66e-006  4.05e-007  1.21e-017  4.92e-001  5.08e-001  2.11e-004  1.07e-005  1.78e-005  
1.22444e+017 8.63e-011  1.76e-005  8.29e-005  3.57e-006  5.22e-008  9.99e-018  4.60e-001  5.40e-001  1.62e-004  3.08e-006  6.51e-006  
1.22701e+017 9.01e+010  9.33e-001  6.65e-002  1.53e-004  5.94e-006  1.20e-016  0.00e+000  0.00e+000  0.00e+000  0.00e+000  0.00e+000  
