! 0       *H + *NH2 -> NH3
! 1       H2 + NH2 -> NH3 + H
! 2       *NH3 + He -> NH3 + He
! 3       *NH3 + H2 -> NH3 + H2
! 4       *NH3 + CO -> NH3 + CO
! 5       NH4+ + e- -> NH3 + H
! 6       NH4+ + GRAIN -> NH3 + H + GRAIN
! 7       NO + NH3+ -> NH3 + NO+
! 8       *NH3 + ISPhoton -> NH3
! 9       NH3+ + GRAIN -> NH3 + GRAIN
!            tot_rate   0          1          2          3          4          5          6          7          8          9          
1.34508e+014 4.42e-015  1.10e-002  3.82e-061  0.00e+000  0.00e+000  0.00e+000  9.88e-001  5.29e-004  1.40e-004  1.04e-004  6.10e-005  
8.00271e+015 4.42e-015  1.10e-002  3.82e-061  0.00e+000  0.00e+000  0.00e+000  9.88e-001  5.29e-004  1.40e-004  1.04e-004  6.10e-005  
7.87466e+016 3.72e-015  1.73e-002  5.54e-061  0.00e+000  0.00e+000  0.00e+000  9.81e-001  5.27e-004  2.82e-004  1.25e-004  1.16e-004  
1.06312e+017 2.10e-015  6.47e-002  2.13e-056  0.00e+000  0.00e+000  0.00e+000  9.32e-001  1.02e-003  1.00e-003  2.30e-004  3.91e-004  
1.09855e+017 2.15e-015  4.13e-002  2.99e-050  0.00e+000  0.00e+000  6.27e-013  9.56e-001  1.34e-003  5.66e-004  2.32e-004  2.45e-004  
1.10673e+017 2.14e-015  3.48e-002  1.10e-047  0.00e+000  0.00e+000  1.57e-006  9.63e-001  1.47e-003  4.58e-004  2.36e-004  2.08e-004  
1.11398e+017 2.12e-015  2.90e-002  7.12e-045  0.00e+000  0.00e+000  6.88e-003  9.61e-001  1.62e-003  3.68e-004  2.41e-004  1.76e-004  
1.12221e+017 2.41e-015  1.97e-002  4.77e-041  4.04e-071  0.00e+000  1.48e-001  8.30e-001  1.59e-003  2.39e-004  2.16e-004  1.23e-004  
1.12812e+017 3.40e-015  1.12e-002  6.05e-038  1.87e-060  0.00e+000  4.17e-001  5.70e-001  1.23e-003  1.32e-004  1.55e-004  7.20e-005  
1.13349e+017 5.58e-015  5.42e-003  6.58e-035  6.13e-044  4.75e-077  6.60e-001  3.34e-001  8.18e-004  6.20e-005  9.63e-005  3.62e-005  
1.13938e+017 1.07e-014  2.14e-003  2.30e-031  2.34e-025  3.47e-059  8.33e-001  1.64e-001  4.73e-004  2.44e-005  5.12e-005  1.54e-005  
1.14626e+017 2.49e-014  6.44e-004  4.50e-027  2.43e-016  2.47e-039  9.33e-001  6.60e-002  2.36e-004  7.72e-006  2.28e-005  5.47e-006  
1.15112e+017 4.41e-014  2.88e-004  5.06e-024  1.00e-006  1.15e-025  9.64e-001  3.52e-002  1.52e-004  3.52e-006  1.32e-005  2.70e-006  
1.15530e+017 7.13e-014  1.52e-004  1.85e-021  8.78e-004  2.15e-018  9.78e-001  2.09e-002  1.06e-004  1.81e-006  8.39e-006  1.52e-006  
1.16007e+017 1.31e-013  7.21e-005  9.94e-019  7.88e-002  2.34e-012  9.10e-001  1.09e-002  6.79e-005  7.95e-007  4.74e-006  7.45e-007  
1.16507e+017 3.86e-013  2.24e-005  2.54e-016  4.76e-001  3.83e-007  5.20e-001  3.60e-003  2.77e-005  2.17e-007  1.67e-006  2.29e-007  
1.17040e+017 1.42e-012  5.76e-006  3.39e-014  7.60e-001  5.85e-004  2.39e-001  9.85e-004  9.15e-006  4.72e-008  4.81e-007  5.61e-008  
1.17511e+017 4.09e-012  1.87e-006  1.15e-012  8.62e-001  9.45e-003  1.29e-001  3.53e-004  3.82e-006  1.38e-008  1.77e-007  1.83e-008  
1.17806e+017 7.16e-012  1.00e-006  7.46e-012  8.83e-001  2.19e-002  9.52e-002  2.08e-004  2.47e-006  7.18e-009  1.06e-007  1.03e-008  
1.18134e+017 1.27e-011  4.99e-007  4.22e-011  8.71e-001  5.71e-002  7.14e-002  1.22e-004  1.61e-006  3.70e-009  6.25e-008  5.71e-009  
1.18488e+017 2.23e-011  2.36e-007  2.04e-010  8.42e-001  1.02e-001  5.56e-002  7.53e-005  1.11e-006  1.98e-009  3.80e-008  3.32e-009  
1.18867e+017 3.95e-011  1.06e-007  8.50e-010  8.17e-001  1.40e-001  4.35e-002  4.75e-005  7.81e-007  1.06e-009  2.31e-008  1.96e-009  
1.19273e+017 6.77e-011  5.01e-008  3.44e-009  7.86e-001  1.79e-001  3.54e-002  3.31e-005  6.16e-007  6.12e-010  1.46e-008  1.24e-009  
1.19721e+017 1.11e-010  2.53e-008  1.47e-008  7.54e-001  2.16e-001  3.00e-002  2.74e-005  5.56e-007  3.76e-010  9.44e-009  8.49e-010  
1.20205e+017 1.64e-010  1.37e-008  6.39e-008  7.24e-001  2.51e-001  2.57e-002  2.80e-005  6.26e-007  2.65e-010  6.33e-009  6.75e-010  
1.20720e+017 1.98e-010  7.64e-009  2.97e-007  7.03e-001  2.75e-001  2.17e-002  3.74e-005  9.31e-007  2.34e-010  4.42e-009  6.68e-010  
1.21274e+017 1.63e-010  4.57e-009  1.75e-006  6.85e-001  2.96e-001  1.85e-002  7.28e-005  2.04e-006  2.98e-010  3.21e-009  9.55e-010  
1.21854e+017 6.26e-011  3.70e-009  1.92e-005  6.66e-001  3.18e-001  1.60e-002  2.83e-004  8.96e-006  7.67e-010  2.46e-009  2.73e-009  
1.22444e+017 1.68e-012  1.28e-007  2.68e-003  6.37e-001  3.32e-001  1.40e-002  1.39e-002  4.99e-004  2.64e-008  1.93e-009  1.04e-007  
1.22701e+017 8.44e+011  1.00e+000  3.03e-022  1.94e-028  0.00e+000  1.24e-031  3.03e-026  0.00e+000  0.00e+000  0.00e+000  0.00e+000  
