! 0       *CH + *CH3 -> *C2H4
! 1       *H + *C2H3 -> *C2H4
! 2       *CH3CH3 + CRPhoton -> *C2H4 + *H2
! 3       C2H4 + GRAIN -> *C2H4 + GRAIN
! 4       *CH3CHCH2 + ISPhoton -> *C2H4 + *CH2
! 5       *CH3CH3 + CRPhoton -> *C2H4 + *H2
! 6       *CH3CHCH2 + CRPhoton -> *C2H4 + *CH2
! 7       *CH3CH3 + ISPhoton -> *C2H4 + *H2
! 8       *CH2 + *CH2 -> *C2H4
! 9       *C2H5 + CRPhoton -> *C2H4 + *H
!            tot_rate   0          1          2          3          4          5          6          7          8          9          
1.34508e+014 7.22e-017  7.09e-008  4.03e-001  5.36e-001  1.59e-002  1.88e-002  2.36e-002  2.24e-003  4.34e-007  2.34e-007  6.07e-013  
8.00271e+015 7.22e-017  7.09e-008  4.03e-001  5.36e-001  1.59e-002  1.88e-002  2.36e-002  2.24e-003  4.34e-007  2.34e-007  6.07e-013  
7.87466e+016 7.95e-017  4.74e-008  4.43e-001  4.89e-001  2.75e-002  1.72e-002  2.15e-002  2.05e-003  3.96e-007  2.06e-007  6.22e-013  
1.06312e+017 1.17e-016  1.76e-008  5.67e-001  3.43e-001  6.06e-002  1.21e-002  1.51e-002  1.44e-003  2.79e-007  1.06e-007  6.34e-013  
1.09855e+017 1.01e-016  2.19e-008  5.11e-001  4.08e-001  4.71e-002  1.44e-002  1.79e-002  1.71e-003  3.30e-007  1.52e-007  8.72e-013  
1.10673e+017 9.65e-017  2.44e-008  4.89e-001  4.32e-001  4.24e-002  1.52e-002  1.90e-002  1.80e-003  3.49e-007  1.68e-007  9.95e-013  
1.11398e+017 9.21e-017  2.74e-008  4.67e-001  4.57e-001  3.78e-002  1.62e-002  2.01e-002  1.91e-003  3.70e-007  1.79e-007  1.15e-012  
1.12221e+017 8.74e-017  3.24e-008  4.38e-001  4.89e-001  3.24e-002  1.73e-002  2.15e-002  2.05e-003  3.96e-007  1.80e-007  1.38e-012  
1.12812e+017 8.44e-017  3.78e-008  4.16e-001  5.13e-001  2.84e-002  1.81e-002  2.25e-002  2.14e-003  4.15e-007  1.68e-007  1.61e-012  
1.13349e+017 8.19e-017  4.44e-008  3.94e-001  5.36e-001  2.50e-002  1.89e-002  2.36e-002  2.25e-003  4.33e-007  1.48e-007  1.88e-012  
1.13938e+017 7.97e-017  5.10e-008  3.71e-001  5.61e-001  2.13e-002  1.98e-002  2.46e-002  2.35e-003  4.54e-007  9.22e-008  2.26e-012  
1.14626e+017 7.74e-017  6.49e-008  3.40e-001  5.93e-001  1.76e-002  2.09e-002  2.60e-002  2.48e-003  4.79e-007  7.42e-008  2.86e-012  
1.15112e+017 7.64e-017  7.03e-008  3.20e-001  6.14e-001  1.51e-002  2.17e-002  2.70e-002  2.57e-003  4.98e-007  4.91e-008  3.42e-012  
1.15530e+017 7.59e-017  6.89e-008  3.02e-001  6.32e-001  1.31e-002  2.23e-002  2.78e-002  2.65e-003  5.13e-007  3.23e-008  3.99e-012  
1.16007e+017 7.60e-017  5.65e-008  2.83e-001  6.52e-001  1.11e-002  2.30e-002  2.86e-002  2.72e-003  5.28e-007  1.87e-008  4.79e-012  
1.16507e+017 7.66e-017  3.59e-008  2.64e-001  6.71e-001  9.39e-003  2.36e-002  2.95e-002  2.81e-003  5.43e-007  9.92e-009  5.80e-012  
1.17040e+017 7.83e-017  1.76e-008  2.46e-001  6.88e-001  7.78e-003  2.44e-002  3.03e-002  2.89e-003  5.58e-007  4.76e-009  7.07e-012  
1.17511e+017 8.07e-017  8.56e-009  2.34e-001  7.01e-001  6.61e-003  2.48e-002  3.07e-002  2.95e-003  5.67e-007  2.39e-009  8.31e-012  
1.17806e+017 8.25e-017  5.40e-009  2.29e-001  7.06e-001  5.98e-003  2.51e-002  3.10e-002  2.98e-003  5.71e-007  1.54e-009  9.07e-012  
1.18134e+017 8.47e-017  2.93e-009  2.25e-001  7.09e-001  5.38e-003  2.55e-002  3.12e-002  3.02e-003  5.75e-007  8.38e-010  9.87e-012  
1.18488e+017 8.75e-017  1.42e-009  2.25e-001  7.10e-001  4.84e-003  2.58e-002  3.12e-002  3.06e-003  5.75e-007  3.89e-010  1.05e-011  
1.18867e+017 9.05e-017  6.62e-010  2.30e-001  7.05e-001  4.37e-003  2.63e-002  3.10e-002  3.12e-003  5.70e-007  1.58e-010  1.09e-011  
1.19273e+017 9.29e-017  3.06e-010  2.41e-001  6.94e-001  4.01e-003  2.70e-002  3.05e-002  3.21e-003  5.63e-007  5.07e-011  1.09e-011  
1.19721e+017 9.36e-017  1.58e-010  2.62e-001  6.73e-001  3.79e-003  2.85e-002  2.96e-002  3.39e-003  5.45e-007  1.20e-011  1.02e-011  
1.20205e+017 8.86e-017  1.18e-010  2.89e-001  6.43e-001  3.87e-003  3.22e-002  2.82e-002  3.81e-003  5.20e-007  1.91e-012  9.13e-012  
1.20720e+017 7.32e-017  2.43e-010  3.19e-001  6.04e-001  4.61e-003  4.13e-002  2.65e-002  4.89e-003  4.89e-007  7.33e-013  8.01e-012  
1.21274e+017 4.75e-017  2.36e-009  3.68e-001  5.28e-001  7.09e-003  6.58e-002  2.31e-002  7.83e-003  4.27e-007  5.39e-012  6.67e-012  
1.21854e+017 2.23e-017  2.47e-007  4.98e-001  3.17e-001  1.55e-002  1.38e-001  1.39e-002  1.64e-002  2.57e-007  5.57e-010  4.30e-012  
1.22444e+017 8.44e-018  1.27e-005  6.17e-001  1.82e-002  4.30e-002  2.87e-001  8.01e-004  3.40e-002  1.48e-008  3.02e-008  1.27e-012  
1.22701e+017 2.17e-005  1.00e+000  0.00e+000  0.00e+000  1.47e-013  0.00e+000  0.00e+000  0.00e+000  0.00e+000  0.00e+000  1.37e-021  
