! 0       CH3OH + H -> CH3O + H2
! 1       CH3OH + O -> OH + CH3O
! 2       CH3OH + OH -> CH3O + H2O
! 3       CH3OH2+ + e- -> CH3O + H2
! 4       *H + *H2CO -> CH3O
! 5       CH3OH + CH3 -> CH4 + CH3O
! 6       H3CO+ + GRAIN -> CH3O + GRAIN
! 7       CH3OH+ + GRAIN -> CH3O + H + GRAIN
! 8       HCOOCH3 + H -> CH3O + CO + H2
! 9       CH3OCH3 + H2 -> CH3O + CH3 + H2
!            tot_rate   0          1          2          3          4          5          6          7          8          9          
1.34508e+014 6.38e-017  0.00e+000  0.00e+000  2.24e-005  1.19e-002  9.86e-001  0.00e+000  2.54e-003  2.46e-005  0.00e+000  0.00e+000  
8.00271e+015 6.38e-017  0.00e+000  0.00e+000  2.24e-005  1.19e-002  9.86e-001  0.00e+000  2.54e-003  2.46e-005  0.00e+000  0.00e+000  
7.87466e+016 6.23e-017  0.00e+000  0.00e+000  2.31e-005  8.39e-003  9.90e-001  0.00e+000  1.99e-003  1.89e-005  0.00e+000  0.00e+000  
1.06312e+017 6.27e-017  0.00e+000  0.00e+000  2.36e-005  2.93e-003  9.95e-001  0.00e+000  1.98e-003  1.52e-005  0.00e+000  0.00e+000  
1.09855e+017 4.70e-017  4.15e-072  0.00e+000  3.15e-005  3.11e-003  9.94e-001  0.00e+000  2.89e-003  2.51e-005  0.00e+000  0.00e+000  
1.10673e+017 4.16e-017  4.81e-068  1.77e-078  3.56e-005  3.27e-003  9.93e-001  0.00e+000  3.42e-003  3.10e-005  0.00e+000  0.00e+000  
1.11398e+017 3.66e-017  1.32e-063  2.73e-073  4.05e-005  3.50e-003  9.92e-001  0.00e+000  4.07e-003  3.94e-005  0.00e+000  0.00e+000  
1.12221e+017 3.08e-017  1.74e-057  3.87e-066  4.81e-005  3.83e-003  9.91e-001  0.00e+000  5.23e-003  5.46e-005  0.00e+000  0.00e+000  
1.12812e+017 2.68e-017  2.24e-052  3.58e-060  5.52e-005  4.22e-003  9.89e-001  0.00e+000  6.53e-003  7.13e-005  0.00e+000  0.00e+000  
1.13349e+017 2.33e-017  2.74e-047  3.07e-054  6.39e-005  4.89e-003  9.87e-001  0.00e+000  8.36e-003  9.44e-005  0.00e+000  0.00e+000  
1.13938e+017 1.99e-017  2.49e-041  2.67e-047  7.52e-005  5.92e-003  9.83e-001  0.00e+000  1.12e-002  1.30e-004  0.00e+000  0.00e+000  
1.14626e+017 1.62e-017  4.02e-034  6.30e-039  9.70e-005  7.53e-003  9.76e-001  4.13e-070  1.64e-002  2.00e-004  1.19e-071  0.00e+000  
1.15112e+017 1.40e-017  4.74e-029  4.67e-033  1.21e-004  8.91e-003  9.69e-001  4.51e-061  2.16e-002  2.75e-004  8.91e-062  0.00e+000  
1.15530e+017 1.24e-017  8.16e-025  3.60e-028  1.54e-004  1.03e-002  9.62e-001  1.58e-053  2.76e-002  3.68e-004  1.43e-053  0.00e+000  
1.16007e+017 1.07e-017  2.91e-020  6.04e-023  2.16e-004  1.24e-002  9.50e-001  1.96e-045  3.72e-002  5.19e-004  7.86e-045  0.00e+000  
1.16507e+017 9.35e-018  6.26e-016  5.22e-018  3.33e-004  1.53e-002  9.33e-001  9.52e-038  5.10e-002  7.47e-004  1.29e-036  0.00e+000  
1.17040e+017 8.25e-018  6.23e-012  1.70e-013  5.69e-004  1.98e-002  9.09e-001  1.14e-030  6.92e-002  1.06e-003  3.71e-029  0.00e+000  
1.17511e+017 7.60e-018  5.35e-009  3.14e-010  1.01e-003  2.62e-002  8.83e-001  1.66e-025  8.85e-002  1.41e-003  7.53e-024  0.00e+000  
1.17806e+017 7.36e-018  1.98e-007  1.66e-008  1.56e-003  3.33e-002  8.62e-001  8.83e-023  1.01e-001  1.63e-003  3.87e-021  2.62e-071  
1.18134e+017 7.29e-018  6.28e-006  7.10e-007  2.66e-003  4.68e-002  8.34e-001  3.40e-020  1.15e-001  1.89e-003  1.21e-018  9.08e-060  
1.18488e+017 7.51e-018  1.50e-004  2.14e-005  4.63e-003  7.34e-002  7.92e-001  7.84e-018  1.27e-001  2.13e-003  1.97e-016  1.45e-049  
1.18867e+017 8.25e-018  2.69e-003  4.56e-004  7.94e-003  1.24e-001  7.29e-001  1.13e-015  1.33e-001  2.34e-003  1.77e-014  1.58e-040  
1.19273e+017 1.03e-017  3.65e-002  6.96e-003  1.24e-002  2.00e-001  6.15e-001  1.10e-013  1.26e-001  2.39e-003  9.87e-013  2.33e-032  
1.19721e+017 2.06e-017  2.84e-001  5.74e-002  1.67e-002  2.22e-001  3.42e-001  5.98e-012  7.58e-002  1.70e-003  2.75e-011  5.35e-025  
1.20205e+017 1.10e-016  6.71e-001  1.36e-001  8.83e-003  9.37e-002  7.25e-002  8.68e-011  1.77e-002  5.23e-004  1.92e-010  4.72e-019  
1.20720e+017 8.47e-016  8.04e-001  1.52e-001  3.42e-003  2.69e-002  1.02e-002  5.21e-010  2.98e-003  1.28e-004  5.60e-010  1.71e-014  
1.21274e+017 5.55e-015  8.44e-001  1.42e-001  2.43e-003  8.66e-003  1.58e-003  2.30e-009  6.10e-004  4.03e-005  1.29e-009  5.74e-011  
1.21854e+017 2.70e-014  8.69e-001  1.23e-001  4.10e-003  3.47e-003  3.14e-004  9.58e-009  1.75e-004  1.80e-005  2.98e-009  2.13e-008  
1.22444e+017 9.79e-014  8.96e-001  9.55e-002  6.67e-003  1.72e-003  6.35e-005  4.60e-008  6.94e-005  1.09e-005  6.81e-009  1.16e-006  
1.22701e+017 9.90e-012  9.91e-001  6.92e-003  2.07e-003  2.16e-005  0.00e+000  8.20e-007  0.00e+000  0.00e+000  1.04e-007  0.00e+000  
