! 0       *H + *OH -> *H2O
! 1       *H + *HOCO -> *H2O + *CO
! 2       *NH2 + *NO -> *H2O + *N2
! 3       H2O + GRAIN -> *H2O + GRAIN
! 4       *H + *H2O2 -> *H2O + *OH
! 5       *CH3OH + CRPhoton -> *CH + *H2O + *H
! 6       *CH3OH + ISPhoton -> *CH + *H2O + *H
! 7       *H2 + *OH -> *H2O + *H
! 8       *CH3OH + ISPhoton -> *H + *CH + *H2O
! 9       *CH2CO + CRPhoton -> *C2 + *H2O
!            tot_rate   0          1          2          3          4          5          6          7          8          9          
1.34508e+014 2.30e-014  7.25e-001  1.20e-001  1.99e-006  4.13e-003  1.50e-001  8.29e-004  5.51e-008  7.12e-009  2.78e-009  1.20e-010  
8.00271e+015 2.30e-014  7.25e-001  1.20e-001  1.99e-006  4.13e-003  1.50e-001  8.29e-004  5.51e-008  7.12e-009  2.78e-009  1.20e-010  
7.87466e+016 3.51e-014  7.01e-001  1.20e-001  1.82e-006  4.50e-003  1.75e-001  5.50e-004  3.64e-008  7.35e-009  1.84e-009  1.03e-010  
1.06312e+017 9.98e-014  6.41e-001  1.25e-001  1.97e-006  4.88e-003  2.28e-001  2.00e-004  1.33e-008  8.36e-009  6.69e-010  9.98e-011  
1.09855e+017 5.99e-014  5.26e-001  1.84e-001  3.76e-006  5.51e-003  2.84e-001  3.43e-004  2.29e-008  7.59e-009  1.15e-009  1.87e-010  
1.10673e+017 4.81e-014  4.70e-001  2.14e-001  5.01e-006  5.88e-003  3.10e-001  4.30e-004  2.87e-008  7.13e-009  1.44e-009  2.37e-010  
1.11398e+017 3.82e-014  4.03e-001  2.52e-001  6.92e-006  6.31e-003  3.38e-001  5.48e-004  3.64e-008  6.47e-009  1.83e-009  3.04e-010  
1.12221e+017 2.82e-014  3.04e-001  3.09e-001  1.09e-005  6.95e-003  3.79e-001  7.52e-004  5.00e-008  5.25e-009  2.52e-009  4.22e-010  
1.12812e+017 2.24e-014  2.25e-001  3.54e-001  1.60e-005  7.46e-003  4.12e-001  9.60e-004  6.39e-008  4.15e-009  3.21e-009  5.40e-010  
1.13349e+017 1.81e-014  1.55e-001  3.96e-001  2.36e-005  7.85e-003  4.40e-001  1.20e-003  8.01e-008  3.06e-009  4.03e-009  6.80e-010  
1.13938e+017 1.36e-014  1.13e-002  4.82e-001  4.08e-005  8.71e-003  4.97e-001  1.64e-003  1.09e-007  2.41e-010  5.48e-009  9.30e-010  
1.14626e+017 1.13e-014  3.80e-002  4.76e-001  7.51e-005  8.36e-003  4.76e-001  2.02e-003  1.35e-007  9.04e-010  6.75e-009  1.15e-009  
1.15112e+017 9.63e-015  1.83e-002  4.95e-001  1.34e-004  8.34e-003  4.76e-001  2.42e-003  1.61e-007  4.71e-010  8.10e-009  1.38e-009  
1.15530e+017 8.48e-015  8.98e-003  5.10e-001  2.45e-004  8.25e-003  4.69e-001  2.81e-003  1.87e-007  2.49e-010  9.41e-009  1.60e-009  
1.16007e+017 7.42e-015  3.71e-003  5.26e-001  5.56e-004  8.14e-003  4.58e-001  3.32e-003  2.21e-007  1.12e-010  1.11e-008  1.89e-009  
1.16507e+017 6.54e-015  1.40e-003  5.42e-001  1.45e-003  8.03e-003  4.44e-001  3.90e-003  2.60e-007  4.60e-011  1.31e-008  2.23e-009  
1.17040e+017 5.82e-015  4.78e-004  5.57e-001  4.11e-003  8.02e-003  4.26e-001  4.60e-003  3.08e-007  1.72e-011  1.54e-008  2.63e-009  
1.17511e+017 5.38e-015  1.89e-004  5.67e-001  9.42e-003  8.17e-003  4.10e-001  5.24e-003  3.49e-007  7.36e-012  1.75e-008  2.99e-009  
1.17806e+017 5.20e-015  1.11e-004  5.69e-001  1.45e-002  8.54e-003  4.02e-001  5.60e-003  3.73e-007  4.42e-012  1.88e-008  3.19e-009  
1.18134e+017 5.08e-015  5.73e-005  5.69e-001  2.22e-002  9.58e-003  3.94e-001  5.96e-003  3.97e-007  2.34e-012  1.99e-008  3.40e-009  
1.18488e+017 5.03e-015  2.80e-005  5.62e-001  3.16e-002  1.22e-002  3.87e-001  6.30e-003  4.19e-007  1.14e-012  2.11e-008  3.58e-009  
1.18867e+017 5.11e-015  1.45e-005  5.50e-001  3.85e-002  1.81e-002  3.87e-001  6.49e-003  4.34e-007  5.71e-013  2.17e-008  3.68e-009  
1.19273e+017 5.31e-015  8.59e-006  5.29e-001  3.97e-002  3.07e-002  3.94e-001  6.59e-003  4.39e-007  3.15e-013  2.20e-008  3.69e-009  
1.19721e+017 5.72e-015  6.64e-006  4.96e-001  3.39e-002  5.48e-002  4.09e-001  6.43e-003  4.28e-007  2.15e-013  2.15e-008  3.53e-009  
1.20205e+017 6.47e-015  7.85e-006  4.51e-001  2.27e-002  9.86e-002  4.22e-001  5.92e-003  3.95e-007  2.13e-013  1.98e-008  3.14e-009  
1.20720e+017 7.58e-015  1.93e-005  3.98e-001  1.11e-002  1.70e-001  4.15e-001  5.12e-003  3.40e-007  4.34e-013  1.71e-008  2.53e-009  
1.21274e+017 9.33e-015  1.89e-004  3.25e-001  2.99e-003  2.72e-001  3.96e-001  3.92e-003  2.62e-007  2.94e-012  1.32e-008  1.73e-009  
1.21854e+017 1.30e-014  3.16e-002  2.14e-001  2.42e-004  3.72e-001  3.80e-001  2.25e-003  1.49e-007  2.73e-010  7.52e-009  7.70e-010  
1.22444e+017 2.75e-014  2.76e-001  5.52e-002  4.29e-006  3.19e-001  3.50e-001  4.47e-004  2.98e-008  5.96e-010  1.50e-009  7.67e-011  
1.22701e+017 5.02e+013  9.98e-001  1.68e-003  2.17e-015  1.21e-027  0.00e+000  0.00e+000  0.00e+000  0.00e+000  0.00e+000  0.00e+000  
