! 0       HCOOH + HCO+ -> CO + HCOOH2+
! 1       H2O + HCO+ -> HCOOH2+
! 2       CH4 + O2+ -> H + HCOOH2+
! 3       HCOOH + H3CO+ -> H2CO + HCOOH2+
! 4       HCOOH + CH3OH2+ -> CH3OH + HCOOH2+
!            tot_rate   0          1          2          3          4          
1.34508e+014 2.34e-017  5.89e-001  2.14e-001  1.95e-001  1.98e-003  6.10e-006  
8.00271e+015 2.33e-017  5.87e-001  2.15e-001  1.96e-001  1.99e-003  6.13e-006  
7.87466e+016 1.15e-017  7.37e-001  1.59e-001  1.02e-001  1.90e-003  5.19e-006  
1.06312e+017 3.32e-018  9.34e-001  5.27e-002  1.22e-002  1.21e-003  2.31e-006  
1.09855e+017 2.62e-018  9.00e-001  8.05e-002  1.88e-002  9.30e-004  1.69e-006  
1.10673e+017 2.47e-018  8.88e-001  9.00e-002  2.08e-002  8.64e-004  1.54e-006  
1.11398e+017 2.33e-018  8.77e-001  9.97e-002  2.29e-002  8.04e-004  1.42e-006  
1.12221e+017 2.18e-018  8.61e-001  1.13e-001  2.56e-002  7.46e-004  1.30e-006  
1.12812e+017 2.10e-018  8.49e-001  1.23e-001  2.76e-002  7.15e-004  1.22e-006  
1.13349e+017 2.03e-018  8.36e-001  1.34e-001  2.95e-002  6.98e-004  1.17e-006  
1.13938e+017 1.96e-018  8.20e-001  1.47e-001  3.17e-002  6.83e-004  1.11e-006  
1.14626e+017 1.90e-018  8.02e-001  1.63e-001  3.47e-002  6.70e-004  1.03e-006  
1.15112e+017 1.87e-018  7.88e-001  1.74e-001  3.75e-002  6.59e-004  9.70e-007  
1.15530e+017 1.87e-018  7.76e-001  1.82e-001  4.20e-002  6.53e-004  9.20e-007  
1.16007e+017 1.93e-018  7.60e-001  1.86e-001  5.28e-002  6.41e-004  8.74e-007  
1.16507e+017 2.12e-018  7.40e-001  1.83e-001  7.68e-002  6.36e-004  8.62e-007  
1.17040e+017 2.75e-018  7.26e-001  1.56e-001  1.17e-001  6.39e-004  8.97e-007  
1.17511e+017 3.84e-018  7.08e-001  1.27e-001  1.64e-001  6.28e-004  9.90e-007  
1.17806e+017 5.00e-018  6.99e-001  1.10e-001  1.91e-001  6.21e-004  1.14e-006  
1.18134e+017 7.05e-018  6.94e-001  9.52e-002  2.10e-001  6.20e-004  1.49e-006  
1.18488e+017 1.08e-017  6.99e-001  8.77e-002  2.12e-001  6.30e-004  2.28e-006  
1.18867e+017 1.81e-017  7.20e-001  8.86e-002  1.91e-001  6.53e-004  4.06e-006  
1.19273e+017 3.21e-017  7.49e-001  9.70e-002  1.53e-001  7.02e-004  8.14e-006  
1.19721e+017 6.01e-017  7.83e-001  1.09e-001  1.07e-001  7.72e-004  1.76e-005  
1.20205e+017 1.17e-016  8.14e-001  1.22e-001  6.32e-002  8.62e-004  3.96e-005  
1.20720e+017 2.26e-016  8.32e-001  1.33e-001  3.36e-002  1.01e-003  8.77e-005  
1.21274e+017 4.29e-016  8.44e-001  1.37e-001  1.70e-002  1.24e-003  1.89e-004  
1.21854e+017 7.86e-016  8.56e-001  1.34e-001  8.63e-003  1.67e-003  4.01e-004  
1.22444e+017 1.49e-015  8.81e-001  1.12e-001  4.15e-003  2.47e-003  8.47e-004  
1.22701e+017 0.00e+000  -1.#Je+000 -1.#Je+000 -1.#Je+000 -1.#Je+000 -1.#Je+000 
