! 0       *O + *C2 -> C2O
! 1       HC2O+ + e- -> C2O + H
! 2       C + HCO -> C2O + H
! 3       HC2O+ + GRAIN -> C2O + H + GRAIN
! 4       O + C3O -> C2O + CO
! 5       O + C2H- -> C2O + H + e-
! 6       O2 + C3H+ -> C2O + HCO+
! 7       C2O+ + GRAIN -> C2O + GRAIN
! 8       O + C2- -> C2O + e-
! 9       *C2O + H2 -> C2O + H2
!            tot_rate   0          1          2          3          4          5          6          7          8          9          
1.34508e+014 2.13e-018  2.38e-013  9.20e-001  5.40e-002  3.79e-003  1.51e-035  2.18e-002  1.17e-004  1.39e-005  1.13e-005  0.00e+000  
8.00271e+015 2.13e-018  2.38e-013  9.20e-001  5.40e-002  3.79e-003  1.51e-035  2.18e-002  1.17e-004  1.39e-005  1.13e-005  0.00e+000  
7.87466e+016 2.14e-018  4.72e-013  9.25e-001  5.04e-002  3.70e-003  1.65e-035  2.09e-002  1.42e-004  1.07e-005  1.04e-005  0.00e+000  
1.06312e+017 2.39e-018  2.24e-012  9.38e-001  4.11e-002  6.32e-003  7.03e-033  1.38e-002  1.14e-003  5.15e-006  5.06e-006  0.00e+000  
1.09855e+017 2.95e-018  2.28e-012  9.49e-001  3.11e-002  8.23e-003  3.76e-029  1.06e-002  1.31e-003  4.34e-006  3.73e-006  0.00e+000  
1.10673e+017 3.10e-018  2.53e-012  9.51e-001  2.87e-002  9.03e-003  1.38e-027  1.00e-002  1.28e-003  4.22e-006  3.48e-006  0.00e+000  
1.11398e+017 3.24e-018  3.00e-012  9.53e-001  2.65e-002  9.93e-003  7.06e-026  9.56e-003  1.24e-003  4.19e-006  3.24e-006  0.00e+000  
1.12221e+017 3.41e-018  4.11e-012  9.54e-001  2.42e-002  1.12e-002  1.63e-023  9.04e-003  1.14e-003  4.20e-006  3.02e-006  0.00e+000  
1.12812e+017 3.50e-018  5.77e-012  9.55e-001  2.29e-002  1.25e-002  1.56e-021  8.80e-003  9.66e-004  4.26e-006  2.86e-006  0.00e+000  
1.13349e+017 3.66e-018  8.38e-012  9.56e-001  2.13e-002  1.36e-002  1.41e-019  8.38e-003  7.95e-004  4.21e-006  2.68e-006  0.00e+000  
1.13938e+017 3.94e-018  1.40e-011  9.57e-001  1.95e-002  1.46e-002  2.72e-017  7.80e-003  7.21e-004  4.04e-006  2.44e-006  3.00e-074  
1.14626e+017 4.28e-018  3.16e-011  9.59e-001  1.77e-002  1.58e-002  1.52e-014  7.20e-003  6.94e-004  3.93e-006  2.23e-006  1.52e-053  
1.15112e+017 4.54e-018  6.28e-011  9.59e-001  1.66e-002  1.68e-002  1.27e-012  6.84e-003  6.79e-004  3.86e-006  2.10e-006  3.51e-039  
1.15530e+017 4.79e-018  1.24e-010  9.59e-001  1.56e-002  1.77e-002  4.90e-011  6.53e-003  6.63e-004  3.84e-006  2.00e-006  1.76e-031  
1.16007e+017 5.13e-018  2.91e-010  9.59e-001  1.46e-002  1.91e-002  2.36e-009  6.20e-003  6.44e-004  3.82e-006  1.90e-006  5.28e-025  
1.16507e+017 5.54e-018  7.62e-010  9.59e-001  1.37e-002  2.06e-002  8.71e-008  5.87e-003  6.23e-004  3.81e-006  1.80e-006  4.10e-019  
1.17040e+017 6.05e-018  2.22e-009  9.59e-001  1.27e-002  2.23e-002  2.22e-006  5.55e-003  5.98e-004  3.77e-006  1.70e-006  3.24e-015  
1.17511e+017 6.59e-018  5.54e-009  9.58e-001  1.20e-002  2.41e-002  2.11e-005  5.28e-003  5.72e-004  3.75e-006  1.61e-006  1.67e-013  
1.17806e+017 6.96e-018  9.47e-009  9.57e-001  1.16e-002  2.53e-002  6.58e-005  5.13e-003  5.58e-004  3.71e-006  1.57e-006  6.74e-013  
1.18134e+017 7.41e-018  1.82e-008  9.56e-001  1.12e-002  2.68e-002  1.83e-004  4.96e-003  5.38e-004  3.68e-006  1.51e-006  3.13e-012  
1.18488e+017 7.97e-018  3.72e-008  9.55e-001  1.09e-002  2.82e-002  4.48e-004  4.78e-003  5.16e-004  3.60e-006  1.44e-006  9.48e-012  
1.18867e+017 8.62e-018  7.20e-008  9.53e-001  1.06e-002  3.03e-002  9.72e-004  4.59e-003  4.92e-004  3.52e-006  1.37e-006  2.19e-011  
1.19273e+017 9.40e-018  1.26e-007  9.50e-001  1.03e-002  3.25e-002  1.94e-003  4.40e-003  4.65e-004  3.42e-006  1.30e-006  4.62e-011  
1.19721e+017 1.04e-017  1.91e-007  9.46e-001  1.03e-002  3.51e-002  3.63e-003  4.19e-003  4.34e-004  3.25e-006  1.22e-006  9.03e-011  
1.20205e+017 1.15e-017  2.61e-007  9.43e-001  1.08e-002  3.86e-002  3.37e-003  3.98e-003  4.02e-004  3.06e-006  1.13e-006  1.64e-010  
1.20720e+017 1.29e-017  3.29e-007  9.38e-001  1.19e-002  4.25e-002  3.09e-003  3.71e-003  3.65e-004  2.80e-006  1.02e-006  2.76e-010  
1.21274e+017 1.46e-017  3.29e-007  9.32e-001  1.42e-002  4.72e-002  2.84e-003  3.39e-003  3.27e-004  2.47e-006  8.98e-007  4.15e-010  
1.21854e+017 1.65e-017  1.44e-007  9.21e-001  2.07e-002  5.28e-002  2.60e-003  2.90e-003  2.93e-004  2.11e-006  7.09e-007  4.25e-010  
1.22444e+017 1.82e-017  5.54e-009  9.00e-001  3.70e-002  5.87e-002  2.26e-003  2.07e-003  2.78e-004  1.80e-006  3.99e-007  3.92e-010  
1.22701e+017 7.96e-014  1.00e+000  2.10e-004  5.40e-005  0.00e+000  2.26e-006  0.00e+000  0.00e+000  0.00e+000  0.00e+000  2.95e-010  
