! 0       *HCO + *CH3O -> *HCOOCH3
! 1       HCOOCH3 + GRAIN -> *HCOOCH3 + GRAIN
!            tot_rate   0          1          
1.34508e+014 5.07e-024  3.82e-004  1.00e+000  
8.00271e+015 5.07e-024  3.82e-004  1.00e+000  
7.87466e+016 1.32e-023  1.48e-004  1.00e+000  
1.06312e+017 4.81e-023  4.82e-005  1.00e+000  
1.09855e+017 3.28e-023  1.01e-004  1.00e+000  
1.10673e+017 2.81e-023  1.40e-004  1.00e+000  
1.11398e+017 2.40e-023  2.06e-004  1.00e+000  
1.12221e+017 1.96e-023  3.69e-004  1.00e+000  
1.12812e+017 1.67e-023  6.22e-004  9.99e-001  
1.13349e+017 1.42e-023  1.12e-003  9.99e-001  
1.13938e+017 1.18e-023  2.46e-003  9.98e-001  
1.14626e+017 9.53e-024  7.44e-003  9.93e-001  
1.15112e+017 8.18e-024  1.85e-002  9.82e-001  
1.15530e+017 7.29e-024  4.36e-002  9.56e-001  
1.16007e+017 6.75e-024  1.20e-001  8.80e-001  
1.16507e+017 7.38e-024  3.16e-001  6.84e-001  
1.17040e+017 1.19e-023  6.39e-001  3.61e-001  
1.17511e+017 2.53e-023  8.51e-001  1.49e-001  
1.17806e+017 4.37e-023  9.20e-001  7.99e-002  
1.18134e+017 9.24e-023  9.65e-001  3.50e-002  
1.18488e+017 2.26e-022  9.87e-001  1.34e-002  
1.18867e+017 5.55e-022  9.95e-001  5.12e-003  
1.19273e+017 1.31e-021  9.98e-001  2.08e-003  
1.19721e+017 2.91e-021  9.99e-001  9.30e-004  
1.20205e+017 5.85e-021  1.00e+000  4.84e-004  
1.20720e+017 1.03e-020  1.00e+000  3.12e-004  
1.21274e+017 1.42e-020  1.00e+000  2.95e-004  
1.21854e+017 1.03e-020  9.99e-001  6.94e-004  
1.22444e+017 8.41e-022  9.82e-001  1.77e-002  
1.22701e+017 3.97e-022  0.00e+000  1.00e+000  
