! 0       *HNCO + He -> HNCO + He
! 1       *HNCO + H2 -> HNCO + H2
! 2       *HNCO + CO -> HNCO + CO
! 3       C2H5CN + OH -> C2H5 + HNCO
! 4       H2NCO+ + e- -> HNCO + H
! 5       HNCOH+ + e- -> HNCO + H
! 6       CH2 + NO -> HNCO + H
! 7       H2NCO+ + GRAIN -> HNCO + H + GRAIN
! 8       *H + *OCN -> HNCO
! 9       *HNCO + ISPhoton -> HNCO
!            tot_rate   0          1          2          3          4          5          6          7          8          9          
1.34508e+014 1.31e-017  0.00e+000  0.00e+000  0.00e+000  7.34e-036  4.14e-001  5.84e-001  3.79e-004  1.10e-003  1.58e-004  4.08e-004  
8.00271e+015 1.31e-017  0.00e+000  0.00e+000  0.00e+000  7.33e-036  4.14e-001  5.84e-001  3.79e-004  1.10e-003  1.58e-004  4.08e-004  
7.87466e+016 1.18e-017  0.00e+000  0.00e+000  0.00e+000  8.76e-036  4.13e-001  5.85e-001  4.14e-004  1.06e-003  4.02e-004  4.55e-004  
1.06312e+017 4.72e-018  0.00e+000  0.00e+000  1.17e-067  1.10e-033  4.07e-001  5.83e-001  7.04e-004  1.76e-003  5.24e-003  1.18e-003  
1.09855e+017 4.19e-018  0.00e+000  0.00e+000  3.58e-006  3.56e-031  4.06e-001  5.83e-001  6.92e-004  2.28e-003  6.02e-003  1.37e-003  
1.10673e+017 4.15e-018  0.00e+000  0.00e+000  1.26e-002  3.88e-030  4.00e-001  5.76e-001  6.84e-004  2.46e-003  6.36e-003  1.40e-003  
1.11398e+017 5.63e-018  0.00e+000  0.00e+000  2.86e-001  3.92e-029  2.89e-001  4.15e-001  5.47e-004  1.95e-003  5.11e-003  1.05e-003  
1.12221e+017 1.59e-017  3.74e-051  0.00e+000  7.54e-001  5.42e-028  9.93e-002  1.43e-001  3.54e-004  7.60e-004  2.15e-003  3.77e-004  
1.12812e+017 3.88e-017  5.98e-043  0.00e+000  9.01e-001  5.00e-027  3.97e-002  5.69e-002  3.19e-004  3.37e-004  1.05e-003  1.57e-004  
1.13349e+017 8.27e-017  4.34e-030  0.00e+000  9.53e-001  5.46e-026  1.86e-002  2.67e-002  2.80e-004  1.72e-004  6.10e-004  7.48e-005  
1.13938e+017 1.78e-016  1.84e-016  0.00e+000  9.77e-001  1.11e-024  8.93e-003  1.29e-002  2.01e-004  8.82e-005  3.91e-004  3.56e-005  
1.14626e+017 4.21e-016  4.04e-010  2.68e-058  9.90e-001  5.27e-023  3.94e-003  5.67e-003  1.11e-004  4.20e-005  2.61e-004  1.55e-005  
1.15112e+017 7.35e-016  2.18e-004  3.63e-039  9.94e-001  9.58e-022  2.34e-003  3.36e-003  7.11e-005  2.65e-005  2.23e-004  9.13e-006  
1.15530e+017 1.18e-015  1.35e-002  5.08e-029  9.83e-001  1.20e-020  1.51e-003  2.17e-003  4.73e-005  1.80e-005  2.05e-004  5.84e-006  
1.16007e+017 2.25e-015  1.50e-001  1.26e-020  8.47e-001  1.85e-019  8.21e-004  1.18e-003  2.62e-005  1.06e-005  1.73e-004  3.17e-006  
1.16507e+017 5.36e-015  4.16e-001  1.47e-012  5.83e-001  2.39e-018  3.66e-004  5.25e-004  1.15e-005  5.08e-006  1.19e-004  1.39e-006  
1.17040e+017 1.36e-014  6.22e-001  6.73e-007  3.77e-001  2.93e-017  1.55e-004  2.20e-004  4.70e-006  2.32e-006  7.31e-005  5.81e-007  
1.17511e+017 3.01e-014  7.42e-001  1.62e-004  2.58e-001  2.08e-016  7.55e-005  1.06e-004  2.19e-006  1.22e-006  4.29e-005  2.78e-007  
1.17806e+017 4.75e-014  7.89e-001  6.99e-004  2.10e-001  6.23e-016  5.09e-005  7.05e-005  1.41e-006  8.67e-007  3.01e-005  1.84e-007  
1.18134e+017 7.64e-014  8.22e-001  5.25e-003  1.73e-001  1.85e-015  3.47e-005  4.69e-005  9.06e-007  6.27e-007  2.04e-005  1.21e-007  
1.18488e+017 1.24e-013  8.37e-001  1.84e-002  1.44e-001  5.26e-015  2.45e-005  3.15e-005  5.90e-007  4.68e-007  1.32e-005  7.98e-008  
1.18867e+017 2.09e-013  8.43e-001  3.74e-002  1.20e-001  1.43e-014  1.78e-005  2.13e-005  4.13e-007  3.64e-007  7.95e-006  5.17e-008  
1.19273e+017 3.52e-013  8.35e-001  6.36e-002  1.01e-001  4.12e-014  1.40e-005  1.53e-005  4.06e-007  3.07e-007  4.69e-006  3.44e-008  
1.19721e+017 5.98e-013  8.18e-001  9.44e-002  8.75e-002  1.32e-013  1.21e-005  1.18e-005  6.17e-007  2.89e-007  2.71e-006  2.29e-008  
1.20205e+017 9.86e-013  7.99e-001  1.26e-001  7.56e-002  4.73e-013  1.17e-005  1.02e-005  7.88e-007  3.07e-007  1.62e-006  1.56e-008  
1.20720e+017 1.50e-012  7.85e-001  1.51e-001  6.43e-002  1.94e-012  1.29e-005  1.04e-005  6.18e-007  3.78e-007  1.06e-006  1.10e-008  
1.21274e+017 2.02e-012  7.71e-001  1.74e-001  5.49e-002  1.44e-011  1.65e-005  1.27e-005  4.88e-007  5.39e-007  8.06e-007  8.06e-009  
1.21854e+017 2.21e-012  7.57e-001  1.95e-001  4.76e-002  2.33e-010  2.53e-005  1.89e-005  4.67e-007  9.34e-007  7.48e-007  6.17e-009  
1.22444e+017 1.22e-012  7.42e-001  2.15e-001  4.25e-002  5.61e-009  7.00e-005  5.14e-005  8.62e-007  2.94e-006  5.92e-007  4.98e-009  
1.22701e+017 3.20e-016  1.77e-004  0.00e+000  2.34e-007  4.50e-001  3.09e-001  2.26e-001  1.55e-002  0.00e+000  0.00e+000  0.00e+000  
