! 0       CH3OH + CH3+ -> CH3OCH4+
! 1       CH3OCH3 + HCO+ -> CO + CH3OCH4+
! 2       CH3OH + CH3OH2+ -> H2O + CH3OCH4+
! 3       CH3OCH3 + H3O+ -> H2O + CH3OCH4+
! 4       CH3OCH3 + H3+ -> H2 + CH3OCH4+
!            tot_rate   0          1          2          3          4          
1.34508e+014 2.95e-021  6.03e-001  2.05e-001  1.22e-002  1.11e-001  6.88e-002  
8.00271e+015 2.95e-021  6.03e-001  2.05e-001  1.22e-002  1.11e-001  6.88e-002  
7.87466e+016 1.63e-021  5.12e-001  2.30e-001  1.44e-002  1.33e-001  1.11e-001  
1.06312e+017 3.21e-022  1.86e-001  4.27e-001  1.25e-003  1.91e-001  1.95e-001  
1.09855e+017 2.38e-022  1.98e-001  4.41e-001  1.54e-003  1.83e-001  1.76e-001  
1.10673e+017 2.46e-022  2.89e-001  3.95e-001  1.45e-003  1.62e-001  1.52e-001  
1.11398e+017 4.53e-022  6.44e-001  2.00e-001  7.68e-004  8.12e-002  7.37e-002  
1.12221e+017 2.01e-021  9.26e-001  4.19e-002  1.70e-004  1.68e-002  1.47e-002  
1.12812e+017 5.02e-021  9.72e-001  1.64e-002  6.85e-005  6.43e-003  5.51e-003  
1.13349e+017 7.41e-021  9.80e-001  1.16e-002  4.78e-005  4.44e-003  3.74e-003  
1.13938e+017 7.52e-021  9.77e-001  1.36e-002  4.89e-005  5.05e-003  4.15e-003  
1.14626e+017 7.13e-021  9.64e-001  2.16e-002  5.47e-005  7.84e-003  6.20e-003  
1.15112e+017 7.26e-021  9.48e-001  3.16e-002  5.83e-005  1.14e-002  8.77e-003  
1.15530e+017 7.78e-021  9.29e-001  4.34e-002  6.12e-005  1.57e-002  1.17e-002  
1.16007e+017 9.13e-021  9.04e-001  5.91e-002  6.47e-005  2.15e-002  1.53e-002  
1.16507e+017 1.19e-020  8.77e-001  7.62e-002  6.96e-005  2.81e-002  1.89e-002  
1.17040e+017 1.75e-020  8.32e-001  1.08e-001  7.81e-005  3.69e-002  2.33e-002  
1.17511e+017 2.86e-020  7.83e-001  1.43e-001  9.26e-005  4.79e-002  2.67e-002  
1.17806e+017 4.27e-020  7.60e-001  1.59e-001  1.13e-004  5.36e-002  2.71e-002  
1.18134e+017 6.99e-020  7.46e-001  1.70e-001  1.57e-004  5.77e-002  2.61e-002  
1.18488e+017 1.21e-019  7.39e-001  1.77e-001  2.57e-004  6.04e-002  2.40e-002  
1.18867e+017 2.15e-019  7.34e-001  1.81e-001  4.88e-004  6.23e-002  2.14e-002  
1.19273e+017 3.92e-019  7.30e-001  1.86e-001  1.03e-003  6.41e-002  1.87e-002  
1.19721e+017 7.23e-019  7.23e-001  1.92e-001  2.39e-003  6.64e-002  1.60e-002  
1.20205e+017 1.34e-018  7.09e-001  2.01e-001  5.79e-003  6.99e-002  1.39e-002  
1.20720e+017 2.38e-018  6.88e-001  2.11e-001  1.39e-002  7.51e-002  1.25e-002  
1.21274e+017 4.08e-018  6.54e-001  2.18e-001  3.26e-002  8.38e-002  1.19e-002  
1.21854e+017 6.81e-018  6.10e-001  2.13e-001  6.99e-002  9.59e-002  1.17e-002  
1.22444e+017 1.13e-017  5.58e-001  1.86e-001  1.35e-001  1.11e-001  1.09e-002  
1.22701e+017 0.00e+000  -1.#Je+000 -1.#Je+000 -1.#Je+000 -1.#Je+000 -1.#Je+000 
