! 0       *H + *C2O -> HC2O
! 1       CH2CO + OH -> HC2O + H2O
! 2       *HC2O + He -> HC2O + He
! 3       *HC2O + H2 -> HC2O + H2
! 4       *HC2O + CO -> HC2O + CO
! 5       *HC2O + ISPhoton -> HC2O
! 6       *HC2O + CRPhoton -> HC2O
! 7       *HC2O + GRAIN -> HC2O + GRAIN
! 8       *HC2O + CRP -> HC2O
!            tot_rate   0          1          2          3          4          5          6          7          8          
1.34508e+014 1.50e-021  7.66e-003  9.92e-001  0.00e+000  0.00e+000  0.00e+000  4.05e-015  3.08e-015  3.92e-073  0.00e+000  
8.00271e+015 1.50e-021  7.66e-003  9.92e-001  0.00e+000  0.00e+000  0.00e+000  4.05e-015  3.08e-015  3.93e-073  0.00e+000  
7.87466e+016 1.53e-021  1.67e-002  9.83e-001  0.00e+000  0.00e+000  0.00e+000  9.05e-015  6.88e-015  8.78e-073  0.00e+000  
1.06312e+017 1.59e-021  5.47e-002  9.45e-001  0.00e+000  0.00e+000  5.39e-063  3.05e-014  2.33e-014  5.33e-072  0.00e+000  
1.09855e+017 1.56e-021  3.85e-002  9.62e-001  0.00e+000  0.00e+000  1.02e-014  2.96e-014  2.25e-014  2.10e-071  0.00e+000  
1.10673e+017 1.55e-021  3.34e-002  9.67e-001  0.00e+000  0.00e+000  2.06e-012  2.93e-014  2.24e-014  4.31e-071  0.00e+000  
1.11398e+017 1.54e-021  2.89e-002  9.71e-001  0.00e+000  0.00e+000  2.06e-011  2.92e-014  2.23e-014  1.09e-070  0.00e+000  
1.12221e+017 1.53e-021  2.40e-002  9.76e-001  2.79e-050  0.00e+000  1.03e-010  2.94e-014  2.24e-014  5.24e-070  0.00e+000  
1.12812e+017 1.52e-021  2.06e-002  9.79e-001  5.88e-043  0.00e+000  2.64e-010  2.96e-014  2.25e-014  2.38e-069  0.00e+000  
1.13349e+017 1.52e-021  1.78e-002  9.82e-001  7.32e-032  0.00e+000  5.52e-010  2.98e-014  2.27e-014  1.37e-068  0.00e+000  
1.13938e+017 1.51e-021  1.50e-002  9.85e-001  9.78e-021  3.21e-073  1.14e-009  3.01e-014  2.30e-014  1.67e-067  0.00e+000  
1.14626e+017 1.51e-021  1.21e-002  9.88e-001  1.75e-015  7.03e-052  2.63e-009  3.12e-014  2.38e-014  6.90e-066  0.00e+000  
1.15112e+017 1.51e-021  1.04e-002  9.90e-001  1.97e-011  5.98e-037  4.49e-009  3.22e-014  2.45e-014  1.61e-064  0.00e+000  
1.15530e+017 1.50e-021  9.18e-003  9.91e-001  5.53e-010  6.09e-029  6.98e-009  3.32e-014  2.53e-014  3.58e-063  0.00e+000  
1.16007e+017 1.49e-021  7.98e-003  9.92e-001  5.30e-009  3.36e-022  1.15e-008  3.49e-014  2.66e-014  1.79e-061  0.00e+000  
1.16507e+017 1.49e-021  6.84e-003  9.93e-001  2.39e-008  5.23e-016  1.85e-008  3.67e-014  2.80e-014  1.44e-059  0.00e+000  
1.17040e+017 1.49e-021  5.94e-003  9.94e-001  7.59e-008  7.46e-012  3.00e-008  3.90e-014  2.98e-014  1.93e-057  0.00e+000  
1.17511e+017 1.49e-021  5.32e-003  9.95e-001  1.83e-007  5.22e-010  4.48e-008  4.14e-014  3.16e-014  1.46e-055  0.00e+000  
1.17806e+017 1.50e-021  4.97e-003  9.95e-001  2.93e-007  2.32e-009  5.66e-008  4.28e-014  3.26e-014  1.97e-054  0.00e+000  
1.18134e+017 1.50e-021  4.71e-003  9.95e-001  4.73e-007  1.25e-008  7.35e-008  4.49e-014  3.42e-014  5.80e-053  0.00e+000  
1.18488e+017 1.50e-021  4.55e-003  9.95e-001  7.55e-007  4.28e-008  9.89e-008  4.76e-014  3.63e-014  3.01e-051  0.00e+000  
1.18867e+017 1.50e-021  4.55e-003  9.95e-001  1.25e-006  1.10e-007  1.36e-007  5.16e-014  3.94e-014  1.73e-049  0.00e+000  
1.19273e+017 1.51e-021  4.72e-003  9.95e-001  2.03e-006  2.57e-007  1.91e-007  5.71e-014  4.35e-014  9.95e-048  0.00e+000  
1.19721e+017 1.49e-021  5.22e-003  9.95e-001  3.37e-006  5.68e-007  2.82e-007  6.56e-014  5.00e-014  5.88e-046  0.00e+000  
1.20205e+017 1.05e-021  8.32e-003  9.92e-001  7.73e-006  1.64e-006  5.79e-007  1.07e-013  8.14e-014  4.40e-044  0.00e+000  
1.20720e+017 8.40e-022  1.20e-002  9.88e-001  1.60e-005  3.90e-006  1.04e-006  1.58e-013  1.21e-013  2.27e-042  0.00e+000  
1.21274e+017 1.12e-021  9.64e-003  9.90e-001  1.80e-005  4.99e-006  1.03e-006  1.36e-013  1.03e-013  4.93e-041  0.00e+000  
1.21854e+017 2.96e-021  2.99e-003  9.97e-001  7.10e-006  2.20e-006  3.58e-007  4.19e-014  3.20e-014  2.52e-040  0.00e+000  
1.22444e+017 6.54e-021  1.11e-003  9.99e-001  2.97e-006  1.02e-006  1.37e-007  1.45e-014  1.11e-014  8.75e-040  0.00e+000  
1.22701e+017 4.75e+002  1.00e+000  7.56e-023  3.18e-027  0.00e+000  3.94e-030  0.00e+000  0.00e+000  0.00e+000  0.00e+000  
