! 0       *H + *NH2 -> *NH3
! 1       NH3 + GRAIN -> *NH3 + GRAIN
! 2       *H2 + *NH2 -> *NH3 + *H
!            tot_rate   0          1          2          
1.34508e+014 4.88e-015  9.86e-001  1.39e-002  1.61e-020  
8.00271e+015 4.88e-015  9.86e-001  1.39e-002  1.61e-020  
7.87466e+016 6.49e-015  9.83e-001  1.69e-002  1.71e-020  
1.06312e+017 1.38e-014  9.76e-001  2.38e-002  2.11e-020  
1.09855e+017 9.02e-015  9.75e-001  2.46e-002  2.34e-020  
1.10673e+017 7.57e-015  9.75e-001  2.51e-002  2.46e-020  
1.11398e+017 6.26e-015  9.74e-001  2.59e-002  2.59e-020  
1.12221e+017 4.83e-015  9.73e-001  2.73e-002  2.79e-020  
1.12812e+017 3.87e-015  9.71e-001  2.89e-002  2.97e-020  
1.13349e+017 3.09e-015  9.69e-001  3.09e-002  3.17e-020  
1.13938e+017 2.34e-015  9.66e-001  3.39e-002  3.41e-020  
1.14626e+017 1.65e-015  9.62e-001  3.84e-002  3.79e-020  
1.15112e+017 1.31e-015  9.59e-001  4.12e-002  4.10e-020  
1.15530e+017 1.12e-015  9.58e-001  4.22e-002  4.39e-020  
1.16007e+017 9.74e-016  9.58e-001  4.19e-002  4.80e-020  
1.16507e+017 8.94e-016  9.60e-001  4.02e-002  5.26e-020  
1.17040e+017 8.45e-016  9.59e-001  4.09e-002  5.75e-020  
1.17511e+017 7.97e-016  9.49e-001  5.05e-002  6.08e-020  
1.17806e+017 7.60e-016  9.34e-001  6.55e-002  6.17e-020  
1.18134e+017 6.98e-016  9.01e-001  9.86e-002  6.09e-020  
1.18488e+017 6.25e-016  8.34e-001  1.66e-001  5.63e-020  
1.18867e+017 5.84e-016  7.14e-001  2.86e-001  4.67e-020  
1.19273e+017 6.16e-016  5.45e-001  4.55e-001  3.31e-020  
1.19721e+017 7.59e-016  3.66e-001  6.34e-001  1.96e-020  
1.20205e+017 1.04e-015  2.15e-001  7.85e-001  9.64e-021  
1.20720e+017 1.43e-015  1.04e-001  8.96e-001  3.88e-021  
1.21274e+017 1.87e-015  3.95e-002  9.61e-001  1.01e-021  
1.21854e+017 2.17e-015  1.06e-002  9.89e-001  1.51e-022  
1.22444e+017 2.30e-015  9.26e-003  9.91e-001  3.33e-023  
1.22701e+017 8.36e+013  1.00e+000  1.46e-028  0.00e+000  
