! 0       *C2H5OH + He -> C2H5OH + He
! 1       *C2H5OH + H2 -> C2H5OH + H2
! 2       *C2H5OH + CO -> C2H5OH + CO
! 3       C2H5OH2+ + e- -> C2H5OH + H
! 4       NH3 + C2H5OH2+ -> C2H5OH + NH4+
! 5       C2H5OH2+ + GRAIN -> C2H5OH + H + GRAIN
! 6       C2H5OH+ + GRAIN -> C2H5OH + GRAIN
! 7       CH3COCH3 + H3+ -> C2H5OH + CH3+
! 8       *C2H5OH + ISPhoton -> C2H5OH
! 9       *CH3 + *CH2OH -> C2H5OH
!            tot_rate   0          1          2          3          4          5          6          7          8          9          
1.34508e+014 5.24e-021  0.00e+000  0.00e+000  0.00e+000  9.77e-001  2.16e-002  1.41e-003  3.07e-004  1.43e-004  6.68e-007  1.54e-010  
8.00271e+015 5.24e-021  0.00e+000  0.00e+000  0.00e+000  9.77e-001  2.16e-002  1.41e-003  3.07e-004  1.43e-004  6.68e-007  1.54e-010  
7.87466e+016 5.64e-022  0.00e+000  0.00e+000  0.00e+000  9.80e-001  1.52e-002  1.42e-003  2.16e-003  1.17e-003  6.24e-006  1.45e-009  
1.06312e+017 1.15e-023  0.00e+000  0.00e+000  0.00e+000  9.05e-001  6.85e-003  3.51e-003  6.58e-002  1.86e-002  3.19e-004  7.95e-008  
1.09855e+017 9.34e-024  0.00e+000  0.00e+000  7.25e-030  8.75e-001  5.06e-003  4.85e-003  9.92e-002  1.52e-002  4.06e-004  1.75e-007  
1.10673e+017 8.90e-024  0.00e+000  0.00e+000  3.48e-018  8.62e-001  4.65e-003  5.38e-003  1.13e-001  1.42e-002  4.30e-004  2.39e-007  
1.11398e+017 8.54e-024  0.00e+000  0.00e+000  5.28e-007  8.48e-001  4.30e-003  5.97e-003  1.28e-001  1.31e-002  4.55e-004  3.41e-007  
1.12221e+017 8.36e-024  0.00e+000  0.00e+000  2.37e-002  8.08e-001  3.86e-003  6.70e-003  1.45e-001  1.18e-002  4.72e-004  5.58e-007  
1.12812e+017 1.06e-023  0.00e+000  0.00e+000  2.52e-001  6.07e-001  2.80e-003  5.76e-003  1.23e-001  8.45e-003  3.79e-004  6.79e-007  
1.13349e+017 1.78e-023  2.64e-072  0.00e+000  5.68e-001  3.44e-001  1.55e-003  3.78e-003  7.71e-002  4.58e-003  2.30e-004  6.47e-007  
1.13938e+017 3.78e-023  2.19e-045  0.00e+000  8.04e-001  1.54e-001  6.87e-004  2.02e-003  3.81e-002  1.94e-003  1.10e-004  5.68e-007  
1.14626e+017 9.97e-023  1.45e-031  0.00e+000  9.28e-001  5.48e-002  2.47e-004  9.15e-004  1.53e-002  6.53e-004  4.31e-005  5.10e-007  
1.15112e+017 1.89e-022  1.79e-014  0.00e+000  9.63e-001  2.77e-002  1.27e-004  5.61e-004  8.57e-003  3.16e-004  2.34e-005  5.16e-007  
1.15530e+017 3.22e-022  4.63e-009  3.88e-070  9.78e-001  1.57e-002  7.39e-005  3.79e-004  5.31e-003  1.73e-004  1.41e-005  5.22e-007  
1.16007e+017 5.74e-022  4.37e-005  4.18e-053  9.88e-001  8.55e-003  4.18e-005  2.56e-004  3.21e-003  8.95e-005  8.21e-006  4.90e-007  
1.16507e+017 1.02e-021  1.24e-002  1.15e-034  9.81e-001  4.76e-003  2.43e-005  1.77e-004  1.97e-003  4.62e-005  4.82e-006  3.93e-007  
1.17040e+017 2.04e-021  1.30e-001  2.73e-019  8.66e-001  2.65e-003  1.34e-005  1.08e-004  1.08e-003  2.10e-005  2.55e-006  2.39e-007  
1.17511e+017 4.58e-021  3.80e-001  4.63e-012  6.18e-001  1.28e-003  7.60e-006  5.59e-005  5.26e-004  8.65e-006  1.21e-006  1.16e-007  
1.17806e+017 7.63e-021  5.06e-001  1.86e-010  4.93e-001  8.04e-004  6.24e-006  3.70e-005  3.34e-004  4.94e-006  7.58e-007  7.10e-008  
1.18134e+017 1.30e-020  6.06e-001  1.42e-007  3.93e-001  4.93e-004  5.59e-006  2.39e-005  2.09e-004  2.72e-006  4.70e-007  4.18e-008  
1.18488e+017 2.23e-020  6.76e-001  1.54e-005  3.23e-001  3.02e-004  5.46e-006  1.55e-005  1.29e-004  1.49e-006  2.96e-007  2.39e-008  
1.18867e+017 3.97e-020  7.38e-001  2.62e-004  2.62e-001  1.78e-004  5.44e-006  9.82e-006  7.83e-005  7.73e-007  1.84e-007  1.26e-008  
1.19273e+017 6.99e-020  7.78e-001  1.69e-003  2.20e-001  1.06e-004  5.63e-006  6.28e-006  4.75e-005  4.03e-007  1.18e-007  6.23e-009  
1.19721e+017 1.25e-019  8.00e-001  8.40e-003  1.91e-001  6.22e-005  5.87e-006  4.00e-006  2.85e-005  2.06e-007  7.74e-008  3.05e-009  
1.20205e+017 2.23e-019  8.12e-001  2.34e-002  1.65e-001  3.65e-005  5.96e-006  2.58e-006  1.69e-005  1.08e-007  5.20e-008  1.67e-009  
1.20720e+017 3.93e-019  8.19e-001  4.27e-002  1.39e-001  2.17e-005  5.67e-006  1.71e-006  1.01e-005  6.13e-008  3.56e-008  1.51e-009  
1.21274e+017 6.79e-019  8.18e-001  6.51e-002  1.17e-001  1.34e-005  4.95e-006  1.18e-006  6.03e-006  4.04e-008  2.55e-008  2.73e-009  
1.21854e+017 1.21e-018  8.10e-001  8.96e-002  1.00e-001  8.37e-006  3.70e-006  8.29e-007  3.40e-006  2.91e-008  1.91e-008  1.24e-008  
1.22444e+017 2.61e-018  7.98e-001  1.13e-001  8.90e-002  4.56e-006  2.13e-006  5.18e-007  1.56e-006  1.98e-008  1.52e-008  1.38e-008  
1.22701e+017 1.93e-023  3.06e-001  0.00e+000  4.91e-004  6.94e-001  0.00e+000  0.00e+000  0.00e+000  0.00e+000  0.00e+000  0.00e+000  
