! 0       *N + *HOCO -> *OH + *OCN
! 1       OCN + GRAIN -> *OCN + GRAIN
! 2       *C + *NO -> *OCN
! 3       *O + *CN -> *OCN
!            tot_rate   0          1          2          3          
1.34508e+014 2.07e-019  3.17e-001  6.75e-001  8.29e-003  2.41e-011  
8.00271e+015 2.07e-019  3.17e-001  6.75e-001  8.29e-003  2.41e-011  
7.87466e+016 4.72e-019  3.37e-001  6.61e-001  2.41e-003  1.74e-011  
1.06312e+017 2.47e-018  5.79e-001  4.21e-001  2.80e-004  1.16e-011  
1.09855e+017 2.51e-018  7.28e-001  2.72e-001  2.93e-004  1.98e-011  
1.10673e+017 2.64e-018  7.84e-001  2.16e-001  2.84e-004  2.48e-011  
1.11398e+017 2.88e-018  8.36e-001  1.64e-001  2.67e-004  3.18e-011  
1.12221e+017 3.42e-018  8.93e-001  1.07e-001  2.33e-004  4.57e-011  
1.12812e+017 4.08e-018  9.27e-001  7.33e-002  2.01e-004  6.30e-011  
1.13349e+017 5.06e-018  9.51e-001  4.85e-002  1.68e-004  8.90e-011  
1.13938e+017 7.02e-018  9.72e-001  2.75e-002  1.20e-004  1.38e-010  
1.14626e+017 1.09e-017  9.87e-001  1.32e-002  8.80e-005  2.71e-010  
1.15112e+017 1.64e-017  9.93e-001  7.13e-003  6.40e-005  4.60e-010  
1.15530e+017 2.42e-017  9.96e-001  4.00e-003  4.79e-005  7.73e-010  
1.16007e+017 3.90e-017  9.98e-001  2.01e-003  3.46e-005  1.50e-009  
1.16507e+017 6.37e-017  9.99e-001  9.88e-004  2.56e-005  3.27e-009  
1.17040e+017 9.92e-017  9.99e-001  5.05e-004  2.01e-005  8.56e-009  
1.17511e+017 1.29e-016  1.00e+000  3.22e-004  1.78e-005  2.22e-008  
1.17806e+017 1.43e-016  1.00e+000  2.59e-004  1.73e-005  4.08e-008  
1.18134e+017 1.56e-016  1.00e+000  2.11e-004  1.67e-005  8.84e-008  
1.18488e+017 1.64e-016  1.00e+000  1.77e-004  1.62e-005  2.16e-007  
1.18867e+017 1.66e-016  1.00e+000  1.56e-004  1.52e-005  5.08e-007  
1.19273e+017 1.64e-016  1.00e+000  1.40e-004  1.35e-005  1.05e-006  
1.19721e+017 1.62e-016  1.00e+000  1.26e-004  1.07e-005  1.77e-006  
1.20205e+017 1.60e-016  1.00e+000  1.14e-004  7.62e-006  2.26e-006  
1.20720e+017 1.60e-016  1.00e+000  1.02e-004  4.96e-006  2.11e-006  
1.21274e+017 1.63e-016  1.00e+000  8.96e-005  3.72e-006  1.31e-006  
1.21854e+017 1.65e-016  1.00e+000  8.00e-005  3.39e-006  5.02e-007  
1.22444e+017 7.20e-017  1.00e+000  1.72e-004  4.58e-006  5.05e-008  
1.22701e+017 1.55e-019  0.00e+000  1.00e+000  0.00e+000  0.00e+000  
