! 0       *H + *SO2 -> *O2 + *HS
! 1       *O + *O2H -> *O2 + *OH
! 2       O2 + GRAIN -> *O2 + GRAIN
! 3       *N + *O2H -> *O2 + *NH
! 4       *O2H + CRPhoton -> *O2 + *H
! 5       *O + *O -> *O2
! 6       *O2H + ISPhoton -> *O2 + *H
!            tot_rate   0          1          2          3          4          5          6          
1.34508e+014 3.63e-015  8.57e-005  1.33e-016  1.00e+000  1.56e-005  2.36e-012  8.18e-018  3.14e-013  
8.00271e+015 3.63e-015  8.57e-005  1.33e-016  1.00e+000  1.56e-005  2.36e-012  8.18e-018  3.17e-013  
7.87466e+016 7.32e-015  1.14e-004  2.12e-016  1.00e+000  2.43e-005  2.38e-012  1.01e-017  3.18e-013  
1.06312e+017 2.41e-014  1.24e-004  7.34e-016  1.00e+000  7.76e-005  2.54e-012  2.92e-017  3.40e-013  
1.09855e+017 1.63e-014  1.24e-004  1.33e-015  1.00e+000  1.15e-004  3.54e-012  5.43e-017  4.74e-013  
1.10673e+017 1.39e-014  1.24e-004  1.79e-015  1.00e+000  1.39e-004  4.07e-012  7.48e-017  5.45e-013  
1.11398e+017 1.19e-014  1.23e-004  2.55e-015  1.00e+000  1.72e-004  4.68e-012  1.08e-016  6.26e-013  
1.12221e+017 9.67e-015  1.24e-004  4.51e-015  1.00e+000  2.42e-004  5.65e-012  2.01e-016  7.58e-013  
1.12812e+017 8.20e-015  1.24e-004  7.67e-015  1.00e+000  3.30e-004  6.61e-012  3.55e-016  8.85e-013  
1.13349e+017 6.99e-015  1.24e-004  1.39e-014  9.99e-001  4.63e-004  7.71e-012  6.78e-016  1.03e-012  
1.13938e+017 5.81e-015  1.24e-004  3.15e-014  9.99e-001  7.26e-004  9.25e-012  1.64e-015  1.24e-012  
1.14626e+017 4.64e-015  1.24e-004  1.04e-013  9.98e-001  1.38e-003  1.16e-011  6.08e-015  1.56e-012  
1.15112e+017 3.93e-015  1.24e-004  2.80e-013  9.98e-001  2.33e-003  1.38e-011  1.81e-014  1.85e-012  
1.15530e+017 3.41e-015  1.24e-004  7.32e-013  9.96e-001  3.78e-003  1.61e-011  5.24e-014  2.15e-012  
1.16007e+017 2.91e-015  1.23e-004  2.43e-012  9.93e-001  6.67e-003  1.90e-011  2.00e-013  2.55e-012  
1.16507e+017 2.48e-015  1.23e-004  9.24e-012  9.88e-001  1.18e-002  2.26e-011  8.91e-013  3.02e-012  
1.17040e+017 2.12e-015  1.22e-004  3.97e-011  9.81e-001  1.93e-002  2.66e-011  4.63e-012  3.56e-012  
1.17511e+017 1.86e-015  1.22e-004  1.40e-010  9.74e-001  2.58e-002  3.01e-011  1.95e-011  4.03e-012  
1.17806e+017 1.73e-015  1.21e-004  2.90e-010  9.71e-001  2.85e-002  3.18e-011  4.52e-011  4.26e-012  
1.18134e+017 1.60e-015  1.21e-004  7.13e-010  9.69e-001  3.05e-002  3.31e-011  1.28e-010  4.43e-012  
1.18488e+017 1.48e-015  1.21e-004  1.92e-009  9.69e-001  3.09e-002  3.33e-011  4.10e-010  4.47e-012  
1.18867e+017 1.37e-015  1.23e-004  4.73e-009  9.71e-001  2.88e-002  3.14e-011  1.24e-009  4.21e-012  
1.19273e+017 1.28e-015  1.26e-004  9.83e-009  9.76e-001  2.42e-002  2.65e-011  3.36e-009  3.54e-012  
1.19721e+017 1.20e-015  1.37e-004  1.59e-008  9.82e-001  1.76e-002  1.85e-011  7.98e-009  2.47e-012  
1.20205e+017 1.14e-015  1.57e-004  1.90e-008  9.90e-001  1.03e-002  1.02e-011  1.73e-008  1.36e-012  
1.20720e+017 1.11e-015  1.90e-004  2.07e-008  9.94e-001  5.88e-003  5.27e-012  3.64e-008  7.05e-013  
1.21274e+017 1.10e-015  2.15e-004  2.59e-008  9.95e-001  4.82e-003  3.56e-012  6.35e-008  4.76e-013  
1.21854e+017 1.11e-015  1.70e-004  2.20e-008  9.94e-001  5.77e-003  2.58e-012  4.87e-008  3.44e-013  
1.22444e+017 1.14e-015  1.26e-004  4.11e-009  9.92e-001  7.47e-003  1.28e-012  4.16e-009  1.72e-013  
1.22701e+017 1.01e+007  1.00e+000  6.29e-019  1.11e-021  0.00e+000  4.29e-029  0.00e+000  5.74e-030  
