! 0       CH3OCH2 + O -> HCOOCH3 + H
! 1       *HCOOCH3 + He -> HCOOCH3 + He
! 2       *HCOOCH3 + CO -> HCOOCH3 + CO
! 3       *HCOOCH3 + H2 -> HCOOCH3 + H2
! 4       H5C2O2+ + e- -> HCOOCH3 + H
! 5       *HCO + *CH3O -> HCOOCH3
! 6       H5C2O2+ + GRAIN -> HCOOCH3 + H + GRAIN
! 7       COOCH4+ + GRAIN -> HCOOCH3 + GRAIN
! 8       *HCOOCH3 + ISPhoton -> HCOOCH3
! 9       *HCOOCH3 + CRPhoton -> HCOOCH3
!            tot_rate   0          1          2          3          4          5          6          7          8          9          
1.34508e+014 8.98e-022  6.37e-001  0.00e+000  0.00e+000  0.00e+000  3.62e-001  2.18e-008  8.14e-004  4.39e-004  4.28e-006  3.26e-006  
8.00271e+015 8.98e-022  6.37e-001  0.00e+000  0.00e+000  0.00e+000  3.62e-001  2.18e-008  8.14e-004  4.39e-004  4.28e-006  3.26e-006  
7.87466e+016 8.70e-022  7.46e-001  0.00e+000  0.00e+000  0.00e+000  2.53e-001  2.28e-008  5.40e-004  3.39e-004  4.43e-006  3.37e-006  
1.06312e+017 1.48e-021  9.52e-001  0.00e+000  0.00e+000  0.00e+000  4.79e-002  1.58e-008  1.78e-004  1.27e-004  2.71e-006  2.07e-006  
1.09855e+017 1.62e-021  9.63e-001  0.00e+000  1.69e-048  0.00e+000  3.67e-002  2.06e-008  1.81e-004  1.49e-004  2.56e-006  1.94e-006  
1.10673e+017 1.64e-021  9.65e-001  0.00e+000  2.50e-033  0.00e+000  3.45e-002  2.43e-008  1.88e-004  1.61e-004  2.55e-006  1.95e-006  
1.11398e+017 1.64e-021  9.67e-001  0.00e+000  4.49e-016  0.00e+000  3.27e-002  3.04e-008  1.96e-004  1.76e-004  2.58e-006  1.96e-006  
1.12221e+017 1.65e-021  9.69e-001  0.00e+000  2.65e-006  0.00e+000  3.06e-002  4.43e-008  2.10e-004  1.97e-004  2.61e-006  1.99e-006  
1.12812e+017 1.65e-021  9.70e-001  0.00e+000  4.32e-004  0.00e+000  2.91e-002  6.43e-008  2.23e-004  2.12e-004  2.66e-006  2.02e-006  
1.13349e+017 1.65e-021  9.69e-001  0.00e+000  2.63e-003  0.00e+000  2.84e-002  9.75e-008  2.35e-004  2.22e-004  2.69e-006  2.06e-006  
1.13938e+017 1.67e-021  9.62e-001  2.29e-071  9.74e-003  0.00e+000  2.82e-002  1.76e-007  2.49e-004  2.28e-004  2.72e-006  2.07e-006  
1.14626e+017 1.72e-021  9.39e-001  1.01e-051  3.32e-002  0.00e+000  2.78e-002  4.18e-007  2.65e-004  2.35e-004  2.74e-006  2.09e-006  
1.15112e+017 1.79e-021  9.06e-001  4.62e-026  6.65e-002  0.00e+000  2.70e-002  8.56e-007  2.71e-004  2.35e-004  2.70e-006  2.06e-006  
1.15530e+017 1.88e-021  8.60e-001  2.56e-017  1.14e-001  0.00e+000  2.60e-002  1.70e-006  2.73e-004  2.34e-004  2.63e-006  2.01e-006  
1.16007e+017 2.08e-021  7.82e-001  1.22e-010  1.93e-001  0.00e+000  2.39e-002  3.94e-006  2.68e-004  2.26e-004  2.47e-006  1.88e-006  
1.16507e+017 2.44e-021  6.76e-001  1.74e-005  3.02e-001  1.20e-070  2.09e-002  9.67e-006  2.52e-004  2.09e-004  2.20e-006  1.68e-006  
1.17040e+017 3.08e-021  5.42e-001  3.04e-003  4.38e-001  1.04e-041  1.70e-002  2.49e-005  2.21e-004  1.79e-004  1.84e-006  1.40e-006  
1.17511e+017 4.23e-021  4.00e-001  5.94e-002  5.28e-001  4.42e-027  1.27e-002  5.16e-005  1.78e-004  1.42e-004  1.43e-006  1.09e-006  
1.17806e+017 5.58e-021  3.04e-001  1.48e-001  5.37e-001  2.49e-023  9.81e-003  7.27e-005  1.44e-004  1.13e-004  1.13e-006  8.61e-007  
1.18134e+017 8.09e-021  2.11e-001  2.66e-001  5.16e-001  3.29e-017  6.91e-003  1.11e-004  1.07e-004  8.28e-005  8.28e-007  6.32e-007  
1.18488e+017 1.26e-020  1.38e-001  3.82e-001  4.76e-001  1.43e-012  4.57e-003  1.79e-004  7.51e-005  5.68e-005  5.76e-007  4.39e-007  
1.18867e+017 2.12e-020  8.35e-002  5.00e-001  4.13e-001  2.41e-009  2.78e-003  2.63e-004  4.86e-005  3.59e-005  3.77e-007  2.87e-007  
1.19273e+017 3.67e-020  5.13e-002  5.87e-001  3.60e-001  2.40e-007  1.66e-003  3.60e-004  3.11e-005  2.20e-005  2.48e-007  1.89e-007  
1.19721e+017 6.56e-020  3.69e-002  6.45e-001  3.17e-001  2.10e-005  9.74e-004  4.48e-004  2.00e-005  1.32e-005  1.63e-007  1.25e-007  
1.20205e+017 1.20e-019  4.94e-002  6.76e-001  2.73e-001  3.18e-004  5.98e-004  4.91e-004  1.35e-005  7.58e-006  1.08e-007  8.26e-008  
1.20720e+017 2.35e-019  1.25e-001  6.57e-001  2.16e-001  1.68e-003  4.17e-004  4.43e-004  1.04e-005  4.09e-006  6.91e-008  5.25e-008  
1.21274e+017 5.47e-019  3.20e-001  5.31e-001  1.44e-001  4.41e-003  3.49e-004  2.62e-004  9.75e-006  1.80e-006  3.88e-008  2.96e-008  
1.21854e+017 1.61e-018  5.38e-001  3.69e-001  8.52e-002  7.46e-003  3.11e-004  6.47e-005  9.76e-006  6.22e-007  1.99e-008  1.52e-008  
1.22444e+017 3.48e-018  3.36e-001  5.35e-001  1.09e-001  1.94e-002  3.94e-004  2.40e-006  1.41e-005  3.07e-007  2.29e-008  1.74e-008  
1.22701e+017 4.76e-018  1.00e+000  3.51e-006  7.58e-009  0.00e+000  4.33e-004  0.00e+000  0.00e+000  0.00e+000  0.00e+000  0.00e+000  
