! 0       *H + *HCO -> *H2CO
! 1       *H + *CH3O -> *H2CO + *H2
! 2       *CH3OH + CRPhoton -> *H2CO + *H2
! 3       H2CO + GRAIN -> *H2CO + GRAIN
! 4       *CH2 + *O2 -> *H2CO + *O
! 5       *CH3OH + CRPhoton -> *H2CO + *H + *H
! 6       *CH3OH + ISPhoton -> *H2CO + *H2
! 7       *CH3OCH3 + ISPhoton -> *H2CO + *CH4
! 8       *H + *CH2OH -> *H2CO + *H2
! 9       *CH3OCH3 + CRPhoton -> *H2CO + *CH4
!            tot_rate   0          1          2          3          4          5          6          7          8          9          
1.34508e+014 1.47e-013  9.77e-001  2.11e-002  1.09e-003  8.42e-005  7.13e-005  1.72e-004  1.58e-005  8.15e-006  3.03e-006  8.28e-007  
8.00271e+015 1.47e-013  9.77e-001  2.11e-002  1.09e-003  8.42e-005  7.13e-005  1.72e-004  1.59e-005  8.15e-006  3.03e-006  8.28e-007  
7.87466e+016 1.44e-013  9.77e-001  2.11e-002  1.12e-003  1.70e-004  1.46e-004  1.77e-004  1.63e-005  8.32e-006  3.04e-006  8.52e-007  
1.06312e+017 1.46e-013  9.77e-001  2.11e-002  1.14e-003  5.67e-004  4.49e-004  1.81e-004  1.67e-005  8.47e-006  3.03e-006  8.67e-007  
1.09855e+017 1.10e-013  9.76e-001  2.11e-002  1.56e-003  5.13e-004  6.87e-004  2.48e-004  2.28e-005  1.17e-005  3.03e-006  1.19e-006  
1.10673e+017 9.72e-014  9.76e-001  2.10e-002  1.78e-003  4.96e-004  8.18e-004  2.82e-004  2.59e-005  1.33e-005  3.03e-006  1.36e-006  
1.11398e+017 8.54e-014  9.75e-001  2.11e-002  2.05e-003  4.82e-004  9.84e-004  3.24e-004  2.98e-005  1.52e-005  3.02e-006  1.56e-006  
1.12221e+017 7.19e-014  9.74e-001  2.10e-002  2.47e-003  4.66e-004  1.25e-003  3.91e-004  3.60e-005  1.83e-005  3.02e-006  1.88e-006  
1.12812e+017 6.25e-014  9.74e-001  2.09e-002  2.88e-003  4.54e-004  1.51e-003  4.56e-004  4.19e-005  2.14e-005  3.01e-006  2.19e-006  
1.13349e+017 5.44e-014  9.73e-001  2.10e-002  3.35e-003  4.45e-004  1.80e-003  5.31e-004  4.89e-005  2.50e-005  3.02e-006  2.56e-006  
1.13938e+017 4.65e-014  9.72e-001  2.09e-002  4.00e-003  4.34e-004  1.96e-003  6.32e-004  5.83e-005  2.97e-005  3.01e-006  3.03e-006  
1.14626e+017 3.75e-014  9.70e-001  2.09e-002  5.09e-003  4.29e-004  2.80e-003  8.05e-004  7.41e-005  3.78e-005  2.98e-006  3.86e-006  
1.15112e+017 3.22e-014  9.68e-001  2.09e-002  6.05e-003  4.22e-004  3.32e-003  9.59e-004  8.81e-005  4.50e-005  2.99e-006  4.59e-006  
1.15530e+017 2.82e-014  9.67e-001  2.08e-002  7.08e-003  4.18e-004  3.86e-003  1.12e-003  1.03e-004  5.24e-005  2.98e-006  5.38e-006  
1.16007e+017 2.43e-014  9.64e-001  2.08e-002  8.49e-003  4.12e-004  4.57e-003  1.34e-003  1.24e-004  6.30e-005  2.98e-006  6.43e-006  
1.16507e+017 2.08e-014  9.61e-001  2.08e-002  1.03e-002  4.10e-004  5.38e-003  1.62e-003  1.50e-004  7.64e-005  2.98e-006  7.79e-006  
1.17040e+017 1.79e-014  9.58e-001  2.08e-002  1.25e-002  4.05e-004  6.27e-003  1.99e-003  1.83e-004  9.35e-005  2.98e-006  9.58e-006  
1.17511e+017 1.58e-014  9.54e-001  2.10e-002  1.49e-002  4.02e-004  6.89e-003  2.36e-003  2.17e-004  1.11e-004  3.01e-006  1.13e-005  
1.17806e+017 1.47e-014  9.52e-001  2.13e-002  1.66e-002  4.02e-004  7.07e-003  2.62e-003  2.42e-004  1.23e-004  3.07e-006  1.26e-005  
1.18134e+017 1.38e-014  9.49e-001  2.18e-002  1.84e-002  4.01e-004  6.87e-003  2.91e-003  2.68e-004  1.36e-004  3.13e-006  1.39e-005  
1.18488e+017 1.30e-014  9.47e-001  2.27e-002  2.04e-002  4.05e-004  6.16e-003  3.23e-003  2.98e-004  1.52e-004  3.26e-006  1.55e-005  
1.18867e+017 1.24e-014  9.44e-001  2.40e-002  2.24e-002  4.14e-004  4.79e-003  3.56e-003  3.28e-004  1.66e-004  3.48e-006  1.69e-005  
1.19273e+017 1.19e-014  9.41e-001  2.65e-002  2.46e-002  4.40e-004  2.91e-003  3.90e-003  3.59e-004  1.81e-004  3.85e-006  1.85e-005  
1.19721e+017 1.15e-014  9.36e-001  3.03e-002  2.67e-002  5.01e-004  1.21e-003  4.23e-003  3.90e-004  1.96e-004  4.46e-006  2.00e-005  
1.20205e+017 1.12e-014  9.30e-001  3.53e-002  2.87e-002  6.33e-004  2.86e-004  4.55e-003  4.18e-004  2.08e-004  5.36e-006  2.13e-005  
1.20720e+017 1.10e-014  9.25e-001  3.88e-002  2.95e-002  8.71e-004  7.68e-005  4.66e-003  4.29e-004  2.10e-004  6.25e-006  2.15e-005  
1.21274e+017 1.08e-014  9.25e-001  4.02e-002  2.84e-002  1.30e-003  9.55e-005  4.49e-003  4.14e-004  1.97e-004  7.49e-006  2.01e-005  
1.21854e+017 1.04e-014  9.29e-001  4.05e-002  2.35e-002  1.99e-003  4.12e-004  3.73e-003  3.43e-004  1.55e-004  1.13e-005  1.59e-005  
1.22444e+017 7.55e-015  9.38e-001  4.08e-002  1.36e-002  3.81e-003  8.10e-004  2.16e-003  1.99e-004  7.90e-005  3.19e-005  8.07e-006  
1.22701e+017 5.94e+009  9.98e-001  2.32e-003  0.00e+000  4.79e-026  0.00e+000  0.00e+000  0.00e+000  0.00e+000  0.00e+000  0.00e+000  
