! 0       CH3CHO + H -> CH3CO + H2
! 1       CH3CHO + O -> CH3CO + OH
! 2       CH3CHO + OH -> CH3CO + H2O
! 3       *H + *CH2CO -> CH3CO
! 4       CH3COCH3 + H -> CH3CO + CH2 + H2
! 5       CH3CHO + CH3 -> CH4 + CH3CO
! 6       CH3CHO + O2 -> O2H + CH3CO
! 7       CH3COCH3 + O -> CH3CO + CH2 + OH
! 8       *CH3CO + He -> CH3CO + He
! 9       CH3COCH3 + OH -> CH3CO + CH2 + H2O
!            tot_rate   0          1          2          3          4          5          6          7          8          9          
1.34508e+014 8.71e-021  2.28e-046  1.47e-033  8.25e-001  1.75e-001  0.00e+000  1.30e-048  0.00e+000  0.00e+000  0.00e+000  1.55e-035  
8.00271e+015 8.70e-021  2.29e-046  1.47e-033  8.25e-001  1.75e-001  0.00e+000  1.30e-048  0.00e+000  0.00e+000  0.00e+000  1.55e-035  
7.87466e+016 9.10e-021  2.55e-046  1.57e-033  7.89e-001  2.11e-001  0.00e+000  1.38e-048  0.00e+000  0.00e+000  0.00e+000  1.64e-035  
1.06312e+017 1.25e-020  8.59e-043  6.08e-031  5.82e-001  4.18e-001  0.00e+000  4.09e-046  0.00e+000  0.00e+000  0.00e+000  2.22e-033  
1.09855e+017 1.15e-020  1.49e-037  4.82e-027  6.31e-001  3.69e-001  0.00e+000  2.86e-042  0.00e+000  0.00e+000  0.00e+000  4.02e-030  
1.10673e+017 1.11e-020  2.23e-035  2.01e-025  6.56e-001  3.44e-001  0.00e+000  1.17e-040  0.00e+000  0.00e+000  0.00e+000  9.12e-029  
1.11398e+017 1.06e-020  5.35e-033  1.18e-023  6.83e-001  3.17e-001  1.96e-074  7.02e-039  0.00e+000  0.00e+000  0.00e+000  2.75e-027  
1.12221e+017 1.01e-020  1.02e-029  3.20e-021  7.17e-001  2.83e-001  1.18e-067  2.07e-036  0.00e+000  0.00e+000  2.22e-062  2.97e-025  
1.12812e+017 9.75e-021  5.61e-027  3.42e-019  7.45e-001  2.55e-001  5.38e-062  2.51e-034  0.00e+000  1.20e-070  1.59e-053  1.48e-023  
1.13349e+017 9.43e-021  3.00e-024  3.55e-017  7.70e-001  2.30e-001  2.33e-056  3.17e-032  0.00e+000  4.93e-064  6.43e-040  7.19e-022  
1.13938e+017 9.11e-021  4.70e-021  8.05e-015  7.96e-001  2.04e-001  9.42e-050  1.00e-029  0.00e+000  2.66e-056  2.15e-025  6.72e-020  
1.14626e+017 8.75e-021  3.41e-017  5.49e-012  8.29e-001  1.71e-001  8.86e-042  1.22e-026  0.00e+000  5.33e-047  2.27e-018  1.58e-017  
1.15112e+017 8.54e-021  1.74e-014  5.23e-010  8.49e-001  1.51e-001  3.49e-036  2.05e-024  0.00e+000  1.70e-040  5.55e-012  7.17e-016  
1.15530e+017 8.38e-021  3.14e-012  2.28e-008  8.65e-001  1.35e-001  1.58e-031  1.65e-022  0.00e+000  4.12e-035  7.40e-010  1.69e-014  
1.16007e+017 8.23e-021  8.07e-010  1.25e-006  8.82e-001  1.18e-001  1.47e-026  2.11e-020  0.00e+000  2.14e-029  1.94e-008  4.84e-013  
1.16507e+017 8.10e-021  1.52e-007  5.30e-005  8.97e-001  1.03e-001  7.11e-022  2.62e-018  0.00e+000  4.75e-024  1.42e-007  1.11e-011  
1.17040e+017 8.02e-021  1.83e-005  1.55e-003  9.09e-001  8.92e-002  1.33e-017  2.88e-016  0.00e+000  3.13e-019  5.66e-007  1.88e-010  
1.17511e+017 8.09e-021  5.63e-004  1.64e-002  9.04e-001  7.91e-002  1.52e-014  1.10e-014  0.00e+000  7.77e-016  1.52e-006  1.37e-009  
1.17806e+017 8.40e-021  3.19e-003  5.27e-002  8.72e-001  7.20e-002  5.54e-013  8.03e-014  2.71e-069  3.97e-014  2.47e-006  3.64e-009  
1.18134e+017 9.42e-021  1.49e-002  1.42e-001  7.81e-001  6.15e-002  1.44e-011  5.30e-013  3.03e-059  1.35e-012  3.72e-006  8.25e-009  
1.18488e+017 1.21e-020  5.10e-002  2.93e-001  6.10e-001  4.66e-002  2.33e-010  2.84e-012  2.03e-050  2.63e-011  4.80e-006  1.47e-008  
1.18867e+017 1.89e-020  1.27e-001  4.48e-001  3.95e-001  3.03e-002  2.35e-009  1.22e-011  1.14e-042  2.95e-010  5.28e-006  1.99e-008  
1.19273e+017 3.54e-020  2.40e-001  5.29e-001  2.14e-001  1.70e-002  1.64e-008  4.53e-011  1.06e-035  2.14e-009  4.75e-006  2.12e-008  
1.19721e+017 7.57e-020  3.82e-001  5.17e-001  9.28e-002  8.76e-003  9.12e-008  1.66e-010  2.63e-029  1.14e-008  3.73e-006  1.92e-008  
1.20205e+017 1.69e-019  5.21e-001  4.41e-001  3.35e-002  4.41e-003  4.00e-007  6.17e-010  8.78e-024  4.41e-008  2.75e-006  9.55e-009  
1.20720e+017 3.58e-019  6.37e-001  3.46e-001  1.47e-002  2.23e-003  1.40e-006  2.22e-009  2.63e-019  1.27e-007  2.01e-006  5.47e-009  
1.21274e+017 7.09e-019  7.23e-001  2.64e-001  1.21e-002  1.12e-003  4.23e-006  8.05e-009  9.21e-016  2.95e-007  1.42e-006  5.70e-009  
1.21854e+017 1.27e-018  7.83e-001  1.94e-001  2.18e-002  5.85e-004  1.12e-005  3.23e-008  3.97e-013  4.48e-007  9.67e-007  1.34e-008  
1.22444e+017 2.04e-018  8.29e-001  1.34e-001  3.66e-002  2.51e-004  2.81e-005  1.65e-007  2.67e-011  3.83e-007  4.66e-007  3.18e-008  
1.22701e+017 4.77e-017  9.53e-001  3.71e-002  9.84e-003  0.00e+000  1.02e-004  5.57e-007  1.17e-007  9.55e-008  0.00e+000  1.10e-008  
