! 0       *H + *HOCO -> HCOOH
! 1       *HCOOH + He -> HCOOH + He
! 2       *HCOOH + CO -> HCOOH + CO
! 3       *HCOOH + H2 -> HCOOH + H2
! 4       HCOOH2+ + e- -> HCOOH + H
! 5       OH + H2CO -> HCOOH + H
! 6       NH3 + HCOOH2+ -> HCOOH + NH4+
! 7       HCOOH2+ + GRAIN -> HCOOH + H + GRAIN
! 8       CH3OH + HCOOH2+ -> HCOOH + CH3OH2+
! 9       *HCOOH + ISPhoton -> HCOOH
!            tot_rate   0          1          2          3          4          5          6          7          8          9          
1.34508e+014 3.11e-017  8.90e-001  0.00e+000  0.00e+000  0.00e+000  9.80e-002  4.24e-003  1.53e-003  1.43e-004  1.26e-005  2.78e-003  
8.00271e+015 3.11e-017  8.90e-001  0.00e+000  0.00e+000  0.00e+000  9.77e-002  4.24e-003  1.53e-003  1.43e-004  1.26e-005  2.79e-003  
7.87466e+016 4.40e-017  9.57e-001  0.00e+000  0.00e+000  0.00e+000  3.50e-002  3.05e-003  3.86e-004  5.18e-005  2.82e-006  1.98e-003  
1.06312e+017 1.26e-016  9.94e-001  0.00e+000  0.00e+000  0.00e+000  3.40e-003  1.10e-003  2.02e-005  1.48e-005  1.41e-007  7.24e-004  
1.09855e+017 1.11e-016  9.94e-001  0.00e+000  3.60e-065  0.00e+000  3.17e-003  1.25e-003  1.47e-005  2.01e-005  1.03e-007  8.49e-004  
1.10673e+017 1.04e-016  9.93e-001  0.00e+000  1.23e-046  0.00e+000  3.19e-003  1.33e-003  1.39e-005  2.30e-005  9.74e-008  9.17e-004  
1.11398e+017 9.68e-017  9.93e-001  0.00e+000  3.59e-023  0.00e+000  3.23e-003  1.43e-003  1.33e-005  2.65e-005  9.36e-008  9.95e-004  
1.12221e+017 8.77e-017  9.92e-001  0.00e+000  2.26e-006  0.00e+000  3.31e-003  1.57e-003  1.30e-005  3.21e-005  9.09e-008  1.12e-003  
1.12812e+017 8.32e-017  9.53e-001  0.00e+000  3.86e-002  0.00e+000  3.28e-003  1.66e-003  1.25e-005  3.67e-005  8.74e-008  1.20e-003  
1.13349e+017 1.19e-016  6.03e-001  0.00e+000  3.91e-001  0.00e+000  2.15e-003  1.16e-003  8.06e-006  2.80e-005  5.67e-008  8.50e-004  
1.13938e+017 3.04e-016  2.15e-001  8.23e-078  7.83e-001  0.00e+000  7.80e-004  4.54e-004  2.91e-006  1.22e-005  2.07e-008  3.42e-004  
1.14626e+017 1.04e-015  5.18e-002  7.84e-057  9.48e-001  0.00e+000  2.06e-004  1.33e-004  7.88e-007  4.18e-006  5.87e-009  1.03e-004  
1.15112e+017 2.23e-015  2.14e-002  1.10e-028  9.78e-001  0.00e+000  8.93e-005  6.19e-005  3.50e-007  2.20e-006  2.80e-009  4.94e-005  
1.15530e+017 4.10e-015  1.06e-002  4.46e-019  9.89e-001  0.00e+000  4.56e-005  3.34e-005  1.85e-007  1.35e-006  1.64e-009  2.75e-005  
1.16007e+017 7.91e-015  4.93e-003  9.34e-012  9.95e-001  0.00e+000  2.21e-005  1.73e-005  9.44e-008  8.26e-007  1.01e-009  1.48e-005  
1.16507e+017 1.47e-014  2.40e-003  8.01e-006  9.98e-001  1.02e-056  1.15e-005  9.30e-006  5.18e-008  5.39e-007  7.19e-010  8.28e-006  
1.17040e+017 2.77e-014  1.17e-003  2.96e-003  9.96e-001  8.26e-033  7.11e-006  4.98e-006  3.16e-008  3.61e-007  6.49e-010  4.65e-006  
1.17511e+017 5.00e-014  6.10e-004  7.92e-002  9.20e-001  6.24e-021  4.68e-006  2.76e-006  2.44e-008  2.58e-007  6.78e-010  2.74e-006  
1.17806e+017 7.83e-014  3.78e-004  2.03e-001  7.97e-001  4.62e-018  3.42e-006  1.77e-006  2.34e-008  1.98e-007  7.30e-010  1.84e-006  
1.18134e+017 1.33e-013  2.17e-004  3.45e-001  6.55e-001  3.46e-013  2.42e-006  1.06e-006  2.42e-008  1.48e-007  8.48e-010  1.14e-006  
1.18488e+017 2.35e-013  1.20e-004  4.64e-001  5.36e-001  1.46e-009  1.77e-006  6.17e-007  2.81e-008  1.14e-007  1.08e-009  7.02e-007  
1.18867e+017 4.40e-013  6.39e-005  5.80e-001  4.20e-001  3.77e-007  1.34e-006  3.48e-007  3.59e-008  9.25e-008  1.50e-009  4.14e-007  
1.19273e+017 8.15e-013  3.45e-005  6.56e-001  3.44e-001  1.14e-005  1.14e-006  2.05e-007  5.36e-008  8.50e-008  2.42e-009  2.54e-007  
1.19721e+017 1.53e-012  1.86e-005  7.08e-001  2.92e-001  3.10e-004  1.11e-006  1.28e-007  9.18e-008  8.92e-008  4.54e-009  1.60e-007  
1.20205e+017 2.81e-012  1.04e-005  7.47e-001  2.51e-001  2.34e-003  1.20e-006  8.86e-008  1.72e-007  1.07e-007  9.75e-009  1.05e-007  
1.20720e+017 5.13e-012  5.88e-006  7.81e-001  2.10e-001  8.16e-003  1.38e-006  7.11e-008  3.18e-007  1.37e-007  2.18e-008  7.15e-008  
1.21274e+017 9.41e-012  3.22e-006  8.02e-001  1.78e-001  1.93e-002  1.60e-006  9.51e-008  5.20e-007  1.77e-007  4.80e-008  5.07e-008  
1.21854e+017 1.88e-011  1.48e-006  8.10e-001  1.53e-001  3.66e-002  1.66e-006  2.19e-007  6.45e-007  2.07e-007  9.17e-008  3.77e-008  
1.22444e+017 5.65e-011  2.69e-007  8.09e-001  1.35e-001  5.61e-002  1.10e-006  2.42e-007  4.49e-007  1.55e-007  1.07e-007  2.97e-008  
1.22701e+017 8.41e+008  1.00e+000  4.30e-025  7.60e-028  0.00e+000  1.03e-025  1.02e-025  0.00e+000  0.00e+000  0.00e+000  0.00e+000  
