! 0       CH3OH + HCO+ -> CO + CH3OH2+
! 1       CH3OH + H3O+ -> H2O + CH3OH2+
! 2       CH3OH + H3+ -> H2 + CH3OH2+
! 3       H2O + CH3+ -> CH3OH2+
! 4       CH3OH + H2CO+ -> HCO + CH3OH2+
! 5       CH3OH + H3CO+ -> H2CO + CH3OH2+
! 6       CH3OH + HCOOH2+ -> HCOOH + CH3OH2+
! 7       CH3OH + HC3NH+ -> HC3N + CH3OH2+
! 8       CH3OH + CH4+ -> CH3 + CH3OH2+
! 9       CH3OH + C4H3+ -> HC4H + CH3OH2+
!            tot_rate   0          1          2          3          4          5          6          7          8          9          
1.34508e+014 1.34e-017  6.66e-001  2.60e-001  7.26e-002  3.04e-004  6.24e-004  1.42e-003  2.91e-005  1.27e-005  1.76e-007  9.29e-006  
8.00271e+015 1.34e-017  6.66e-001  2.60e-001  7.26e-002  3.04e-004  6.24e-004  1.42e-003  2.91e-005  1.27e-005  1.76e-007  9.29e-006  
7.87466e+016 9.07e-018  6.40e-001  2.62e-001  9.59e-002  4.97e-004  5.03e-004  1.05e-003  1.37e-005  8.21e-006  1.80e-007  8.12e-006  
1.06312e+017 3.09e-018  6.86e-001  2.16e-001  9.55e-002  1.42e-003  2.66e-004  5.63e-004  5.73e-006  2.95e-006  5.96e-007  9.49e-006  
1.09855e+017 2.28e-018  7.05e-001  2.07e-001  8.63e-002  1.51e-003  2.18e-004  4.60e-004  4.99e-006  2.18e-006  6.52e-007  1.00e-005  
1.10673e+017 2.10e-018  7.08e-001  2.05e-001  8.32e-002  2.47e-003  2.11e-004  4.36e-004  4.80e-006  2.01e-006  6.61e-007  1.01e-005  
1.11398e+017 1.97e-018  7.07e-001  2.02e-001  7.93e-002  1.08e-002  2.19e-004  4.10e-004  4.61e-006  1.85e-006  6.66e-007  1.02e-005  
1.12221e+017 1.92e-018  6.68e-001  1.88e-001  7.15e-002  7.10e-002  3.48e-004  3.66e-004  4.16e-006  1.59e-006  6.47e-007  9.66e-006  
1.12812e+017 2.03e-018  5.97e-001  1.65e-001  6.11e-002  1.76e-001  6.56e-004  3.18e-004  3.58e-006  1.32e-006  6.21e-007  8.68e-006  
1.13349e+017 2.11e-018  5.46e-001  1.48e-001  5.36e-002  2.52e-001  1.11e-003  2.90e-004  3.20e-006  1.13e-006  6.36e-007  8.02e-006  
1.13938e+017 2.04e-018  5.45e-001  1.42e-001  5.06e-002  2.60e-001  1.68e-003  2.87e-004  3.09e-006  1.03e-006  7.02e-007  7.95e-006  
1.14626e+017 1.93e-018  5.59e-001  1.44e-001  4.93e-002  2.45e-001  2.26e-003  2.96e-004  3.15e-006  9.47e-007  7.71e-007  8.13e-006  
1.15112e+017 1.93e-018  5.74e-001  1.46e-001  4.86e-002  2.28e-001  2.62e-003  3.04e-004  3.23e-006  8.85e-007  8.18e-007  8.33e-006  
1.15530e+017 2.00e-018  5.89e-001  1.51e-001  4.86e-002  2.08e-001  2.93e-003  3.15e-004  3.37e-006  8.44e-007  8.64e-007  8.54e-006  
1.16007e+017 2.23e-018  6.14e-001  1.58e-001  4.88e-002  1.76e-001  3.27e-003  3.30e-004  3.58e-006  7.93e-007  9.45e-007  8.82e-006  
1.16507e+017 2.71e-018  6.41e-001  1.67e-001  4.86e-002  1.39e-001  3.65e-003  3.49e-004  3.91e-006  7.59e-007  1.13e-006  9.32e-006  
1.17040e+017 3.73e-018  6.73e-001  1.76e-001  4.80e-002  9.92e-002  4.07e-003  3.75e-004  4.82e-006  7.85e-007  1.55e-006  1.07e-005  
1.17511e+017 6.01e-018  7.15e-001  1.73e-001  4.43e-002  6.24e-002  4.49e-003  4.01e-004  5.64e-006  7.77e-007  2.23e-006  1.13e-005  
1.17806e+017 9.11e-018  7.32e-001  1.78e-001  4.14e-002  4.33e-002  4.69e-003  4.13e-004  6.28e-006  7.77e-007  2.93e-006  1.14e-005  
1.18134e+017 1.55e-017  7.46e-001  1.82e-001  3.78e-002  2.88e-002  4.84e-003  4.21e-004  7.27e-006  7.91e-007  4.23e-006  1.15e-005  
1.18488e+017 2.85e-017  7.55e-001  1.86e-001  3.40e-002  2.04e-002  4.98e-003  4.32e-004  8.95e-006  8.53e-007  6.21e-006  1.15e-005  
1.18867e+017 5.51e-017  7.60e-001  1.89e-001  2.97e-002  1.62e-002  5.04e-003  4.41e-004  1.20e-005  9.81e-007  9.03e-006  1.14e-005  
1.19273e+017 1.10e-016  7.65e-001  1.90e-001  2.54e-002  1.42e-002  5.11e-003  4.55e-004  1.79e-005  1.26e-006  1.25e-005  1.13e-005  
1.19721e+017 2.25e-016  7.69e-001  1.91e-001  2.13e-002  1.30e-002  5.15e-003  4.80e-004  3.07e-005  1.85e-006  1.63e-005  1.10e-005  
1.20205e+017 4.65e-016  7.71e-001  1.93e-001  1.77e-002  1.20e-002  5.11e-003  5.20e-004  5.89e-005  3.03e-006  1.88e-005  1.07e-005  
1.20720e+017 9.28e-016  7.70e-001  1.98e-001  1.51e-002  1.10e-002  5.05e-003  5.89e-004  1.21e-004  5.37e-006  1.95e-005  1.05e-005  
1.21274e+017 1.76e-015  7.60e-001  2.10e-001  1.36e-002  9.87e-003  4.91e-003  7.03e-004  2.56e-004  9.87e-006  1.87e-005  1.03e-005  
1.21854e+017 3.15e-015  7.34e-001  2.38e-001  1.32e-002  8.86e-003  4.64e-003  9.02e-004  5.46e-004  1.81e-005  1.75e-005  1.03e-005  
1.22444e+017 5.27e-015  6.80e-001  2.92e-001  1.31e-002  8.18e-003  4.20e-003  1.20e-003  1.15e-003  3.19e-005  1.66e-005  1.03e-005  
1.22701e+017 0.00e+000  -1.#Je+000 -1.#Je+000 -1.#Je+000 -1.#Je+000 -1.#Je+000 -1.#Je+000 -1.#Je+000 -1.#Je+000 -1.#Je+000 -1.#Je+000 
