! 0       CH3OCH3 + H -> CH3OCH2 + H2
! 1       CH3OCH3 + OH -> CH3OCH2 + H2O
! 2       CH3OCH3 + O -> CH3OCH2 + OH
! 3       CH3OCH3 + O2 -> O2H + CH3OCH2
! 4       *CH3OCH2 + H2 -> CH3OCH2 + H2
! 5       *H + *CH3CHO -> CH3OCH2
! 6       CH3OCH3 + CH3 -> CH3OCH2 + CH4
! 7       *CH3OCH2 + He -> CH3OCH2 + He
! 8       *CH3OCH2 + CO -> CH3OCH2 + CO
! 9       *CH3OCH2 + ISPhoton -> CH3OCH2
!            tot_rate   0          1          2          3          4          5          6          7          8          9          
1.34508e+014 1.56e-021  1.30e-042  1.79e-003  2.68e-051  0.00e+000  0.00e+000  9.98e-001  0.00e+000  0.00e+000  0.00e+000  5.26e-013  
8.00271e+015 1.56e-021  1.30e-042  1.79e-003  2.68e-051  0.00e+000  0.00e+000  9.98e-001  0.00e+000  0.00e+000  0.00e+000  5.26e-013  
7.87466e+016 2.04e-021  1.14e-042  1.38e-003  2.45e-051  0.00e+000  0.00e+000  9.99e-001  0.00e+000  0.00e+000  0.00e+000  5.38e-013  
1.06312e+017 5.63e-021  3.53e-040  5.27e-004  8.25e-048  0.00e+000  0.00e+000  9.99e-001  0.00e+000  0.00e+000  0.00e+000  5.57e-013  
1.09855e+017 4.53e-021  6.35e-036  6.62e-004  4.17e-042  0.00e+000  0.00e+000  9.99e-001  0.00e+000  0.00e+000  2.00e-039  7.68e-013  
1.10673e+017 4.04e-021  3.86e-034  7.44e-004  9.92e-040  0.00e+000  0.00e+000  9.99e-001  0.00e+000  0.00e+000  1.65e-027  8.78e-013  
1.11398e+017 3.57e-021  3.47e-032  8.42e-004  3.89e-037  0.00e+000  0.00e+000  9.99e-001  0.00e+000  0.00e+000  5.99e-016  1.01e-012  
1.12221e+017 3.02e-021  1.77e-029  1.00e-003  1.46e-033  0.00e+000  0.00e+000  9.99e-001  0.00e+000  0.00e+000  5.29e-011  1.22e-012  
1.12812e+017 2.63e-021  3.44e-027  1.19e-003  1.44e-030  0.00e+000  0.00e+000  9.99e-001  0.00e+000  0.00e+000  9.04e-010  1.43e-012  
1.13349e+017 2.29e-021  7.11e-025  1.50e-003  1.45e-027  0.00e+000  0.00e+000  9.99e-001  0.00e+000  0.00e+000  4.02e-009  1.67e-012  
1.13938e+017 1.96e-021  4.34e-022  2.20e-003  5.29e-024  0.00e+000  0.00e+000  9.98e-001  0.00e+000  5.75e-054  1.43e-008  2.01e-012  
1.14626e+017 1.60e-021  1.37e-018  4.35e-003  1.27e-019  0.00e+000  0.00e+000  9.96e-001  6.21e-071  1.97e-039  5.43e-008  2.57e-012  
1.15112e+017 1.39e-021  4.75e-016  7.84e-003  1.65e-016  0.00e+000  0.00e+000  9.92e-001  2.02e-061  1.09e-021  1.25e-007  3.07e-012  
1.15530e+017 1.26e-021  6.92e-014  1.34e-002  6.51e-014  0.00e+000  2.25e-075  9.87e-001  1.70e-053  7.02e-016  2.44e-007  3.57e-012  
1.16007e+017 1.14e-021  1.64e-011  2.49e-002  3.91e-011  0.00e+000  2.69e-058  9.75e-001  5.04e-045  1.67e-011  5.08e-007  4.26e-012  
1.16507e+017 1.05e-021  3.50e-009  4.77e-002  1.67e-008  0.00e+000  7.19e-040  9.52e-001  5.11e-037  1.15e-008  1.03e-006  5.09e-012  
1.17040e+017 1.01e-021  6.55e-007  1.00e-001  4.62e-006  0.00e+000  1.85e-024  9.00e-001  1.16e-029  2.83e-007  2.00e-006  5.90e-012  
1.17511e+017 1.05e-021  3.80e-005  2.00e-001  2.84e-004  0.00e+000  4.81e-017  8.00e-001  2.43e-024  1.92e-006  3.18e-006  6.23e-012  
1.17806e+017 1.14e-021  3.47e-004  2.96e-001  2.40e-003  0.00e+000  2.74e-015  7.02e-001  1.38e-021  4.00e-006  3.90e-006  6.04e-012  
1.18134e+017 1.37e-021  2.85e-003  4.18e-001  1.68e-002  4.83e-068  2.53e-012  5.62e-001  4.80e-019  6.88e-006  4.46e-006  5.36e-012  
1.18488e+017 1.93e-021  1.82e-002  5.13e-001  8.44e-002  1.80e-057  2.89e-010  3.85e-001  8.23e-017  9.17e-006  4.38e-006  4.02e-012  
1.18867e+017 3.77e-021  7.87e-002  4.64e-001  2.65e-001  3.29e-048  3.92e-009  1.93e-001  6.41e-015  8.82e-006  3.10e-006  2.19e-012  
1.19273e+017 1.20e-020  2.10e-001  2.63e-001  4.66e-001  5.61e-040  1.25e-008  6.07e-002  2.31e-013  4.88e-006  1.37e-006  7.34e-013  
1.19721e+017 5.98e-020  3.78e-001  1.18e-001  4.91e-001  1.52e-032  1.97e-008  1.27e-002  4.50e-012  1.67e-006  3.91e-007  1.59e-013  
1.20205e+017 3.56e-019  5.64e-001  4.91e-002  3.84e-001  3.45e-026  1.47e-008  2.31e-003  5.11e-011  4.69e-007  9.37e-008  2.95e-014  
1.20720e+017 2.09e-018  7.61e-001  2.21e-002  2.16e-001  4.36e-021  7.42e-009  4.29e-004  3.48e-010  1.33e-007  2.21e-008  5.70e-015  
1.21274e+017 1.19e-017  9.15e-001  1.60e-002  6.86e-002  4.08e-017  3.32e-009  8.65e-005  1.51e-009  3.95e-008  5.55e-009  1.22e-015  
1.21854e+017 6.37e-017  9.56e-001  2.21e-002  2.15e-002  2.95e-014  2.18e-009  3.12e-005  4.82e-009  1.90e-008  2.31e-009  4.40e-016  
1.22444e+017 2.68e-016  9.65e-001  2.76e-002  7.38e-003  2.54e-012  5.96e-010  5.77e-006  1.68e-008  4.06e-009  4.43e-010  7.56e-017  
1.22701e+017 1.85e-014  9.95e-001  4.43e-003  5.36e-004  1.71e-006  1.54e-006  0.00e+000  8.11e-008  0.00e+000  0.00e+000  2.63e-018  
