! 0       *O + *CH -> *HCO
! 1       *CH + *O2 -> *HCO + *O
! 2       *H + *CO -> *HCO
! 3       *H + *H2CO -> *HCO + *H2
! 4       *HCOOH + ISPhoton -> *HCO + *OH
! 5       *HCOOH + CRPhoton -> *HCO + *OH
! 6       HCO + GRAIN -> *HCO + GRAIN
! 7       *HCOOH + ISPhoton -> *HCO + *OH
! 8       *H2CO + CRPhoton -> *HCO + *H
! 9      *CH3OH + ISPhoton -> *H + *HCO + *H + *H
!            tot_rate   0          1          2          3          4          5          6          7          8          9          
1.34508e+014 2.91e-013  3.43e-010  5.08e-006  5.15e-001  4.84e-001  5.94e-004  8.76e-005  6.59e-007  3.43e-006  4.09e-006  3.41e-009  
8.00271e+015 2.91e-013  3.43e-010  5.08e-006  5.15e-001  4.84e-001  5.94e-004  8.76e-005  6.59e-007  3.43e-006  4.09e-006  3.41e-009  
7.87466e+016 2.85e-013  4.07e-010  7.71e-006  5.15e-001  4.84e-001  6.10e-004  9.01e-005  1.24e-006  3.54e-006  4.17e-006  3.51e-009  
1.06312e+017 2.89e-013  6.26e-010  1.45e-005  5.15e-001  4.84e-001  6.26e-004  9.23e-005  3.73e-006  3.63e-006  4.29e-006  3.60e-009  
1.09855e+017 2.16e-013  6.01e-010  1.41e-005  5.13e-001  4.86e-001  8.60e-004  1.27e-004  3.15e-006  4.99e-006  5.87e-006  4.90e-009  
1.10673e+017 1.92e-013  6.16e-010  1.44e-005  5.15e-001  4.84e-001  9.76e-004  1.45e-004  2.95e-006  5.69e-006  6.68e-006  5.58e-009  
1.11398e+017 1.68e-013  6.42e-010  1.50e-005  5.15e-001  4.84e-001  1.12e-003  1.66e-004  2.77e-006  6.54e-006  7.72e-006  6.42e-009  
1.12221e+017 1.42e-013  6.93e-010  1.62e-005  5.15e-001  4.84e-001  1.36e-003  2.01e-004  2.56e-006  7.91e-006  9.25e-006  7.77e-009  
1.12812e+017 1.23e-013  7.61e-010  1.77e-005  5.15e-001  4.84e-001  1.58e-003  2.33e-004  2.42e-006  9.18e-006  1.08e-005  9.02e-009  
1.13349e+017 1.07e-013  8.53e-010  1.97e-005  5.14e-001  4.83e-001  1.84e-003  2.72e-004  2.32e-006  1.08e-005  1.26e-005  1.06e-008  
1.13938e+017 9.12e-014  9.34e-010  2.15e-005  5.14e-001  4.83e-001  2.20e-003  3.26e-004  2.21e-006  1.28e-005  1.51e-005  1.26e-008  
1.14626e+017 7.35e-014  1.20e-009  2.71e-005  5.14e-001  4.83e-001  2.80e-003  4.15e-004  2.15e-006  1.63e-005  1.92e-005  1.60e-008  
1.15112e+017 6.30e-014  1.41e-009  3.11e-005  5.14e-001  4.82e-001  3.35e-003  4.95e-004  2.11e-006  1.95e-005  2.28e-005  1.92e-008  
1.15530e+017 5.52e-014  1.63e-009  3.54e-005  5.13e-001  4.82e-001  3.92e-003  5.78e-004  2.07e-006  2.28e-005  2.68e-005  2.25e-008  
1.16007e+017 4.73e-014  1.95e-009  4.08e-005  5.12e-001  4.82e-001  4.72e-003  6.96e-004  2.05e-006  2.73e-005  3.22e-005  2.71e-008  
1.16507e+017 4.05e-014  2.38e-009  4.77e-005  5.09e-001  4.84e-001  5.71e-003  8.45e-004  2.03e-006  3.31e-005  3.90e-005  3.26e-008  
1.17040e+017 3.45e-014  2.99e-009  5.63e-005  5.05e-001  4.87e-001  7.05e-003  1.04e-003  2.03e-006  4.09e-005  4.81e-005  4.03e-008  
1.17511e+017 3.05e-014  3.57e-009  6.33e-005  4.95e-001  4.95e-001  8.39e-003  1.24e-003  2.03e-006  4.85e-005  5.74e-005  4.79e-008  
1.17806e+017 2.83e-014  3.96e-009  6.75e-005  4.87e-001  5.02e-001  9.33e-003  1.38e-003  2.05e-006  5.44e-005  6.39e-005  5.33e-008  
1.18134e+017 2.64e-014  4.39e-009  7.08e-005  4.73e-001  5.15e-001  1.04e-002  1.54e-003  2.06e-006  6.06e-005  7.12e-005  5.94e-008  
1.18488e+017 2.49e-014  4.81e-009  7.14e-005  4.49e-001  5.37e-001  1.15e-002  1.70e-003  2.07e-006  6.70e-005  7.86e-005  6.58e-008  
1.18867e+017 2.36e-014  5.22e-009  6.91e-005  4.12e-001  5.73e-001  1.29e-002  1.90e-003  2.10e-006  7.47e-005  8.70e-005  7.34e-008  
1.19273e+017 2.26e-014  5.53e-009  6.15e-005  3.51e-001  6.33e-001  1.42e-002  2.09e-003  2.14e-006  8.23e-005  9.47e-005  8.05e-008  
1.19721e+017 2.18e-014  6.02e-009  4.83e-005  2.56e-001  7.26e-001  1.57e-002  2.31e-003  2.27e-006  9.10e-005  1.02e-004  8.78e-008  
1.20205e+017 2.11e-014  7.49e-009  3.23e-005  1.31e-001  8.49e-001  1.72e-002  2.54e-003  2.57e-006  1.00e-004  1.07e-004  9.44e-008  
1.20720e+017 2.05e-014  1.30e-008  2.34e-005  3.38e-002  9.45e-001  1.87e-002  2.76e-003  3.13e-006  1.09e-004  1.05e-004  9.79e-008  
1.21274e+017 2.01e-014  3.72e-008  3.56e-005  2.40e-003  9.75e-001  1.98e-002  2.92e-003  4.25e-006  1.15e-004  9.15e-005  9.45e-008  
1.21854e+017 1.95e-014  2.09e-007  1.64e-004  1.43e-005  9.77e-001  2.01e-002  2.97e-003  7.25e-006  1.17e-004  6.07e-005  7.76e-008  
1.22444e+017 1.44e-014  4.50e-007  4.38e-004  4.24e-006  9.75e-001  2.13e-002  3.15e-003  1.96e-005  1.24e-004  1.85e-005  4.44e-008  
1.22701e+017 9.71e-004  1.00e+000  5.99e-005  0.00e+000  0.00e+000  0.00e+000  0.00e+000  3.49e-015  0.00e+000  0.00e+000  0.00e+000  
