! 0       *H + *CH3CO -> CH3CHO
! 1       *CH3 + *HCO -> CH3CHO
! 2       CH3CHCH2 + OH -> CH3CHO + CH3
! 3       O + C2H5 -> CH3CHO + H
! 4       CH + CH3OH -> CH3CHO + H
! 5       CH3OCH2 + H -> CH3CHO + H2
! 6       CH3CO + CH4 -> CH3CHO + CH3
! 7       CH3CHOH+ + e- -> CH3CHO + H
! 8       NH3 + CH3CHOH+ -> CH3CHO + NH4+
! 9       CH3CHOH+ + GRAIN -> CH3CHO + H + GRAIN
!            tot_rate   0          1          2          3          4          5          6          7          8          9          
1.34508e+014 1.26e-018  1.20e-003  2.09e-007  2.19e-004  5.72e-001  3.83e-002  7.34e-004  0.00e+000  3.84e-001  3.25e-003  2.38e-004  
8.00271e+015 1.26e-018  1.20e-003  2.09e-007  2.19e-004  5.72e-001  3.83e-002  7.34e-004  0.00e+000  3.84e-001  3.25e-003  2.38e-004  
7.87466e+016 9.09e-019  2.09e-003  2.93e-007  3.09e-004  7.70e-001  5.35e-002  1.16e-003  0.00e+000  1.72e-001  1.02e-003  1.07e-004  
1.06312e+017 8.46e-019  6.08e-003  3.52e-007  9.00e-004  9.16e-001  5.69e-002  2.68e-003  0.00e+000  1.76e-002  5.25e-005  2.99e-005  
1.09855e+017 8.59e-019  4.89e-003  6.19e-007  3.59e-003  9.19e-001  5.50e-002  2.86e-003  0.00e+000  1.50e-002  3.42e-005  3.64e-005  
1.10673e+017 8.62e-019  4.37e-003  8.05e-007  6.31e-003  9.17e-001  5.45e-002  2.86e-003  0.00e+000  1.44e-002  3.09e-005  3.96e-005  
1.11398e+017 8.67e-019  3.85e-003  1.09e-006  1.15e-002  9.13e-001  5.43e-002  2.84e-003  0.00e+000  1.40e-002  2.80e-005  4.30e-005  
1.12221e+017 8.82e-019  3.21e-003  1.72e-006  2.61e-002  8.98e-001  5.66e-002  2.76e-003  0.00e+000  1.33e-002  2.52e-005  4.83e-005  
1.12812e+017 9.12e-019  2.71e-003  2.57e-006  4.95e-002  8.69e-001  6.37e-002  2.63e-003  0.00e+000  1.27e-002  2.33e-005  5.31e-005  
1.13349e+017 9.68e-019  2.22e-003  3.88e-006  8.92e-002  8.19e-001  7.47e-002  2.45e-003  0.00e+000  1.21e-002  2.17e-005  5.84e-005  
1.13938e+017 1.08e-018  1.70e-003  6.49e-006  1.65e-001  7.35e-001  8.47e-002  2.15e-003  0.00e+000  1.11e-002  1.99e-005  6.47e-005  
1.14626e+017 1.34e-018  1.11e-003  1.24e-005  3.02e-001  5.98e-001  8.75e-002  1.70e-003  0.00e+000  9.35e-003  1.68e-005  6.92e-005  
1.15112e+017 1.64e-018  7.79e-004  1.94e-005  4.13e-001  4.91e-001  8.52e-002  1.35e-003  0.00e+000  7.85e-003  1.44e-005  7.00e-005  
1.15530e+017 1.99e-018  5.61e-004  2.76e-005  4.98e-001  4.09e-001  8.42e-002  1.09e-003  0.00e+000  6.62e-003  1.26e-005  7.12e-005  
1.16007e+017 2.47e-018  3.89e-004  3.73e-005  5.67e-001  3.36e-001  8.92e-002  8.63e-004  0.00e+000  5.71e-003  1.12e-005  7.62e-005  
1.16507e+017 2.93e-018  2.81e-004  4.47e-005  5.97e-001  2.91e-001  1.06e-001  7.06e-004  0.00e+000  5.49e-003  1.13e-005  9.17e-005  
1.17040e+017 3.31e-018  2.14e-004  4.81e-005  5.78e-001  2.66e-001  1.48e-001  6.11e-004  1.04e-067  7.23e-003  1.47e-005  1.31e-004  
1.17511e+017 3.59e-018  1.76e-004  4.70e-005  5.07e-001  2.53e-001  2.29e-001  5.48e-004  5.85e-055  1.06e-002  2.54e-005  2.08e-004  
1.17806e+017 3.93e-018  1.52e-004  4.33e-005  4.30e-001  2.37e-001  3.18e-001  4.94e-004  1.90e-048  1.38e-002  4.30e-005  2.85e-004  
1.18134e+017 4.67e-018  1.23e-004  3.58e-005  3.22e-001  2.05e-001  4.54e-001  4.09e-004  1.80e-042  1.79e-002  8.10e-005  3.88e-004  
1.18488e+017 6.25e-018  8.98e-005  2.50e-005  2.06e-001  1.59e-001  6.11e-001  3.01e-004  3.31e-037  2.15e-002  1.55e-004  4.93e-004  
1.18867e+017 9.48e-018  5.97e-005  1.45e-005  1.13e-001  1.12e-001  7.51e-001  1.97e-004  1.45e-032  2.31e-002  2.83e-004  5.71e-004  
1.19273e+017 1.53e-017  3.90e-005  7.07e-006  5.57e-002  7.59e-002  8.44e-001  1.26e-004  2.39e-028  2.31e-002  4.93e-004  6.12e-004  
1.19721e+017 2.05e-017  3.20e-005  3.94e-006  3.22e-002  6.54e-002  8.74e-001  1.18e-004  2.52e-024  2.65e-002  1.00e-003  7.62e-004  
1.20205e+017 9.02e-018  8.18e-005  7.28e-006  7.44e-002  1.85e-001  6.48e-001  6.34e-004  2.84e-020  8.36e-002  5.48e-003  2.65e-003  
1.20720e+017 5.14e-018  1.54e-004  1.72e-005  1.42e-001  4.36e-001  2.14e-001  5.31e-003  6.69e-017  1.77e-001  1.86e-002  6.27e-003  
1.21274e+017 6.34e-018  1.24e-004  3.65e-005  2.05e-001  5.02e-001  8.49e-002  2.51e-002  2.19e-014  1.54e-001  2.27e-002  6.08e-003  
1.21854e+017 1.13e-017  6.50e-005  1.10e-004  4.01e-001  3.97e-001  3.05e-002  6.95e-002  1.08e-012  8.37e-002  1.48e-002  3.72e-003  
1.22444e+017 2.26e-017  2.24e-005  4.73e-005  6.33e-001  2.49e-001  1.72e-002  5.35e-002  4.91e-012  3.81e-002  7.12e-003  1.93e-003  
1.22701e+017 5.41e+000  1.00e+000  9.02e-012  2.00e-017  4.95e-018  3.73e-019  9.26e-019  6.45e-019  1.50e-019  0.00e+000  0.00e+000  
