! 0       *H + *CH3O -> CH3OH
! 1       *OH + *CH3 -> CH3OH
! 2       *CH3OH + He -> CH3OH + He
! 3       *CH3OH + H2 -> CH3OH + H2
! 4       *CH3OH + CO -> CH3OH + CO
! 5       NH3 + CH3OH2+ -> CH3OH + NH4+
! 6       CH3OH2+ + e- -> CH3OH + H
! 7       CH2OH + H2 -> CH3OH + H
! 8       CH3OH2+ + GRAIN -> CH3OH + H + GRAIN
! 9       CH3OCH4+ + e- -> CH3OH + CH3
!            tot_rate   0          1          2          3          4          5          6          7          8          9          
1.34508e+014 3.17e-017  9.80e-001  4.79e-010  0.00e+000  0.00e+000  0.00e+000  2.15e-004  1.28e-002  0.00e+000  1.65e-004  4.57e-005  
8.00271e+015 3.17e-017  9.80e-001  4.79e-010  0.00e+000  0.00e+000  0.00e+000  2.15e-004  1.27e-002  0.00e+000  1.65e-004  4.57e-005  
7.87466e+016 3.10e-017  9.84e-001  7.49e-010  0.00e+000  0.00e+000  0.00e+000  1.62e-004  9.00e-003  0.00e+000  1.16e-004  2.61e-005  
1.06312e+017 3.12e-017  9.91e-001  2.14e-009  0.00e+000  0.00e+000  0.00e+000  1.18e-004  3.15e-003  0.00e+000  8.08e-005  5.16e-006  
1.09855e+017 2.34e-017  9.89e-001  3.34e-009  0.00e+000  0.00e+000  2.69e-039  1.43e-004  3.33e-003  0.00e+000  1.13e-004  5.26e-006  
1.10673e+017 2.07e-017  9.88e-001  4.00e-009  0.00e+000  0.00e+000  3.08e-025  1.58e-004  3.52e-003  0.00e+000  1.32e-004  5.62e-006  
1.11398e+017 1.83e-017  9.86e-001  4.79e-009  0.00e+000  0.00e+000  5.16e-010  1.74e-004  3.74e-003  0.00e+000  1.54e-004  7.12e-006  
1.12221e+017 1.59e-017  9.48e-001  5.85e-009  0.00e+000  0.00e+000  3.62e-002  1.96e-004  3.97e-003  0.00e+000  1.88e-004  1.91e-005  
1.12812e+017 4.60e-017  2.85e-001  2.11e-009  0.00e+000  0.00e+000  7.09e-001  6.83e-005  1.31e-003  0.00e+000  6.99e-005  1.64e-005  
1.13349e+017 1.76e-016  6.49e-002  5.66e-010  0.00e+000  0.00e+000  9.34e-001  1.84e-005  3.45e-004  0.00e+000  2.00e-005  8.03e-006  
1.13938e+017 5.72e-016  1.70e-002  2.08e-011  3.32e-055  0.00e+000  9.83e-001  5.79e-006  1.10e-004  0.00e+000  6.82e-006  3.50e-006  
1.14626e+017 1.87e-015  4.20e-003  5.24e-011  3.96e-039  0.00e+000  9.96e-001  1.80e-006  3.49e-005  0.00e+000  2.34e-006  1.24e-006  
1.15112e+017 3.79e-015  1.77e-003  2.38e-011  1.91e-018  1.86e-061  9.98e-001  8.95e-007  1.76e-005  0.00e+000  1.26e-006  6.34e-007  
1.15530e+017 6.68e-015  8.79e-004  1.15e-011  1.03e-011  1.16e-046  9.99e-001  5.14e-007  1.02e-005  8.42e-078  7.76e-007  3.70e-007  
1.16007e+017 1.23e-014  4.10e-004  4.40e-012  1.07e-006  2.37e-034  1.00e+000  2.87e-007  5.77e-006  4.12e-065  4.73e-007  2.10e-007  
1.16507e+017 2.20e-014  1.97e-004  1.36e-012  3.10e-003  1.53e-021  9.97e-001  1.74e-007  3.47e-006  3.29e-053  3.09e-007  1.32e-007  
1.17040e+017 4.27e-014  8.69e-005  3.02e-013  7.92e-002  1.56e-011  9.21e-001  1.12e-007  2.03e-006  1.73e-042  1.96e-007  9.25e-008  
1.17511e+017 1.01e-013  3.28e-005  5.70e-014  3.72e-001  4.14e-007  6.28e-001  7.47e-008  1.05e-006  4.78e-035  1.10e-007  5.58e-008  
1.17806e+017 1.81e-013  1.73e-005  1.94e-014  5.32e-001  3.81e-006  4.68e-001  6.74e-008  7.23e-007  2.61e-031  7.90e-008  4.14e-008  
1.18134e+017 3.31e-013  9.09e-006  5.59e-015  6.49e-001  1.80e-004  3.50e-001  7.49e-008  5.50e-007  6.80e-028  6.37e-008  3.32e-008  
1.18488e+017 5.99e-013  4.92e-006  1.49e-015  7.24e-001  2.29e-003  2.74e-001  1.06e-007  4.91e-007  7.09e-025  6.06e-008  3.02e-008  
1.18867e+017 1.13e-012  2.63e-006  3.83e-016  7.81e-001  9.18e-003  2.10e-001  1.75e-007  4.79e-007  3.29e-022  6.31e-008  2.84e-008  
1.19273e+017 2.10e-012  1.50e-006  1.05e-016  8.07e-001  2.49e-002  1.68e-001  3.37e-007  5.30e-007  9.83e-020  7.49e-008  2.94e-008  
1.19721e+017 3.93e-012  8.89e-007  3.62e-017  8.08e-001  5.30e-002  1.39e-001  7.03e-007  6.22e-007  3.29e-017  9.55e-008  3.16e-008  
1.20205e+017 7.24e-012  5.46e-007  2.21e-017  7.97e-001  8.70e-002  1.16e-001  1.49e-006  7.63e-007  1.81e-014  1.29e-007  3.48e-008  
1.20720e+017 1.28e-011  3.34e-007  4.96e-017  7.88e-001  1.17e-001  9.52e-002  2.98e-006  9.52e-007  6.44e-012  1.79e-007  3.90e-008  
1.21274e+017 2.17e-011  2.00e-007  9.40e-016  7.78e-001  1.43e-001  7.83e-002  5.25e-006  1.18e-006  9.30e-010  2.50e-007  4.38e-008  
1.21854e+017 3.55e-011  1.18e-007  7.50e-013  7.64e-001  1.69e-001  6.63e-002  7.50e-006  1.41e-006  4.68e-008  3.39e-007  4.80e-008  
1.22444e+017 5.74e-011  5.37e-008  9.96e-012  7.48e-001  1.94e-001  5.84e-002  8.75e-006  1.57e-006  8.32e-007  4.25e-007  5.09e-008  
1.22701e+017 1.38e+005  1.00e+000  1.49e-012  4.04e-022  0.00e+000  4.81e-025  0.00e+000  8.26e-022  0.00e+000  0.00e+000  2.68e-023  
