! 0       HNCO + GRAIN -> *HNCO + GRAIN
! 1       *H + *OCN -> *HNCO
!            tot_rate   0          1          
1.34508e+014 3.57e-019  4.26e-001  5.74e-001  
8.00271e+015 3.57e-019  4.26e-001  5.74e-001  
7.87466e+016 8.11e-019  4.24e-001  5.76e-001  
1.06312e+017 3.62e-018  3.23e-001  6.77e-001  
1.09855e+017 3.28e-018  2.41e-001  7.59e-001  
1.10673e+017 3.30e-018  2.05e-001  7.95e-001  
1.11398e+017 3.43e-018  1.68e-001  8.32e-001  
1.12221e+017 3.85e-018  1.22e-001  8.78e-001  
1.12812e+017 4.44e-018  8.97e-002  9.10e-001  
1.13349e+017 5.34e-018  6.37e-002  9.36e-001  
1.13938e+017 7.17e-018  3.97e-002  9.60e-001  
1.14626e+017 1.11e-017  2.08e-002  9.79e-001  
1.15112e+017 1.64e-017  1.23e-002  9.88e-001  
1.15530e+017 2.42e-017  7.44e-003  9.93e-001  
1.16007e+017 3.88e-017  4.23e-003  9.96e-001  
1.16507e+017 6.32e-017  2.52e-003  9.97e-001  
1.17040e+017 9.84e-017  1.83e-003  9.98e-001  
1.17511e+017 1.28e-016  1.87e-003  9.98e-001  
1.17806e+017 1.42e-016  2.18e-003  9.98e-001  
1.18134e+017 1.55e-016  2.76e-003  9.97e-001  
1.18488e+017 1.63e-016  3.86e-003  9.96e-001  
1.18867e+017 1.66e-016  5.81e-003  9.94e-001  
1.19273e+017 1.65e-016  9.42e-003  9.91e-001  
1.19721e+017 1.63e-016  1.61e-002  9.84e-001  
1.20205e+017 1.63e-016  2.77e-002  9.72e-001  
1.20720e+017 1.66e-016  4.62e-002  9.54e-001  
1.21274e+017 1.75e-016  7.22e-002  9.28e-001  
1.21854e+017 1.83e-016  1.04e-001  8.96e-001  
1.22444e+017 9.67e-017  2.62e-001  7.38e-001  
1.22701e+017 3.44e-016  1.00e+000  0.00e+000  
