! 0       *H + *CH3CO -> *CH3CHO
! 1       *CH3 + *HCO -> *CH3CHO
! 2       CH3CHO + GRAIN -> *CH3CHO + GRAIN
! 3       *CH3COCH3 + CRPhoton -> *CH3CHO + *CH2
! 4       *CH3COCH3 + ISPhoton -> *CH3CHO + *CH2
!            tot_rate   0          1          2          3          4          
1.34508e+014 1.56e-019  9.56e-001  1.67e-004  4.36e-002  1.17e-007  2.92e-009  
8.00271e+015 1.56e-019  9.56e-001  1.67e-004  4.36e-002  1.17e-007  2.92e-009  
7.87466e+016 2.04e-019  9.24e-001  1.30e-004  7.62e-002  9.04e-008  2.25e-009  
1.06312e+017 5.63e-019  9.05e-001  5.24e-005  9.51e-002  3.38e-008  8.41e-010  
1.09855e+017 4.52e-019  9.20e-001  1.16e-004  8.00e-002  4.31e-008  1.07e-009  
1.10673e+017 4.04e-019  9.23e-001  1.70e-004  7.67e-002  4.88e-008  1.21e-009  
1.11398e+017 3.58e-019  9.26e-001  2.62e-004  7.41e-002  5.56e-008  1.38e-009  
1.12221e+017 3.02e-019  9.28e-001  5.00e-004  7.16e-002  6.69e-008  1.66e-009  
1.12812e+017 2.64e-019  9.30e-001  8.80e-004  6.94e-002  7.78e-008  1.93e-009  
1.13349e+017 2.29e-019  9.30e-001  1.62e-003  6.81e-002  9.08e-008  2.25e-009  
1.13938e+017 1.96e-019  9.30e-001  3.55e-003  6.64e-002  1.08e-007  2.68e-009  
1.14626e+017 1.59e-019  9.24e-001  1.04e-002  6.54e-002  1.36e-007  3.39e-009  
1.15112e+017 1.38e-019  9.13e-001  2.29e-002  6.37e-002  1.61e-007  4.00e-009  
1.15530e+017 1.24e-019  8.95e-001  4.39e-002  6.14e-002  1.83e-007  4.55e-009  
1.16007e+017 1.11e-019  8.59e-001  8.24e-002  5.88e-002  2.12e-007  5.26e-009  
1.16507e+017 1.00e-019  8.15e-001  1.30e-001  5.53e-002  2.43e-007  6.04e-009  
1.17040e+017 9.05e-020  7.75e-001  1.73e-001  5.19e-002  2.83e-007  7.02e-009  
1.17511e+017 8.36e-020  7.50e-001  2.01e-001  4.93e-002  3.20e-007  7.98e-009  
1.17806e+017 8.00e-020  7.41e-001  2.11e-001  4.76e-002  3.47e-007  8.62e-009  
1.18134e+017 7.68e-020  7.39e-001  2.15e-001  4.59e-002  3.76e-007  9.35e-009  
1.18488e+017 7.43e-020  7.47e-001  2.09e-001  4.42e-002  4.07e-007  1.01e-008  
1.18867e+017 7.27e-020  7.71e-001  1.87e-001  4.22e-002  4.36e-007  1.09e-008  
1.19273e+017 7.26e-020  8.13e-001  1.47e-001  3.99e-002  4.61e-007  1.15e-008  
1.19721e+017 7.58e-020  8.58e-001  1.05e-001  3.68e-002  4.69e-007  1.16e-008  
1.20205e+017 8.22e-020  8.88e-001  7.90e-002  3.30e-002  4.56e-007  1.13e-008  
1.20720e+017 8.96e-020  8.73e-001  9.77e-002  2.97e-002  4.36e-007  1.08e-008  
1.21274e+017 1.03e-019  7.53e-001  2.22e-001  2.57e-002  3.82e-007  9.49e-009  
1.21854e+017 2.00e-019  3.66e-001  6.21e-001  1.35e-002  1.83e-007  4.55e-009  
1.22444e+017 1.59e-019  3.15e-001  6.67e-001  1.76e-002  1.54e-007  3.83e-009  
1.22701e+017 5.35e+002  1.00e+000  9.03e-012  7.08e-023  0.00e+000  0.00e+000  
