! 0       *CO2 + He -> CO2 + He
! 1       *CO2 + H2 -> CO2 + H2
! 2       *CO2 + CO -> CO2 + CO
! 3       HNCO + O -> CO2 + NH
! 4       OH + CO -> CO2 + H
! 5       CO + O2 -> CO2 + O
! 6       CO + HCO2+ -> CO2 + HCO+
! 7       O + HCO -> CO2 + H
! 8       H2O + HCO2+ -> CO2 + H3O+
! 9       CH4 + HCO2+ -> CO2 + CH5+
! 10      HCO2+ + e- -> CO2 + H
! 11      CH + O2 -> CO2 + H
! 12      HOCO + O -> OH + CO2
! 13      HCOOH+ + e- -> CO2 + H + H
!            tot_rate   0          1          2          3          4          5          6          7          8          9          10         11         12         13         
1.34508e+014 5.21e-016  0.00e+000  0.00e+000  0.00e+000  0.00e+000  1.64e-007  0.00e+000  3.32e-001  1.70e-001  1.19e-002  5.97e-004  1.12e-001  2.96e-001  3.51e-002  3.49e-002  
8.00271e+015 5.21e-016  0.00e+000  0.00e+000  0.00e+000  0.00e+000  1.64e-007  0.00e+000  3.32e-001  1.70e-001  1.19e-002  5.97e-004  1.12e-001  2.96e-001  3.51e-002  3.49e-002  
7.87466e+016 4.59e-016  0.00e+000  0.00e+000  0.00e+000  0.00e+000  1.91e-007  0.00e+000  2.98e-001  1.83e-001  6.86e-003  5.36e-004  9.35e-002  3.36e-001  4.29e-002  3.22e-002  
1.06312e+017 4.03e-016  0.00e+000  0.00e+000  1.41e-067  0.00e+000  7.30e-007  0.00e+000  3.06e-001  1.94e-001  1.27e-003  5.51e-004  4.17e-002  3.53e-001  7.75e-002  1.93e-002  
1.09855e+017 3.79e-016  0.00e+000  0.00e+000  2.87e-006  0.00e+000  4.32e-006  0.00e+000  3.11e-001  1.93e-001  8.14e-004  5.59e-004  3.61e-002  3.43e-001  8.88e-002  1.96e-002  
1.10673e+017 3.76e-016  0.00e+000  0.00e+000  9.67e-003  0.00e+000  8.92e-006  0.00e+000  3.12e-001  1.89e-001  7.19e-004  5.57e-004  3.46e-002  3.36e-001  9.11e-002  1.96e-002  
1.11398e+017 4.73e-016  0.00e+000  0.00e+000  2.32e-001  0.00e+000  1.54e-005  0.00e+000  2.43e-001  1.45e-001  5.03e-004  4.37e-004  2.60e-002  2.58e-001  7.31e-002  1.55e-002  
1.12221e+017 1.18e-015  4.49e-051  0.00e+000  6.94e-001  0.00e+000  1.81e-005  0.00e+000  9.69e-002  5.58e-002  1.74e-004  1.75e-004  9.69e-003  1.05e-001  2.97e-002  6.21e-003  
1.12812e+017 2.75e-015  7.23e-043  0.00e+000  8.65e-001  0.00e+000  1.90e-005  0.00e+000  4.14e-002  2.31e-002  6.69e-005  7.45e-005  3.89e-003  4.98e-002  1.28e-002  2.64e-003  
1.13349e+017 5.76e-015  5.07e-030  0.00e+000  9.31e-001  0.00e+000  2.21e-005  0.00e+000  1.98e-002  1.08e-002  2.90e-005  3.58e-005  1.82e-003  2.81e-002  6.17e-003  1.29e-003  
1.13938e+017 1.22e-014  2.02e-016  0.00e+000  9.66e-001  6.51e-080  2.95e-005  0.00e+000  9.25e-003  4.97e-003  1.20e-005  1.68e-005  8.59e-004  1.55e-002  2.92e-003  6.45e-004  
1.14626e+017 2.87e-014  4.28e-010  2.39e-060  9.85e-001  6.96e-067  4.38e-005  0.00e+000  3.86e-003  2.08e-003  4.42e-006  7.10e-006  3.65e-004  7.31e-003  1.25e-003  2.96e-004  
1.15112e+017 5.01e-014  2.18e-004  1.25e-040  9.91e-001  9.77e-058  6.03e-005  0.00e+000  2.18e-003  1.19e-003  2.26e-006  4.14e-006  2.12e-004  4.30e-003  7.21e-004  1.81e-004  
1.15530e+017 8.02e-014  1.33e-002  3.62e-030  9.81e-001  3.81e-050  7.77e-005  0.00e+000  1.33e-003  7.37e-004  1.28e-006  2.78e-006  1.32e-004  2.67e-003  4.51e-004  1.20e-004  
1.16007e+017 1.53e-013  1.48e-001  1.63e-021  8.49e-001  4.04e-042  8.82e-005  0.00e+000  6.93e-004  3.85e-004  6.06e-007  1.81e-006  6.99e-005  1.36e-003  2.37e-004  6.73e-005  
1.16507e+017 3.60e-013  4.11e-001  3.86e-013  5.88e-001  1.15e-034  7.68e-005  0.00e+000  2.89e-004  1.63e-004  2.34e-007  1.17e-006  3.00e-005  5.47e-004  1.01e-004  3.11e-005  
1.17040e+017 9.08e-013  6.15e-001  3.29e-007  3.84e-001  6.71e-028  5.89e-005  0.00e+000  1.14e-004  6.53e-005  8.66e-008  8.84e-007  1.22e-005  1.98e-004  4.01e-005  1.35e-005  
1.17511e+017 2.01e-012  7.37e-001  1.06e-004  2.62e-001  4.61e-023  4.27e-005  0.00e+000  5.33e-005  2.99e-005  3.96e-008  7.72e-007  5.83e-006  8.22e-005  1.82e-005  6.72e-006  
1.17806e+017 3.16e-012  7.85e-001  4.87e-004  2.15e-001  1.46e-020  3.48e-005  0.00e+000  3.57e-005  1.93e-005  2.84e-008  7.53e-007  3.92e-006  4.94e-005  1.16e-005  4.49e-006  
1.18134e+017 5.07e-012  8.19e-001  4.12e-003  1.77e-001  3.06e-018  2.74e-005  4.77e-075  2.45e-005  1.22e-005  2.25e-008  7.69e-007  2.68e-006  2.88e-005  7.24e-006  3.00e-006  
1.18488e+017 8.20e-012  8.36e-001  1.56e-002  1.49e-001  3.67e-016  2.11e-005  4.33e-064  1.77e-005  7.77e-006  2.17e-008  8.21e-007  1.93e-006  1.65e-005  4.49e-006  1.98e-006  
1.18867e+017 1.38e-011  8.43e-001  3.34e-002  1.24e-001  2.65e-014  1.56e-005  2.01e-054  1.35e-005  4.79e-006  2.57e-008  8.79e-007  1.45e-006  9.01e-006  2.68e-006  1.26e-006  
1.19273e+017 2.33e-011  8.37e-001  5.84e-002  1.04e-001  1.39e-012  1.14e-005  1.14e-045  1.12e-005  2.97e-006  3.75e-008  9.66e-007  1.15e-006  4.55e-006  1.59e-006  8.03e-007  
1.19721e+017 3.96e-011  8.21e-001  8.87e-002  9.02e-002  5.81e-011  8.26e-006  1.32e-037  1.01e-005  1.89e-006  6.44e-008  1.05e-006  9.98e-007  1.70e-006  9.40e-007  5.05e-007  
1.20205e+017 6.53e-011  8.02e-001  1.20e-001  7.82e-002  1.65e-009  6.00e-006  1.22e-030  9.90e-006  1.31e-006  1.26e-007  1.12e-006  9.37e-007  2.59e-007  5.72e-007  3.28e-007  
1.20720e+017 1.00e-010  7.88e-001  1.45e-001  6.65e-002  2.84e-008  4.67e-006  5.05e-025  1.05e-005  1.05e-006  2.66e-007  1.19e-006  9.66e-007  2.53e-008  3.76e-007  2.25e-007  
1.21274e+017 1.37e-010  7.76e-001  1.68e-001  5.66e-002  3.12e-007  6.23e-006  1.38e-020  1.22e-005  1.04e-006  6.16e-007  1.39e-006  1.13e-006  7.46e-009  2.77e-007  1.73e-007  
1.21854e+017 1.52e-010  7.61e-001  1.90e-001  4.91e-002  2.23e-006  1.84e-005  2.95e-017  1.68e-005  1.49e-006  1.59e-006  1.90e-006  1.54e-006  3.58e-009  2.43e-007  1.59e-007  
1.22444e+017 9.04e-011  7.46e-001  2.10e-001  4.39e-002  1.45e-005  8.00e-005  1.07e-014  3.94e-005  4.35e-006  6.65e-006  4.48e-006  3.53e-006  4.02e-009  3.64e-007  2.73e-007  
1.22701e+017 1.05e-012  6.33e-006  0.00e+000  8.52e-009  9.05e-001  4.65e-002  4.56e-002  0.00e+000  2.13e-003  0.00e+000  0.00e+000  3.29e-004  1.44e-006  1.32e-004  2.40e-005  
