! 0       *H + *CH3OCH2 -> *CH3OCH3
! 1       *CH3 + *CH3O -> *CH3OCH3
! 2       CH3OCH3 + GRAIN -> *CH3OCH3 + GRAIN
!            tot_rate   0          1          2          
1.34508e+014 1.53e-019  1.00e+000  3.65e-006  1.18e-004  
8.00271e+015 1.53e-019  1.00e+000  3.65e-006  1.18e-004  
7.87466e+016 2.00e-019  1.00e+000  2.82e-006  2.12e-004  
1.06312e+017 5.52e-019  1.00e+000  1.14e-006  2.79e-004  
1.09855e+017 4.44e-019  1.00e+000  2.52e-006  2.36e-004  
1.10673e+017 3.96e-019  1.00e+000  3.71e-006  2.27e-004  
1.11398e+017 3.50e-019  1.00e+000  5.71e-006  2.20e-004  
1.12221e+017 2.96e-019  1.00e+000  1.09e-005  2.13e-004  
1.12812e+017 2.58e-019  1.00e+000  1.92e-005  2.15e-004  
1.13349e+017 2.25e-019  1.00e+000  3.52e-005  2.31e-004  
1.13938e+017 1.92e-019  1.00e+000  7.71e-005  2.82e-004  
1.14626e+017 1.56e-019  9.99e-001  2.25e-004  4.45e-004  
1.15112e+017 1.36e-019  9.99e-001  4.94e-004  6.82e-004  
1.15530e+017 1.21e-019  9.98e-001  9.57e-004  1.02e-003  
1.16007e+017 1.08e-019  9.97e-001  1.79e-003  1.64e-003  
1.16507e+017 9.85e-020  9.94e-001  2.81e-003  2.71e-003  
1.17040e+017 8.95e-020  9.91e-001  3.78e-003  5.12e-003  
1.17511e+017 8.31e-020  9.86e-001  4.40e-003  9.91e-003  
1.17806e+017 8.00e-020  9.80e-001  4.67e-003  1.54e-002  
1.18134e+017 7.76e-020  9.70e-001  4.83e-003  2.47e-002  
1.18488e+017 7.62e-020  9.55e-001  4.80e-003  4.04e-002  
1.18867e+017 7.66e-020  9.30e-001  4.48e-003  6.58e-002  
1.19273e+017 8.01e-020  8.90e-001  3.71e-003  1.06e-001  
1.19721e+017 8.94e-020  8.32e-001  2.86e-003  1.66e-001  
1.20205e+017 1.07e-019  7.49e-001  2.26e-003  2.49e-001  
1.20720e+017 1.36e-019  6.45e-001  2.68e-003  3.53e-001  
1.21274e+017 1.88e-019  5.38e-001  5.24e-003  4.56e-001  
1.21854e+017 3.50e-019  5.59e-001  1.52e-002  4.25e-001  
1.22444e+017 4.05e-019  3.78e-001  1.12e-002  6.11e-001  
1.22701e+017 1.58e+008  1.00e+000  7.09e-020  2.58e-026  
