! 0       H2CO + CH3OH2+ -> H2 + H5C2O2+
! 1       HCOOCH3 + HCO+ -> CO + H5C2O2+
! 2       HCOOCH3 + H3O+ -> H2O + H5C2O2+
! 3       HCOOCH3 + H3+ -> H2 + H5C2O2+
!            tot_rate   0          1          2          3          
1.34508e+014 6.50e-022  2.63e-001  4.09e-001  1.78e-001  1.50e-001  
8.00271e+015 6.50e-022  2.63e-001  4.09e-001  1.78e-001  1.50e-001  
7.87466e+016 3.96e-022  1.92e-001  4.02e-001  1.89e-001  2.17e-001  
1.06312e+017 1.16e-022  8.49e-002  4.87e-001  1.77e-001  2.51e-001  
1.09855e+017 8.29e-023  6.82e-002  5.20e-001  1.76e-001  2.35e-001  
1.10673e+017 7.57e-023  6.42e-002  5.29e-001  1.77e-001  2.30e-001  
1.11398e+017 6.93e-023  6.09e-002  5.38e-001  1.77e-001  2.24e-001  
1.12221e+017 6.29e-023  5.74e-002  5.47e-001  1.78e-001  2.18e-001  
1.12812e+017 5.87e-023  5.57e-002  5.56e-001  1.77e-001  2.11e-001  
1.13349e+017 5.51e-023  5.50e-002  5.64e-001  1.75e-001  2.05e-001  
1.13938e+017 5.14e-023  5.39e-002  5.74e-001  1.73e-001  1.99e-001  
1.14626e+017 4.71e-023  5.21e-002  5.84e-001  1.73e-001  1.90e-001  
1.15112e+017 4.43e-023  5.03e-002  5.91e-001  1.74e-001  1.85e-001  
1.15530e+017 4.20e-023  4.88e-002  5.95e-001  1.75e-001  1.81e-001  
1.16007e+017 3.96e-023  4.78e-002  5.99e-001  1.78e-001  1.76e-001  
1.16507e+017 3.79e-023  4.69e-002  6.09e-001  1.78e-001  1.66e-001  
1.17040e+017 3.85e-023  4.68e-002  6.37e-001  1.69e-001  1.48e-001  
1.17511e+017 4.00e-023  5.35e-002  6.43e-001  1.73e-001  1.30e-001  
1.17806e+017 4.13e-023  6.29e-002  6.44e-001  1.75e-001  1.19e-001  
1.18134e+017 4.33e-023  8.27e-002  6.37e-001  1.74e-001  1.06e-001  
1.18488e+017 4.69e-023  1.24e-001  6.17e-001  1.69e-001  9.03e-002  
1.18867e+017 5.36e-023  2.04e-001  5.68e-001  1.57e-001  7.23e-002  
1.19273e+017 6.84e-023  3.46e-001  4.72e-001  1.31e-001  5.11e-002  
1.19721e+017 1.07e-022  5.53e-001  3.27e-001  9.06e-002  2.94e-002  
1.20205e+017 2.22e-022  7.60e-001  1.77e-001  4.95e-002  1.32e-002  
1.20720e+017 5.76e-022  8.91e-001  8.04e-002  2.31e-002  5.14e-003  
1.21274e+017 1.67e-021  9.51e-001  3.59e-002  1.11e-002  2.14e-003  
1.21854e+017 4.73e-021  9.71e-001  2.03e-002  7.38e-003  1.22e-003  
1.22444e+017 1.17e-020  9.77e-001  1.50e-002  7.16e-003  9.51e-004  
1.22701e+017 0.00e+000  -1.#Je+000 -1.#Je+000 -1.#Je+000 -1.#Je+000 
