! 0       *OH + *CH2 -> CH2OH
! 1       CH3OH + H -> CH2OH + H2
! 2       CH3OH + OH -> CH2OH + H2O
! 3       CH3OH + O -> OH + CH2OH
! 4       CH3OH + CH3 -> CH4 + CH2OH
! 5       CH2CO + OH -> CH2OH + CO
! 6       CH3OH + H2 -> CH2OH + H + H2
! 7       *CH2OH + He -> CH2OH + He
! 8       *H + *H2CO -> CH2OH
! 9       *CH2OH + H2 -> CH2OH + H2
!            tot_rate   0          1          2          3          4          5          6          7          8          9          
1.34508e+014 9.78e-020  4.00e-005  0.00e+000  8.29e-002  0.00e+000  0.00e+000  9.17e-001  0.00e+000  0.00e+000  7.78e-005  0.00e+000  
8.00271e+015 9.78e-020  4.00e-005  0.00e+000  8.30e-002  0.00e+000  0.00e+000  9.17e-001  0.00e+000  0.00e+000  7.78e-005  0.00e+000  
7.87466e+016 9.79e-020  5.94e-005  0.00e+000  8.37e-002  0.00e+000  0.00e+000  9.16e-001  0.00e+000  0.00e+000  7.62e-005  0.00e+000  
1.06312e+017 9.84e-020  1.40e-004  0.00e+000  8.54e-002  0.00e+000  0.00e+000  9.14e-001  0.00e+000  0.00e+000  7.66e-005  0.00e+000  
1.09855e+017 9.83e-020  1.15e-004  1.98e-069  8.57e-002  0.00e+000  0.00e+000  9.14e-001  0.00e+000  0.00e+000  5.73e-005  0.00e+000  
1.10673e+017 9.82e-020  1.02e-004  2.04e-065  8.58e-002  7.47e-076  0.00e+000  9.14e-001  0.00e+000  0.00e+000  5.08e-005  0.00e+000  
1.11398e+017 9.82e-020  8.56e-005  4.93e-061  8.58e-002  1.02e-070  0.00e+000  9.14e-001  0.00e+000  0.00e+000  4.47e-005  0.00e+000  
1.12221e+017 9.81e-020  6.28e-005  5.47e-055  8.58e-002  1.21e-063  0.00e+000  9.14e-001  0.00e+000  1.82e-056  3.76e-005  0.00e+000  
1.12812e+017 9.80e-020  4.54e-005  6.13e-050  8.59e-002  9.78e-058  0.00e+000  9.14e-001  0.00e+000  2.30e-048  3.27e-005  0.00e+000  
1.13349e+017 9.79e-020  3.08e-005  6.52e-045  8.62e-002  7.30e-052  0.00e+000  9.14e-001  0.00e+000  5.63e-036  2.85e-005  1.40e-071  
1.13938e+017 9.79e-020  1.87e-006  5.07e-039  8.72e-002  5.43e-045  0.00e+000  9.13e-001  0.00e+000  4.15e-023  2.43e-005  2.56e-056  
1.14626e+017 9.82e-020  7.60e-006  6.63e-032  9.10e-002  1.04e-036  3.41e-068  9.09e-001  0.00e+000  5.73e-017  1.94e-005  2.83e-039  
1.15112e+017 9.89e-020  3.73e-006  6.73e-027  9.76e-002  6.63e-031  3.21e-059  9.02e-001  0.00e+000  8.95e-012  1.66e-005  3.73e-028  
1.15530e+017 1.00e-019  1.88e-006  1.01e-022  1.08e-001  4.46e-026  9.81e-052  8.92e-001  0.00e+000  5.23e-010  1.43e-005  3.83e-022  
1.16007e+017 1.02e-019  7.95e-007  3.06e-018  1.29e-001  6.34e-021  1.04e-043  8.71e-001  0.00e+000  7.71e-009  1.20e-005  4.77e-017  
1.16507e+017 1.07e-019  3.04e-007  5.48e-014  1.66e-001  4.57e-016  4.19e-036  8.34e-001  0.00e+000  4.12e-008  9.84e-006  9.65e-013  
1.17040e+017 1.16e-019  1.02e-007  4.45e-010  2.30e-001  1.21e-011  4.10e-029  7.70e-001  0.00e+000  1.33e-007  7.85e-006  4.63e-010  
1.17511e+017 1.33e-019  3.73e-008  3.07e-007  3.29e-001  1.80e-008  4.78e-024  6.71e-001  0.00e+000  2.96e-007  6.12e-006  6.81e-009  
1.17806e+017 1.55e-019  1.90e-008  9.44e-006  4.24e-001  7.89e-007  2.11e-021  5.76e-001  0.00e+000  4.19e-007  4.96e-006  1.82e-008  
1.18134e+017 1.99e-019  7.63e-009  2.30e-004  5.52e-001  2.60e-005  6.22e-019  4.48e-001  0.00e+000  5.37e-007  3.69e-006  4.57e-008  
1.18488e+017 2.89e-019  2.45e-009  3.91e-003  6.86e-001  5.58e-004  1.02e-016  3.10e-001  1.16e-074  6.10e-007  2.49e-006  8.04e-008  
1.18867e+017 4.88e-019  6.69e-010  4.55e-002  7.63e-001  7.71e-003  9.58e-015  1.84e-001  4.72e-061  6.09e-007  1.49e-006  1.05e-007  
1.19273e+017 1.27e-018  1.18e-010  2.97e-001  5.75e-001  5.67e-002  4.53e-013  7.09e-002  7.13e-049  3.93e-007  6.07e-007  8.44e-008  
1.19721e+017 9.06e-018  8.16e-012  6.45e-001  2.15e-001  1.30e-001  6.82e-012  9.79e-003  4.47e-038  9.31e-008  9.41e-008  2.41e-008  
1.20205e+017 9.43e-017  4.67e-013  7.83e-001  5.85e-002  1.58e-001  5.08e-011  6.65e-004  5.87e-029  1.50e-008  1.02e-008  4.55e-009  
1.20720e+017 8.27e-016  9.56e-014  8.24e-001  2.00e-002  1.56e-001  2.67e-010  6.03e-005  1.19e-021  2.82e-009  1.27e-009  9.46e-010  
1.21274e+017 5.56e-015  3.83e-013  8.44e-001  1.38e-002  1.42e-001  1.16e-009  1.20e-005  6.33e-016  6.87e-010  1.91e-010  2.52e-010  
1.21854e+017 2.75e-014  9.83e-011  8.56e-001  2.29e-002  1.21e-001  4.73e-009  6.45e-006  1.02e-011  2.56e-010  3.75e-011  1.03e-010  
1.22444e+017 1.01e-013  7.83e-010  8.70e-001  3.68e-002  9.28e-002  2.24e-008  3.89e-006  7.64e-009  1.62e-010  7.46e-012  7.05e-011  
1.22701e+017 3.12e-006  1.00e+000  3.14e-006  3.75e-008  2.20e-008  1.31e-012  6.92e-013  0.00e+000  1.77e-017  0.00e+000  0.00e+000  
