! 0       *H + *C2H4 -> *C2H5
! 1       *CH3CH3 + CRPhoton -> *C2H5 + *H
! 2       C2H5 + GRAIN -> *C2H5 + GRAIN
! 3       *H + *CH3CH3 -> *C2H5 + *H2
! 4       *C2H5CN + ISPhoton -> *CN + *C2H5
! 5       *C2H5CN + CRPhoton -> *CN + *C2H5
! 6       *CH2 + *CH3 -> *C2H5
! 7       *CH3CH3 + ISPhoton -> *C2H5 + *H
! 8       *C2H5OH + CRPhoton -> *C2H5 + *OH
! 9       *C2H5OH + CRPhoton -> *C2H5 + *OH
!            tot_rate   0          1          2          3          4          5          6          7          8          9          
1.34508e+014 7.31e-017  9.77e-001  2.33e-002  8.03e-006  1.27e-004  3.26e-006  3.02e-006  4.20e-007  4.28e-007  3.01e-007  2.16e-008  
8.00271e+015 7.31e-017  9.77e-001  2.33e-002  8.04e-006  1.27e-004  3.26e-006  3.02e-006  4.20e-007  4.28e-007  3.01e-007  2.16e-008  
7.87466e+016 8.04e-017  9.79e-001  2.13e-002  1.38e-005  1.13e-004  2.97e-006  2.76e-006  3.78e-007  3.92e-007  2.75e-007  1.96e-008  
1.06312e+017 1.18e-016  9.85e-001  1.50e-002  3.41e-005  7.79e-005  2.11e-006  1.95e-006  2.33e-007  2.77e-007  1.94e-007  1.39e-008  
1.09855e+017 1.02e-016  9.82e-001  1.78e-002  2.71e-005  6.74e-005  2.49e-006  2.32e-006  4.55e-007  3.28e-007  2.31e-007  1.66e-008  
1.10673e+017 9.72e-017  9.81e-001  1.88e-002  2.44e-005  6.24e-005  2.64e-006  2.45e-006  5.88e-007  3.47e-007  2.44e-007  1.75e-008  
1.11398e+017 9.30e-017  9.80e-001  1.99e-002  2.17e-005  5.73e-005  2.79e-006  2.59e-006  7.65e-007  3.67e-007  2.58e-007  1.85e-008  
1.12221e+017 8.83e-017  9.79e-001  2.13e-002  1.86e-005  5.09e-005  2.98e-006  2.76e-006  1.06e-006  3.92e-007  2.75e-007  1.97e-008  
1.12812e+017 8.52e-017  9.78e-001  2.23e-002  1.64e-005  4.57e-005  3.13e-006  2.90e-006  1.37e-006  4.11e-007  2.89e-007  2.08e-008  
1.13349e+017 8.26e-017  9.77e-001  2.34e-002  1.44e-005  4.09e-005  3.27e-006  3.04e-006  1.72e-006  4.30e-007  3.03e-007  2.17e-008  
1.13938e+017 8.08e-017  9.76e-001  2.43e-002  1.23e-005  3.58e-005  3.40e-006  3.16e-006  1.96e-006  4.48e-007  3.14e-007  2.25e-008  
1.14626e+017 7.80e-017  9.74e-001  2.58e-002  1.02e-005  2.99e-005  3.63e-006  3.36e-006  2.83e-006  4.76e-007  3.35e-007  2.40e-008  
1.15112e+017 7.70e-017  9.73e-001  2.68e-002  8.81e-006  2.59e-005  3.76e-006  3.48e-006  3.17e-006  4.94e-007  3.47e-007  2.49e-008  
1.15530e+017 7.65e-017  9.72e-001  2.76e-002  7.76e-006  2.27e-005  3.87e-006  3.59e-006  3.18e-006  5.08e-007  3.57e-007  2.56e-008  
1.16007e+017 7.64e-017  9.72e-001  2.84e-002  6.73e-006  1.95e-005  3.99e-006  3.71e-006  2.66e-006  5.25e-007  3.69e-007  2.64e-008  
1.16507e+017 7.70e-017  9.71e-001  2.94e-002  5.81e-006  1.66e-005  4.12e-006  3.82e-006  1.70e-006  5.41e-007  3.81e-007  2.73e-008  
1.17040e+017 7.86e-017  9.70e-001  3.02e-002  4.96e-006  1.40e-005  4.24e-006  3.93e-006  8.36e-007  5.56e-007  3.92e-007  2.81e-008  
1.17511e+017 8.09e-017  9.69e-001  3.07e-002  4.34e-006  1.21e-005  4.33e-006  4.02e-006  3.93e-007  5.65e-007  3.99e-007  2.87e-008  
1.17806e+017 8.28e-017  9.69e-001  3.09e-002  4.01e-006  1.12e-005  4.37e-006  4.06e-006  2.38e-007  5.69e-007  4.04e-007  2.90e-008  
1.18134e+017 8.52e-017  9.69e-001  3.10e-002  3.70e-006  1.03e-005  4.42e-006  4.09e-006  1.20e-007  5.71e-007  4.08e-007  2.92e-008  
1.18488e+017 8.83e-017  9.69e-001  3.09e-002  3.43e-006  9.67e-006  4.46e-006  4.14e-006  5.07e-008  5.69e-007  4.11e-007  2.95e-008  
1.18867e+017 9.17e-017  9.69e-001  3.05e-002  3.25e-006  9.26e-006  4.53e-006  4.20e-006  1.91e-008  5.63e-007  4.17e-007  2.99e-008  
1.19273e+017 9.46e-017  9.70e-001  2.99e-002  3.21e-006  9.16e-006  4.64e-006  4.31e-006  5.98e-009  5.53e-007  4.25e-007  3.04e-008  
1.19721e+017 9.56e-017  9.71e-001  2.90e-002  3.47e-006  9.46e-006  4.90e-006  4.55e-006  1.63e-009  5.34e-007  4.45e-007  3.19e-008  
1.20205e+017 9.01e-017  9.72e-001  2.77e-002  4.37e-006  1.01e-005  5.56e-006  5.16e-006  4.37e-010  5.12e-007  4.96e-007  3.55e-008  
1.20720e+017 7.38e-017  9.74e-001  2.63e-002  6.95e-006  1.08e-005  7.23e-006  6.72e-006  3.36e-010  4.85e-007  6.24e-007  4.47e-008  
1.21274e+017 4.75e-017  9.77e-001  2.32e-002  1.52e-005  1.14e-005  1.19e-005  1.10e-005  2.69e-009  4.27e-007  9.56e-007  6.84e-008  
1.21854e+017 2.16e-017  9.86e-001  1.43e-002  4.86e-005  1.06e-005  2.66e-005  2.46e-005  2.70e-007  2.65e-007  1.85e-006  1.32e-007  
1.22444e+017 7.88e-018  9.99e-001  8.58e-004  1.93e-004  2.07e-006  6.41e-005  5.94e-005  1.04e-005  1.59e-008  2.87e-006  2.06e-007  
1.22701e+017 9.13e+002  1.00e+000  0.00e+000  1.68e-023  0.00e+000  0.00e+000  0.00e+000  0.00e+000  0.00e+000  0.00e+000  0.00e+000  
