! 0       CH2CO + GRAIN -> *CH2CO + GRAIN
! 1       *H + *HC2O -> *CH2CO
! 2       *CH3COCH3 + CRPhoton -> *CH2CO + *CH4
! 3       *CH3CHO + CRPhoton -> *CH2CO + *H + *H
! 4       *CH3CHO + ISPhoton -> *CH2CO + *H + *H
!            tot_rate   0          1          2          3          4          
1.34508e+014 1.52e-019  9.93e-001  7.43e-003  3.61e-007  2.50e-012  1.89e-015  
8.00271e+015 1.52e-019  9.93e-001  7.43e-003  3.61e-007  2.50e-012  1.89e-015  
7.87466e+016 3.41e-019  9.93e-001  7.34e-003  1.62e-007  1.49e-012  1.13e-015  
1.06312e+017 1.16e-018  9.93e-001  7.35e-003  4.93e-008  1.24e-012  9.41e-016  
1.09855e+017 7.84e-019  9.92e-001  7.50e-003  7.48e-008  2.03e-012  1.53e-015  
1.10673e+017 6.72e-019  9.92e-001  7.56e-003  8.79e-008  2.41e-012  1.82e-015  
1.11398e+017 5.73e-019  9.92e-001  7.62e-003  1.04e-007  2.88e-012  2.16e-015  
1.12221e+017 4.67e-019  9.92e-001  7.69e-003  1.30e-007  3.60e-012  2.72e-015  
1.12812e+017 3.95e-019  9.92e-001  7.80e-003  1.55e-007  4.30e-012  3.27e-015  
1.13349e+017 3.38e-019  9.92e-001  7.82e-003  1.85e-007  5.12e-012  3.88e-015  
1.13938e+017 2.80e-019  9.92e-001  7.96e-003  2.26e-007  6.32e-012  4.78e-015  
1.14626e+017 2.24e-019  9.92e-001  8.04e-003  2.91e-007  8.18e-012  6.17e-015  
1.15112e+017 1.90e-019  9.92e-001  8.12e-003  3.51e-007  1.00e-011  7.60e-015  
1.15530e+017 1.64e-019  9.92e-001  8.21e-003  4.14e-007  1.21e-011  9.13e-015  
1.16007e+017 1.39e-019  9.92e-001  8.34e-003  5.05e-007  1.54e-011  1.16e-014  
1.16507e+017 1.19e-019  9.92e-001  8.40e-003  6.13e-007  1.97e-011  1.49e-014  
1.17040e+017 1.00e-019  9.91e-001  8.64e-003  7.63e-007  2.58e-011  1.95e-014  
1.17511e+017 8.78e-020  9.91e-001  8.83e-003  9.17e-007  3.20e-011  2.42e-014  
1.17806e+017 8.12e-020  9.91e-001  8.97e-003  1.03e-006  3.61e-011  2.73e-014  
1.18134e+017 7.50e-020  9.91e-001  9.21e-003  1.15e-006  4.08e-011  3.08e-014  
1.18488e+017 6.95e-020  9.90e-001  9.60e-003  1.30e-006  4.53e-011  3.43e-014  
1.18867e+017 6.47e-020  9.90e-001  1.03e-002  1.47e-006  4.92e-011  3.73e-014  
1.19273e+017 6.08e-020  9.89e-001  1.15e-002  1.64e-006  5.20e-011  3.93e-014  
1.19721e+017 5.77e-020  9.87e-001  1.32e-002  1.84e-006  5.34e-011  4.04e-014  
1.20205e+017 5.55e-020  9.85e-001  1.54e-002  2.02e-006  5.39e-011  4.08e-014  
1.20720e+017 5.43e-020  9.82e-001  1.81e-002  2.16e-006  5.32e-011  4.02e-014  
1.21274e+017 5.41e-020  9.80e-001  1.96e-002  2.18e-006  5.16e-011  3.90e-014  
1.21854e+017 5.45e-020  9.84e-001  1.59e-002  2.02e-006  6.57e-011  4.96e-014  
1.22444e+017 5.58e-020  9.87e-001  1.28e-002  1.32e-006  1.53e-011  1.16e-014  
1.22701e+017 7.07e-019  1.00e+000  0.00e+000  0.00e+000  0.00e+000  0.00e+000  
