! 0       C2H4 + H3O+ -> C2H5OH2+
! 1       C2H5OH + HCO+ -> CO + C2H5OH2+
! 2       C2H5OH + H3O+ -> H2O + C2H5OH2+
! 3       C2H5OH + HCS+ -> CS + C2H5OH2+
!            tot_rate   0          1          2          3          
1.34508e+014 2.14e-019  9.90e-001  6.21e-003  3.34e-003  3.37e-007  
8.00271e+015 2.14e-019  9.90e-001  6.21e-003  3.34e-003  3.37e-007  
7.87466e+016 2.27e-020  9.45e-001  3.52e-002  2.01e-002  1.35e-006  
1.06312e+017 4.35e-022  1.08e-001  6.19e-001  2.74e-001  7.87e-006  
1.09855e+017 3.39e-022  1.55e-001  5.99e-001  2.46e-001  5.64e-006  
1.10673e+017 3.19e-022  1.70e-001  5.90e-001  2.39e-001  5.18e-006  
1.11398e+017 3.00e-022  1.87e-001  5.79e-001  2.34e-001  5.06e-006  
1.12221e+017 2.83e-022  2.07e-001  5.69e-001  2.25e-001  7.10e-006  
1.12812e+017 2.71e-022  2.22e-001  5.61e-001  2.17e-001  1.32e-005  
1.13349e+017 2.60e-022  2.37e-001  5.53e-001  2.10e-001  2.27e-005  
1.13938e+017 2.51e-022  2.54e-001  5.46e-001  2.00e-001  3.20e-005  
1.14626e+017 2.39e-022  2.78e-001  5.31e-001  1.91e-001  3.76e-005  
1.15112e+017 2.33e-022  2.96e-001  5.18e-001  1.85e-001  3.86e-005  
1.15530e+017 2.28e-022  3.15e-001  5.04e-001  1.81e-001  3.82e-005  
1.16007e+017 2.24e-022  3.39e-001  4.86e-001  1.75e-001  3.64e-005  
1.16507e+017 2.21e-022  3.64e-001  4.66e-001  1.70e-001  3.70e-005  
1.17040e+017 2.30e-022  3.76e-001  4.66e-001  1.57e-001  3.55e-005  
1.17511e+017 2.41e-022  3.81e-001  4.65e-001  1.54e-001  3.31e-005  
1.17806e+017 2.49e-022  3.84e-001  4.62e-001  1.55e-001  3.13e-005  
1.18134e+017 2.60e-022  3.84e-001  4.62e-001  1.55e-001  2.92e-005  
1.18488e+017 2.70e-022  3.85e-001  4.59e-001  1.56e-001  2.70e-005  
1.18867e+017 2.82e-022  3.87e-001  4.57e-001  1.56e-001  2.46e-005  
1.19273e+017 2.95e-022  3.86e-001  4.57e-001  1.56e-001  2.22e-005  
1.19721e+017 3.12e-022  3.85e-001  4.59e-001  1.56e-001  1.95e-005  
1.20205e+017 3.28e-022  3.81e-001  4.60e-001  1.59e-001  1.70e-005  
1.20720e+017 3.50e-022  3.74e-001  4.62e-001  1.64e-001  1.45e-005  
1.21274e+017 3.82e-022  3.67e-001  4.58e-001  1.75e-001  1.23e-005  
1.21854e+017 4.37e-022  3.61e-001  4.41e-001  1.98e-001  1.02e-005  
1.22444e+017 5.41e-022  3.51e-001  4.08e-001  2.40e-001  8.67e-006  
1.22701e+017 0.00e+000  -1.#Je+000 -1.#Je+000 -1.#Je+000 -1.#Je+000 
